0 0.66015625 0.54375 0.6609375 0.55078125 0.64921875 0.5640625 0.60078125 0.5734375 0.57109375 0.5703125 0.55390625 0.575 0.51953125 0.5546875 0.49921875 0.55 0.4828125 0.57265625 0.4859375 0.58203125 0.52734375 0.6203125 0.55859375 0.6359375 0.5734375 0.63515625 0.74921875 0.596875 0.7546875 0.58828125 0.73828125 0.571875 0.69765625 0.565625 0.67578125 0.5375 0.66015625 0.54375
0 0.634375 0.52578125 0.61875 0.51015625 0.6171875 0.50234375 0.625 0.49921875 0.6140625 0.49140625 0.609375 0.46484375 0.59765625 0.46875 0.58046875 0.4515625 0.56953125 0.4578125 0.56015625 0.4546875 0.56875 0.46328125 0.56328125 0.465625 0.55546875 0.45625 0.53046875 0.446875 0.52578125 0.4515625 0.50390625 0.4484375 0.5046875 0.44296875 0.49453125 0.4375 0.496875 0.53203125 0.54765625 0.565625 0.5984375 0.56953125 0.63671875 0.5609375 0.653125 0.55078125 0.646875 0.54609375 0.64921875 0.540625 0.6359375 0.54140625 0.634375 0.52578125
0 0.6109375 0.22578125 0.60703125 0.21875 0.59140625 0.215625 0.5765625 0.22890625 0.5984375 0.24140625 0.6109375 0.22578125
0 0.5953125 0.25703125 0.59296875 0.2515625 0.56875 0.25546875 0.57265625 0.265625 0.5875 0.26796875 0.5953125 0.25703125
0 0.57109375 0.296875 0.5671875 0.30390625 0.5734375 0.30859375 0.5828125 0.30234375 0.57109375 0.296875
0 0.61171875 0.3 0.6 0.30546875 0.6015625 0.31640625 0.6140625 0.30703125 0.61171875 0.3
0 0.65234375 0.53125 0.659375 0.53046875 0.66640625 0.38125 0.6578125 0.40234375 0.6453125 0.41171875 0.65 0.41953125 0.65 0.52421875 0.65234375 0.53125
0 0.62109375 0.3203125 0.6203125 0.33203125 0.6328125 0.33359375 0.6375 0.32421875 0.62109375 0.3203125
0 0.61171875 0.3171875 0.6078125 0.32421875 0.6140625 0.32734375 0.6171875 0.32109375 0.61171875 0.3171875
0 0.590625 0.37109375 0.59296875 0.3765625 0.603125 0.37578125 0.60390625 0.365625 0.590625 0.37109375
0 0.63203125 0.36875 0.6296875 0.37421875 0.6375 0.37734375 0.6390625 0.37109375 0.63203125 0.36875
0 0.63671875 0.3453125 0.634375 0.35390625 0.640625 0.35546875 0.6453125 0.34921875 0.63671875 0.3453125
0 0.66328125 0.30625 0.6578125 0.31484375 0.6671875 0.32265625 0.671875 0.31328125 0.66328125 0.30625
0 0.66484375 0.2796875 0.6609375 0.28828125 0.66875 0.28984375 0.6703125 0.28203125 0.66484375 0.2796875
0 0.6234375 0.28671875 0.61640625 0.278125 0.609375 0.28828125 0.6125 0.29765625 0.61875 0.29765625 0.6234375 0.28671875
0 0.61640625 0.190625 0.6140625 0.20078125 0.621875 0.20078125 0.6234375 0.19296875 0.61640625 0.190625
0 0.61875 0.26484375 0.61796875 0.25625 0.609375 0.25859375 0.61875 0.26484375
0 0.67265625 0.10625 0.671875 0.11328125 0.6796875 0.11484375 0.684375 0.10703125 0.67265625 0.10625
0 0.55390625 0.2109375 0.55 0.21640625 0.5578125 0.22109375 0.5609375 0.21484375 0.55390625 0.2109375
0 0.665625 0.24765625 0.665625 0.26953125 0.675 0.27421875 0.67578125 0.2375 0.665625 0.24765625
0 0.63671875 0.4484375 0.6375 0.43828125 0.60390625 0.43125 0.5984375 0.44609375 0.621875 0.45390625 0.63671875 0.4484375
0 0.5828125 0.33984375 0.58671875 0.3484375 0.5953125 0.34765625 0.59609375 0.3390625 0.5828125 0.33984375
0 0.12890625 0.759375 0.14453125 0.7578125 0.15703125 0.740625 0.20546875 0.7015625 0.23203125 0.7 0.25546875 0.6890625 0.26328125 0.6703125 0.29140625 0.671875 0.33359375 0.6609375 0.3484375 0.64921875 0.3578125 0.62890625 0.35078125 0.615625 0.3328125 0.60859375 0.3265625 0.58828125 0.34375 0.57265625 0.32421875 0.559375 0.28359375 0.55 0.2828125 0.53828125 0.27421875 0.5296875 0.23359375 0.509375 0.22109375 0.509375 0.17890625 0.5375 0.16640625 0.5375 0.15859375 0.5515625 0.13828125 0.5515625 0.09921875 0.571875 0.01796875 0.575 0.0140625 0.56484375 0.021875 0.54453125 0.0125 0.52109375 0.00078125 0.509375 0.0015625 0.78515625 0.01328125 0.775 0.05859375 0.775 0.09453125 0.7609375 0.10234375 0.7703125 0.11796875 0.76875 0.12890625 0.759375
0 0.61484375 0.6796875 0.640625 0.68046875 0.6515625 0.67578125 0.6515625 0.66796875 0.63984375 0.659375 0.62265625 0.6578125 0.6015625 0.67109375 0.61484375 0.6796875
0 0.50390625 0.740625 0.51953125 0.7421875 0.57734375 0.7734375 0.59375 0.77421875 0.58828125 0.753125 0.56171875 0.746875 0.52265625 0.7171875 0.496875 0.70859375 0.49765625 0.759375 0.50390625 0.740625
0 0.61875 0.82734375 0.6234375 0.83515625 0.6203125 0.84453125 0.63671875 0.884375 0.64765625 0.88125 0.65234375 0.8859375 0.66171875 0.8796875 0.67265625 0.884375 0.6734375 0.87421875 0.67890625 0.8734375 0.68515625 0.884375 0.69140625 0.8796875 0.71796875 0.9 0.73125 0.89921875 0.71953125 0.8828125 0.65546875 0.8296875 0.62578125 0.8109375 0.61875 0.81328125 0.625 0.82109375 0.61875 0.82734375
0 0.8171875 0.95703125 0.821875 0.95390625 0.81875 0.94921875 0.81015625 0.95 0.78671875 0.9296875 0.77734375 0.93125 0.76171875 0.9171875 0.75234375 0.9171875 0.7609375 0.94609375 0.76953125 0.94375 0.7765625 0.95234375 0.7734375 0.96640625 0.8109375 0.97734375 0.8078125 0.97421875 0.81796875 0.975 0.81953125 0.9671875 0.82421875 0.9765625 0.8296875 0.96953125 0.8171875 0.95703125
0 0.565625 0.04921875 0.56171875 0.040625 0.528125 0.04921875 0.53046875 0.0546875 0.559375 0.05390625 0.565625 0.04921875
0 0.60859375 0.065625 0.6078125 0.07578125 0.6171875 0.07578125 0.61875 0.06796875 0.60859375 0.065625
0 0.55703125 0.09375 0.5546875 0.10859375 0.559375 0.11015625 0.5625 0.10078125 0.55703125 0.09375
0 0.54140625 0.1109375 0.540625 0.12109375 0.55 0.12265625 0.5515625 0.11484375 0.54140625 0.1109375
0 0.5578125 0.18203125 0.55390625 0.1671875 0.5484375 0.17734375 0.5578125 0.18203125
0 0.5890625 0.19765625 0.58203125 0.1890625 0.5828125 0.19765625 0.5890625 0.19765625
0 0.5578125 0.19921875 0.55703125 0.1796875 0.55 0.19296875 0.5578125 0.19921875