0 0.9515625 0.10859375 0.953125 0.06796875 0.9421875 0.03359375 0.9421875 0.00390625 0.83515625 0 0.8265625 0.03203125 0.8234375 0.09140625 0.8265625 0.31953125 0.8203125 0.35390625 0.825 0.41171875 0.81875 0.41640625 0.8203125 0.53359375 0.8140625 0.63671875 0.815625 0.99921875 0.9671875 0.99921875 0.9671875 0.38046875 0.9734375 0.36484375 0.9671875 0.20234375 0.971875 0.14921875 0.9671875 0.12578125 0.9515625 0.10859375
0 0.7390625 0.17734375 0.7359375 0.13359375 0.72109375 0.128125 0.67109375 0.178125 0.63125 0.19453125 0.63359375 0.2046875 0.63515625 0.196875 0.646875 0.19609375 0.6453125 0.20546875 0.63828125 0.2015625 0.63125 0.21640625 0.63515625 0.2109375 0.646875 0.23203125 0.6484375 0.26796875 0.6359375 0.27890625 0.6359375 0.28671875 0.64375 0.29140625 0.65 0.31328125 0.65 0.99921875 0.8078125 0.99921875 0.8078125 0.38046875 0.7890625 0.34453125 0.7890625 0.26953125 0.7625 0.22421875 0.7578125 0.19609375 0.7390625 0.17734375
0 0.6125 0.54609375 0.6078125 0.53046875 0.61875 0.47734375 0.60078125 0.46875 0.59453125 0.4546875 0.58046875 0.4546875 0.5734375 0.44609375 0.5734375 0.41953125 0.58671875 0.4078125 0.6046875 0.40390625 0.6 0.40234375 0.59375 0.33984375 0.57890625 0.3296875 0.56484375 0.3296875 0.55390625 0.31875 0.54296875 0.31875 0.5203125 0.32578125 0.528125 0.33046875 0.528125 0.34609375 0.51953125 0.35625 0.51875 0.33359375 0.509375 0.33359375 0.5140625 0.33671875 0.5078125 0.36328125 0.5125 0.38203125 0.4984375 0.40390625 0.5015625 0.43828125 0.49375 0.46015625 0.4953125 0.47890625 0.4875 0.48203125 0.49921875 0.50625 0.50234375 0.49375 0.51484375 0.5 0.5234375 0.49453125 0.5140625 0.50546875 0.50625 0.53984375 0.496875 0.54453125 0.49375 0.55703125 0.5078125 0.57265625 0.5125 0.59765625 0.528125 0.62421875 0.51875 0.67109375 0.509375 0.67578125 0.490625 0.70546875 0.4890625 0.73671875 0.48671875 0.740625 0.48359375 0.7203125 0.48125 0.73359375 0.47578125 0.7234375 0.4734375 0.73359375 0.47578125 0.7578125 0.48125 0.74609375 0.48125 0.76640625 0.4734375 0.77109375 0.48359375 0.7765625 0.4875 0.76953125 0.4953125 0.81328125 0.5 0.99921875 0.6484375 0.99921875 0.65 0.67890625 0.64375 0.65546875 0.6234375 0.63515625 0.6203125 0.60546875 0.63125 0.56015625 0.6125 0.54609375
0 0.6546875 0.05234375 0.653125 0.09453125 0.659375 0.10703125 0.6546875 0.13515625 0.66796875 0.140625 0.68203125 0.1609375 0.6890625 0.16015625 0.6859375 0.10234375 0.69375 0.05078125 0.68671875 0.0453125 0.67109375 0.059375 0.66015625 0.0453125 0.6546875 0.05234375
0 0.58828125 0.1578125 0.56953125 0.1515625 0.5625 0.21484375 0.56875 0.27109375 0.609375 0.27421875 0.646875 0.26953125 0.646875 0.23984375 0.6390625 0.21171875 0.62578125 0.1890625 0.61640625 0.1890625 0.58828125 0.1578125
0 0.5328125 0.06953125 0.54140625 0.0875 0.5671875 0.09453125 0.5828125 0.06953125 0.5828125 0.05078125 0.57109375 0.028125 0.54140625 0.0234375 0.5328125 0.03984375 0.5328125 0.06953125
0 0.5296875 0.63203125 0.5296875 0.61640625 0.5125 0.59453125 0.509375 0.56796875 0.496875 0.55390625 0.509375 0.53984375 0.51875 0.50390625 0.53046875 0.4953125 0.53359375 0.4984375 0.5390625 0.48671875 0.53828125 0.375 0.53125 0.37734375 0.53046875 0.390625 0.525 0.38515625 0.5296875 0.38046875 0.51640625 0.3765625 0.515625 0.38984375 0.50859375 0.3890625 0.5015625 0.39765625 0.5 0.45078125 0.4921875 0.45546875 0.48984375 0.471875 0.46328125 0.471875 0.44921875 0.4578125 0.43359375 0.4578125 0.4140625 0.47421875 0.415625 0.56953125 0.4140625 0.57890625 0.403125 0.58515625 0.4140625 0.58828125 0.4109375 0.59921875 0.403125 0.60078125 0.4125 0.60390625 0.40859375 0.615625 0.40546875 0.60625 0.4015625 0.61015625 0.403125 0.62734375 0.409375 0.62734375 0.43125 0.66796875 0.45 0.67734375 0.4578125 0.69140625 0.4578125 0.72265625 0.46875 0.73046875 0.4765625 0.72265625 0.48125 0.70234375 0.4921875 0.69765625 0.50859375 0.6734375 0.51875 0.67109375 0.5296875 0.63203125
0 0.43984375 0.796875 0.40390625 0.7859375 0.3953125 0.80234375 0.39375 0.82421875 0.378125 0.84453125 0.3765625 0.85859375 0.36171875 0.8796875 0.35390625 0.8796875 0.34140625 0.865625 0.32890625 0.8640625 0.325 0.85546875 0.325 0.82265625 0.3171875 0.81171875 0.3140625 0.77734375 0.31875 0.76953125 0.3140625 0.76484375 0.3109375 0.69453125 0.3046875 0.70234375 0.3078125 0.70703125 0.29453125 0.7078125 0.28671875 0.721875 0.28125 0.71796875 0.2859375 0.71015625 0.275 0.70703125 0.2765625 0.74140625 0.27109375 0.7578125 0.265625 0.74921875 0.265625 0.73046875 0.2703125 0.72734375 0.265625 0.71640625 0.2703125 0.71015625 0.26328125 0.7015625 0.25546875 0.725 0.25 0.71796875 0.2546875 0.71015625 0.24765625 0.7015625 0.240625 0.72890625 0.23671875 0.71875 0.2265625 0.72265625 0.234375 0.72890625 0.23359375 0.7359375 0.2234375 0.73828125 0.2328125 0.74609375 0.225 0.75234375 0.23125 0.77421875 0.22421875 0.784375 0.2125 0.77734375 0.21328125 0.803125 0.221875 0.80234375 0.21875 0.79296875 0.22421875 0.7859375 0.2328125 0.79453125 0.2265625 0.80078125 0.23125 0.80546875 0.225 0.80859375 0.22890625 0.821875 0.21953125 0.8265625 0.2171875 0.82109375 0.2234375 0.81640625 0.21640625 0.80625 0.2109375 0.80859375 0.215625 0.81953125 0.2109375 0.84921875 0.2171875 0.85078125 0.221875 0.87109375 0.2 0.87734375 0.2 0.91484375 0.20625 0.91796875 0.209375 0.95390625 0.221875 0.96328125 0.2125 0.96640625 0.215625 0.97421875 0.2046875 0.99921875 0.4984375 0.99921875 0.5 0.83203125 0.4890625 0.77578125 0.46953125 0.7703125 0.46875 0.78046875 0.45703125 0.79375 0.43984375 0.796875
0 0.3078125 0.67109375 0.29296875 0.6578125 0.24140625 0.6578125 0.22734375 0.659375 0.21640625 0.6703125 0.19296875 0.6734375 0.10546875 0.675 0.1046875 0.99921875 0.2875 0.99921875 0.296875 0.98984375 0.2921875 0.98203125 0.3078125 0.96953125 0.309375 0.95390625 0.3140625 0.80234375 0.3078125 0.67109375
0 0.07578125 0.93125 0.075 0.99921875 0.1015625 0.99921875 0.0984375 0.95390625 0.07578125 0.93125
0 0.06640625 0.6546875 0.05546875 0.6546875 0.0578125 0.78359375 0.06171875 0.790625 0.071875 0.78984375 0.08671875 0.7828125 0.09140625 0.7890625 0.0984375 0.76953125 0.1 0.68203125 0.07734375 0.6734375 0.06640625 0.6546875
0 0.025 0.80234375 0.028125 0.82578125 0.0234375 0.84765625 0.015625 0.84765625 0.0125 0.87421875 0.003125 0.88359375 0.00546875 0.890625 0.02265625 0.890625 0.025 0.89609375 0.0453125 0.86640625 0.046875 0.83359375 0.05625 0.81953125 0.053125 0.78984375 0.04453125 0.7734375 0.025 0.80234375
0 0.4171875 0.60234375 0.4171875 0.46640625 0.4015625 0.41015625 0.39453125 0.4078125 0.38828125 0.4234375 0.34609375 0.4203125 0.33359375 0.4234375 0.33671875 0.4296875 0.31796875 0.43125 0.309375 0.42890625 0.328125 0.42421875 0.25546875 0.421875 0.24765625 0.40625 0.22265625 0.45 0.215625 0.44453125 0.2140625 0.40390625 0.19921875 0.4015625 0.18828125 0.3921875 0.1828125 0.39921875 0.184375 0.42421875 0.175 0.44296875 0.175 0.46015625 0.1875 0.49453125 0.1671875 0.51484375 0.1671875 0.52265625 0.18046875 0.5421875 0.2203125 0.54921875 0.225 0.58515625 0.2203125 0.59296875 0.221875 0.65234375 0.30234375 0.65625 0.3125 0.66484375 0.3203125 0.69921875 0.33359375 0.7125 0.3421875 0.71171875 0.3546875 0.68828125 0.35625 0.65234375 0.3640625 0.63828125 0.37734375 0.625 0.40859375 0.625 0.4171875 0.60234375
0 0.17734375 0.5625 0.15703125 0.5609375 0.13984375 0.5484375 0.1046875 0.55234375 0.1015625 0.66640625 0.10546875 0.675 0.1296875 0.67421875 0.19453125 0.6734375 0.2171875 0.66640625 0.21171875 0.5515625 0.19609375 0.5515625 0.19296875 0.559375 0.17734375 0.5625
0 0.06328125 0.4765625 0.059375 0.51484375 0.0484375 0.52265625 0.05 0.64921875 0.05234375 0.6546875 0.06484375 0.6546875 0.07578125 0.6734375 0.1 0.67890625 0.1015625 0.56328125 0.103125 0.55078125 0.1171875 0.53828125 0.115625 0.49765625 0.10234375 0.478125 0.06328125 0.4765625
0 0.38125 0.24609375 0.3796875 0.22734375 0.36640625 0.225 0.35078125 0.240625 0.34453125 0.225 0.32265625 0.2203125 0.2984375 0.26796875 0.303125 0.28515625 0.28515625 0.275 0.275 0.27890625 0.2703125 0.31796875 0.25625 0.33515625 0.2421875 0.36953125 0.2453125 0.41015625 0.228125 0.45234375 0.23515625 0.453125 0.23828125 0.4453125 0.27890625 0.4546875 0.38203125 0.453125 0.38515625 0.446875 0.39765625 0.4515625 0.40703125 0.4390625 0.409375 0.45390625 0.403125 0.40390625 0.421875 0.39765625 0.428125 0.32890625 0.3953125 0.27890625 0.3921875 0.25859375 0.38125 0.24609375
0 0.2796875 0.24453125 0.275 0.21796875 0.24921875 0.2015625 0.21953125 0.2078125 0.20234375 0.2046875 0.184375 0.23203125 0.1859375 0.26484375 0.19375 0.27421875 0.2 0.31015625 0.2125 0.31328125 0.22890625 0.29375 0.2421875 0.28828125 0.2453125 0.26015625 0.25703125 0.25 0.26796875 0.2515625 0.2796875 0.24453125
0 0.35859375 0.1984375 0.3609375 0.15703125 0.31796875 0.1546875 0.30625 0.18203125 0.30625 0.19296875 0.321875 0.21484375 0.3171875 0.23828125 0.3796875 0.24921875 0.3859375 0.21953125 0.4 0.20546875 0.4015625 0.17890625 0.38046875 0.1828125 0.36796875 0.196875 0.35859375 0.1984375
0 0.2984375 0.03984375 0.31328125 0.0171875 0.32109375 0.0171875 0.3296875 0.03203125 0.325 0.05234375 0.33359375 0.0671875 0.35703125 0.0546875 0.3921875 0.05546875 0.39375 0.03203125 0.37578125 0.03125 0.3671875 0.02265625 0.36953125 0 0.20625 0.00078125 0.21875 0.01796875 0.228125 0.05234375 0.2234375 0.07578125 0.234375 0.12421875 0.2484375 0.12890625 0.28046875 0.128125 0.2890625 0.12265625 0.290625 0.10546875 0.2828125 0.09453125 0.2953125 0.07734375 0.2984375 0.03984375
0 0.034375 0.34609375 0.040625 0.37734375 0.040625 0.48515625 0.03671875 0.4765625 0.0359375 0.48671875 0.04375 0.51328125 0.053125 0.51484375 0.05625 0.26015625 0.05078125 0.25 0.04140625 0.25 0.0421875 0.32578125 0.040625 0.34296875 0.034375 0.34609375
0 0.0578125 0.03515625 0.0484375 0.14609375 0.034375 0.17421875 0.0265625 0.22578125 0.02890625 0.2421875 0.053125 0.24296875 0.059375 0.12578125 0.0765625 0.07890625 0.06875 0.06015625 0.06796875 0.009375 0.0640625 0.03359375 0.0578125 0.03515625
0 0.0015625 0.58828125 0.01875 0.50390625 0.00078125 0.4765625 0.0015625 0.58828125
0 0.02421875 0.2984375 0.040625 0.29765625 0.05625 0.29453125 0.05625 0.26015625 0.05 0.24296875 0.00390625 0.2421875 0.0015625 0.28671875 0.02421875 0.2984375
0 0.2578125 0.22109375 0.26875 0.21640625 0.25078125 0.203125 0.20390625 0.2046875 0.1875 0.22421875 0.1859375 0.26328125 0.1953125 0.27578125 0.2 0.30859375 0.2109375 0.31328125 0.22734375 0.29375 0.240625 0.28984375 0.24375 0.26171875 0.2609375 0.24453125 0.25625 0.23984375 0.2578125 0.22109375