0 0.69140625 0.4375 0.71328125 0.4265625 0.73984375 0.428125 0.7546875 0.40859375 0.67734375 0.384375 0.66484375 0.3875 0.65859375 0.396875 0.61015625 0.3671875 0.578125 0.36640625 0.49453125 0.3859375 0.4828125 0.42109375 0.4921875 0.44609375 0.50234375 0.446875 0.52734375 0.43125 0.58359375 0.43125 0.60703125 0.4234375 0.64453125 0.44375 0.66328125 0.4453125 0.66875 0.46171875 0.67578125 0.4625 0.69140625 0.4375
0 0.55703125 0.5390625 0.56171875 0.546875 0.61796875 0.546875 0.62890625 0.5546875 0.64296875 0.5484375 0.66171875 0.55 0.6671875 0.54453125 0.6671875 0.46484375 0.6453125 0.45390625 0.65078125 0.45 0.61171875 0.43125 0.559375 0.43046875 0.5078125 0.44609375 0.5 0.50546875 0.5 0.52265625 0.5078125 0.53515625 0.5046875 0.54453125 0.509375 0.53359375 0.51640625 0.5328125 0.52734375 0.5421875 0.5421875 0.53984375 0.53046875 0.5453125 0.55234375 0.546875 0.55703125 0.5390625
0 0.665625 0.55703125 0.6625 0.57265625 0.6453125 0.58515625 0.6484375 0.59609375 0.659375 0.60078125 0.66484375 0.6296875 0.665625 0.55703125
0 0.621875 0.66640625 0.62109375 0.6796875 0.6359375 0.67578125 0.63046875 0.665625 0.621875 0.66640625
0 0.6609375 0.67734375 0.6578125 0.68984375 0.66640625 0.6921875 0.671875 0.68203125 0.6609375 0.67734375
0 0.58828125 0.7828125 0.60234375 0.7828125 0.609375 0.77109375 0.590625 0.75859375 0.5765625 0.77421875 0.58828125 0.7828125
0 0.5765625 0.73203125 0.5671875 0.73984375 0.57109375 0.746875 0.58046875 0.75 0.59375 0.74453125 0.58515625 0.73125 0.5765625 0.73203125
0 0.596875 0.68515625 0.60234375 0.6984375 0.6125 0.69765625 0.60390625 0.684375 0.596875 0.68515625
0 0.5703125 0.69140625 0.56953125 0.703125 0.58125 0.69765625 0.5703125 0.69140625
0 0.6140625 0.70703125 0.609375 0.71640625 0.61796875 0.721875 0.621875 0.71015625 0.6140625 0.70703125
0 0.6359375 0.64453125 0.6328125 0.65234375 0.63828125 0.65625 0.64375 0.64765625 0.6359375 0.64453125
0 0.6296875 0.62421875 0.63046875 0.63125 0.6375 0.62890625 0.63671875 0.6234375 0.6296875 0.62421875
0 0.665625 0.62734375 0.6515625 0.63828125 0.66484375 0.6484375 0.665625 0.62734375
0 0.6125 0.79921875 0.6125 0.80703125 0.61953125 0.809375 0.6234375 0.80234375 0.6125 0.79921875
0 0.671875 0.88515625 0.67109375 0.89375 0.6828125 0.89453125 0.68046875 0.8859375 0.671875 0.88515625
0 0.609375 0.92578125 0.60625 0.93203125 0.61328125 0.9359375 0.6171875 0.92890625 0.609375 0.92578125
0 0.528125 0.94609375 0.53046875 0.953125 0.5640625 0.95703125 0.55546875 0.9453125 0.528125 0.94609375
0 0.58125 0.80234375 0.58046875 0.8109375 0.5875 0.80703125 0.58125 0.80234375
0 0.5515625 0.78046875 0.55234375 0.790625 0.5609375 0.78515625 0.5515625 0.78046875
0 0.775 0.09140625 0.7640625 0.10078125 0.76796875 0.1046875 0.7921875 0.09453125 0.775 0.09140625
0 0.778125 0.07734375 0.77578125 0.06875 0.7625 0.06953125 0.66953125 0.1421875 0.66171875 0.14375 0.65703125 0.1359375 0.6515625 0.14453125 0.6578125 0.14765625 0.640625 0.15234375 0.6390625 0.17265625 0.6234375 0.18359375 0.68984375 0.15 0.71171875 0.128125 0.76015625 0.103125 0.778125 0.07734375
0 0.53671875 0.2703125 0.5546875 0.24765625 0.55234375 0.2421875 0.50390625 0.24375 0.49375 0.23515625 0.5015625 0.23046875 0.49375 0.22890625 0.4890625 0.26484375 0.49296875 0.290625 0.53671875 0.2703125
0 0.54921875 0.2375 0.57578125 0.2328125 0.603125 0.21171875 0.5984375 0.21015625 0.54375 0.23046875 0.54921875 0.2375
0 0.621875 0.18203125 0.6 0.19921875 0.60078125 0.2078125 0.621875 0.19140625 0.621875 0.18203125
0 0.78828125 0.0421875 0.765625 0.06640625 0.78046875 0.0625 0.78359375 0.0703125 0.82265625 0.0484375 0.828125 0.05546875 0.82265625 0.053125 0.82109375 0.0625 0.8375 0.05390625 0.83515625 0.0375 0.8109375 0.03828125 0.78828125 0.0421875
0 0.815625 0.01953125 0.8 0.02734375 0.81484375 0.0359375 0.82578125 0.03125 0.83828125 0.034375 0.859375 0.02265625 0.815625 0.01953125
0 0.4765625 0.16953125 0.459375 0.18671875 0.48046875 0.203125 0.4875 0.18046875 0.4765625 0.16953125
0 0.5 0.15859375 0.490625 0.16640625 0.49296875 0.178125 0.509375 0.16171875 0.5 0.15859375
0 0.27890625 0.45 0.32265625 0.440625 0.33203125 0.428125 0.340625 0.42734375 0.325 0.41015625 0.33125 0.39140625 0.33984375 0.3828125 0.35234375 0.38125 0.35625 0.37109375 0.33359375 0.340625 0.31171875 0.33125 0.26328125 0.3296875 0.25390625 0.3109375 0.20390625 0.2984375 0.15390625 0.259375 0.14609375 0.24375 0.12578125 0.2390625 0.11015625 0.2265625 0.10078125 0.2265625 0.09296875 0.2390625 0.06015625 0.225 0.00703125 0.225 0 0.21484375 0.00078125 0.4828125 0.0125 0.47109375 0.01484375 0.4234375 0.10078125 0.428125 0.13046875 0.4453125 0.16015625 0.4484375 0.16484375 0.4625 0.17890625 0.4609375 0.22265625 0.490625 0.27421875 0.46875 0.2828125 0.45859375 0.27890625 0.45
0 0.50546875 0.58125 0.515625 0.57890625 0.515625 0.52578125 0.5 0.51484375 0.4953125 0.57734375 0.50546875 0.58125
0 0.6578125 0.53359375 0.6453125 0.53671875 0.65 0.56953125 0.65703125 0.5765625 0.66484375 0.5765625 0.66875 0.56953125 0.665625 0.51484375 0.65703125 0.528125 0.65 0.52890625 0.6578125 0.53359375