0 0.50390625 0.3859375 0.421875 0.36640625 0.38984375 0.3671875 0.36328125 0.3796875 0.34140625 0.4 0.32421875 0.384375 0.2453125 0.40859375 0.26171875 0.428125 0.29140625 0.4296875 0.30703125 0.4375 0.32578125 0.4625 0.3359375 0.45390625 0.33515625 0.446875 0.35859375 0.44375 0.39296875 0.425 0.41640625 0.43125 0.47734375 0.4328125 0.49453125 0.446875 0.5078125 0.44296875 0.5171875 0.42265625 0.50390625 0.3859375
0 0.99921875 0.490625 1 0.21328125 0.98828125 0.225 0.94140625 0.225 0.90703125 0.2390625 0.90234375 0.228125 0.88984375 0.2265625 0.87421875 0.2390625 0.85234375 0.2453125 0.84296875 0.2609375 0.79609375 0.2984375 0.77265625 0.3 0.74453125 0.3125 0.73515625 0.33125 0.69609375 0.33125 0.66796875 0.340625 0.6546875 0.35234375 0.6453125 0.37421875 0.65546875 0.384375 0.6578125 0.38046875 0.65 0.37578125 0.65546875 0.3734375 0.6703125 0.39140625 0.675 0.41484375 0.66875 0.43046875 0.67890625 0.440625 0.72109375 0.45 0.7171875 0.45859375 0.72421875 0.4671875 0.77734375 0.490625 0.82421875 0.4609375 0.83515625 0.4625 0.84140625 0.4484375 0.86484375 0.446875 0.89765625 0.428125 0.98203125 0.4234375 0.9875 0.43515625 0.9796875 0.44609375 0.9796875 0.45859375 0.99921875 0.490625
0 0.32578125 0.1359375 0.225 0.05859375 0.2 0.06328125 0.2 0.06953125 0.21171875 0.071875 0.21875 0.08203125 0.215625 0.08671875 0.221875 0.08828125 0.196875 0.09296875 0.20078125 0.109375 0.21796875 0.10625 0.21328125 0.1 0.23671875 0.1109375 0.24296875 0.1046875 0.25546875 0.1171875 0.28359375 0.1265625 0.30546875 0.1484375 0.33828125 0.16875 0.365625 0.17578125 0.32578125 0.1359375
0 0.47578125 0.259375 0.428125 0.23984375 0.41640625 0.2390625 0.409375 0.24609375 0.4296875 0.25390625 0.41640625 0.253125 0.42109375 0.2609375 0.43515625 0.2671875 0.44921875 0.2640625 0.49453125 0.2890625 0.50625 0.28828125 0.5109375 0.26796875 0.50703125 0.253125 0.49453125 0.2625 0.47578125 0.259375
0 0.37734375 0.184375 0.353125 0.17578125 0.3453125 0.17578125 0.35703125 0.1890625 0.36171875 0.1859375 0.38515625 0.203125 0.4078125 0.21015625 0.37734375 0.184375
0 0.221875 0.03515625 0.2140625 0.03203125 0.20859375 0.040625 0.15625 0.03515625 0.16328125 0.0484375 0.20078125 0.0546875 0.20390625 0.05 0.2203125 0.05078125 0.221875 0.03984375 0.2140625 0.03828125 0.221875 0.03515625
0 0.21875 0.03359375 0.1828125 0.01640625 0.1421875 0.02265625 0.16953125 0.0390625 0.17265625 0.03125 0.19296875 0.0375 0.21875 0.03359375
0 0.4234375 0.77421875 0.4109375 0.76015625 0.40234375 0.759375 0.390625 0.77109375 0.39609375 0.7828125 0.40859375 0.784375 0.4234375 0.77421875
0 0.425 0.43671875 0.4015625 0.43203125 0.38828125 0.43125 0.34921875 0.4484375 0.35390625 0.4546875 0.334375 0.46328125 0.33125 0.51171875 0.3328125 0.54453125 0.33828125 0.55 0.35703125 0.5484375 0.36171875 0.5578125 0.37890625 0.546875 0.40390625 0.5453125 0.3984375 0.53671875 0.40390625 0.53125 0.4203125 0.52890625 0.4140625 0.52109375 0.4296875 0.50859375 0.42734375 0.503125 0.4234375 0.50703125 0.4222606203125 0.45960202812500006 0.425 0.43671875
0 0.48671875 0.44375 0.471875 0.43984375 0.42890625 0.4484375 0.43125 0.47734375 0.44140625 0.4828125 0.48828125 0.478125 0.490625 0.45078125 0.48671875 0.44375
0 0.509375 0.49453125 0.5015625 0.47265625 0.4953125 0.48515625 0.4984375 0.51328125 0.49375 0.53828125 0.50703125 0.578125 0.509375 0.49453125
0 0.478125 0.55703125 0.46875 0.54921875 0.43984375 0.55 0.4390625 0.56640625 0.47421875 0.5671875 0.478125 0.55703125
0 0.43125 0.54921875 0.425 0.53359375 0.41640625 0.534375 0.4109375 0.54453125 0.41328125 0.553125 0.42421875 0.5578125 0.43125 0.54921875
0 0.4484375 0.50703125 0.44375 0.50390625 0.43125 0.50546875 0.43515625 0.5171875 0.4453125 0.51484375 0.4484375 0.50703125
0 0.45 0.53203125 0.446875 0.52265625 0.4390625 0.52421875 0.44296875 0.534375 0.45 0.53203125
0 0.3546875 0.58984375 0.3515625 0.58046875 0.3375 0.58359375 0.34609375 0.5953125 0.3546875 0.58984375
0 0.3421875 0.68984375 0.3390625 0.67734375 0.328125 0.68046875 0.32890625 0.690625 0.3421875 0.68984375
0 0.3453125 0.63359375 0.334375 0.62734375 0.33203125 0.6546875 0.346875 0.64453125 0.3453125 0.63359375
0 0.4 0.69609375 0.4015625 0.68359375 0.3875 0.69296875 0.38984375 0.7 0.4 0.69609375
0 0.37890625 0.6796875 0.378125 0.66640625 0.36953125 0.665625 0.3640625 0.67578125 0.37890625 0.6796875
0 0.4328125 0.73984375 0.425 0.73203125 0.41171875 0.7328125 0.40625 0.74609375 0.43046875 0.746875 0.4328125 0.73984375
0 0.3890625 0.74140625 0.3828125 0.73515625 0.371875 0.73671875 0.37265625 0.75 0.3890625 0.74140625
0 0.396875 0.70078125 0.3859375 0.69921875 0.365625 0.70390625 0.37265625 0.728125 0.3984375 0.72265625 0.4 0.71015625 0.3921875 0.70546875 0.396875 0.70078125
0 0.43046875 0.703125 0.4328125 0.69296875 0.41875 0.69765625 0.43046875 0.703125
0 0.33828125 0.71875 0.3390625 0.71015625 0.33359375 0.709375 0.3296875 0.71796875 0.33828125 0.71875
0 0.3328125 0.73359375 0.328125 0.72109375 0.32578125 0.740625 0.3328125 0.73359375
0 0.40859375 0.63125 0.409375 0.62421875 0.39921875 0.6234375 0.3953125 0.63203125 0.40859375 0.63125
0 0.3671875 0.65234375 0.3625 0.64453125 0.35625 0.64921875 0.36171875 0.65625 0.3671875 0.65234375
0 0.371875 0.62734375 0.36875 0.62265625 0.3625 0.62421875 0.36640625 0.6328125 0.371875 0.62734375
0 0.32578125 0.8953125 0.328125 0.88515625 0.3171875 0.89296875 0.32578125 0.8953125
0 0.3875 0.80703125 0.3859375 0.79765625 0.378125 0.80078125 0.38203125 0.809375 0.3875 0.80703125
0 0.41953125 0.8109375 0.41875 0.80234375 0.4125 0.80703125 0.41953125 0.8109375
0 0.44765625 0.7921875 0.4484375 0.78046875 0.440625 0.78203125 0.44765625 0.7921875
0 0.39375 0.93203125 0.3921875 0.92421875 0.3828125 0.92578125 0.38671875 0.9359375 0.39375 0.93203125
0 0.47265625 0.953125 0.46875 0.94453125 0.44140625 0.9453125 0.4359375 0.95859375 0.47265625 0.953125
0 0.35078125 0.846875 0.3515625 0.83984375 0.3421875 0.84453125 0.35078125 0.846875
0 0.3515625 0.82578125 0.355069828125 0.8159373343749999 0.340625 0.82890625 0.3515625 0.82578125
0 0.35 0.57890625 0.3359375 0.53984375 0.33125 0.53984375 0.3296875 0.55390625 0.33359375 0.5953125 0.33828125 0.58125 0.35 0.57890625
0 0.39375 0.67890625 0.390625 0.67265625 0.3828125 0.67421875 0.38828125 0.6828125 0.39375 0.67890625
0 0.41640625 0.6625 0.415625 0.65234375 0.4015625 0.65703125 0.41640625 0.6625
0 0.49453125 0.2921875 0.4875 0.28515625 0.4796875 0.28828125 0.48515625 0.2953125 0.471875 0.29765625 0.47734375 0.3015625 0.44765625 0.3015625 0.44375 0.30546875 0.4484375 0.30859375 0.43671875 0.31875 0.35078125 0.321875 0.3453125 0.33984375 0.35390625 0.3359375 0.36328125 0.3421875 0.38984375 0.34375 0.45234375 0.334375 0.5046875 0.30546875 0.5078125 0.28984375 0.49453125 0.2921875