0 0.49609375 0.5109375 0.521875 0.51484375 0.56484375 0.5109375 0.575 0.47265625 0.5875 0.34765625 0.5859375 0.33671875 0.55859375 0.2984375 0.54921875 0.2984375 0.546875 0.30546875 0.5546875 0.32265625 0.55 0.37265625 0.565625 0.40078125 0.56015625 0.409375 0.49921875 0.3984375 0.47890625 0.4109375 0.45703125 0.4125 0.4640625 0.42734375 0.428125 0.44296875 0.434375 0.45390625 0.43046875 0.4609375 0.3515625 0.46171875 0.37578125 0.4796875 0.47734375 0.5 0.49609375 0.5109375
0 0.953125 0.30234375 0.965625 0.30859375 0.9828125 0.29921875 1 0.26953125 0.99921875 0.2453125 0.98515625 0.2484375 0.94609375 0.2421875 0.9359375 0.24921875 0.9296875 0.27109375 0.9484375 0.28046875 0.953125 0.30234375
0 0.9109375 0.45546875 0.921875 0.46015625 0.940625 0.44453125 0.93671875 0.4296875 0.9078125 0.44140625 0.9109375 0.45546875
0 0.90546875 0.4828125 0.909375 0.49453125 0.91640625 0.4953125 0.925 0.48203125 0.90546875 0.4828125
0 0.88125 0.54453125 0.8875 0.55390625 0.896875 0.55234375 0.89609375 0.5296875 0.8875 0.53046875 0.88125 0.54453125
0 0.2359375 0.45546875 0.240625 0.46015625 0.2484375 0.45703125 0.253125 0.43984375 0.253125 0.41171875 0.24609375 0.40625 0.234375 0.41171875 0.2359375 0.45546875
0 0.190625 0.41640625 0.196875 0.46015625 0.21875 0.45234375 0.2203125 0.41953125 0.21484375 0.4078125 0.19921875 0.40625 0.190625 0.41640625
0 0.1640625 0.41953125 0.165625 0.46015625 0.17890625 0.459375 0.1875 0.44921875 0.18671875 0.4171875 0.16953125 0.4140625 0.1640625 0.41953125
0 0.025 0.52890625 0.034375 0.54921875 0.040625 0.54765625 0.040625 0.52890625 0.025 0.47421875 0.01484375 0.403125 0.0078125 0.43515625 0.025 0.52890625
0 0.0515625 0.67265625 0.0640625 0.68828125 0.06875 0.67578125 0.0625 0.66015625 0.0625 0.63046875 0.04609375 0.590625 0.0421875 0.60703125 0.0515625 0.67265625
0 0.7984375 0.23984375 0.8171875 0.26640625 0.86171875 0.2578125 0.8625 0.24140625 0.80078125 0.23125 0.7984375 0.23984375
0 0.7515625 0.25546875 0.7625 0.25859375 0.78046875 0.25625 0.78984375 0.246875 0.81328125 0.25625 0.8203125 0.24765625 0.81875 0.23671875 0.81171875 0.228125 0.796875 0.22421875 0.79765625 0.2125 0.78359375 0.2125 0.790625 0.21640625 0.76953125 0.21875 0.76328125 0.228125 0.75 0.23203125 0.7515625 0.25546875
0 0.59921875 0.2359375 0.5984375 0.24609375 0.61484375 0.234375 0.62265625 0.2375 0.628125 0.22890625 0.61640625 0.225 0.59296875 0.2296875 0.55703125 0.215625 0.5359375 0.23203125 0.56171875 0.2453125 0.59921875 0.2359375
0 0.6390625 0.24765625 0.6484375 0.25078125 0.70859375 0.24375 0.7125 0.23203125 0.67265625 0.2234375 0.64296875 0.228125 0.6390625 0.24765625
0 0.53203125 0.2171875 0.51640625 0.2140625 0.504492828125 0.2364017671875 0.5125 0.24140625 0.534375 0.23671875 0.53203125 0.2171875
0 0.1203125 0.22734375 0.128125 0.24296875 0.140625 0.23359375 0.13359375 0.221875 0.1203125 0.22734375
0 0.48046875 0.225 0.4734375 0.24296875 0.48359375 0.24375 0.49375 0.23203125 0.48046875 0.225
0 0.3203125 0.42421875 0.3203125 0.47109375 0.346875 0.46328125 0.35 0.45078125 0.3359375 0.44609375 0.35 0.43984375 0.35234375 0.428125 0.33828125 0.43125 0.3203125 0.42421875
0 0.3921875 0.43671875 0.409375 0.44609375 0.41875 0.44140625 0.40703125 0.428125 0.39609375 0.428125 0.3921875 0.43671875
0 0.1671875 0.34453125 0.1703125 0.35859375 0.1828125 0.35390625 0.17421875 0.340625 0.1671875 0.34453125
0 0 0.21171875 0.009375 0.22421875 0.0203125 0.22265625 0.0234375 0.19921875 0.00078125 0.19375 0 0.21171875