0 0.37578125 0.4796875 0.521875 0.51484375 0.56484375 0.5109375 0.5734375 0.48203125 0.5875 0.34609375 0.55859375 0.2984375 0.546875 0.30078125 0.553125 0.32578125 0.546875 0.38046875 0.5609375 0.39609375 0.55703125 0.4046875 0.49609375 0.3984375 0.48828125 0.40625 0.45546875 0.4125 0.45625 0.43046875 0.428125 0.44140625 0.43046875 0.45625 0.3546875 0.46171875 0.37578125 0.4796875
0 0.390625 0.43671875 0.409375 0.44609375 0.4171875 0.43984375 0.40546875 0.428125 0.39609375 0.428125 0.390625 0.43671875
0 0.3171875 0.43671875 0.3203125 0.47109375 0.334375 0.46015625 0.3328125 0.42734375 0.32421875 0.421875 0.3171875 0.43671875
0 0.234375 0.45234375 0.240625 0.46171875 0.25 0.45859375 0.253125 0.44140625 0.253125 0.41171875 0.24609375 0.40625 0.234375 0.41171875 0.2328125 0.41953125 0.234375 0.45234375
0 0.1625 0.45703125 0.1671875 0.46484375 0.1953125 0.46015625 0.19296875 0.4125 0.16796875 0.4140625 0.1640625 0.41953125 0.1625 0.45703125
0 0.1671875 0.34453125 0.171875 0.36015625 0.1828125 0.35546875 0.17734375 0.340625 0.1671875 0.34453125
0 0.9015625 0.44140625 0.915625 0.45234375 0.93359375 0.453125 0.9375 0.43671875 0.91796875 0.4296875 0.90234375 0.43125 0.9015625 0.44140625
0 0.93125 0.30703125 0.934375 0.32109375 0.94375 0.31953125 0.94921875 0.303125 0.97109375 0.3109375 0.9828125 0.29921875 1 0.26953125 0.99921875 0.2453125 0.94609375 0.2421875 0.93203125 0.2578125 0.921875 0.26015625 0.93203125 0.275 0.9484375 0.28359375 0.946875 0.29453125 0.93125 0.30703125
0 0.7390625 0.27109375 0.74375 0.27265625 0.75546875 0.2609375 0.83984375 0.265625 0.85859375 0.25625 0.8640625 0.24453125 0.80703125 0.2296875 0.72890625 0.2328125 0.721875 0.24453125 0.7375 0.25390625 0.7390625 0.27109375
0 0.59765625 0.25 0.621875 0.25546875 0.67578125 0.25 0.68125 0.24453125 0.6796875 0.23203125 0.67265625 0.225 0.5859375 0.22890625 0.584375 0.23671875 0.59765625 0.25
0 0.45625 0.23515625 0.4734375 0.24453125 0.49765625 0.2390625 0.51484375 0.2453125 0.53671875 0.240625 0.57109375 0.2453125 0.5859375 0.23203125 0.56171875 0.2171875 0.53828125 0.225 0.46015625 0.2234375 0.45625 0.23515625
0 0.025 0.53046875 0.0375 0.55234375 0.04375 0.54609375 0.0421875 0.52734375 0.028125 0.48359375 0.01484375 0.403125 0.0078125 0.43671875 0.01875 0.46640625 0.025 0.53046875
0 0.0515625 0.67109375 0.065625 0.68828125 0.0703125 0.68203125 0.0625 0.62890625 0.0578125 0.60859375 0.04921875 0.6 0.0515625 0.67109375
0 0.11875 0.22890625 0.128125 0.24609375 0.140625 0.23828125 0.140625 0.22734375 0.13359375 0.2203125 0.12578125 0.2203125 0.11875 0.22890625
0 0 0.21640625 0.0078125 0.22109375 0.0203125 0.21796875 0.021875 0.19765625 0.00078125 0.1890625 0 0.21640625
0 0.90546875 0.4828125 0.909375 0.49453125 0.91640625 0.4953125 0.9234375 0.48359375 0.90546875 0.4828125
0 0.88125 0.54609375 0.8875 0.55390625 0.896875 0.55234375 0.89609375 0.5296875 0.8875 0.53046875 0.88125 0.54609375
0 0.515625 0.70546875 0.51875 0.72265625 0.53125 0.71953125 0.52578125 0.7015625 0.515625 0.70546875