0 0.63828125 0.346875 0.6609375 0.35390625 0.6859375 0.34921875 0.6875 0.32421875 0.65078125 0.3078125 0.64296875 0.2859375 0.61328125 0.2703125 0.58359375 0.2671875 0.5421875 0.29140625 0.54609375 0.3078125 0.61796875 0.321875 0.63828125 0.346875
0 0.64609375 0.3625 0.6921875 0.38203125 0.71015625 0.3828125 0.721875 0.37265625 0.71953125 0.36875 0.725 0.36953125 0.72109375 0.346875 0.71640625 0.3640625 0.7125 0.34140625 0.70546875 0.3359375 0.67421875 0.334375 0.6484375 0.34765625 0.6546875 0.35703125 0.64609375 0.3625
0 0.47734375 0.29375 0.5359375 0.30546875 0.54296875 0.30625 0.546875 0.29765625 0.53359375 0.275 0.44921875 0.275 0.440625 0.29140625 0.44609375 0.3046875 0.47734375 0.29375
0 0.68203125 0.453125 0.7078125 0.45390625 0.71171875 0.446875 0.7234375 0.45078125 0.734375 0.41171875 0.7328125 0.39296875 0.71328125 0.3734375 0.696875 0.38046875 0.709375 0.38515625 0.7078125 0.40234375 0.678125 0.43359375 0.68203125 0.453125
0 0.6515625 0.43671875 0.66875 0.45859375 0.7015625 0.44765625 0.70078125 0.4140625 0.6515625 0.43671875
0 0.71640625 0.690625 0.715625 0.69609375 0.72578125 0.6953125 0.72578125 0.690625 0.73203125 0.696875 0.7390625 0.69453125 0.725 0.63515625 0.725 0.61171875 0.734375 0.59453125 0.72421875 0.584375 0.69765625 0.584375 0.696875 0.69140625 0.71640625 0.690625
0 0.7546875 0.72265625 0.7625 0.72734375 0.79140625 0.7265625 0.8015625 0.71953125 0.7921875 0.69296875 0.77578125 0.68125 0.740625 0.68671875 0.7546875 0.72265625
0 0.33515625 0.915625 0.375 0.92734375 0.48515625 0.915625 0.49453125 0.9078125 0.52890625 0.903125 0.559375 0.87890625 0.51328125 0.896875 0.43828125 0.903125 0.41171875 0.9109375 0.35546875 0.9109375 0.325 0.89453125 0.328125 0.91015625 0.33515625 0.915625
0 0.3 0.89453125 0.3171875 0.90078125 0.328125 0.89921875 0.33515625 0.8453125 0.32421875 0.8453125 0.30859375 0.8609375 0.29296875 0.8625 0.290625 0.86796875 0.29140625 0.8828125 0.29609375 0.8765625 0.3015625 0.87890625 0.296875 0.88359375 0.3 0.89453125
0 0.0578385671875 0.8402970421875 0.11875 0.83359375 0.1421875 0.78828125 0.13671875 0.7734375 0.13125 0.77734375 0.134375 0.78515625 0.128125 0.80078125 0.0578385671875 0.8402970421875
0 0.003125 0.83203125 0.025 0.84296875 0.05078125 0.8390625 0.053125 0.83046875 0.00703125 0.8078125 0.003125 0.83203125
0 0.04609375 0.8234375 0.065625 0.82890625 0.08984375 0.8265625 0.1046875 0.81640625 0.10546875 0.8078125 0.10859375 0.8125 0.1125 0.80859375 0.0890625 0.77734375 0.084375 0.74609375 0.06171875 0.74375 0.05859375 0.7546875 0.04296875 0.7546875 0.03203125 0.74375 0.02734375 0.746875 0.01484375 0.740625 0.01171875 0.746875 0.00078125 0.7453125 0 0.79140625 0.04609375 0.8234375
0 0.1984375 0.41328125 0.203125 0.44453125 0.21484375 0.4453125 0.2203125 0.43828125 0.215625 0.41484375 0.20859375 0.4078125 0.1984375 0.41328125
0 0.4328125 0.39296875 0.44375 0.40078125 0.4609375 0.39765625 0.44375 0.37734375 0.4359375 0.35390625 0.43046875 0.353125 0.4265625 0.37734375 0.4359375 0.38984375 0.4328125 0.39296875
0 0.4140625 0.30234375 0.41875 0.34609375 0.43203125 0.346875 0.4375 0.34140625 0.4421875 0.31484375 0.453125 0.29921875 0.44609375 0.2921875 0.4140625 0.30234375
0 0.4609375 0.40390625 0.4765625 0.41484375 0.4875 0.41171875 0.4609375 0.40390625
0 0.48828125 0.4125 0.4921875 0.42421875 0.50390625 0.41875 0.50859375 0.425 0.534375 0.42421875 0.48828125 0.4125
0 0.00234375 0.5078125 0.00625 0.53359375 0.04140625 0.53125 0.0609375 0.51015625 0.00234375 0.5078125
0 0.45 0.69140625 0.46875 0.70703125 0.4953125 0.69921875 0.5078125 0.67890625 0.50546875 0.66875 0.46796875 0.6671875 0.446875 0.67890625 0.45 0.69140625