0 0.64765625 0.68125 0.6296875 0.66484375 0.59296875 0.6765625 0.58828125 0.6734375 0.5875 0.67890625 0.62421875 0.703125 0.68984375 0.7015625 0.6984375 0.69296875 0.68828125 0.684375 0.64765625 0.68125
0 0.69609375 0.6921875 0.675 0.68828125 0.64453125 0.69375 0.6328125 0.70546875 0.64765625 0.7296875 0.68359375 0.7296875 0.7 0.71328125 0.703125 0.70078125 0.69375 0.69765625 0.69609375 0.6921875
0 0.61484375 0.6375 0.5734375 0.62109375 0.5609375 0.63515625 0.55625 0.65546875 0.56953125 0.671875 0.58515625 0.6765625 0.60390625 0.6578125 0.6203125 0.65390625 0.609375 0.64296875 0.61484375 0.6375
0 0.5921875 0.56640625 0.5859375 0.55703125 0.53046875 0.55625 0.5296875 0.61015625 0.53515625 0.6015625 0.55078125 0.6078125 0.56171875 0.5875 0.5921875 0.56640625
0 0.73359375 0.5546875 0.696875 0.55390625 0.6875 0.55703125 0.734375 0.57421875 0.73359375 0.5546875
0 0.840625 0.30859375 0.8234375 0.29609375 0.81875 0.30078125 0.834375 0.36328125 0.834375 0.38671875 0.828125 0.39921875 0.83515625 0.403125 0.8515625 0.39140625 0.853125 0.33984375 0.840625 0.30859375
0 0.80546875 0.2609375 0.79375 0.25703125 0.81640625 0.303125 0.8125 0.27421875 0.80546875 0.2609375
0 0.35390625 0.1015625 0.34375 0.09453125 0.3359375 0.10078125 0.3375 0.11953125 0.32265625 0.1640625 0.35859375 0.1640625 0.365625 0.14765625 0.3625 0.09921875 0.35390625 0.1015625
0 0.3390625 0.08046875 0.328125 0.07734375 0.29140625 0.0765625 0.2875 0.08671875 0.33515625 0.0953125 0.3390625 0.08046875
0 0.49921875 0.0859375 0.3828125 0.07890625 0.38203125 0.0984375 0.39296875 0.0890625 0.5328125 0.10078125 0.52421875 0.0921875 0.49921875 0.0859375
0 0.5609375 0.12109375 0.540625 0.10546875 0.5265625 0.10546875 0.53515625 0.1203125 0.5609375 0.12109375
0 0.51640625 0.1015625 0.396875 0.08828125 0.3796875 0.08984375 0.38203125 0.1296875 0.38515625 0.1234375 0.44765625 0.11875 0.49140625 0.1265625 0.5578125 0.12265625 0.55078125 0.1125 0.51640625 0.1015625
0 0.12205513906250001 0.163060028125 0.078125 0.17109375 0.04609375 0.1765625 0 0.21015625 0.00078125 0.2546875 0.03203125 0.2515625 0.0640625 0.22734375 0.06875 0.21484375 0.0625 0.20546875 0.12205513906250001 0.163060028125
0 0.146875 0.19453125 0.13125 0.18359375 0.11796875 0.1828125 0.1140625 0.18828125 0.13828125 0.20625 0.146875 0.19453125
0 0.225 0.58359375 0.2203125 0.55078125 0.203125 0.55234375 0.21328125 0.5890625 0.225 0.58359375
0 0.49140625 0.2953125 0.4765625 0.29296875 0.46328125 0.296875 0.446875 0.31953125 0.47265625 0.3328125 0.50234375 0.3328125 0.5078125 0.32265625 0.5046875 0.31015625 0.49140625 0.2953125
0 0.07890625 0.48125 0.05625 0.47421875 0.02421875 0.475 0.0140625 0.48671875 0.02421875 0.4921875 0.0859375 0.49609375 0.07890625 0.48125