0 0.61484375 0.3203125 0.6375 0.33828125 0.66953125 0.334375 0.6765625 0.32578125 0.66015625 0.3078125 0.6453125 0.30234375 0.64140625 0.284375 0.61171875 0.26875 0.57890625 0.26875 0.55 0.29921875 0.56484375 0.3125 0.61484375 0.3203125
0 0.64609375 0.3625 0.7 0.38203125 0.709375 0.38046875 0.7140625 0.36640625 0.70703125 0.3328125 0.69765625 0.33125 0.69140625 0.321875 0.66015625 0.3171875 0.640625 0.33046875 0.6390625 0.34609375 0.65 0.35703125 0.64609375 0.3625
0 0.69765625 0.4515625 0.703125 0.46015625 0.72265625 0.4609375 0.73203125 0.4515625 0.73671875 0.4609375 0.746875 0.44296875 0.740625 0.38359375 0.73671875 0.378125 0.73046875 0.3859375 0.72109375 0.371875 0.7125 0.38046875 0.7046875 0.40859375 0.6859375 0.42578125 0.6890625 0.45078125 0.69765625 0.4515625
0 0.653125 0.43671875 0.6671875 0.45859375 0.69296875 0.459375 0.6984375 0.45546875 0.69296875 0.4515625 0.709375 0.44765625 0.7140625 0.41953125 0.70546875 0.409375 0.653125 0.43671875
0 0.44375 0.69296875 0.465625 0.70703125 0.48515625 0.703125 0.5015625 0.67890625 0.47890625 0.6671875 0.44453125 0.6671875 0.44375 0.69296875
0 0.2015625 0.44140625 0.2078125 0.44609375 0.21484375 0.446875 0.2328125 0.42734375 0.21484375 0.4078125 0.1984375 0.41328125 0.2015625 0.44140625
0 0.4359375 0.39609375 0.4578125 0.40703125 0.4703125 0.40390625 0.44296875 0.3765625 0.43828125 0.378125 0.4359375 0.39609375
0 0.771875 0.71484375 0.7765625 0.74921875 0.7890625 0.74296875 0.80625 0.71953125 0.8328125 0.64453125 0.834375 0.61328125 0.82734375 0.6 0.81484375 0.59375 0.78828125 0.5953125 0.784375 0.61015625 0.77890625 0.609375 0.7734375 0.61953125 0.7734375 0.64140625 0.784375 0.64765625 0.7640625 0.70703125 0.771875 0.71484375
0 0.33671875 0.9078125 0.3625 0.91328125 0.45859375 0.909375 0.51328125 0.9 0.54765625 0.8890625 0.559375 0.87109375 0.553125 0.85703125 0.54765625 0.859375 0.54140625 0.85 0.53671875 0.85625 0.52421875 0.85 0.52109375 0.85625 0.47578125 0.859375 0.47421875 0.865625 0.44609375 0.865625 0.40390625 0.8796875 0.38359375 0.875 0.37734375 0.8796875 0.37265625 0.8703125 0.35703125 0.8734375 0.33515625 0.8671875 0.3265625 0.87734375 0.3265625 0.89921875 0.33671875 0.9078125
0 0.3 0.89453125 0.3234375 0.90703125 0.3296875 0.90546875 0.3265625 0.88359375 0.33515625 0.84375 0.32109375 0.8453125 0.31328125 0.85625 0.30546875 0.8546875 0.3078125 0.86015625 0.3015625 0.86640625 0.3 0.89453125
0 0.0671875 0.84609375 0.075 0.85234375 0.11171875 0.85 0.12109375 0.8265625 0.12578125 0.8375 0.1296875 0.82421875 0.11875 0.81640625 0.121875 0.80859375 0.08515625 0.8328125 0.06640625 0.8359375 0.0671875 0.84609375
0 0.103125 0.82890625 0.115625 0.83671875 0.14140625 0.8375 0.14921875 0.8265625 0.159375 0.82421875 0.1609375 0.79296875 0.14453125 0.775 0.10625 0.82109375 0.103125 0.82890625
0 0.01796875 0.8203125 0.0265625 0.83515625 0.04609375 0.828125 0.05546875 0.8328125 0.0671875 0.82890625 0.04609375 0.8171875 0.03984375 0.8203125 0.02578125 0.8078125 0.01484375 0.8140625 0.015625 0.80546875 0.00703125 0.8 0.009375 0.82265625 0.01796875 0.8203125
0 0 0.79140625 0.0578125 0.82734375 0.08203125 0.828125 0.1 0.81640625 0.0984375 0.79296875 0.0796875 0.77265625 0.084375 0.76484375 0.0765625 0.75859375 0.0765625 0.74765625 0.0828125 0.74765625 0.06953125 0.7375 0.02578125 0.7390625 0.00703125 0.728125 0 0.73828125 0 0.79140625