0 0.6078125 0.31484375 0.62109375 0.325 0.62421875 0.321875 0.6296875 0.33359375 0.64765625 0.31875 0.69296875 0.315625 0.72265625 0.3078125 0.7328125 0.29921875 0.63671875 0.2890625 0.6078125 0.31484375
0 0.64375 0.29140625 0.65078125 0.2984375 0.678125 0.30390625 0.6921875 0.29140625 0.6921875 0.27734375 0.67109375 0.2671875 0.65078125 0.2703125 0.64375 0.27890625 0.64375 0.29140625
0 0.553125 0.33984375 0.56640625 0.365625 0.57421875 0.3609375 0.57265625 0.365625 0.584375 0.36640625 0.62421875 0.346875 0.6328125 0.32890625 0.60234375 0.328125 0.59296875 0.321875 0.57265625 0.3265625 0.553125 0.33984375
0 0.609375 0.44453125 0.61171875 0.4390625 0.56171875 0.4125 0.55234375 0.396875 0.5296875 0.40546875 0.53046875 0.44375 0.609375 0.44453125
0 0.54609375 0.3671875 0.5328125 0.39296875 0.5546875 0.39765625 0.5734375 0.37734375 0.54609375 0.3671875
0 0.43671875 0.375 0.440625 0.40546875 0.46484375 0.4078125 0.4765625 0.42421875 0.47890625 0.41875 0.48828125 0.4234375 0.5140625 0.41953125 0.46484375 0.3953125 0.44296875 0.3734375 0.43671875 0.375
0 0.8421875 0.69765625 0.8484375 0.69609375 0.8546875 0.64921875 0.8484375 0.60390625 0.82578125 0.5953125 0.8234375 0.62109375 0.82890625 0.628125 0.83203125 0.6109375 0.8328125 0.64296875 0.82734375 0.6328125 0.825 0.67734375 0.803125 0.73359375 0.821875 0.73671875 0.83671875 0.7359375 0.834375 0.72890625 0.8453125 0.71953125 0.840625 0.71640625 0.846875 0.71015625 0.8421875 0.69765625
0 0.78125 0.74921875 0.7859375 0.75078125 0.8078125 0.73046875 0.80859375 0.7109375 0.80078125 0.721875 0.7921875 0.71953125 0.790625 0.73984375 0.78125 0.74921875
0 0.39140625 0.9125 0.38046875 0.9015625 0.378125 0.91953125 0.371875 0.92265625 0.384375 0.92421875 0.48203125 0.9171875 0.48984375 0.9109375 0.49453125 0.9140625 0.5359375 0.90234375 0.53046875 0.8953125 0.39140625 0.9125
0 0.5390625 0.89765625 0.55234375 0.9015625 0.553125 0.91015625 0.5578125 0.91015625 0.56015625 0.9015625 0.5734375 0.89765625 0.575 0.88203125 0.56796875 0.8734375 0.56171875 0.8734375 0.5390625 0.89765625
0 0.3375 0.87890625 0.3375 0.90078125 0.34140625 0.90625 0.35390625 0.9015625 0.353125 0.90703125 0.359375 0.90859375 0.36953125 0.9 0.378125 0.90078125 0.378125 0.84765625 0.36796875 0.8359375 0.32109375 0.8359375 0.3375 0.87890625
0 0.3515625 0.91640625 0.33515625 0.903125 0.2875 0.91328125 0.28984375 0.921875 0.34375 0.92265625 0.3515625 0.91640625
0 0.4484375 0.68828125 0.46484375 0.7046875 0.48125 0.70703125 0.49453125 0.703125 0.509375 0.68671875 0.50859375 0.6671875 0.47578125 0.665625 0.446875 0.67890625 0.4484375 0.68828125
0 0.084375 0.83984375 0.10546875 0.8390625 0.1203125 0.80859375 0.09921875 0.821875 0.08828125 0.8203125 0.0625 0.83203125 0.084375 0.83984375
0 0.1265625 0.80546875 0.1484375 0.78984375 0.14609375 0.7765625 0.13671875 0.7765625 0.1359375 0.78671875 0.1171875 0.80546875 0.1265625 0.80546875
0 0.21875 0.44765625 0.2234375 0.41640625 0.21640625 0.4109375 0.2078125 0.42109375 0.2046875 0.44140625 0.20859375 0.4484375 0.21875 0.44765625
0 0.00859375 0.5171875 0.04609375 0.5203125 0.0703125 0.50703125 0.00078125 0.5046875 0.0015625 0.52265625 0.00859375 0.5171875
0 0.1 0.75234375 0.06015625 0.7203125 0.05078125 0.7171875 0.02734375 0.728125 0.00078125 0.7171875 0 0.78984375 0.04609375 0.8234375 0.078125 0.83046875 0.10625 0.81640625 0.1 0.79453125 0.0859375 0.77890625 0.08984375 0.76875 0.1 0.76796875 0.1 0.75234375
0 0.39296875 0.8578125 0.38359375 0.8640625 0.38203125 0.85625 0.3796875 0.91015625 0.4125 0.91171875 0.53046875 0.8953125 0.55625 0.88359375 0.559375 0.86484375 0.54140625 0.84375 0.46484375 0.8609375 0.39296875 0.8578125
0 0.825 0.60390625 0.81640625 0.5953125 0.7765625 0.60078125 0.7546875 0.66015625 0.7296875 0.69765625 0.7359375 0.70859375 0.7359375 0.73828125 0.7296875 0.73359375 0.7296875 0.74609375 0.74921875 0.75625 0.76875 0.75546875 0.78515625 0.7484375 0.8015625 0.72734375 0.8265625 0.67265625 0.8328125 0.61640625 0.82734375 0.625 0.825 0.60390625