0 0.36171875 0.653125 0.3375 0.64765625 0.325 0.65078125 0.3171875 0.67421875 0.3359375 0.68515625 0.34140625 0.6984375 0.34296875 0.6921875 0.35 0.69296875 0.35703125 0.7140625 0.39609375 0.73125 0.421875 0.72421875 0.4296875 0.69609375 0.41953125 0.6859375 0.38203125 0.678125 0.36171875 0.653125
0 0.328125 0.63046875 0.2921875 0.60546875 0.2875 0.61640625 0.290625 0.66171875 0.31796875 0.6734375 0.3296875 0.65390625 0.328125 0.63046875
0 0.3125 0.54921875 0.2953125 0.54765625 0.28671875 0.553125 0.28046875 0.546875 0.26953125 0.553125 0.26328125 0.5484375 0.253125 0.56015625 0.26171875 0.6140625 0.28671875 0.6140625 0.29375 0.60703125 0.29375 0.59453125 0.3140625 0.57734375 0.3125 0.54921875
0 0.3375 0.55078125 0.3265625 0.54609375 0.29453125 0.55 0.290625 0.57578125 0.31171875 0.5796875 0.33828125 0.5671875 0.3421875 0.56171875 0.3375 0.55078125
0 0.8015625 0.58671875 0.796875 0.55546875 0.78671875 0.5546875 0.7828125 0.56171875 0.79140625 0.5890625 0.8015625 0.58671875
0 0.571875 0.67421875 0.5703125 0.62421875 0.5578125 0.62734375 0.5609375 0.67734375 0.5546875 0.69296875 0.56171875 0.6984375 0.571875 0.67421875
0 0.55625 0.30703125 0.5359375 0.29296875 0.51640625 0.2953125 0.4984375 0.32109375 0.52109375 0.3328125 0.55546875 0.3328125 0.55625 0.30703125
0 0.65859375 0.090625 0.6375 0.08671875 0.55859375 0.0890625 0.48671875 0.1 0.44765625 0.1140625 0.4421875 0.13203125 0.44765625 0.140625 0.52578125 0.1234375 0.55234375 0.1265625 0.55703125 0.1203125 0.58984375 0.115625 0.63671875 0.1171875 0.64765625 0.125 0.65234375 0.1203125 0.66171875 0.128125 0.66953125 0.1265625 0.6734375 0.10078125 0.65859375 0.090625
0 0.228018284375 0.279647746875 0.213955784375 0.24996024687500001 0.203799534375 0.252303996875 0.182705784375 0.279647746875 0.159268284375 0.337460246875 0.153018284375 0.384335246875 0.157705784375 0.396835246875 0.174112034375 0.406991496875 0.188174534375 0.397616496875 0.192862034375 0.403866496875 0.203799534375 0.381991496875 0.208487034375 0.389803996875 0.215518284375 0.367147746875 0.221768284375 0.364022746875 0.207705784375 0.339022746875 0.224893284375 0.295272746875 0.221768284375 0.281210246875 0.228018284375 0.279647746875
0 0.89921875 0.1546875 0.8828125 0.15234375 0.865625 0.16796875 0.865625 0.18828125 0.8703125 0.19140625 0.859375 0.21171875 0.86328125 0.225 0.86875 0.22265625 0.875 0.19921875 0.90625 0.17109375 0.9 0.16796875 0.89921875 0.1546875
0 0.98515625 0.1953125 0.9359375 0.16953125 0.91015625 0.171875 0.8875 0.19140625 0.89453125 0.1890625 0.90234375 0.2046875 0.92109375 0.215625 0.95859375 0.21875 0.96171875 0.2234375 0.96640625 0.2171875 0.96953125 0.2234375 0.98046875 0.215625 1 0.21484375 0.98515625 0.1953125
0 1 0.20859375 0.9734375 0.19140625 0.9453125 0.19765625 0.9421875 0.22421875 0.96328125 0.259375 0.99453125 0.271875 1 0.26328125 1 0.20859375