0 0.64765625 0.68125 0.6296875 0.66640625 0.62421875 0.678125 0.62109375 0.675 0.6078125 0.68515625 0.63671875 0.7109375 0.7328125 0.70078125 0.72265625 0.6921875 0.69296875 0.684375 0.64765625 0.68125
0 0.6921875 0.70859375 0.678125 0.69609375 0.65078125 0.7015625 0.64375 0.70859375 0.64375 0.72109375 0.65078125 0.7296875 0.67109375 0.7328125 0.6921875 0.72265625 0.6921875 0.70859375
0 0.62421875 0.653125 0.584375 0.63359375 0.57265625 0.634375 0.57421875 0.6390625 0.56640625 0.634375 0.553125 0.66015625 0.57265625 0.6734375 0.59296875 0.678125 0.60234375 0.671875 0.6328125 0.67109375 0.62421875 0.653125
0 0.61171875 0.5609375 0.609375 0.55546875 0.53046875 0.55625 0.5296875 0.59453125 0.55234375 0.603125 0.56171875 0.5875 0.61171875 0.5609375
0 0.5734375 0.62265625 0.5546875 0.60234375 0.5328125 0.60703125 0.54609375 0.6328125 0.5734375 0.62265625
0 0.47890625 0.58125 0.4765625 0.57578125 0.46484375 0.5921875 0.440625 0.59453125 0.43671875 0.625 0.44296875 0.6265625 0.46484375 0.6046875 0.5140625 0.58046875 0.48828125 0.5765625 0.47890625 0.58125
0 0.83671875 0.2640625 0.821875 0.26328125 0.803125 0.26640625 0.825 0.32265625 0.82734375 0.3671875 0.8328125 0.35703125 0.83203125 0.3890625 0.82890625 0.371875 0.8234375 0.37890625 0.82578125 0.4046875 0.8484375 0.39609375 0.8546875 0.35078125 0.8484375 0.30390625 0.8421875 0.30234375 0.846875 0.28984375 0.840625 0.28359375 0.8453125 0.28046875 0.834375 0.27109375 0.83671875 0.2640625
0 0.8078125 0.26953125 0.7859375 0.24921875 0.78125 0.25078125 0.790625 0.26015625 0.7921875 0.28046875 0.80078125 0.278125 0.80859375 0.2890625 0.8078125 0.26953125
0 0.48203125 0.0828125 0.384375 0.07578125 0.371875 0.07734375 0.378125 0.08046875 0.38046875 0.0984375 0.39140625 0.0875 0.53046875 0.1046875 0.5359375 0.09765625 0.49453125 0.0859375 0.48984375 0.0890625 0.48203125 0.0828125
0 0.56015625 0.0984375 0.5578125 0.08984375 0.553125 0.08984375 0.55234375 0.0984375 0.5390625 0.10234375 0.56171875 0.1265625 0.56796875 0.1265625 0.575 0.11796875 0.5734375 0.10234375 0.56015625 0.0984375
0 0.36953125 0.1 0.359375 0.09140625 0.353125 0.09296875 0.35390625 0.0984375 0.34140625 0.09375 0.3375 0.09921875 0.3375 0.12109375 0.32109375 0.1640625 0.36796875 0.1640625 0.378125 0.15234375 0.378125 0.09921875 0.36953125 0.1
0 0.3515625 0.08359375 0.34375 0.07734375 0.28984375 0.078125 0.2875 0.08671875 0.33515625 0.096875 0.3515625 0.08359375
0 0.49453125 0.296875 0.48125 0.29296875 0.46484375 0.2953125 0.4484375 0.31171875 0.446875 0.32109375 0.47578125 0.334375 0.50859375 0.3328125 0.509375 0.31328125 0.49453125 0.296875
0 0.10546875 0.1609375 0.084375 0.16015625 0.0625 0.16796875 0.08828125 0.1796875 0.09921875 0.178125 0.1203125 0.19140625 0.10546875 0.1609375
0 0.1484375 0.21015625 0.1265625 0.19453125 0.1171875 0.19453125 0.1359375 0.21328125 0.13671875 0.2234375 0.14609375 0.2234375 0.1484375 0.21015625
0 0.2234375 0.58359375 0.21875 0.55234375 0.20859375 0.5515625 0.2046875 0.55859375 0.2078125 0.57890625 0.21640625 0.5890625 0.2234375 0.58359375
0 0.00859375 0.4828125 0.0015625 0.47734375 0.00078125 0.4953125 0.0703125 0.49296875 0.04609375 0.4796875 0.00859375 0.4828125
0 0.10625 0.18359375 0.078125 0.16953125 0.04609375 0.1765625 0 0.21015625 0.00078125 0.2828125 0.02734375 0.271875 0.05078125 0.2828125 0.06015625 0.2796875 0.1 0.24765625 0.1 0.23203125 0.08984375 0.23125 0.0859375 0.22109375 0.1 0.20546875 0.10625 0.18359375
0 0.53046875 0.1046875 0.4125 0.08828125 0.3796875 0.08984375 0.38203125 0.14375 0.38359375 0.1359375 0.39296875 0.1421875 0.46484375 0.1390625 0.54140625 0.15625 0.559375 0.13515625 0.55625 0.11640625 0.53046875 0.1046875
0 0.78515625 0.2515625 0.76875 0.24453125 0.74921875 0.24375 0.7296875 0.25390625 0.7296875 0.26640625 0.7359375 0.26171875 0.7359375 0.29140625 0.7296875 0.30234375 0.7546875 0.33984375 0.7765625 0.39921875 0.81640625 0.4046875 0.825 0.39609375 0.82734375 0.375 0.8328125 0.38359375 0.8265625 0.32734375 0.8015625 0.27265625 0.78515625 0.2515625