0 0.35234375 0.31875 0.3703125 0.33359375 0.37578125 0.321875 0.37890625 0.325 0.3921875 0.31484375 0.36328125 0.2890625 0.2671875 0.29921875 0.27734375 0.3078125 0.30703125 0.315625 0.35234375 0.31875
0 0.3078125 0.29140625 0.321875 0.30390625 0.34921875 0.2984375 0.35625 0.29140625 0.35625 0.27890625 0.34921875 0.2703125 0.32890625 0.2671875 0.3078125 0.27734375 0.3078125 0.29140625
0 0.37578125 0.346875 0.415625 0.36640625 0.42734375 0.365625 0.42578125 0.3609375 0.43359375 0.365625 0.446875 0.33984375 0.42734375 0.3265625 0.40703125 0.321875 0.39765625 0.328125 0.3671875 0.32890625 0.37578125 0.346875
0 0.38828125 0.4390625 0.390625 0.44453125 0.46953125 0.44375 0.4703125 0.40546875 0.44765625 0.396875 0.43828125 0.4125 0.38828125 0.4390625
0 0.4265625 0.37734375 0.4453125 0.39765625 0.4671875 0.39296875 0.45390625 0.3671875 0.4265625 0.37734375
0 0.52109375 0.41875 0.5234375 0.42421875 0.53515625 0.4078125 0.559375 0.40546875 0.56328125 0.375 0.55703125 0.3734375 0.53515625 0.3953125 0.4859375 0.41953125 0.51171875 0.4234375 0.52109375 0.41875
0 0.16328125 0.7359375 0.178125 0.73671875 0.196875 0.73359375 0.175 0.67734375 0.17265625 0.6328125 0.1671875 0.64296875 0.16796875 0.6109375 0.17109375 0.628125 0.1765625 0.62109375 0.17421875 0.5953125 0.1515625 0.60390625 0.1453125 0.64921875 0.1515625 0.69609375 0.1578125 0.69765625 0.153125 0.71015625 0.159375 0.71640625 0.1546875 0.71953125 0.165625 0.72890625 0.16328125 0.7359375
0 0.1921875 0.73046875 0.2140625 0.75078125 0.21875 0.74921875 0.209375 0.73984375 0.2078125 0.71953125 0.19921875 0.721875 0.19140625 0.7109375 0.1921875 0.73046875
0 0.51796875 0.9171875 0.615625 0.92421875 0.628125 0.92265625 0.621875 0.91953125 0.61953125 0.9015625 0.60859375 0.9125 0.46953125 0.8953125 0.4640625 0.90234375 0.50546875 0.9140625 0.51015625 0.9109375 0.51796875 0.9171875
0 0.43984375 0.9015625 0.4421875 0.91015625 0.446875 0.91015625 0.44765625 0.9015625 0.4609375 0.89765625 0.43828125 0.8734375 0.43203125 0.8734375 0.425 0.88203125 0.4265625 0.89765625 0.43984375 0.9015625
0 0.63046875 0.9 0.640625 0.90859375 0.646875 0.90703125 0.64609375 0.9015625 0.65859375 0.90625 0.6625 0.90078125 0.6625 0.87890625 0.67890625 0.8359375 0.63203125 0.8359375 0.621875 0.84765625 0.621875 0.90078125 0.63046875 0.9
0 0.6484375 0.91640625 0.65625 0.92265625 0.71015625 0.921875 0.7125 0.91328125 0.66484375 0.903125 0.6484375 0.91640625
0 0.50546875 0.703125 0.51875 0.70703125 0.53515625 0.7046875 0.5515625 0.68828125 0.553125 0.67890625 0.52421875 0.665625 0.49140625 0.6671875 0.490625 0.68671875 0.50546875 0.703125
0 0.89453125 0.8390625 0.915625 0.83984375 0.9375 0.83203125 0.91171875 0.8203125 0.90078125 0.821875 0.8796875 0.80859375 0.89453125 0.8390625
0 0.8515625 0.78984375 0.8734375 0.80546875 0.8828125 0.80546875 0.8640625 0.78671875 0.86328125 0.7765625 0.85390625 0.7765625 0.8515625 0.78984375
0 0.7765625 0.41640625 0.78125 0.44765625 0.79140625 0.4484375 0.7953125 0.44140625 0.7921875 0.42109375 0.78359375 0.4109375 0.7765625 0.41640625
0 0.99140625 0.5171875 0.9984375 0.52265625 0.99921875 0.5046875 0.9296875 0.50703125 0.95390625 0.5203125 0.99140625 0.5171875
0 0.89375 0.81640625 0.921875 0.83046875 0.95390625 0.8234375 1 0.78984375 0.99921875 0.7171875 0.97265625 0.728125 0.94921875 0.7171875 0.93984375 0.7203125 0.9 0.75234375 0.9 0.76796875 0.91015625 0.76875 0.9140625 0.77890625 0.9 0.79453125 0.89375 0.81640625
0 0.46953125 0.8953125 0.5875 0.91171875 0.6203125 0.91015625 0.61796875 0.85625 0.61640625 0.8640625 0.60703125 0.8578125 0.53515625 0.8609375 0.45859375 0.84375 0.440625 0.86484375 0.44375 0.88359375 0.46953125 0.8953125
0 0.21484375 0.7484375 0.23125 0.75546875 0.25078125 0.75625 0.2703125 0.74609375 0.2703125 0.73359375 0.2640625 0.73828125 0.2640625 0.70859375 0.2703125 0.69765625 0.2453125 0.66015625 0.2234375 0.60078125 0.18359375 0.5953125 0.175 0.60390625 0.17265625 0.625 0.1671875 0.61640625 0.1734375 0.67265625 0.1984375 0.72734375 0.21484375 0.7484375