0 0.39609375 0.26875 0.35703125 0.2859375 0.35 0.30703125 0.34296875 0.3078125 0.34140625 0.3015625 0.3359375 0.31484375 0.3171875 0.32578125 0.325 0.34921875 0.3375 0.35234375 0.36171875 0.346875 0.38203125 0.321875 0.41953125 0.3140625 0.4296875 0.30390625 0.421875 0.27578125 0.39609375 0.26875
0 0.2921875 0.39453125 0.328125 0.36953125 0.3296875 0.34609375 0.31796875 0.3265625 0.290625 0.33828125 0.2875 0.38359375 0.2921875 0.39453125
0 0.26171875 0.3859375 0.253125 0.43984375 0.26328125 0.4515625 0.26953125 0.446875 0.28046875 0.453125 0.28671875 0.446875 0.2953125 0.45234375 0.3125 0.45078125 0.3140625 0.42265625 0.29375 0.40546875 0.29375 0.39296875 0.28671875 0.3859375 0.26171875 0.3859375
0 0.29453125 0.45 0.3265625 0.45390625 0.3375 0.44921875 0.3421875 0.43828125 0.33828125 0.4328125 0.31171875 0.4203125 0.290625 0.42421875 0.29453125 0.45
0 0.8015625 0.41328125 0.79140625 0.4109375 0.7828125 0.43828125 0.78671875 0.4453125 0.796875 0.44453125 0.8015625 0.41328125
0 0.5703125 0.37578125 0.571875 0.32578125 0.56171875 0.3015625 0.5546875 0.30703125 0.5609375 0.32265625 0.5578125 0.37265625 0.5703125 0.37578125
0 0.5359375 0.70703125 0.55625 0.69296875 0.55546875 0.6671875 0.52109375 0.6671875 0.4984375 0.67890625 0.51640625 0.7046875 0.5359375 0.70703125
0 0.64765625 0.875 0.63671875 0.8828125 0.58984375 0.884375 0.55703125 0.8796875 0.55234375 0.8734375 0.52578125 0.8765625 0.44765625 0.859375 0.4421875 0.86796875 0.44765625 0.8859375 0.48671875 0.9 0.55859375 0.9109375 0.6375 0.91328125 0.65859375 0.909375 0.6734375 0.89921875 0.66953125 0.8734375 0.66171875 0.871875 0.65234375 0.8796875 0.64765625 0.875
0 0.215518284375 0.632852253125 0.208487034375 0.610196003125 0.203799534375 0.618008503125 0.192862034375 0.596133503125 0.188174534375 0.602383503125 0.174112034375 0.593008503125 0.157705784375 0.603164753125 0.153018284375 0.615664753125 0.159268284375 0.662539753125 0.182705784375 0.720352253125 0.203799534375 0.747696003125 0.213955784375 0.750039753125 0.228018284375 0.720352253125 0.221768284375 0.718789753125 0.224893284375 0.704727253125 0.207705784375 0.660977253125 0.221768284375 0.635977253125 0.215518284375 0.632852253125
0 0.86328125 0.775 0.859375 0.78828125 0.8703125 0.80859375 0.865625 0.81171875 0.865625 0.83203125 0.8828125 0.84765625 0.89921875 0.8453125 0.9 0.83203125 0.90625 0.82890625 0.875 0.80078125 0.86875 0.77734375 0.86328125 0.775
0 0.96171875 0.7765625 0.95859375 0.78125 0.92109375 0.784375 0.90234375 0.7953125 0.89453125 0.8109375 0.8875 0.80859375 0.91015625 0.828125 0.9359375 0.83046875 0.98515625 0.8046875 1 0.78515625 0.98046875 0.784375 0.96953125 0.7765625 0.96640625 0.7828125 0.96171875 0.7765625
0 1 0.73671875 0.99453125 0.728125 0.96328125 0.740625 0.9421875 0.77578125 0.9453125 0.80234375 0.9734375 0.80859375 1 0.79140625 1 0.73671875