0 0.61484375 0.6796875 0.56484375 0.6875 0.55 0.70078125 0.57890625 0.73125 0.61171875 0.73125 0.64140625 0.715625 0.6453125 0.69765625 0.66015625 0.6921875 0.6765625 0.67421875 0.66953125 0.665625 0.6375 0.66171875 0.61484375 0.6796875
0 0.64609375 0.6375 0.65 0.64296875 0.6390625 0.65390625 0.640625 0.66953125 0.66015625 0.6828125 0.69140625 0.678125 0.69765625 0.66875 0.70703125 0.6671875 0.7140625 0.63359375 0.709375 0.61953125 0.7 0.61796875 0.64609375 0.6375
0 0.73203125 0.5484375 0.72265625 0.5390625 0.703125 0.53984375 0.69765625 0.5484375 0.6890625 0.54921875 0.6859375 0.57421875 0.7046875 0.59140625 0.7125 0.61953125 0.72109375 0.628125 0.73046875 0.6140625 0.73671875 0.621875 0.740625 0.61640625 0.746875 0.55703125 0.73671875 0.5390625 0.73203125 0.5484375
0 0.709375 0.55234375 0.69296875 0.5484375 0.6984375 0.54453125 0.69296875 0.540625 0.6671875 0.54140625 0.653125 0.56328125 0.70546875 0.590625 0.7140625 0.58046875 0.709375 0.55234375
0 0.465625 0.29296875 0.44375 0.30703125 0.44453125 0.3328125 0.47890625 0.3328125 0.5015625 0.32109375 0.48515625 0.296875 0.465625 0.29296875
0 0.2078125 0.55390625 0.2015625 0.55859375 0.1984375 0.58671875 0.21484375 0.5921875 0.2328125 0.57265625 0.21484375 0.553125 0.2078125 0.55390625
0 0.43828125 0.621875 0.44296875 0.6234375 0.4703125 0.59609375 0.4578125 0.59296875 0.4359375 0.60390625 0.43828125 0.621875
0 0.8328125 0.35546875 0.80625 0.28046875 0.7890625 0.25703125 0.7765625 0.25078125 0.771875 0.28515625 0.7640625 0.29296875 0.784375 0.35234375 0.7734375 0.35859375 0.7734375 0.38046875 0.77890625 0.390625 0.784375 0.38984375 0.78828125 0.4046875 0.81484375 0.40625 0.82734375 0.4 0.834375 0.38671875 0.8328125 0.35546875
0 0.47578125 0.140625 0.52109375 0.14375 0.52421875 0.15 0.53671875 0.14375 0.54140625 0.15 0.54765625 0.140625 0.553125 0.14296875 0.559375 0.12890625 0.54765625 0.1109375 0.51328125 0.1 0.45859375 0.090625 0.3625 0.08671875 0.33671875 0.0921875 0.3265625 0.10078125 0.3265625 0.12265625 0.33515625 0.1328125 0.35703125 0.1265625 0.37265625 0.1296875 0.37734375 0.1203125 0.38359375 0.125 0.40390625 0.1203125 0.44609375 0.134375 0.47421875 0.134375 0.47578125 0.140625
0 0.3015625 0.13359375 0.3078125 0.13984375 0.30546875 0.1453125 0.31328125 0.14375 0.32109375 0.1546875 0.33515625 0.15625 0.3265625 0.11640625 0.3296875 0.09453125 0.3234375 0.09296875 0.3 0.10546875 0.3015625 0.13359375
0 0.06640625 0.1640625 0.08515625 0.1671875 0.121875 0.19140625 0.11875 0.18359375 0.1296875 0.17578125 0.12578125 0.1625 0.12109375 0.1734375 0.11171875 0.15 0.075 0.14765625 0.0671875 0.15390625 0.06640625 0.1640625
0 0.1609375 0.20703125 0.159375 0.17578125 0.14921875 0.1734375 0.14140625 0.1625 0.115625 0.16328125 0.103125 0.17109375 0.10625 0.17890625 0.14453125 0.225 0.1609375 0.20703125
0 0.0265625 0.16484375 0.01796875 0.1796875 0.009375 0.17734375 0.00703125 0.2 0.015625 0.19453125 0.01484375 0.1859375 0.02578125 0.1921875 0.03984375 0.1796875 0.04609375 0.1828125 0.0671875 0.17109375 0.05546875 0.1671875 0.04609375 0.171875 0.0265625 0.16484375
0 0 0.26171875 0.00703125 0.271875 0.02578125 0.2609375 0.06953125 0.2625 0.0828125 0.25234375 0.0765625 0.25234375 0.0765625 0.24140625 0.084375 0.23515625 0.0796875 0.22734375 0.0984375 0.20703125 0.1 0.18359375 0.08203125 0.171875 0.0578125 0.17265625 0 0.20859375 0 0.26171875