0 0.63828125 0.346875 0.6625 0.35234375 0.675 0.34921875 0.6828125 0.32578125 0.6640625 0.31484375 0.65859375 0.3015625 0.65703125 0.3078125 0.65 0.30703125 0.64296875 0.2859375 0.60390625 0.26875 0.578125 0.27578125 0.5703125 0.30390625 0.58046875 0.3140625 0.61796875 0.321875 0.63828125 0.346875
0 0.671875 0.36953125 0.7078125 0.39453125 0.7125 0.38359375 0.709375 0.33828125 0.68203125 0.3265625 0.6703125 0.34609375 0.671875 0.36953125
0 0.6875 0.45078125 0.7046875 0.45234375 0.71328125 0.446875 0.71953125 0.453125 0.73046875 0.446875 0.73671875 0.4515625 0.746875 0.43984375 0.73828125 0.3859375 0.71328125 0.3859375 0.70625 0.39296875 0.70625 0.40546875 0.6859375 0.42265625 0.6875 0.45078125
0 0.6625 0.44921875 0.6734375 0.45390625 0.70546875 0.45 0.709375 0.42421875 0.68828125 0.4203125 0.66171875 0.4328125 0.6578125 0.43828125 0.6625 0.44921875
0 0.1984375 0.41328125 0.203125 0.44453125 0.21328125 0.4453125 0.2171875 0.43828125 0.20859375 0.4109375 0.1984375 0.41328125
0 0.428125 0.32578125 0.4296875 0.37578125 0.4421875 0.37265625 0.4390625 0.32265625 0.4453125 0.30703125 0.43828125 0.3015625 0.428125 0.32578125
0 0.44375 0.69296875 0.4640625 0.70703125 0.48359375 0.7046875 0.5015625 0.67890625 0.47890625 0.6671875 0.44453125 0.6671875 0.44375 0.69296875
0 0.34140625 0.909375 0.3625 0.91328125 0.44140625 0.9109375 0.51328125 0.9 0.55234375 0.8859375 0.5578125 0.86796875 0.55234375 0.859375 0.47421875 0.8765625 0.44765625 0.8734375 0.44296875 0.8796875 0.41015625 0.884375 0.36328125 0.8828125 0.35234375 0.875 0.34765625 0.8796875 0.33828125 0.871875 0.33046875 0.8734375 0.3265625 0.89921875 0.34140625 0.909375
0 0.7719817156250001 0.720352253125 0.786044215625 0.750039753125 0.796200465625 0.747696003125 0.817294215625 0.720352253125 0.840731715625 0.662539753125 0.846981715625 0.615664753125 0.8422942156250001 0.603164753125 0.825887965625 0.593008503125 0.811825465625 0.602383503125 0.8071379656250001 0.596133503125 0.796200465625 0.618008503125 0.7915129656250001 0.610196003125 0.784481715625 0.632852253125 0.778231715625 0.635977253125 0.792294215625 0.660977253125 0.775106715625 0.704727253125 0.778231715625 0.718789753125 0.7719817156250001 0.720352253125
0 0.10078125 0.8453125 0.1171875 0.84765625 0.134375 0.83203125 0.134375 0.81171875 0.1296875 0.80859375 0.140625 0.78828125 0.13671875 0.775 0.13125 0.77734375 0.125 0.80078125 0.09375 0.82890625 0.1 0.83203125 0.10078125 0.8453125
0 0.01484375 0.8046875 0.0640625 0.83046875 0.08984375 0.828125 0.1125 0.80859375 0.10546875 0.8109375 0.09765625 0.7953125 0.07890625 0.784375 0.04140625 0.78125 0.03828125 0.7765625 0.03359375 0.7828125 0.03046875 0.7765625 0.01953125 0.784375 0 0.78515625 0.01484375 0.8046875
0 0 0.79140625 0.0265625 0.80859375 0.0546875 0.80234375 0.0578125 0.77578125 0.03671875 0.740625 0.00546875 0.728125 0 0.73671875 0 0.79140625