0 0.3140625 0.34921875 0.3390625 0.35390625 0.36171875 0.346875 0.38203125 0.321875 0.45390625 0.3078125 0.4578125 0.29140625 0.41640625 0.2671875 0.38671875 0.2703125 0.35703125 0.2859375 0.34921875 0.3078125 0.3125 0.32421875 0.3140625 0.34921875
0 0.28046875 0.36875 0.278125 0.37265625 0.28984375 0.3828125 0.3078125 0.38203125 0.35390625 0.3625 0.3453125 0.35703125 0.3515625 0.34765625 0.32578125 0.334375 0.29453125 0.3359375 0.2875 0.34140625 0.28359375 0.3640625 0.27890625 0.346875 0.275 0.36953125 0.28046875 0.36875
0 0.55390625 0.3046875 0.559375 0.29140625 0.55078125 0.275 0.46640625 0.275 0.453125 0.29765625 0.45703125 0.30625 0.4640625 0.30546875 0.52265625 0.29375 0.55390625 0.3046875
0 0.28828125 0.446875 0.2921875 0.45390625 0.31796875 0.453125 0.321875 0.43359375 0.2921875 0.40234375 0.290625 0.38515625 0.303125 0.38046875 0.28671875 0.3734375 0.2671875 0.39296875 0.265625 0.41171875 0.2765625 0.45078125 0.28828125 0.446875
0 0.29921875 0.4140625 0.2984375 0.44765625 0.33125 0.45859375 0.3484375 0.43671875 0.29921875 0.4140625
0 0.27421875 0.690625 0.27421875 0.6953125 0.284375 0.69609375 0.28359375 0.690625 0.303125 0.69140625 0.30234375 0.584375 0.27578125 0.584375 0.265625 0.59453125 0.275 0.61171875 0.275 0.63515625 0.2609375 0.69453125 0.26796875 0.696875 0.27421875 0.690625
0 0.22421875 0.68125 0.2078125 0.69296875 0.1984375 0.71953125 0.20859375 0.7265625 0.2375 0.72734375 0.2453125 0.72265625 0.259375 0.68671875 0.22421875 0.68125
0 0.50546875 0.9078125 0.51484375 0.915625 0.625 0.92734375 0.66484375 0.915625 0.671875 0.91015625 0.675 0.89453125 0.64453125 0.9109375 0.58828125 0.9109375 0.56171875 0.903125 0.48671875 0.896875 0.440625 0.87890625 0.47109375 0.903125 0.50546875 0.9078125
0 0.66484375 0.8453125 0.671875 0.89921875 0.6828125 0.90078125 0.7 0.89453125 0.703125 0.88359375 0.6984375 0.87890625 0.70390625 0.8765625 0.70859375 0.8828125 0.709375 0.86796875 0.70703125 0.8625 0.69140625 0.8609375 0.67578125 0.8453125 0.66484375 0.8453125
0 0.865625 0.78515625 0.86875 0.77734375 0.86328125 0.7734375 0.8578125 0.78828125 0.88125 0.83359375 0.9421614328125001 0.8402970421875 0.871875 0.80078125 0.865625 0.78515625
0 0.975 0.84296875 0.996875 0.83203125 0.99296875 0.8078125 0.946875 0.83046875 0.94921875 0.8390625 0.975 0.84296875
0 0.93828125 0.74375 0.915625 0.74609375 0.9109375 0.77734375 0.8875 0.80859375 0.89140625 0.8125 0.89453125 0.8078125 0.8953125 0.81640625 0.91015625 0.8265625 0.934375 0.82890625 0.95390625 0.8234375 1 0.79140625 0.99921875 0.7453125 0.98828125 0.746875 0.98515625 0.740625 0.97265625 0.746875 0.96796875 0.74375 0.95703125 0.7546875 0.94140625 0.7546875 0.93828125 0.74375
0 0.7796875 0.43828125 0.78515625 0.4453125 0.796875 0.44453125 0.8015625 0.41328125 0.79140625 0.4078125 0.784375 0.41484375 0.7796875 0.43828125
0 0.5640625 0.38984375 0.5734375 0.37734375 0.56953125 0.353125 0.5640625 0.35390625 0.55625 0.37734375 0.5390625 0.39765625 0.55625 0.40078125 0.5671875 0.39296875 0.5640625 0.38984375
0 0.546875 0.29921875 0.5578125 0.31484375 0.5625 0.34140625 0.56796875 0.346875 0.58125 0.34609375 0.5859375 0.30234375 0.55390625 0.2921875 0.546875 0.29921875
0 0.5390625 0.40390625 0.5125 0.41171875 0.5234375 0.41484375 0.5390625 0.40390625
0 0.5078125 0.42421875 0.51171875 0.4125 0.465625 0.42421875 0.49140625 0.425 0.49609375 0.41875 0.5078125 0.42421875
0 0.9390625 0.51015625 0.95859375 0.53125 0.99375 0.53359375 0.99765625 0.5078125 0.9390625 0.51015625
0 0.53203125 0.6671875 0.49453125 0.66875 0.4921875 0.67890625 0.5046875 0.69921875 0.53125 0.70703125 0.55 0.69140625 0.553125 0.67890625 0.53203125 0.6671875