0 0.35859375 0.284375 0.3546875 0.30234375 0.33984375 0.3078125 0.3234375 0.32578125 0.33046875 0.334375 0.3625 0.33828125 0.38515625 0.3203125 0.43515625 0.3125 0.45 0.29921875 0.42109375 0.26875 0.38828125 0.26875 0.35859375 0.284375
0 0.30859375 0.321875 0.30234375 0.33125 0.29296875 0.3328125 0.2859375 0.36640625 0.290625 0.38046875 0.3 0.38203125 0.35390625 0.3625 0.35 0.35703125 0.3609375 0.34609375 0.359375 0.33046875 0.33984375 0.3171875 0.30859375 0.321875
0 0.27890625 0.371875 0.26953125 0.3859375 0.26328125 0.378125 0.259375 0.38359375 0.253125 0.44296875 0.26328125 0.4609375 0.26796875 0.4515625 0.27734375 0.4609375 0.296875 0.46015625 0.30234375 0.4515625 0.3109375 0.45078125 0.3140625 0.42578125 0.2953125 0.40859375 0.2875 0.38046875 0.27890625 0.371875
0 0.3015625 0.45546875 0.30703125 0.459375 0.3328125 0.45859375 0.346875 0.43671875 0.29453125 0.409375 0.2859375 0.41953125 0.290625 0.44765625 0.30703125 0.4515625 0.3015625 0.45546875
0 0.534375 0.70703125 0.55625 0.69296875 0.55546875 0.6671875 0.52109375 0.6671875 0.4984375 0.67890625 0.51484375 0.703125 0.534375 0.70703125
0 0.7921875 0.44609375 0.7984375 0.44140625 0.8015625 0.41328125 0.78515625 0.4078125 0.7671875 0.42734375 0.78515625 0.446875 0.7921875 0.44609375
0 0.5640625 0.39609375 0.56171875 0.378125 0.55703125 0.3765625 0.5296875 0.40390625 0.5421875 0.40703125 0.5640625 0.39609375
0 0.22109375 0.609375 0.215625 0.61015625 0.21171875 0.5953125 0.18515625 0.59375 0.17265625 0.6 0.165625 0.61328125 0.1671875 0.64453125 0.19375 0.71953125 0.2109375 0.74296875 0.2234375 0.74921875 0.228125 0.71484375 0.2359375 0.70703125 0.215625 0.64765625 0.2265625 0.64140625 0.2265625 0.61953125 0.22109375 0.609375
0 0.62734375 0.8703125 0.62265625 0.8796875 0.61640625 0.875 0.59609375 0.8796875 0.55390625 0.865625 0.52578125 0.865625 0.52421875 0.859375 0.47890625 0.85625 0.47578125 0.85 0.46328125 0.85625 0.45859375 0.85 0.45234375 0.859375 0.446875 0.85703125 0.440625 0.87109375 0.45234375 0.8890625 0.48671875 0.9 0.54140625 0.909375 0.6375 0.91328125 0.66328125 0.9078125 0.6734375 0.89921875 0.6734375 0.87734375 0.66484375 0.8671875 0.64296875 0.8734375 0.62734375 0.8703125
0 0.67890625 0.8453125 0.66484375 0.84375 0.6734375 0.88359375 0.6703125 0.90546875 0.6765625 0.90703125 0.7 0.89453125 0.6984375 0.86640625 0.6921875 0.86015625 0.69453125 0.8546875 0.68671875 0.85625 0.67890625 0.8453125
0 0.8703125 0.82421875 0.87421875 0.8375 0.87890625 0.8265625 0.88828125 0.85 0.925 0.85234375 0.9328125 0.84609375 0.93359375 0.8359375 0.91484375 0.8328125 0.878125 0.80859375 0.88125 0.81640625 0.8703125 0.82421875
0 0.85078125 0.8265625 0.85859375 0.8375 0.884375 0.83671875 0.896875 0.82890625 0.89375 0.82109375 0.85546875 0.775 0.8390625 0.79296875 0.840625 0.82421875 0.85078125 0.8265625
0 0.97421875 0.8078125 0.96015625 0.8203125 0.95390625 0.8171875 0.9328125 0.82890625 0.94453125 0.8328125 0.95390625 0.828125 0.9734375 0.83515625 0.98203125 0.8203125 0.990625 0.82265625 0.99296875 0.8 0.984375 0.80546875 0.98515625 0.8140625 0.97421875 0.8078125
0 1 0.73828125 0.99296875 0.728125 0.97421875 0.7390625 0.93046875 0.7375 0.9171875 0.74765625 0.9234375 0.74765625 0.9234375 0.75859375 0.915625 0.76484375 0.9203125 0.77265625 0.9015625 0.79296875 0.9 0.81640625 0.91796875 0.828125 0.9421875 0.82734375 1 0.79140625 1 0.73828125