0 0.5875 0.32109375 0.58828125 0.3265625 0.59296875 0.3234375 0.6296875 0.33515625 0.64765625 0.31875 0.68828125 0.315625 0.6984375 0.30703125 0.68984375 0.2984375 0.62421875 0.296875 0.5875 0.32109375
0 0.64765625 0.2703125 0.6328125 0.29453125 0.64453125 0.30625 0.675 0.31171875 0.69609375 0.3078125 0.69375 0.30234375 0.703125 0.29921875 0.7 0.28671875 0.68359375 0.2703125 0.64765625 0.2703125
0 0.56953125 0.328125 0.55625 0.34453125 0.5609375 0.36484375 0.5734375 0.37890625 0.61484375 0.3625 0.609375 0.35703125 0.6203125 0.34609375 0.60390625 0.3421875 0.58515625 0.3234375 0.56953125 0.328125
0 0.53046875 0.44375 0.5859375 0.44296875 0.5921875 0.43359375 0.56171875 0.4125 0.55078125 0.3921875 0.53515625 0.3984375 0.5296875 0.38984375 0.53046875 0.44375
0 0.734375 0.42578125 0.6875 0.44296875 0.696875 0.44609375 0.73359375 0.4453125 0.734375 0.42578125
0 0.834375 0.61328125 0.834375 0.63671875 0.81875 0.69921875 0.8234375 0.70390625 0.840625 0.69140625 0.853125 0.66015625 0.8515625 0.60859375 0.83515625 0.596875 0.828125 0.60078125 0.834375 0.61328125
0 0.8125 0.72578125 0.81640625 0.696875 0.79375 0.74296875 0.80546875 0.7390625 0.8125 0.72578125
0 0.3375 0.88046875 0.3359375 0.89921875 0.34375 0.90546875 0.35390625 0.8984375 0.3625 0.90078125 0.365625 0.85234375 0.35859375 0.8359375 0.32265625 0.8359375 0.3375 0.88046875
0 0.3390625 0.91953125 0.33515625 0.9046875 0.2875 0.91328125 0.29140625 0.9234375 0.328125 0.92265625 0.3390625 0.91953125
0 0.3828125 0.92109375 0.49921875 0.9140625 0.52421875 0.9078125 0.5328125 0.89921875 0.39296875 0.9109375 0.38203125 0.9015625 0.3828125 0.92109375
0 0.53515625 0.8796875 0.5265625 0.89453125 0.540625 0.89453125 0.5609375 0.87890625 0.53515625 0.8796875
0 0.38515625 0.8765625 0.38203125 0.8703125 0.3796875 0.91015625 0.396875 0.91171875 0.51640625 0.8984375 0.55078125 0.8875 0.5578125 0.87734375 0.49140625 0.8734375 0.44765625 0.88125 0.38515625 0.8765625
0 0.00078125 0.7453125 0 0.78984375 0.04609375 0.8234375 0.078125 0.82890625 0.12205513906250001 0.8369399718749999 0.0625 0.79453125 0.06875 0.78515625 0.0640625 0.77265625 0.03203125 0.7484375 0.00078125 0.7453125
0 0.146875 0.80546875 0.13828125 0.79375 0.1140625 0.81171875 0.11796875 0.8171875 0.13125 0.81640625 0.146875 0.80546875
0 0.21328125 0.4109375 0.203125 0.44765625 0.2203125 0.44921875 0.225 0.41640625 0.21328125 0.4109375
0 0.446875 0.68046875 0.46328125 0.703125 0.4765625 0.70703125 0.49140625 0.7046875 0.5046875 0.68984375 0.5078125 0.67734375 0.50234375 0.6671875 0.47265625 0.6671875 0.446875 0.68046875
0 0.05625 0.52578125 0.07890625 0.51875 0.0859375 0.50390625 0.02421875 0.5078125 0.0140625 0.51328125 0.02421875 0.525 0.05625 0.52578125