0 0.6015625 0.46953125 0.609375 0.42734375 0.6 0.39140625 0.61875 0.34296875 0.61328125 0.321875 0.60625 0.32265625 0.60859375 0.3421875 0.603125 0.34140625 0.60234375 0.3234375 0.56484375 0.3296875 0.56171875 0.3203125 0.55390625 0.321875 0.51875 0.38359375 0.47109375 0.4078125 0.44609375 0.3953125 0.42578125 0.3953125 0.4125 0.40234375 0.4109375 0.41953125 0.390625 0.46796875 0.390625 0.50078125 0.42109375 0.53125 0.44765625 0.5453125 0.4640625 0.54609375 0.49765625 0.5140625 0.51015625 0.5140625 0.53984375 0.48125 0.55859375 0.475 0.58515625 0.4796875 0.6015625 0.46953125
0 0.4109375 0.20078125 0.4125 0.21484375 0.43671875 0.23125 0.46171875 0.221875 0.4640625 0.25234375 0.48125 0.25546875 0.5078125 0.22734375 0.49375 0.20859375 0.5078125 0.16484375 0.48671875 0.1578125 0.44765625 0.1625 0.4109375 0.20078125
0 1 0.12265625 0.99453125 0.11875 0.9578125 0.13828125 0.959375 0.16640625 0.96640625 0.175 0.975 0.17421875 1 0.15859375 1 0.12265625
0 0.184375 0.45234375 0.19375 0.45546875 0.2 0.40859375 0.1890625 0.38671875 0.17265625 0.38125 0.165625 0.38828125 0.1671875 0.41484375 0.184375 0.45234375
0 0.29375 0.52265625 0.30390625 0.54375 0.31875 0.54609375 0.3265625 0.53984375 0.3296875 0.52109375 0.32265625 0.509375 0.30859375 0.503125 0.296875 0.51171875 0.29375 0.52265625
0 0.0828125 0.26953125 0.1046875 0.28203125 0.1171875 0.27421875 0.121875 0.26328125 0.11953125 0.225 0.08671875 0.234375 0.078125 0.24609375 0.0828125 0.26953125
0 0.15 0.19609375 0.153125 0.16953125 0.13828125 0.15 0.13125 0.15859375 0.13125 0.17421875 0.1375 0.18984375 0.15 0.19609375
0 0.15703125 0.0625 0.15625 0.09296875 0.16875 0.09921875 0.1703125 0.07109375 0.15703125 0.0625
0 0.20625 0.06796875 0.2078125 0.03984375 0.19921875 0.0359375 0.1921875 0.03984375 0.1921875 0.05546875 0.20078125 0.06875 0.20625 0.06796875
0 0.384375 0.01328125 0.3828125 0.00234375 0.36015625 0 0.3625 0.01796875 0.375 0.02265625 0.384375 0.01328125
0 0.18125 0.47421875 0.16953125 0.465625 0.165625 0.47890625 0.17421875 0.490625 0.18125 0.48984375 0.18125 0.47421875
0 0.15234375 0.4953125 0.1484375 0.51328125 0.1625 0.52421875 0.165625 0.50546875 0.15234375 0.4953125
0 0.2375 0.60859375 0.24296875 0.6171875 0.25 0.61640625 0.24765625 0.603125 0.2375 0.60859375
0 0.26328125 0.5359375 0.259375 0.55234375 0.2734375 0.56484375 0.275 0.54296875 0.26328125 0.5359375
0 0.24140625 0.675 0.2421875 0.69140625 0.2546875 0.69921875 0.25625 0.67890625 0.24140625 0.675
0 0.48671875 0.834375 0.49375 0.83359375 0.5 0.81953125 0.4921875 0.80546875 0.48203125 0.8015625 0.4765625 0.81171875 0.4796875 0.82578125 0.48671875 0.834375
0 0.57734375 0.8046875 0.575 0.81953125 0.590625 0.82734375 0.5890625 0.80859375 0.57734375 0.8046875
0 0.29453125 0.75625 0.29375 0.77421875 0.30625 0.78359375 0.309375 0.77265625 0.29453125 0.75625
0 0.27890625 0.7671875 0.275 0.77734375 0.2875 0.78671875 0.290625 0.77890625 0.27890625 0.7671875
0 0.31015625 0.6671875 0.30625 0.68828125 0.315625 0.68984375 0.3203125 0.67265625 0.31015625 0.6671875
0 0.0796875 0.55859375 0.07109375 0.5484375 0.0578125 0.56484375 0.0578125 0.57734375 0.06875 0.58359375 0.0796875 0.55859375
0 0.2171875 0.32265625 0.20703125 0.3140625 0.2015625 0.33203125 0.20703125 0.3421875 0.2140625 0.34140625 0.2171875 0.32265625
0 0.2328125 0.34296875 0.2328125 0.31796875 0.22421875 0.3125 0.21875 0.31953125 0.2203125 0.33203125 0.22734375 0.34375 0.2328125 0.34296875
0 0.01875 0.21484375 0.034375 0.22109375 0.0359375 0.18984375 0.0234375 0.16953125 0.01171875 0.1640625 0.00625 0.16953125 0.009375 0.19453125 0.01875 0.21484375
0 0.1203125 0.17421875 0.1265625 0.16796875 0.125 0.15390625 0.1203125 0.13828125 0.11328125 0.1359375 0.1078125 0.15390625 0.1203125 0.17421875
0 0.0921875 0.11484375 0.1078125 0.10234375 0.10078125 0.0875 0.0765625 0.10703125 0.0921875 0.12578125 0.0921875 0.11484375
0 0.28984375 0.375 0.2890625 0.39140625 0.3 0.39453125 0.2984375 0.37890625 0.28984375 0.375
0 0.16796875 0.228125 0.1640625 0.23984375 0.1734375 0.24453125 0.1796875 0.23203125 0.16796875 0.228125
0 0.13203125 0.3296875 0.128125 0.34140625 0.1359375 0.35078125 0.1390625 0.33359375 0.13203125 0.3296875
0 0.18203125 0.3421875 0.1796875 0.35859375 0.1859375 0.36640625 0.190625 0.34921875 0.18203125 0.3421875
0 0.2265625 0.13046875 0.21484375 0.115625 0.2109375 0.12421875 0.2171875 0.14140625 0.225 0.14296875 0.2265625 0.13046875
0 0.25234375 0.1234375 0.2515625 0.13984375 0.2609375 0.14453125 0.2625 0.13046875 0.25234375 0.1234375
0 0.2765625 0.15859375 0.27265625 0.1453125 0.2625 0.14921875 0.2765625 0.15859375
0 0.23671875 0.1765625 0.23125 0.18984375 0.2421875 0.19296875 0.24375 0.18203125 0.23671875 0.1765625