0 0.29375 0.72109375 0.296875 0.69453125 0.2859375 0.66796875 0.24453125 0.63125 0.20078125 0.615625 0.16328125 0.6265625 0.1375 0.65703125 0.1125 0.70390625 0.1 0.76796875 0.1 0.80703125 0.1265625 0.85859375 0.11875 0.87890625 0.159375 0.88203125 0.1765625 0.87265625 0.21640625 0.81875 0.23359375 0.8203125 0.24375 0.81171875 0.2796875 0.76484375 0.29375 0.72109375
0 0.45703125 0.1984375 0.43984375 0.19375 0.43125 0.19921875 0.4203125 0.23515625 0.43203125 0.2484375 0.4515625 0.25546875 0.48359375 0.2296875 0.5125 0.22421875 0.51953125 0.1640625 0.49453125 0.1625 0.47421875 0.1921875 0.45703125 0.1984375
0 0.4703125 0.10078125 0.4765625 0.11796875 0.471875 0.12578125 0.4875 0.13515625 0.49296875 0.1234375 0.50546875 0.125 0.5140625 0.11484375 0.49609375 0.0984375 0.47578125 0.096875 0.4703125 0.10078125
0 0.8765625 0.12265625 0.86640625 0.10625 0.81484375 0.0953125 0.79921875 0.08125 0.78671875 0.0921875 0.74765625 0.0984375 0.7234375 0.11796875 0.71875 0.12890625 0.72265625 0.1390625 0.74609375 0.13125 0.76328125 0.1328125 0.78359375 0.1609375 0.79453125 0.1484375 0.80859375 0.1484375 0.815625 0.16328125 0.81875 0.20078125 0.8390625 0.20234375 0.8671875 0.19765625 0.865625 0.18046875 0.85234375 0.175 0.8421875 0.15703125 0.8421875 0.14140625 0.8765625 0.12265625
0 0.73125 0.20703125 0.734375 0.27421875 0.74921875 0.2921875 0.75625 0.29140625 0.765625 0.28359375 0.76875 0.26015625 0.7875 0.23671875 0.784375 0.20546875 0.77890625 0.2015625 0.73125 0.20703125
0 0.6203125 0.49609375 0.61875 0.51015625 0.6390625 0.51953125 0.64765625 0.5109375 0.66796875 0.509375 0.684375 0.49921875 0.66875 0.47578125 0.66484375 0.45625 0.6203125 0.49609375
0 0.90546875 0.525 0.9015625 0.55703125 0.89375 0.56171875 0.890625 0.57734375 0.909375 0.59765625 0.91640625 0.590625 0.94140625 0.5875 0.9484375 0.56484375 0.925 0.54921875 0.92265625 0.53125 0.90546875 0.525
0 0.9640625 0.85078125 0.9703125 0.85078125 0.978125 0.84140625 0.98125 0.79140625 0.97421875 0.778125 0.95078125 0.76875 0.9484375 0.81953125 0.9640625 0.85078125
0 0.734375 0.99921875 0.8265625 0.99921875 0.8328125 0.98671875 0.82421875 0.9546875 0.80703125 0.96875 0.78359375 0.971875 0.76171875 0.990625 0.734375 0.99921875
0 0.19609375 0.1484375 0.20859375 0.15 0.2171875 0.14140625 0.2203125 0.11328125 0.22734375 0.1046875 0.25234375 0.0953125 0.27109375 0.1015625 0.2796875 0.09609375 0.2625 0.07578125 0.271875 0.04453125 0.25078125 0.040625 0.04453125 0.0484375 0.0359375 0.06953125 0.0296875 0.17578125 0.05390625 0.1671875 0.11015625 0.1609375 0.14609375 0.1359375 0.17734375 0.13125 0.18828125 0.134375 0.19609375 0.1484375
0 0.8984375 0.67890625 0.86484375 0.6734375 0.82734375 0.678125 0.81015625 0.65625 0.79921875 0.653125 0.79296875 0.6578125 0.78203125 0.646875 0.76953125 0.646875 0.7625 0.66015625 0.7640625 0.69140625 0.7703125 0.69140625 0.7640625 0.71171875 0.78984375 0.7125 0.79296875 0.7265625 0.81171875 0.7109375 0.81953125 0.7265625 0.82734375 0.7203125 0.82578125 0.7265625 0.840625 0.72890625 0.85 0.70234375 0.86796875 0.69375 0.87890625 0.715625 0.89921875 0.7171875 0.90625 0.69765625 0.8984375 0.67890625
0 0.7953125 0.70234375 0.8 0.70703125 0.78828125 0.7078125 0.790625 0.67734375 0.784375 0.68203125 0.7875 0.67421875 0.78046875 0.6625 0.7796875 0.68671875 0.771875 0.68515625 0.7765625 0.67890625 0.771875 0.67578125 0.775 0.64765625 0.76640625 0.6484375 0.765625 0.71796875 0.7734375 0.71796875 0.771875 0.70546875 0.77734375 0.7 0.78671875 0.7140625 0.79765625 0.7125 0.7953125 0.71796875 0.8015625 0.71953125 0.80625 0.69453125 0.81171875 0.7046875 0.815625 0.69453125 0.81015625 0.6890625 0.79921875 0.690625 0.7953125 0.70234375
0 0.8921875 0.68203125 0.8921875 0.71171875 0.90234375 0.7140625 0.90703125 0.7265625 0.91953125 0.721875 0.94609375 0.7546875 0.9859375 0.75546875 0.99375 0.75390625 0.996875 0.73515625 0.9953125 0.64609375 0.91796875 0.64375 0.9140625 0.67734375 0.8921875 0.68203125