0 0.4078125 0.77265625 0.425 0.79140625 0.409375 0.83671875 0.45078125 0.8421875 0.47421875 0.834375 0.5046875 0.80078125 0.5046875 0.78828125 0.48203125 0.76875 0.45546875 0.778125 0.4515625 0.74765625 0.4375 0.74453125 0.4078125 0.77265625
0 0.59609375 0.6765625 0.60234375 0.6828125 0.61171875 0.6796875 0.61875 0.65859375 0.5984375 0.60859375 0.6078125 0.57734375 0.5984375 0.52890625 0.58359375 0.5203125 0.55546875 0.525 0.53828125 0.51875 0.50859375 0.4875 0.49453125 0.484375 0.46640625 0.45625 0.45625 0.45390625 0.41953125 0.46875 0.3875 0.50390625 0.3890625 0.53046875 0.4109375 0.59921875 0.44453125 0.6046875 0.46953125 0.59375 0.5140625 0.61484375 0.5328125 0.63828125 0.55234375 0.6828125 0.57109375 0.684375 0.58046875 0.6765625 0.59609375 0.6765625
0 0.1984375 0.58828125 0.19375 0.54765625 0.1859375 0.54453125 0.165625 0.58671875 0.1640625 0.61171875 0.16953125 0.61875 0.1859375 0.61484375 0.1984375 0.58828125
0 0.11953125 0.775 0.121875 0.77109375 0.1140625 0.76484375 0.1171875 0.73046875 0.0984375 0.71796875 0.0796875 0.73203125 0.078125 0.75703125 0.09296875 0.7703125 0.11953125 0.775
0 0.1421875 0.80390625 0.1296875 0.82421875 0.13515625 0.85 0.1453125 0.84453125 0.153125 0.82109375 0.1515625 0.80703125 0.1421875 0.80390625
0 0.115625 0.82578125 0.10625 0.84921875 0.11171875 0.8640625 0.11875 0.86171875 0.125 0.83828125 0.125 0.82734375 0.115625 0.82578125
0 0.00859375 0.8359375 0.01953125 0.8328125 0.0296875 0.81953125 0.0359375 0.77734375 0.04375 0.77109375 0.03046875 0.759375 0.0234375 0.76015625 0.021875 0.77890625 0.0046875 0.81640625 0.00859375 0.8359375
0 0.18828125 0.9640625 0.20625 0.96015625 0.2078125 0.93515625 0.1984375 0.93203125 0.1796875 0.95234375 0.18828125 0.9640625
0 0.25078125 0.8765625 0.2625 0.86484375 0.26015625 0.85625 0.253125 0.85703125 0.246875 0.86953125 0.25078125 0.8765625
0 0.30703125 0.496875 0.31640625 0.4953125 0.328125 0.47890625 0.3234375 0.45703125 0.3125 0.45390625 0.30234375 0.45625 0.29375 0.47109375 0.2953125 0.48828125 0.30703125 0.496875
0 0.20859375 0.6859375 0.2171875 0.67578125 0.2171875 0.66328125 0.20625 0.65859375 0.2 0.68046875 0.20859375 0.6859375
0 0.225 0.65703125 0.2171875 0.67578125 0.22265625 0.6875 0.23125 0.68359375 0.2328125 0.67421875 0.2328125 0.66015625 0.225 0.65703125
0 0.240625 0.38203125 0.2359375 0.39921875 0.24296875 0.403125 0.2515625 0.38671875 0.240625 0.38203125
0 0.24140625 0.325 0.25625 0.31796875 0.25625 0.30234375 0.2484375 0.30078125 0.2390625 0.31328125 0.24140625 0.325
0 0.29453125 0.2359375 0.30625 0.23046875 0.30625 0.21953125 0.3 0.21640625 0.2921875 0.22578125 0.29453125 0.2359375
0 0.990625 0.83359375 0.98203125 0.825 0.971875 0.82578125 0.9453125 0.84765625 0.946875 0.87734375 0.95703125 0.8828125 0.9921875 0.85859375 0.990625 0.83359375
0 0.290625 0.60546875 0.28828125 0.625 0.2984375 0.61640625 0.2984375 0.60546875 0.290625 0.60546875
0 0.06953125 0.4515625 0.0796875 0.44296875 0.0703125 0.41953125 0.0625 0.41484375 0.0546875 0.43046875 0.06953125 0.4515625
0 0.0765625 0.77578125 0.0734375 0.79609375 0.08203125 0.8 0.0890625 0.78046875 0.0765625 0.77578125
0 0.071875 0.81328125 0.0671875 0.82421875 0.07578125 0.8296875 0.08125 0.81640625 0.071875 0.81328125
0 0.090625 0.90546875 0.09921875 0.9109375 0.1046875 0.89765625 0.090625 0.90546875
0 0.0859375 0.87109375 0.08125 0.88515625 0.08828125 0.8890625 0.0921875 0.87265625 0.0859375 0.87109375
0 0.2671875 0.43671875 0.259375 0.44609375 0.26171875 0.4625 0.26796875 0.4625 0.275 0.44921875 0.275 0.43984375 0.2671875 0.43671875
0 0.4875 0.16484375 0.475 0.18203125 0.48046875 0.1984375 0.48671875 0.1984375 0.4984375 0.18046875 0.496875 0.17109375 0.4875 0.16484375
0 0.4140625 0.24296875 0.41171875 0.2609375 0.4234375 0.25390625 0.4234375 0.24453125 0.4140625 0.24296875
0 0.3625 0.32109375 0.35625 0.32421875 0.35859375 0.334375 0.3703125 0.32890625 0.3625 0.32109375
0 0.309375 0.31328125 0.30625 0.32734375 0.31328125 0.33125 0.31875 0.31796875 0.309375 0.31328125
0 0.3265625 0.49296875 0.31875 0.50859375 0.32265625 0.5140625 0.334375 0.50234375 0.3265625 0.49296875
0 0.171875 0.51015625 0.1640625 0.52265625 0.16796875 0.534375 0.175 0.53203125 0.1828125 0.51640625 0.18203125 0.5109375 0.171875 0.51015625
0 0.15078125 0.503125 0.1640625 0.49296875 0.165625 0.48046875 0.1578125 0.47734375 0.146875 0.48984375 0.15078125 0.503125
0 0.16875 0.37421875 0.1640625 0.38359375 0.17265625 0.3921875 0.178125 0.37578125 0.16875 0.37421875
0 0.1546875 0.34609375 0.1484375 0.36015625 0.15859375 0.365625 0.1625 0.34921875 0.1546875 0.34609375
0 0.13125 0.35078125 0.12890625 0.3671875 0.1375 0.36171875 0.1375 0.35234375 0.13125 0.35078125
0 0.02734375 0.340625 0.0359375 0.32734375 0.03046875 0.3203125 0.021875 0.32109375 0.01875 0.33359375 0.02734375 0.340625
0 0.13125 0.64921875 0.1265625 0.66484375 0.13515625 0.6703125 0.1375 0.65390625 0.13125 0.64921875
0 0.165625 0.75546875 0.1640625 0.77109375 0.17421875 0.771875 0.1765625 0.75859375 0.165625 0.75546875
0 0.18125 0.70234375 0.178125 0.71640625 0.18515625 0.7203125 0.1921875 0.70703125 0.18125 0.70234375
0 0.2078125 0.47734375 0.203125 0.48984375 0.21484375 0.49375 0.2171875 0.48203125 0.2078125 0.47734375
0 0.1828125 0.63359375 0.178125 0.64140625 0.18046875 0.6578125 0.1890625 0.65234375 0.1828125 0.63359375
0 0.5328125 0.92734375 0.528125 0.93984375 0.54140625 0.9453125 0.546875 0.93046875 0.5328125 0.92734375
0 0.4921875 0.94140625 0.4890625 0.95703125 0.49765625 0.959375 0.503125 0.94453125 0.4921875 0.94140625
0 0.37578125 1 0.38125 0.98984375 0.37109375 0.9765625 0.365625 0.97734375 0.359375 0.99921875 0.37578125 1
0 0.64375 0.95078125 0.6359375 0.96328125 0.63984375 0.9703125 0.64609375 0.9703125 0.653125 0.95703125 0.65078125 0.95 0.64375 0.95078125
0 0.640625 0.89140625 0.6375 0.90078125 0.64609375 0.9046875 0.65 0.89296875 0.640625 0.89140625
0 0.246875 0.98515625 0.2390625 0.99921875 0.25546875 1 0.2546875 0.98515625 0.246875 0.98515625
0 0.1359375 0.99296875 0.13203125 1 0.1484375 0.99921875 0.14453125 0.9921875 0.1359375 0.99296875
0 0.15546875 0.9375 0.16875 0.92890625 0.1703125 0.90546875 0.1609375 0.90078125 0.153125 0.92578125 0.15546875 0.9375
0 0.234375 0.88671875 0.23125 0.89765625 0.23828125 0.9015625 0.2421875 0.88984375 0.234375 0.88671875
0 0.21484375 0.8859375 0.225 0.86953125 0.2234375 0.85546875 0.21875 0.85546875 0.209375 0.87734375 0.21484375 0.8859375
0 0.13125 0.53359375 0.121875 0.55234375 0.12578125 0.5578125 0.1390625 0.53984375 0.13125 0.53359375
0 0.11875 0.35703125 0.1109375 0.37734375 0.11328125 0.390625 0.125 0.36484375 0.11875 0.35703125
0 0.1375 0.43046875 0.1359375 0.44140625 0.14296875 0.44375 0.146875 0.43203125 0.1375 0.43046875
0 0.165625 0.43203125 0.1625 0.43984375 0.16796875 0.44375 0.171875 0.43203125 0.165625 0.43203125
0 0.221875 0.43359375 0.2171875 0.43671875 0.21953125 0.45 0.2265625 0.44765625 0.221875 0.43359375
0 0.253125 0.33203125 0.246875 0.33828125 0.24921875 0.353125 0.2609375 0.34453125 0.253125 0.33203125
0 0.046875 0.72578125 0.04375 0.73671875 0.04921875 0.7390625 0.053125 0.72734375 0.046875 0.72578125
0 0.0625 0.72421875 0.059375 0.73515625 0.06640625 0.7390625 0.0703125 0.73203125 0.0625 0.72421875
0 0.05625 0.67578125 0.05859375 0.6859375 0.0640625 0.67578125 0.05625 0.67578125