0 0.6 0.47109375 0.609375 0.42734375 0.59609375 0.3890625 0.53984375 0.384375 0.5328125 0.38046875 0.53515625 0.365625 0.51484375 0.3890625 0.46796875 0.409375 0.44453125 0.3953125 0.4140625 0.40078125 0.390625 0.46953125 0.390625 0.49921875 0.42265625 0.53125 0.4640625 0.54609375 0.49453125 0.5140625 0.51328125 0.5078125 0.54140625 0.4796875 0.55703125 0.475 0.58359375 0.4796875 0.6 0.47109375
0 0.57109375 0.315625 0.55390625 0.31875 0.5359375 0.36484375 0.54296875 0.3625 0.56015625 0.3859375 0.58515625 0.3890625 0.5984375 0.39921875 0.61875 0.34453125 0.6171875 0.32421875 0.60703125 0.3171875 0.59765625 0.325 0.58046875 0.3234375 0.57109375 0.315625
0 0.4109375 0.20078125 0.4140625 0.21953125 0.43203125 0.2296875 0.46015625 0.2203125 0.4640625 0.25234375 0.48125 0.25546875 0.5078125 0.22890625 0.49375 0.20859375 0.5078125 0.16484375 0.48671875 0.1578125 0.44765625 0.1625 0.4109375 0.20078125
0 1 0.12265625 0.99453125 0.11875 0.9578125 0.13828125 0.9578125 0.16328125 0.96484375 0.1734375 0.975 0.17421875 1 0.15859375 1 0.12265625
0 0.23828125 0.48125 0.2375 0.49140625 0.246875 0.49296875 0.25 0.48515625 0.23828125 0.48125
0 0.334375 0.49453125 0.32890625 0.4875 0.321875 0.49140625 0.321875 0.49921875 0.33125 0.50703125 0.334375 0.49453125
0 0.20859375 0.5046875 0.2046875 0.51796875 0.215625 0.52265625 0.2203125 0.51015625 0.20859375 0.5046875
0 0.26640625 0.5390625 0.2609375 0.55078125 0.271875 0.56328125 0.2734375 0.54453125 0.26640625 0.5390625
0 0.1859375 0.48671875 0.1765625 0.46796875 0.16953125 0.465625 0.165625 0.47734375 0.178125 0.49140625 0.1859375 0.48671875
0 0.29375 0.52421875 0.30390625 0.54375 0.31875 0.54609375 0.325 0.54296875 0.33125 0.52265625 0.3265625 0.51015625 0.31328125 0.5 0.296875 0.50859375 0.29375 0.52421875
0 0.16875 0.42109375 0.1859375 0.45703125 0.19375 0.45859375 0.2 0.43984375 0.2 0.40703125 0.18671875 0.3828125 0.17109375 0.38125 0.165625 0.38671875 0.16875 0.42109375
0 0.24140625 0.6 0.2390625 0.61328125 0.2484375 0.61640625 0.2515625 0.60703125 0.24140625 0.6
0 0.25234375 0.6453125 0.2484375 0.66328125 0.25625 0.66953125 0.2609375 0.65234375 0.25234375 0.6453125
0 0.24140625 0.675 0.2421875 0.69140625 0.25625 0.69921875 0.25625 0.67734375 0.24140625 0.675
0 0.084375 0.17578125 0.07421875 0.16875 0.06875 0.17265625 0.06875 0.18515625 0.08125 0.18828125 0.084375 0.17578125
0 0.0734375 0.23046875 0.0921875 0.22265625 0.08359375 0.1984375 0.075 0.20234375 0.071875 0.21640625 0.0625 0.22421875 0.0734375 0.23046875
0 0.14140625 0.196875 0.15 0.19765625 0.1546875 0.17265625 0.1484375 0.15703125 0.11171875 0.1359375 0.1109375 0.16953125 0.12890625 0.178125 0.14140625 0.196875
0 0.0046875 0.17421875 0.00625 0.18984375 0.021875 0.21953125 0.0234375 0.23671875 0.0296875 0.23984375 0.0453125 0.22890625 0.0390625 0.22109375 0.0390625 0.19609375 0.025 0.16796875 0.01171875 0.1625 0.0046875 0.17421875
0 0.09609375 0.2828125 0.1078125 0.28203125 0.121875 0.26640625 0.12109375 0.225 0.09296875 0.228125 0.0765625 0.24765625 0.0796875 0.26953125 0.09609375 0.2828125
0 0.22109375 0.334375 0.2328125 0.34140625 0.22890625 0.3140625 0.21796875 0.3203125 0.21015625 0.3140625 0.2015625 0.31796875 0.20703125 0.3421875 0.22109375 0.334375
0 0.02890625 0.6421875 0.0203125 0.67578125 0.03125 0.68046875 0.0375 0.66640625 0.02890625 0.6421875
0 0.07109375 0.5484375 0.05625 0.56796875 0.065625 0.58515625 0.08125 0.55703125 0.07109375 0.5484375
0 0.28984375 0.375 0.2890625 0.39140625 0.3 0.39453125 0.2984375 0.37890625 0.28984375 0.375
0 0.5 0.81953125 0.4921875 0.80546875 0.48203125 0.8015625 0.4765625 0.81640625 0.490625 0.83515625 0.5 0.81953125
0 0.27890625 0.7671875 0.2765625 0.78046875 0.2890625 0.78515625 0.2875 0.77265625 0.27890625 0.7671875
0 0.29453125 0.7625 0.2953125 0.77734375 0.30625 0.78359375 0.3078125 0.76953125 0.29453125 0.7625
0 0.15234375 0.496875 0.15 0.51484375 0.1640625 0.52265625 0.1640625 0.50390625 0.15234375 0.496875
0 0.15859375 0.0625 0.1578125 0.09609375 0.16875 0.09921875 0.1703125 0.07265625 0.15859375 0.0625
0 0.18828125 0.0375 0.1828125 0.05234375 0.20625 0.06796875 0.2078125 0.03984375 0.18828125 0.0375
0 0.24140625 0 0.24375 0.01015625 0.2546875 0.01484375 0.2578125 0.00078125 0.24140625 0
0 0.1640625 0.63984375 0.15703125 0.6328125 0.15 0.64140625 0.15546875 0.653125 0.1625 0.65234375 0.1640625 0.63984375
0 0.16953125 0.6078125 0.1671875 0.62109375 0.178125 0.62578125 0.1796875 0.61640625 0.16953125 0.6078125
0 0.30703125 0.4 0.30625 0.41484375 0.3125 0.41953125 0.3140625 0.40546875 0.30703125 0.4
0 0.13203125 0.3296875 0.128125 0.34140625 0.1359375 0.35078125 0.1390625 0.33359375 0.13203125 0.3296875
0 0.01484375 0.1 0.0109375 0.11171875 0.021875 0.11328125 0.021875 0.10078125 0.01484375 0.1
0 0.18515625 0.2796875 0.1796875 0.29453125 0.190625 0.29765625 0.19375 0.28515625 0.18515625 0.2796875
0 0.16796875 0.228125 0.1640625 0.23984375 0.1734375 0.24453125 0.1796875 0.23203125 0.16796875 0.228125
0 0.25234375 0.1234375 0.2515625 0.13984375 0.2609375 0.14453125 0.2625 0.13046875 0.25234375 0.1234375
0 0.225 0.12734375 0.21484375 0.115625 0.2109375 0.12421875 0.2171875 0.14140625 0.225 0.14296875 0.225 0.12734375
0 0.36171875 0 0.3640625 0.01953125 0.3734375 0.02265625 0.38125 0.00390625 0.36171875 0
0 0.53359375 0.05625 0.53125 0.07109375 0.5453125 0.07265625 0.546875 0.05859375 0.53359375 0.05625
0 0.49296875 0.040625 0.490625 0.05390625 0.5015625 0.05859375 0.503125 0.04609375 0.49296875 0.040625
0 0.12578125 0.44375 0.1296875 0.46328125 0.1375 0.46640625 0.1375 0.45390625 0.12578125 0.44375
0 0.23671875 0.1765625 0.23125 0.18984375 0.2421875 0.19296875 0.24375 0.18203125 0.23671875 0.1765625
0 0.63984375 0.03125 0.640625 0.04609375 0.653125 0.04921875 0.6515625 0.03359375 0.63984375 0.03125
0 0.41328125 0.7390625 0.4125 0.75390625 0.4234375 0.75703125 0.4234375 0.74296875 0.41328125 0.7390625
0 0.09609375 0.0890625 0.0921875 0.10390625 0.103125 0.10703125 0.10625 0.09609375 0.09609375 0.0890625
0 0.08515625 0.1109375 0.0828125 0.12265625 0.0921875 0.12890625 0.09375 0.11640625 0.08515625 0.1109375
0 0.31171875 0.66875 0.3078125 0.68359375 0.31875 0.68671875 0.31875 0.67421875 0.31171875 0.66875
0 0.36171875 0.665625 0.3578125 0.67578125 0.3703125 0.67734375 0.3703125 0.66953125 0.36171875 0.665625
0 0.11484375 0.6109375 0.115625 0.63671875 0.1234375 0.64296875 0.1265625 0.63515625 0.11484375 0.6109375
0 0.22109375 0.55 0.21875 0.56328125 0.225 0.56640625 0.228125 0.55234375 0.22109375 0.55
0 0.18203125 0.3421875 0.1796875 0.35859375 0.1859375 0.36640625 0.190625 0.34921875 0.18203125 0.3421875