0 0.4953125 0.19921875 0.4953125 0.21171875 0.51796875 0.23125 0.54453125 0.221875 0.5484375 0.25234375 0.5625 0.25546875 0.5921875 0.22734375 0.575 0.20859375 0.590625 0.16328125 0.54921875 0.1578125 0.52578125 0.165625 0.4953125 0.19921875
0 0.53046875 0.40625 0.4859375 0.38515625 0.4671875 0.36171875 0.44765625 0.3171875 0.42890625 0.315625 0.41953125 0.3234375 0.40390625 0.3234375 0.39765625 0.3171875 0.38828125 0.3203125 0.38125 0.34140625 0.4015625 0.39140625 0.3921875 0.42265625 0.4015625 0.47109375 0.41640625 0.4796875 0.44453125 0.475 0.46171875 0.48125 0.49140625 0.5125 0.50546875 0.515625 0.53359375 0.54375 0.54375 0.54609375 0.58046875 0.53125 0.6125 0.49609375 0.6109375 0.46953125 0.5890625 0.40078125 0.55546875 0.3953125 0.53046875 0.40625
0 0.80625 0.45234375 0.8140625 0.45546875 0.834375 0.41328125 0.8359375 0.38828125 0.83046875 0.38125 0.8140625 0.38515625 0.8015625 0.41171875 0.80625 0.45234375
0 0.8859375 0.23515625 0.8828125 0.26953125 0.9015625 0.28203125 0.9203125 0.26796875 0.921875 0.24296875 0.90703125 0.2296875 0.88046875 0.225 0.878125 0.22890625 0.8859375 0.23515625
0 0.8578125 0.19609375 0.8703125 0.17578125 0.86484375 0.15 0.8546875 0.15546875 0.846875 0.17890625 0.8484375 0.19296875 0.8578125 0.19609375
0 0.884375 0.17421875 0.89375 0.15078125 0.88828125 0.1359375 0.88125 0.13828125 0.875 0.16171875 0.875 0.17265625 0.884375 0.17421875
0 0.9640625 0.22265625 0.95625 0.22890625 0.96953125 0.240625 0.9765625 0.23984375 0.978125 0.22109375 0.9953125 0.18359375 0.99140625 0.1640625 0.98046875 0.1671875 0.9703125 0.18046875 0.9640625 0.22265625
0 0.8203125 0.04765625 0.81171875 0.0359375 0.79375 0.03984375 0.7921875 0.06484375 0.8015625 0.06796875 0.8203125 0.04765625
0 0.753125 0.13046875 0.74921875 0.1234375 0.7375 0.13515625 0.73984375 0.14375 0.746875 0.14296875 0.753125 0.13046875
0 0.671875 0.52109375 0.6765625 0.54296875 0.6875 0.54609375 0.69765625 0.54375 0.70625 0.52890625 0.7046875 0.51171875 0.69296875 0.503125 0.68359375 0.5046875 0.671875 0.52109375
0 0.8 0.31953125 0.79140625 0.3140625 0.7828125 0.32421875 0.7828125 0.33671875 0.79375 0.34140625 0.8 0.31953125
0 0.775 0.34296875 0.7828125 0.32421875 0.77734375 0.3125 0.76875 0.31640625 0.7671875 0.32578125 0.7671875 0.33984375 0.775 0.34296875
0 0.75703125 0.596875 0.7484375 0.61328125 0.759375 0.61796875 0.7640625 0.60078125 0.75703125 0.596875
0 0.7609375 0.68671875 0.75859375 0.675 0.74375 0.68203125 0.74375 0.69765625 0.7515625 0.69921875 0.7609375 0.68671875
0 0.7078125 0.77421875 0.70546875 0.7640625 0.69375 0.76953125 0.69375 0.78046875 0.7 0.78359375 0.7078125 0.77421875
0 0.01796875 0.175 0.028125 0.17421875 0.0546875 0.15234375 0.053125 0.12265625 0.04296875 0.1171875 0.0078125 0.14140625 0.009375 0.16640625 0.01796875 0.175
0 0.7015625 0.38359375 0.7015625 0.39453125 0.709375 0.39453125 0.71171875 0.375 0.7015625 0.38359375
0 0.9453125 0.56953125 0.93046875 0.5484375 0.9203125 0.55703125 0.9296875 0.58046875 0.9375 0.58515625 0.9453125 0.56953125
0 0.91796875 0.2 0.9109375 0.21953125 0.9234375 0.22421875 0.9265625 0.20390625 0.91796875 0.2
0 0.92421875 0.1703125 0.91875 0.18359375 0.928125 0.18671875 0.9328125 0.17578125 0.92421875 0.1703125
0 0.909375 0.09453125 0.90078125 0.0890625 0.8953125 0.10234375 0.909375 0.09453125
0 0.91171875 0.1109375 0.9078125 0.12734375 0.9140625 0.12890625 0.91875 0.11484375 0.91171875 0.1109375
0 0.7328125 0.56328125 0.740625 0.55390625 0.73828125 0.5375 0.73203125 0.5375 0.725 0.55078125 0.725 0.56015625 0.7328125 0.56328125
0 0.5125 0.83515625 0.525 0.81796875 0.51953125 0.8015625 0.51328125 0.8015625 0.5015625 0.81953125 0.503125 0.82890625 0.5125 0.83515625
0 0.5765625 0.74609375 0.5765625 0.75546875 0.5859375 0.75703125 0.58828125 0.7390625 0.5765625 0.74609375
0 0.64140625 0.665625 0.6296875 0.67109375 0.6375 0.67890625 0.64375 0.67578125 0.64140625 0.665625
0 0.68671875 0.66875 0.68125 0.68203125 0.690625 0.68671875 0.69375 0.67265625 0.68671875 0.66875
0 0.67734375 0.4859375 0.665625 0.49765625 0.6734375 0.50703125 0.68125 0.49140625 0.67734375 0.4859375
0 0.828125 0.48984375 0.8359375 0.47734375 0.83203125 0.465625 0.825 0.46796875 0.8171875 0.48359375 0.81796875 0.4890625 0.828125 0.48984375
0 0.853125 0.51015625 0.84921875 0.496875 0.8359375 0.50703125 0.834375 0.51953125 0.8421875 0.52265625 0.853125 0.51015625
0 0.82734375 0.6078125 0.821875 0.62421875 0.83125 0.62578125 0.8359375 0.61640625 0.82734375 0.6078125
0 0.84140625 0.634375 0.8375 0.65078125 0.8453125 0.65390625 0.8515625 0.63984375 0.84140625 0.634375
0 0.8625 0.63828125 0.8625 0.64765625 0.86875 0.64921875 0.87109375 0.6328125 0.8625 0.63828125
0 0.98125 0.66640625 0.97265625 0.659375 0.9640625 0.67265625 0.96953125 0.6796875 0.978125 0.67890625 0.98125 0.66640625
0 0.86484375 0.3296875 0.8625 0.34609375 0.86875 0.35078125 0.8734375 0.33515625 0.86484375 0.3296875
0 0.82578125 0.228125 0.8234375 0.24140625 0.834375 0.24453125 0.8359375 0.22890625 0.82578125 0.228125
0 0.81484375 0.2796875 0.8078125 0.29296875 0.81875 0.29765625 0.821875 0.28359375 0.81484375 0.2796875
0 0.78515625 0.50625 0.7828125 0.51796875 0.7921875 0.52265625 0.796875 0.51015625 0.78515625 0.50625
0 0.81953125 0.3421875 0.8109375 0.34765625 0.8171875 0.36640625 0.821875 0.35859375 0.81953125 0.3421875
0 0.45859375 0.0546875 0.453125 0.06953125 0.4671875 0.07265625 0.471875 0.06015625 0.45859375 0.0546875
0 0.50234375 0.040625 0.496875 0.05546875 0.5078125 0.05859375 0.5109375 0.04296875 0.50234375 0.040625
0 0.640625 0.00078125 0.62421875 0 0.61875 0.01015625 0.62890625 0.0234375 0.634375 0.02265625 0.640625 0.00078125
0 0.35625 0.04921875 0.3640625 0.03671875 0.36015625 0.0296875 0.35390625 0.0296875 0.346875 0.04296875 0.34921875 0.05 0.35625 0.04921875
0 0.35390625 0.0953125 0.35 0.10703125 0.359375 0.10859375 0.3625 0.09921875 0.35390625 0.0953125
0 0.74453125 0 0.7453125 0.01484375 0.753125 0.01484375 0.7609375 0.00078125 0.74453125 0
0 0.8515625 0.00078125 0.85546875 0.0078125 0.8640625 0.00703125 0.86796875 0 0.8515625 0.00078125
0 0.846875 0.07421875 0.84453125 0.0625 0.83125 0.07109375 0.8296875 0.09453125 0.8390625 0.09921875 0.846875 0.07421875
0 0.76171875 0.0984375 0.7578125 0.11015625 0.765625 0.11328125 0.76875 0.10234375 0.76171875 0.0984375
0 0.790625 0.12265625 0.78515625 0.1140625 0.775 0.13046875 0.7765625 0.14453125 0.78125 0.14453125 0.790625 0.12265625
0 0.87421875 0.4421875 0.8609375 0.46015625 0.86875 0.46640625 0.878125 0.44765625 0.87421875 0.4421875
0 0.88671875 0.609375 0.875 0.63515625 0.88125 0.64296875 0.8890625 0.62265625 0.88671875 0.609375
0 0.85703125 0.55625 0.853125 0.56796875 0.8625 0.56953125 0.8640625 0.55859375 0.85703125 0.55625
0 0.83203125 0.55625 0.828125 0.56796875 0.834375 0.56796875 0.8375 0.56015625 0.83203125 0.55625
0 0.78046875 0.55 0.7734375 0.55234375 0.778125 0.56640625 0.7828125 0.56328125 0.78046875 0.55
0 0.75078125 0.646875 0.7390625 0.65546875 0.746875 0.66796875 0.753125 0.66171875 0.75078125 0.646875
0 0.95078125 0.2609375 0.946875 0.27265625 0.953125 0.27421875 0.95625 0.26328125 0.95078125 0.2609375
0 0.93359375 0.2609375 0.9296875 0.26796875 0.9375 0.27578125 0.940625 0.26484375 0.93359375 0.2609375
0 0.94375 0.32421875 0.94140625 0.3140625 0.9359375 0.32421875 0.94375 0.32421875