0 0.8625 0.34296875 0.8875 0.29609375 0.9 0.23203125 0.9 0.19296875 0.8734375 0.14140625 0.88125 0.12109375 0.840625 0.11796875 0.8234375 0.12734375 0.78359375 0.18125 0.76640625 0.1796875 0.75625 0.18828125 0.7203125 0.23515625 0.70625 0.27890625 0.703125 0.30546875 0.7140625 0.33203125 0.75546875 0.36875 0.79921875 0.384375 0.83671875 0.3734375 0.8625 0.34296875
0 0.51640625 0.7703125 0.4875 0.77578125 0.48046875 0.8359375 0.50546875 0.8375 0.52578125 0.8078125 0.54296875 0.8015625 0.56015625 0.80625 0.56875 0.80078125 0.5796875 0.76484375 0.56796875 0.7515625 0.5484375 0.74453125 0.51640625 0.7703125
0 0.4859375 0.88515625 0.50390625 0.9015625 0.52421875 0.903125 0.5296875 0.89921875 0.5234375 0.88203125 0.528125 0.87421875 0.5125 0.86484375 0.50703125 0.8765625 0.49453125 0.875 0.4859375 0.88515625
0 0.2765625 0.88203125 0.28125 0.87109375 0.27734375 0.8609375 0.25390625 0.86875 0.23671875 0.8671875 0.21640625 0.8390625 0.20546875 0.8515625 0.19140625 0.8515625 0.184375 0.83671875 0.18125 0.79921875 0.1609375 0.79765625 0.1328125 0.80234375 0.134375 0.81953125 0.14765625 0.825 0.1578125 0.84296875 0.1578125 0.85859375 0.1234375 0.87734375 0.13359375 0.89375 0.18515625 0.9046875 0.20078125 0.91875 0.21328125 0.9078125 0.25234375 0.9015625 0.2765625 0.88203125
0 0.2125 0.76328125 0.215625 0.79453125 0.22109375 0.7984375 0.26875 0.79296875 0.265625 0.72578125 0.25078125 0.7078125 0.24375 0.70859375 0.234375 0.71640625 0.23125 0.73984375 0.2125 0.76328125
0 0.33125 0.52421875 0.33515625 0.54375 0.3796875 0.50390625 0.38125 0.48984375 0.3609375 0.48046875 0.35234375 0.4890625 0.33203125 0.490625 0.315625 0.50078125 0.33125 0.52421875
0 0.05859375 0.4125 0.0515625 0.43515625 0.075 0.45078125 0.07734375 0.46875 0.09453125 0.475 0.0984375 0.44296875 0.10625 0.43828125 0.109375 0.42265625 0.090625 0.40234375 0.08359375 0.409375 0.05859375 0.4125
0 0.0515625 0.18046875 0.0359375 0.14921875 0.0296875 0.14921875 0.021875 0.15859375 0.01875 0.20859375 0.02578125 0.221875 0.04921875 0.23125 0.0515625 0.18046875
0 0.23828125 0.009375 0.265625 0.00078125 0.1734375 0.00078125 0.1671875 0.01328125 0.17578125 0.0453125 0.19296875 0.03125 0.21640625 0.028125 0.23828125 0.009375
0 0.72890625 0.8984375 0.7203125 0.90390625 0.7375 0.92421875 0.728125 0.95546875 0.74921875 0.959375 0.95546875 0.9515625 0.9640625 0.93046875 0.9703125 0.82421875 0.94609375 0.8328125 0.88984375 0.8390625 0.85390625 0.8640625 0.82265625 0.86875 0.81171875 0.865625 0.80390625 0.8515625 0.79140625 0.85 0.7828125 0.85859375 0.7796875 0.88671875 0.77265625 0.8953125 0.74765625 0.9046875 0.72890625 0.8984375
0 0.21796875 0.353125 0.23046875 0.353125 0.2375 0.33984375 0.2359375 0.30859375 0.2296875 0.30859375 0.2359375 0.28828125 0.21015625 0.2875 0.20703125 0.2734375 0.18828125 0.2890625 0.18046875 0.2734375 0.17265625 0.2796875 0.17421875 0.2734375 0.159375 0.27109375 0.15 0.29765625 0.13203125 0.30625 0.12109375 0.284375 0.10078125 0.2828125 0.09375 0.30234375 0.1015625 0.32109375 0.13515625 0.3265625 0.17265625 0.321875 0.18984375 0.34375 0.20078125 0.346875 0.20703125 0.3421875 0.21796875 0.353125
0 0.21953125 0.3375 0.2203125 0.31328125 0.228125 0.31484375 0.2234375 0.32109375 0.228125 0.32421875 0.225 0.35234375 0.23359375 0.3515625 0.234375 0.28203125 0.2265625 0.28203125 0.228125 0.29453125 0.22265625 0.3 0.21328125 0.2859375 0.20234375 0.2875 0.2046875 0.28203125 0.1984375 0.28046875 0.19375 0.30546875 0.18828125 0.2953125 0.184375 0.30546875 0.18984375 0.3109375 0.20078125 0.309375 0.2046875 0.29765625 0.2 0.29296875 0.21171875 0.2921875 0.209375 0.32265625 0.215625 0.31796875 0.2125 0.32578125 0.21953125 0.3375
0 0.0140625 0.24453125 0.00625 0.24609375 0.003125 0.26484375 0.0046875 0.35390625 0.08203125 0.35625 0.0859375 0.32265625 0.1078125 0.31796875 0.1078125 0.28828125 0.09765625 0.2859375 0.09296875 0.2734375 0.08046875 0.278125 0.05390625 0.2453125 0.0140625 0.24453125