0 0.40234375 0.675 0.41953125 0.6765625 0.43046875 0.684375 0.44765625 0.6796875 0.4609375 0.64453125 0.48125 0.61640625 0.53203125 0.590625 0.55546875 0.6046875 0.5875 0.59765625 0.5890625 0.57890625 0.609375 0.53046875 0.609375 0.50078125 0.57890625 0.46875 0.55234375 0.4546875 0.5359375 0.45390625 0.50234375 0.4859375 0.48984375 0.484375 0.46328125 0.5171875 0.44296875 0.525 0.41484375 0.5203125 0.4 0.52890625 0.390625 0.56796875 0.4 0.61015625 0.3796875 0.66171875 0.38671875 0.6796875 0.39765625 0.68125 0.40234375 0.675
0 0.5203125 0.74453125 0.4921875 0.77109375 0.509375 0.79453125 0.5 0.80390625 0.4921875 0.82734375 0.49921875 0.840625 0.55546875 0.8359375 0.5890625 0.79921875 0.5859375 0.78203125 0.56796875 0.7703125 0.53828125 0.7796875 0.5359375 0.74765625 0.5203125 0.74453125
0 0.05 0.84140625 0.03046875 0.8265625 0.015625 0.82578125 0.00625 0.84140625 0.0078125 0.86328125 0.04453125 0.8828125 0.053125 0.86953125 0.05 0.84140625
0 0 0.98984375 0.01171875 0.990625 0.021875 0.95078125 0.009375 0.93046875 0 0.92890625 0 0.98984375
0 0.921875 0.75234375 0.91875 0.73359375 0.8953125 0.71796875 0.878125 0.73828125 0.8828125 0.75859375 0.87890625 0.775 0.91328125 0.765625 0.921875 0.75234375
0 0.8484375 0.80390625 0.846875 0.83046875 0.86171875 0.85 0.86875 0.84140625 0.86875 0.82578125 0.8625 0.81015625 0.8484375 0.80390625
0 0.8796875 0.82578125 0.8734375 0.82734375 0.8734375 0.83984375 0.8796875 0.86171875 0.88671875 0.8640625 0.8921875 0.84609375 0.8796875 0.82578125
0 0.834375 0.61015625 0.8328125 0.58671875 0.8171875 0.56171875 0.815625 0.54765625 0.80625 0.54296875 0.8 0.58984375 0.8109375 0.61328125 0.82734375 0.61875 0.834375 0.61015625
0 0.69296875 0.496875 0.7046875 0.48515625 0.7046875 0.47109375 0.69609375 0.45625 0.68125 0.45390625 0.6734375 0.46015625 0.6703125 0.47890625 0.68203125 0.4953125 0.69296875 0.496875
0 0.73359375 0.4640625 0.7390625 0.46015625 0.7390625 0.44609375 0.7265625 0.43671875 0.7234375 0.45078125 0.73359375 0.4640625
0 0.9515625 0.04921875 0.9515625 0.00703125 0.9125 0.00078125 0.9078125 0.01953125 0.915625 0.04921875 0.9203125 0.06015625 0.93203125 0.0671875 0.9515625 0.04921875
0 0.09296875 0.46875 0.103125 0.45859375 0.10625 0.43515625 0.096875 0.41640625 0.0796875 0.40859375 0.0671875 0.42109375 0.065625 0.44453125 0.08046875 0.4671875 0.09296875 0.46875
0 0.6 0.84296875 0.62578125 0.859375 0.65078125 0.85625 0.6671875 0.82890625 0.6625 0.79140625 0.65390625 0.778125 0.625 0.76484375 0.61484375 0.7671875 0.5984375 0.78671875 0.6 0.84296875
0 0.9625 0.77578125 0.9625 0.80390625 0.9703125 0.82265625 0.98046875 0.834375 0.98984375 0.8359375 0.9921875 0.80859375 0.9765625 0.77890625 0.9765625 0.76328125 0.96875 0.76015625 0.953125 0.77265625 0.9625 0.77578125