0 0.19921875 0.23125 0.1921875 0.25546875 0.19375 0.36328125 0.20234375 0.3703125 0.2328125 0.36953125 0.2546875 0.33984375 0.2578125 0.29765625 0.253125 0.27890625 0.234375 0.24921875 0.21640625 0.23125 0.19921875 0.23125
0 0.3859375 0.41171875 0.40625 0.40703125 0.396875 0.38515625 0.403125 0.37265625 0.4 0.36015625 0.3921875 0.35703125 0.3921875 0.34765625 0.3984375 0.34609375 0.3984375 0.32421875 0.390625 0.31953125 0.3875 0.30703125 0.3921875 0.29140625 0.39609375 0.296875 0.4015625 0.28671875 0.384375 0.27265625 0.3828125 0.25078125 0.3671875 0.24453125 0.3703125 0.22421875 0.359375 0.22109375 0.36640625 0.215625 0.31640625 0.2140625 0.3125 0.21796875 0.31875 0.22109375 0.30703125 0.2296875 0.30078125 0.225 0.28359375 0.23125 0.28671875 0.2375 0.278125 0.23671875 0.2828125 0.24296875 0.2765625 0.25078125 0.2828125 0.25859375 0.2796875 0.26328125 0.29453125 0.265625 0.296875 0.27265625 0.29375 0.28515625 0.2875 0.28671875 0.29453125 0.2953125 0.28203125 0.2984375 0.27890625 0.2828125 0.2765625 0.29140625 0.2703125 0.34609375 0.2734375 0.38984375 0.278125 0.39296875 0.275 0.40390625 0.31328125 0.4296875 0.35546875 0.4453125 0.3796875 0.44765625 0.375 0.44453125 0.378125 0.43671875 0.390625 0.43203125 0.3703125 0.42734375 0.38828125 0.425 0.3859375 0.41171875
0 0.6984375 0.35390625 0.7015625 0.34765625 0.63671875 0.3421875 0.50703125 0.353125 0.48203125 0.346875 0.4734375 0.35546875 0.4734375 0.36484375 0.4625 0.37265625 0.4671875 0.37734375 0.4578125 0.38046875 0.459375 0.40078125 0.46875 0.40390625 0.4609375 0.40859375 0.453125 0.44453125 0.4671875 0.45546875 0.46640625 0.4609375 0.48515625 0.465625 0.48203125 0.471875 0.571875 0.47265625 0.66015625 0.4578125 0.72265625 0.4359375 0.728125 0.42421875 0.7140625 0.40078125 0.7171875 0.39140625 0.6984375 0.35390625
0 0.8046875 0.32109375 0.80390625 0.290625 0.8 0.32109375 0.8046875 0.32109375
0 0.8140625 0.24921875 0.81484375 0.240625 0.796875 0.24765625 0.8140625 0.24921875
0 0.80078125 0.3234375 0.796875 0.38203125 0.80234375 0.39375 0.8140625 0.39453125 0.8046875 0.38671875 0.80625 0.34921875 0.8171875 0.34453125 0.80625 0.34296875 0.8078125 0.32890625 0.80078125 0.3234375
0 0.78359375 0.25 0.76875 0.27265625 0.7671875 0.36953125 0.78359375 0.39375 0.8234375 0.39609375 0.83125 0.39296875 0.8328125 0.38203125 0.8328125 0.24765625 0.82734375 0.240625 0.80078125 0.240625 0.78359375 0.25
0 0.7578125 0.32578125 0.7671875 0.32421875 0.76875 0.25859375 0.775 0.25546875 0.76875 0.24765625 0.77421875 0.24375 0.78046875 0.2484375 0.7890625 0.23984375 0.75078125 0.2078125 0.74609375 0.2109375 0.73359375 0.2 0.65546875 0.1765625 0.646875 0.21640625 0.65625 0.24453125 0.6453125 0.26796875 0.6484375 0.27890625 0.6390625 0.28671875 0.66875 0.30234375 0.659375 0.31328125 0.6703125 0.32265625 0.6703125 0.33984375 0.6890625 0.34296875 0.70234375 0.340625 0.71796875 0.328125 0.72890625 0.3296875 0.73984375 0.3421875 0.7515625 0.34140625 0.7578125 0.32578125
0 0.353125 0.17421875 0.353125 0.20859375 0.35859375 0.2125 0.4890625 0.21328125 0.64921875 0.2125 0.6546875 0.17734375 0.61953125 0.1640625 0.52265625 0.153125 0.45859375 0.153125 0.353125 0.17421875
0 0.34765625 0.3265625 0.35 0.31484375 0.3578125 0.31015625 0.353125 0.30078125 0.359375 0.29765625 0.3625 0.24296875 0.36875 0.22109375 0.3765625 0.21640625 0.353125 0.21015625 0.35078125 0.1796875 0.28984375 0.2 0.2484375 0.22890625 0.2625 0.25390625 0.2640625 0.35859375 0.26796875 0.3515625 0.28125 0.34921875 0.28359375 0.3375 0.29140625 0.34375 0.29453125 0.3375 0.34765625 0.3265625
0 0.19375 0.23671875 0.1921875 0.24609375 0.19375 0.36328125 0.20234375 0.3703125 0.228125 0.37109375 0.24765625 0.3703125 0.2609375 0.35703125 0.2609375 0.24921875 0.24453125 0.23125 0.20390625 0.2296875 0.19375 0.23671875
0 0.353125 0.17578125 0.353125 0.20859375 0.35859375 0.2125 0.4609375 0.21171875 0.465625 0.19140625 0.44375 0.17734375 0.4421875 0.17265625 0.45 0.16953125 0.43984375 0.1609375 0.353125 0.17578125
0 0.353125 0.22265625 0.365625 0.21640625 0.353125 0.20859375 0.35234375 0.178125 0.29140625 0.1984375 0.2578125 0.21953125 0.2640625 0.27109375 0.26796875 0.2671875 0.27734375 0.278125 0.3 0.27734375 0.31015625 0.2671875 0.31484375 0.271875 0.35 0.25390625 0.3453125 0.24765625 0.3515625 0.24140625 0.353125 0.22265625
0 0.66875 0.19609375 0.66796875 0.184375 0.65546875 0.1859375 0.64921875 0.1765625 0.64140625 0.1765625 0.646875 0.18515625 0.63984375 0.2109375 0.54921875 0.2109375 0.5296875 0.21640625 0.5375 0.22109375 0.528125 0.23359375 0.52734375 0.25625 0.58203125 0.2734375 0.59140625 0.2875 0.60078125 0.290625 0.61015625 0.2921875 0.61640625 0.2859375 0.62890625 0.296875 0.665625 0.29765625 0.6875 0.29453125 0.6828125 0.27421875 0.6953125 0.26640625 0.6984375 0.25546875 0.6984375 0.22734375 0.66875 0.19609375
0 0.465625 0.22109375 0.4765625 0.21484375 0.36953125 0.2109375 0.359375 0.20078125 0.35859375 0.178125 0.34140625 0.184375 0.3234375 0.22265625 0.3234375 0.23984375 0.33125 0.24453125 0.328125 0.25546875 0.3359375 0.25859375 0.340625 0.28515625 0.34765625 0.28125 0.35390625 0.290625 0.3625 0.29140625 0.35234375 0.2953125 0.4265625 0.29765625 0.4390625 0.29453125 0.4296875 0.28359375 0.4625 0.26015625 0.4515625 0.25546875 0.46875 0.24453125 0.465625 0.22109375
0 0.51796875 0.253125 0.48828125 0.253125 0.46484375 0.2625 0.4609375 0.30390625 0.49453125 0.3296875 0.51484375 0.340625 0.525 0.33984375 0.54453125 0.321875 0.58203125 0.3140625 0.5890625 0.29765625 0.5984375 0.29453125 0.57890625 0.271875 0.51796875 0.253125
0 0.4296875 0.31171875 0.43671875 0.3171875 0.40546875 0.31875 0.396875 0.33828125 0.3984375 0.37265625 0.41875 0.38203125 0.44765625 0.3796875 0.453125 0.34765625 0.4625 0.34140625 0.45 0.31953125 0.43203125 0.3046875 0.4296875 0.31171875