0 0.33046875 0.2875 0.32578125 0.2953125 0.3125 0.29921875 0.390625 0.33671875 0.390625 0.32265625 0.38125 0.31796875 0.384375 0.29453125 0.3921875 0.29453125 0.38046875 0.2859375 0.37421875 0.2859375 0.36953125 0.2953125 0.36484375 0.2875 0.35390625 0.29375 0.33046875 0.2875
0 0.41953125 0.3203125 0.4140625 0.34609375 0.453125 0.36015625 0.4453125 0.32109375 0.41953125 0.3203125
0 0.46875 0.35703125 0.459375 0.36171875 0.5 0.38046875 0.5015625 0.35390625 0.48828125 0.34375 0.46953125 0.3453125 0.46875 0.35703125
0 0.56953125 0.3734375 0.54140625 0.3765625 0.53125 0.39296875 0.56640625 0.409375 0.5953125 0.41171875 0.58125 0.39609375 0.584375 0.38671875 0.56953125 0.3734375
0 0.534375 0.36953125 0.52734375 0.3609375 0.496875 0.36171875 0.4984375 0.37265625 0.48984375 0.378125 0.52578125 0.39375 0.5375 0.39296875 0.5328125 0.38984375 0.534375 0.36953125
0 0.6796875 0.43203125 0.665625 0.42109375 0.66328125 0.4109375 0.6578125 0.41328125 0.65703125 0.403125 0.62734375 0.4078125 0.6125 0.41640625 0.61484375 0.4265625 0.6828125 0.44765625 0.6796875 0.43203125
0 0.846875 0.50859375 0.846875 0.47578125 0.83515625 0.4640625 0.7421875 0.43359375 0.7515625 0.43984375 0.734375 0.45546875 0.73203125 0.471875 0.82734375 0.515625 0.853125 0.52109375 0.846875 0.50859375
0 0.73828125 0.4453125 0.7828125 0.44609375 0.78515625 0.4390625 0.78984375 0.4421875 0.796875 0.43515625 0.7625 0.40078125 0.76328125 0.390625 0.75859375 0.396875 0.74609375 0.39375 0.734375 0.40234375 0.72578125 0.4390625 0.73828125 0.4453125
0 0.85703125 0.4328125 0.82109375 0.4140625 0.8078125 0.45234375 0.815625 0.48046875 0.80625 0.50234375 0.84453125 0.521875 0.9125 0.52890625 0.92578125 0.525 0.9484375 0.50234375 0.9390625 0.47578125 0.92265625 0.4609375 0.9171875 0.46328125 0.9234375 0.45546875 0.90703125 0.4453125 0.90234375 0.4484375 0.90390625 0.4390625 0.85703125 0.4328125
0 0.6484375 0.42421875 0.63203125 0.4125 0.62109375 0.4140625 0.61328125 0.4078125 0.60859375 0.4125 0.60234375 0.40625 0.578125 0.40859375 0.60078125 0.425 0.653125 0.43671875 0.6484375 0.42421875
0 0.42890625 0.30625 0.41640625 0.3109375 0.40859375 0.3046875 0.40546875 0.3109375 0.3734375 0.31640625 0.37578125 0.33125 0.4328125 0.35078125 0.421875 0.31953125 0.42890625 0.30625
0 0.65625 0.43203125 0.69140625 0.45625 0.7125 0.46015625 0.721875 0.42734375 0.65859375 0.403125 0.6625 0.41953125 0.65625 0.43203125