0 0.2546875 0.66015625 0.2328125 0.63046875 0.20234375 0.6296875 0.19375 0.63671875 0.1921875 0.74453125 0.19921875 0.76875 0.21640625 0.76875 0.234375 0.75078125 0.253125 0.72109375 0.2578125 0.70234375 0.2546875 0.66015625
0 0.375 0.55546875 0.3796875 0.55234375 0.35546875 0.5546875 0.31328125 0.5703125 0.275 0.59609375 0.278125 0.60703125 0.2734375 0.61015625 0.2703125 0.65390625 0.2765625 0.70859375 0.27890625 0.7171875 0.28203125 0.7015625 0.29453125 0.7046875 0.2875 0.71328125 0.29375 0.71484375 0.296875 0.72734375 0.29453125 0.734375 0.2796875 0.73671875 0.2828125 0.74140625 0.2765625 0.74921875 0.2828125 0.75703125 0.278125 0.76328125 0.28671875 0.7625 0.28359375 0.76875 0.30078125 0.775 0.30703125 0.7703125 0.31875 0.77890625 0.3125 0.78203125 0.31640625 0.7859375 0.36640625 0.784375 0.359375 0.77890625 0.3703125 0.77578125 0.3671875 0.75546875 0.3828125 0.74921875 0.384375 0.72734375 0.4015625 0.71328125 0.39609375 0.703125 0.3921875 0.70859375 0.3875 0.69296875 0.390625 0.68046875 0.3984375 0.67578125 0.3984375 0.65390625 0.3921875 0.65234375 0.3921875 0.64296875 0.4 0.63984375 0.403125 0.62734375 0.396875 0.61484375 0.40625 0.59296875 0.3859375 0.58828125 0.38828125 0.575 0.3703125 0.57265625 0.390625 0.56796875 0.378125 0.56328125 0.375 0.55546875
0 0.66015625 0.5421875 0.571875 0.52734375 0.48203125 0.528125 0.48515625 0.534375 0.46640625 0.5390625 0.4671875 0.54453125 0.453125 0.55546875 0.4609375 0.59140625 0.46875 0.59609375 0.459375 0.59921875 0.4578125 0.61953125 0.4671875 0.62265625 0.4625 0.62734375 0.4734375 0.63515625 0.4734375 0.64453125 0.48203125 0.653125 0.50703125 0.646875 0.63671875 0.6578125 0.7015625 0.65234375 0.6984375 0.64609375 0.7171875 0.60859375 0.7140625 0.59921875 0.728125 0.57578125 0.72265625 0.5640625 0.66015625 0.5421875
0 0.80390625 0.709375 0.8046875 0.67890625 0.8 0.67890625 0.80390625 0.709375
0 0.81484375 0.759375 0.8140625 0.75078125 0.796875 0.75234375 0.81484375 0.759375
0 0.8046875 0.61328125 0.8140625 0.60546875 0.80234375 0.60625 0.796875 0.61796875 0.80078125 0.6765625 0.8078125 0.67109375 0.80625 0.65703125 0.8171875 0.65546875 0.80625 0.65078125 0.8046875 0.61328125
0 0.83125 0.60703125 0.8234375 0.60390625 0.78359375 0.60625 0.7671875 0.63046875 0.76875 0.72734375 0.78359375 0.75 0.80078125 0.759375 0.82734375 0.759375 0.8328125 0.75234375 0.8328125 0.61796875 0.83125 0.60703125
0 0.70234375 0.659375 0.6890625 0.65703125 0.6703125 0.66015625 0.6703125 0.67734375 0.659375 0.68671875 0.66875 0.69765625 0.6390625 0.71328125 0.6484375 0.72109375 0.6453125 0.73203125 0.65625 0.75546875 0.646875 0.78359375 0.65546875 0.8234375 0.73359375 0.8 0.74609375 0.7890625 0.75078125 0.7921875 0.7890625 0.76015625 0.78046875 0.7515625 0.77421875 0.75625 0.76875 0.75234375 0.775 0.74453125 0.76875 0.74140625 0.7671875 0.67578125 0.7578125 0.67421875 0.7515625 0.65859375 0.73984375 0.6578125 0.72890625 0.6703125 0.71796875 0.671875 0.70234375 0.659375
0 0.64921875 0.7875 0.4890625 0.78671875 0.35859375 0.7875 0.353125 0.79140625 0.353125 0.82578125 0.45859375 0.846875 0.52265625 0.846875 0.61953125 0.8359375 0.6546875 0.82265625 0.64921875 0.7875
0 0.26796875 0.6484375 0.2640625 0.64140625 0.2625 0.74609375 0.2484375 0.77109375 0.28984375 0.8 0.35078125 0.8203125 0.353125 0.78984375 0.3765625 0.78359375 0.36875 0.77890625 0.3625 0.75703125 0.359375 0.70234375 0.353125 0.69921875 0.3578125 0.68984375 0.35 0.68515625 0.34765625 0.6734375 0.29453125 0.6625 0.29140625 0.65625 0.28359375 0.6625 0.28125 0.65078125 0.26796875 0.6484375
0 0.24765625 0.6296875 0.228125 0.62890625 0.20234375 0.6296875 0.19375 0.63671875 0.1921875 0.75390625 0.19375 0.76328125 0.20390625 0.7703125 0.24453125 0.76875 0.2609375 0.75078125 0.2609375 0.64296875 0.24765625 0.6296875
0 0.465625 0.80859375 0.4609375 0.78828125 0.35859375 0.7875 0.353125 0.79140625 0.353125 0.82421875 0.43984375 0.8390625 0.45 0.83046875 0.4421875 0.82734375 0.44375 0.82265625 0.465625 0.80859375
0 0.31015625 0.7328125 0.3 0.72265625 0.27734375 0.721875 0.26796875 0.7328125 0.2640625 0.72890625 0.2578125 0.78046875 0.29140625 0.8015625 0.35234375 0.821875 0.353125 0.79140625 0.365625 0.78359375 0.353125 0.77734375 0.3515625 0.75859375 0.3453125 0.75234375 0.35 0.74609375 0.31484375 0.728125 0.31015625 0.7328125
0 0.6875 0.70546875 0.665625 0.70234375 0.62890625 0.703125 0.61640625 0.7140625 0.61015625 0.7078125 0.60078125 0.709375 0.59140625 0.7125 0.58203125 0.7265625 0.52734375 0.74375 0.528125 0.76640625 0.5375 0.77890625 0.5296875 0.78359375 0.54921875 0.7890625 0.63984375 0.7890625 0.646875 0.81484375 0.64140625 0.8234375 0.64921875 0.8234375 0.65546875 0.8140625 0.66796875 0.815625 0.66875 0.80390625 0.6984375 0.77265625 0.6984375 0.74453125 0.6953125 0.73359375 0.6828125 0.72578125 0.6875 0.70546875
0 0.4390625 0.70546875 0.4265625 0.70234375 0.35234375 0.7046875 0.3625 0.70859375 0.35390625 0.709375 0.34765625 0.71875 0.340625 0.71484375 0.3359375 0.74140625 0.328125 0.74453125 0.33125 0.75546875 0.3234375 0.76015625 0.3234375 0.77734375 0.34140625 0.815625 0.35859375 0.821875 0.359375 0.79921875 0.36953125 0.7890625 0.4765625 0.78515625 0.465625 0.77890625 0.46875 0.75546875 0.4515625 0.74453125 0.4625 0.73984375 0.4296875 0.71640625 0.4390625 0.70546875
0 0.54453125 0.678125 0.525 0.66015625 0.51484375 0.659375 0.49453125 0.6703125 0.4609375 0.69609375 0.46484375 0.7375 0.48828125 0.746875 0.51796875 0.746875 0.57890625 0.728125 0.5984375 0.70546875 0.5890625 0.70234375 0.58203125 0.6859375 0.54453125 0.678125
0 0.44765625 0.6203125 0.41875 0.61796875 0.3984375 0.62734375 0.396875 0.66171875 0.40546875 0.68125 0.43671875 0.6828125 0.4296875 0.68828125 0.43203125 0.6953125 0.45 0.68046875 0.4625 0.65859375 0.453125 0.65234375 0.44765625 0.6203125