0 0.42421875 0.375 0.43046875 0.3671875 0.48828125 0.3828125 0.49453125 0.3765625 0.53515625 0.375 0.54296875 0.36875 0.55078125 0.38125 0.5609375 0.37265625 0.55859375 0.36875 0.56328125 0.375 0.57265625 0.36875 0.58046875 0.375 0.60859375 0.36875 0.61328125 0.375 0.66796875 0.3609375 0.67578125 0.3671875 0.69921875 0.359375 0.69921875 0.353125 0.71015625 0.3609375 0.73046875 0.359375 0.73359375 0.3515625 0.73828125 0.3609375 0.74921875 0.3578125 0.75390625 0.3625 0.759375 0.34296875 0.759375 0.23828125 0.75390625 0.2328125 0.72265625 0.2328125 0.12265625 0.2453125 0.06640625 0.246875 0.0421875 0.25390625 0.053125 0.26796875 0.05 0.28984375 0.034375 0.30859375 0.034375 0.34921875 0.05 0.37734375 0.06484375 0.390625 0.08359375 0.3921875 0.12265625 0.36875 0.16796875 0.3828125 0.17734375 0.378125 0.18828125 0.38125 0.20078125 0.36875 0.19921875 0.378125 0.23671875 0.38125 0.24765625 0.3671875 0.25078125 0.3765625 0.27734375 0.371875 0.33359375 0.3765625 0.34375 0.38515625 0.3421875 0.39296875 0.3328125 0.39609375 0.34609375 0.40625 0.390625 0.40703125 0.39375 0.39453125 0.38984375 0.3984375 0.3828125 0.39296875 0.39453125 0.3921875 0.40859375 0.3765625 0.42421875 0.375
0 0.73671875 0.371875 0.71953125 0.3765625 0.734375 0.38515625 0.72890625 0.3921875 0.7171875 0.39296875 0.7328125 0.40078125 0.73046875 0.4078125 0.71875 0.40859375 0.73203125 0.415625 0.74921875 0.4125 0.75078125 0.40625 0.73828125 0.40625 0.7359375 0.40078125 0.7546875 0.39609375 0.7546875 0.43515625 0.74609375 0.4390625 0.7453125 0.42890625 0.7515625 0.42421875 0.73359375 0.4171875 0.7078125 0.42421875 0.72421875 0.4296875 0.72421875 0.434375 0.7 0.43984375 0.70234375 0.446875 0.71328125 0.44375 0.715625 0.44921875 0.69921875 0.446875 0.696875 0.46484375 0.71171875 0.4578125 0.71328125 0.465625 0.72421875 0.4625 0.72265625 0.4671875 0.70546875 0.4671875 0.69453125 0.4765625 0.690625 0.45703125 0.68125 0.45703125 0.6875 0.44921875 0.68046875 0.446875 0.67578125 0.453125 0.6734375 0.43203125 0.659375 0.42421875 0.6703125 0.46484375 0.6703125 0.47734375 0.6609375 0.48359375 0.66875 0.48828125 0.66015625 0.4953125 0.65546875 0.4890625 0.646875 0.50234375 0.6671875 0.52734375 0.675 0.55078125 0.6765625 0.59296875 0.6609375 0.63359375 0.6448268578125 0.6543074328125 0.6625 0.65234375 0.6609375 0.67265625 0.665625 0.67578125 0.6546875 0.67890625 0.66875 0.68359375 0.66875 0.69453125 0.6546875 0.69453125 0.6609375 0.69921875 0.653125 0.70234375 0.65 0.71328125 0.65546875 0.7359375 0.67265625 0.7359375 0.67734375 0.7265625 0.68515625 0.7359375 0.7390625 0.73671875 0.7546875 0.73515625 0.75 0.72734375 0.75390625 0.6765625 0.7546875 0.71796875 0.759375 0.72265625 0.75859375 0.3421875 0.7546875 0.37890625 0.73671875 0.371875
0 0.665625 0.66015625 0.6625 0.64296875 0.66875 0.63203125 0.66328125 0.6296875 0.63046875 0.65625 0.59296875 0.6609375 0.54921875 0.646875 0.52578125 0.615625 0.509375 0.62421875 0.515625 0.63203125 0.50703125 0.6375 0.4984375 0.61796875 0.48828125 0.615625 0.45703125 0.6515625 0.42890625 0.6609375 0.40234375 0.6609375 0.36953125 0.6484375 0.34609375 0.6203125 0.3359375 0.62421875 0.3421875 0.62890625 0.33359375 0.6359375 0.32890625 0.63125 0.31484375 0.634375 0.315625 0.60859375 0.31015625 0.6 0.2984375 0.63359375 0.27265625 0.6515625 0.16328125 0.6546875 0.15703125 0.64375 0.1484375 0.65546875 0.1453125 0.68515625 0.15 0.72265625 0.14296875 0.7328125 0.134375 0.73046875 0.13671875 0.7390625 0.515625 0.73828125 0.65859375 0.7375 0.69609375 0.73125 0.69140625 0.721875 0.6859375 0.72734375 0.684375 0.68671875 0.665625 0.66015625
0 0.17734375 0.671875 0.1796875 0.66328125 0.159375 0.65390625 0.14921875 0.565625 0.14609375 0.56875 0.1421875 0.56171875 0.1390625 0.59140625 0.13125 0.59296875 0.1390625 0.59453125 0.13671875 0.6046875 0.12734375 0.5890625 0.12109375 0.6046875 0.08984375 0.603125 0.08125 0.59765625 0.09609375 0.590625 0.08046875 0.584375 0.05546875 0.5875 0.04609375 0.5734375 0.034375 0.57578125 0.02421875 0.53125 0.01875 0.55546875 0.01875 0.73671875 0.0765625 0.73984375 0.17109375 0.7375 0.1734375 0.72890625 0.1625 0.71796875 0.1625 0.67890625 0.153125 0.67578125 0.17734375 0.671875
0 0.3125 0.47265625 0.3109375 0.45078125 0.30234375 0.4390625 0.3 0.49765625 0.284375 0.52578125 0.3015625 0.54609375 0.309375 0.57890625 0.31484375 0.5671875 0.325 0.59453125 0.3265625 0.53359375 0.33125 0.53203125 0.3328125 0.51484375 0.33046875 0.409375 0.328125 0.49609375 0.3125 0.47265625
0 0.528125 0.62421875 0.5203125 0.58046875 0.5375 0.56640625 0.5421875 0.53828125 0.5296875 0.51796875 0.5265625 0.49453125 0.5265625 0.45859375 0.5390625 0.42890625 0.5359375 0.41640625 0.53046875 0.434375 0.521875 0.41796875 0.51796875 0.4140625 0.51328125 0.41875 0.49921875 0.4015625 0.4953125 0.58046875 0.4875 0.61640625 0.4921875 0.64140625 0.5 0.64140625 0.50078125 0.634375 0.5125 0.63359375 0.50859375 0.628125 0.51796875 0.628125 0.52265625 0.6203125 0.528125 0.62421875
0 0.63515625 0.359375 0.63125 0.36171875 0.63046875 0.353125 0.62421875 0.3609375 0.62109375 0.353125 0.61171875 0.353125 0.61015625 0.3625 0.60390625 0.3546875 0.60078125 0.3625 0.56953125 0.36875 0.5671875 0.37265625 0.575 0.37734375 0.55546875 0.3828125 0.5421875 0.41015625 0.55078125 0.415625 0.57890625 0.4015625 0.62109375 0.4015625 0.659375 0.42265625 0.66171875 0.415625 0.68125 0.40546875 0.68125 0.38203125 0.66328125 0.36875 0.63984375 0.3671875 0.63515625 0.359375
0 0.0109375 0.70859375 0.0125 0.71953125 0.0171875 0.68671875 0.015625 0.24609375 0.0140625 0.23515625 0.00078125 0.2296875 0 0.69765625 0.0109375 0.70859375
0 0.20625 0.55703125 0.20625 0.60078125 0.21015625 0.60625 0.234375 0.60546875 0.2546875 0.59609375 0.259375 0.58203125 0.25625 0.56484375 0.24140625 0.553125 0.21171875 0.5515625 0.20625 0.55703125
0 0.20625 0.46171875 0.20625 0.50390625 0.21875 0.50859375 0.23671875 0.5078125 0.2484375 0.49921875 0.2515625 0.47265625 0.24609375 0.4640625 0.22890625 0.4578125 0.20625 0.46171875
0 0.22578125 0.409375 0.225 0.46015625 0.2328125 0.46328125 0.2328125 0.41171875 0.22578125 0.409375
0 0.13359375 0.5796875 0.1515625 0.57734375 0.153125 0.41640625 0.15546875 0.4109375 0.17109375 0.409375 0.175 0.40078125 0.1484375 0.38515625 0.153125 0.37734375 0.1390625 0.36640625 0.13671875 0.35625 0.11328125 0.353125 0.1078125 0.35703125 0.1125 0.36484375 0.09453125 0.36875 0.08203125 0.3859375 0.06796875 0.3859375 0.05546875 0.36875 0.04609375 0.3671875 0.034375 0.38828125 0.0375 0.39453125 0.03203125 0.4 0.02890625 0.3890625 0.0234375 0.39453125 0.0234375 0.44140625 0.0296875 0.45546875 0.0234375 0.47109375 0.025 0.52734375 0.040625 0.56484375 0.034375 0.57734375 0.0359375 0.60078125 0.04921875 0.6171875 0.08359375 0.6140625 0.103125 0.61953125 0.11015625 0.609375 0.125 0.60859375 0.1296875 0.60078125 0.12578125 0.5953125 0.14375 0.59296875 0.13359375 0.5796875
0 0.03671875 0.378125 0.06484375 0.390625 0.075 0.38203125 0.071875 0.36796875 0.0765625 0.35546875 0.0640625 0.34609375 0.0609375 0.32890625 0.075 0.30703125 0.06328125 0.29375 0.053125 0.29296875 0.053125 0.25546875 0.06171875 0.246875 0.015625 0.24921875 0.015625 0.37265625 0.021875 0.42734375 0.0296875 0.41953125 0.0234375 0.40859375 0.03125 0.40546875 0.0296875 0.39296875 0.0390625 0.38828125 0.03671875 0.378125
0 0.73046875 0.515625 0.73359375 0.509375 0.75078125 0.5078125 0.7578125 0.51484375 0.7609375 0.33359375 0.759375 0.28671875 0.75390625 0.28125 0.74921875 0.29375 0.73828125 0.2875 0.73359375 0.296875 0.71484375 0.296875 0.71015625 0.3046875 0.69765625 0.3046875 0.69609375 0.3125 0.684375 0.31015625 0.69140625 0.3046875 0.68359375 0.3046875 0.67890625 0.315625 0.66796875 0.3125 0.6640625 0.33046875 0.65234375 0.328125 0.6484375 0.34453125 0.6421875 0.34609375 0.6421875 0.38671875 0.62890625 0.396875 0.62421875 0.390625 0.61875 0.39296875 0.6203125 0.40078125 0.64921875 0.4171875 0.6625 0.43671875 0.6703125 0.48984375 0.65859375 0.49375 0.65546875 0.48125 0.6546875 0.49140625 0.6453125 0.49609375 0.65546875 0.5125 0.66015625 0.5 0.66953125 0.5015625 0.6671875 0.51484375 0.671875 0.51640625 0.67421875 0.5078125 0.71171875 0.5078125 0.71484375 0.515625 0.71796875 0.509375 0.72578125 0.5078125 0.73046875 0.515625
0 0.434375 0.39453125 0.42421875 0.375 0.42109375 0.3890625 0.40703125 0.3828125 0.40390625 0.39375 0.3859375 0.40078125 0.3875 0.57265625 0.3953125 0.59296875 0.4171875 0.60234375 0.434375 0.59296875 0.4421875 0.57265625 0.4421875 0.41484375 0.45 0.40390625 0.43984375 0.3890625 0.434375 0.39453125
0 0.52734375 0.3453125 0.52265625 0.35 0.51015625 0.3453125 0.49921875 0.3515625 0.46328125 0.353125 0.4625 0.36328125 0.45234375 0.3625 0.44375 0.37265625 0.4484375 0.37734375 0.4421875 0.38046875 0.4390625 0.41171875 0.44765625 0.40625 0.49453125 0.4078125 0.5 0.45859375 0.525 0.46015625 0.54375 0.42265625 0.5765625 0.40078125 0.5734375 0.39296875 0.5578125 0.38515625 0.5515625 0.36171875 0.52734375 0.3453125
0 0.353125 0.39140625 0.3546875 0.37734375 0.34609375 0.365625 0.340625 0.36640625 0.3375 0.35078125 0.33046875 0.3453125 0.21640625 0.35 0.19609375 0.353125 0.19296875 0.3640625 0.18515625 0.3578125 0.17421875 0.365625 0.16953125 0.359375 0.15859375 0.3671875 0.153125 0.36484375 0.140625 0.40859375 0.14921875 0.415625 0.16171875 0.4109375 0.25859375 0.409375 0.28203125 0.4203125 0.29609375 0.4375 0.29921875 0.4328125 0.29921875 0.44375 0.315625 0.44453125 0.328125 0.43984375 0.315625 0.43359375 0.3296875 0.42890625 0.33671875 0.409375 0.384375 0.40078125 0.353125 0.39140625
0 0.15 0.40703125 0.14453125 0.4 0.1234375 0.39765625 0.1203125 0.39296875 0.13046875 0.39375 0.13046875 0.3859375 0.10234375 0.3859375 0.10625 0.38046875 0.09765625 0.378125 0.06953125 0.390625 0.05859375 0.3890625 0.04765625 0.375 0.0234375 0.39765625 0.021875 0.52421875 0.0265625 0.55390625 0.0375 0.55703125 0.0328125 0.56171875 0.0375 0.56640625 0.03125 0.58515625 0.0359375 0.58828125 0.034375 0.60078125 0.04609375 0.60625 0.05078125 0.6171875 0.08046875 0.609375 0.08671875 0.6171875 0.1046875 0.61796875 0.1296875 0.59296875 0.1265625 0.58046875 0.14140625 0.578125 0.1375 0.57421875 0.15 0.56171875 0.15 0.40703125
0 0.5765625 0.59921875 0.59140625 0.6125 0.60625 0.61328125 0.625 0.59296875 0.61875 0.56640625 0.57265625 0.546875 0.5765625 0.56171875 0.56875 0.57421875 0.5765625 0.59921875
0 0.59765625 0.446875 0.5765625 0.45546875 0.5734375 0.47109375 0.58203125 0.4828125 0.6484375 0.51015625 0.65234375 0.4953125 0.671875 0.48828125 0.67109375 0.475 0.62421875 0.4765625 0.6140625 0.45703125 0.59765625 0.446875
0 0.47109375 0.390625 0.465625 0.39296875 0.4609375 0.36171875 0.45234375 0.3625 0.44453125 0.35 0.38828125 0.3484375 0.37890625 0.353125 0.371875 0.36640625 0.375 0.39296875 0.36875 0.40078125 0.3859375 0.40859375 0.38984375 0.4265625 0.4328125 0.42578125 0.440625 0.42421875 0.434375 0.41640625 0.43984375 0.41875 0.44609375 0.40625 0.4828125 0.40078125 0.47109375 0.390625