0 0.666040625 0.3997421875 0.6465875 0.40635625 0.6194328125 0.41613437500000006 0.62175 0.41851093749999996 0.65021875 0.40878125 0.6788093749999999 0.40367031249999996 0.710128125 0.3994375 0.7184015625 0.383340625 0.7071671875 0.3854796875 0.687465625 0.3943515625 0.666040625 0.3997421875
0 0.59435 0.42420468749999996 0.5770984375 0.43049687499999995 0.5591265625 0.43680624999999995 0.5700171875 0.43562500000000004 0.6192390624999999 0.41940156249999994 0.6175671875 0.416559375 0.59435 0.42420468749999996
0 0.36863437499999996 0.497984375 0.359415625 0.499709375 0.35676718749999997 0.501684375 0.35100937499999996 0.505428125 0.376190625 0.5096499999999999 0.388903125 0.5116796875 0.4108515625 0.51476875 0.4342546875 0.51490625 0.4489015625 0.516421875 0.4585421875 0.5200750000000001 0.46052968749999995 0.5241484375 0.453090625 0.526540625 0.45984375 0.53289375 0.459984375 0.54530625 0.46912343749999996 0.5427875 0.470946875 0.533940625 0.4673 0.528434375 0.46464375 0.526428125 0.46880625 0.5212515625 0.478075 0.5181859375 0.4853828125 0.5115796875 0.489325 0.5023671875 0.490440625 0.49458906249999995 0.48631250000000004 0.48864375000000004 0.4915828125 0.48267187500000003 0.5015859375 0.4831171875 0.5211406249999999 0.48512656249999997 0.5367437500000001 0.48559062500000005 0.5471234375 0.48551875000000005 0.5528109375 0.47964531250000003 0.5542 0.48115625 0.5517000000000001 0.49087031249999996 0.547915625 0.5056125 0.549975 0.515371875 0.557984375 0.5144078125 0.56086875 0.5033046875 0.5623078125000001 0.48876406250000004 0.5625921875000001 0.48234843749999995 0.56483125 0.4761109375 0.569828125 0.4656859375 0.5734546875000001 0.45861718749999997 0.5763859375 0.4528578125 0.58213125 0.4480109375 0.57533125 0.4466765625 0.5703015625 0.43992343749999996 0.5584484375 0.43867812500000003 0.5526390625000001 0.43765937499999996 0.544146875 0.4385515625 0.539903125 0.4403921875 0.5176921875 0.448978125 0.4847859375 0.460340625 0.449759375 0.47168593750000004 0.4354046875 0.4763984375 0.42283906250000003 0.48066718750000004 0.4100484375 0.4842671875 0.3987328125 0.4891140625 0.38930625 0.4933015625 0.3798015625 0.4953984375 0.36863437499999996 0.497984375
0 0.5242765625 0.5307953125 0.5297031249999999 0.5269999999999999 0.5369515625 0.527671875 0.550075 0.5321953125000001 0.5590484375 0.535509375 0.5697828125 0.5342234375 0.5703765625 0.537134375 0.5630124999999999 0.5433890625 0.559115625 0.5510546875 0.5685453125000001 0.55188125 0.5723906249999999 0.5483046875 0.58584375 0.5532359375 0.5971375 0.555915625 0.59478125 0.549628125 0.6007421875000001 0.5479328125 0.5938046875 0.5395015625 0.5851921875 0.5341781250000001 0.5835359375 0.5400171874999999 0.585459375 0.5459515625 0.5805109374999999 0.5386031250000001 0.5787328125 0.52675625 0.5742328125 0.5146499999999999 0.5697140625 0.5002578125 0.5671296875 0.48394062499999996 0.5612765625 0.48850156250000004 0.559221875 0.498190625 0.559221875 0.5086171875 0.55971875 0.5150625 0.5597203125 0.5227593749999999 0.5647703125 0.528996875 0.550653125 0.5253046875 0.529878125 0.52135 0.514765625 0.5198453125 0.5026437500000001 0.520203125 0.5014031250000001 0.525775 0.5148843750000001 0.5296890624999999 0.5242765625 0.5307953125
0 0.5834796875 0.5548359375 0.5791859374999999 0.5546734375 0.5702765624999999 0.5594734375 0.56523125 0.5664609375 0.57315625 0.5698359375 0.5813953125 0.5636046875 0.5954453125 0.56985 0.6025859375 0.5733640624999999 0.6244234375 0.581621875 0.6199890625 0.5768015625 0.601559375 0.5644015625 0.587384375 0.5521453125 0.5834796875 0.5548359375
0 0.3382328125 0.5173734375000001 0.3388390625 0.51415625 0.33936875 0.5084328124999999 0.3222875 0.5141140625 0.3245046875 0.514603125 0.3382328125 0.5173734375000001
0 0.3019796875 0.5354109375 0.3009203125 0.5310703125 0.3076046875 0.5282046874999999 0.306740625 0.5205890625 0.30155937499999996 0.51903125 0.3005953125 0.520353125 0.2914890625 0.52419375 0.2798546875 0.527525 0.26866406249999997 0.5322828125 0.2770640625 0.533709375 0.2848890625 0.5353749999999999 0.2887109375 0.540025 0.29583906249999997 0.5397484375 0.3053078125 0.540346875 0.32004375 0.54299375 0.32265781250000003 0.541275 0.3019796875 0.5354109375
0 0.40106093749999994 0.52371875 0.403290625 0.5197375 0.398003125 0.5163796875 0.391546875 0.5145234375000001 0.3884796875 0.51338125 0.381171875 0.528528125 0.38623281249999997 0.5279281250000001 0.388309375 0.5229640625 0.39353906250000004 0.527475 0.40106093749999994 0.52371875
0 0.37666093749999996 0.5164828124999999 0.37672343750000004 0.513925 0.369709375 0.51195 0.3621609375 0.510725 0.3575859375 0.512096875 0.3620234375 0.5136734374999999 0.367690625 0.5160078125 0.371571875 0.5179828125 0.37666093749999996 0.5164828124999999
0 0.37746875 0.546253125 0.3757375 0.5501140625 0.37629531250000003 0.557053125 0.38051406249999997 0.5507531250000001 0.3833859375 0.5457265625 0.382771875 0.5385046874999999 0.37746875 0.546253125
0 0.36882187499999997 0.5411109374999999 0.3662625 0.5476171875 0.36221875 0.5524390625 0.3624203125 0.5583515625000001 0.3674859375 0.5587734375 0.371709375 0.5489453125 0.37612812500000004 0.5396265625 0.3790515625 0.531684375 0.37353749999999997 0.5323484374999999 0.371709375 0.5349640625000001 0.36882187499999997 0.5411109374999999
0 0.2588140625 0.5331578125 0.251040625 0.53621875 0.243990625 0.5389375000000001 0.2367609375 0.5431125 0.25169375 0.5398031249999999 0.2637234375 0.5341640625 0.2588140625 0.5331578125
0 0.256675 0.547621875 0.2591765625 0.5459453125 0.25954062499999997 0.54334375 0.257296875 0.5421515625 0.2546703125 0.541875 0.252934375 0.544696875 0.25394375 0.54689375 0.256675 0.547621875
0 0.72421875 0.566415625 0.7327203124999999 0.57264375 0.7398921875 0.571221875 0.7385531249999999 0.5622421875 0.74239375 0.555865625 0.736065625 0.5525 0.72596875 0.5495062500000001 0.714953125 0.5479 0.704709375 0.552175 0.6989015625 0.562253125 0.7011093749999999 0.574209375 0.71491875 0.5861765625 0.7240249999999999 0.5860203125 0.7219453125 0.581871875 0.7168640625 0.5797140625 0.7109671875 0.5667 0.71485 0.5606546875 0.72421875 0.566415625
0 0.669596875 0.44384218750000004 0.6678640625 0.44702656249999995 0.674603125 0.4474203125 0.6732203125 0.44386093750000005 0.67074375 0.44345 0.669596875 0.44384218750000004
0 0.6481625 0.46766406250000003 0.6451718750000001 0.46502968750000007 0.6411890625 0.46615624999999994 0.640546875 0.4684125 0.6438078125 0.46957812499999996 0.6483078124999999 0.4699484375 0.6495109375 0.46921875 0.6481625 0.46766406250000003
0 0.6816875 0.5600375 0.688865625 0.5568109375 0.687353125 0.5550046875 0.6792328125 0.5491078125 0.676725 0.5499343750000001 0.675328125 0.5510859375 0.6746359375 0.554984375 0.6766156249999999 0.5601671875 0.6816875 0.5600375
0 0.8188328125 0.49921875 0.8156640625 0.497315625 0.81275 0.4982265625 0.8152046875 0.503609375 0.8155984374999999 0.5076968749999999 0.8177171875000001 0.5096625 0.8197625000000001 0.5078671875 0.8209734375 0.5050390625000001 0.8188328125 0.49921875
0 0.8840265625000001 0.47668125000000006 0.8897296875 0.4770734375 0.8871953124999999 0.47507968749999996 0.8842593750000001 0.4712296875 0.8788390625 0.470390625 0.8747359375 0.4709265625 0.8715093749999999 0.473575 0.8754062499999999 0.47505 0.8840265625000001 0.47668125000000006
0 0.902859375 0.4980734375 0.900246875 0.4947125 0.890378125 0.49465624999999996 0.8875437500000001 0.4948234375 0.8859359375 0.4977703125 0.88970625 0.49885156249999996 0.897153125 0.49846250000000003 0.902859375 0.4980734375
0 0.9057031249999999 0.5489953125 0.9185046874999999 0.5501437499999999 0.9315703125000001 0.5533578125 0.9442203125 0.5562140624999999 0.947371875 0.553778125 0.9545 0.5507359375 0.96164375 0.5489671875 0.9610015625000001 0.547340625 0.956328125 0.5431234375 0.9522375000000001 0.53813125 0.9461562499999999 0.5339734375 0.9372812500000001 0.5296328124999999 0.9324953125000001 0.524428125 0.9289531249999999 0.5199328125 0.926734375 0.51808125 0.9182171875 0.514428125 0.9131796874999999 0.5092796875000001 0.909975 0.5075921875 0.9088859375 0.5124093750000001 0.9097421875 0.517115625 0.9107109375 0.52123125 0.9108859375 0.5247953125 0.9110609375 0.5276203125000001 0.9156890625 0.528859375 0.9177484375 0.5296328124999999 0.9199328124999999 0.5315562500000001 0.91949375 0.5344796875 0.915978125 0.5375703125 0.9108796874999999 0.537146875 0.9091828124999999 0.5385609375 0.9057031249999999 0.5489953125
0 0.4281921875 0.5608296875 0.4354234375 0.563025 0.44055 0.5611109375 0.43907656250000004 0.558259375 0.43058593749999996 0.5583875 0.4230796875 0.5573625 0.41198750000000006 0.5575265625 0.40679218749999996 0.5568593749999999 0.407290625 0.5593421875 0.4150203125 0.5614921875000001 0.4216421875 0.5599578125 0.4281921875 0.5608296875
0 0.6289390625 0.58370625 0.6353671875 0.5933640625 0.6326765625 0.5955359375 0.6361984374999999 0.60428125 0.6472781249999999 0.6093828125 0.6656375 0.6103703125 0.680209375 0.608553125 0.6722406249999999 0.6048296875 0.6617546875 0.6005765625 0.6577968750000001 0.596515625 0.6458984375 0.5930875 0.6283171875 0.5818953125 0.6289390625 0.58370625
0 0.15130468749999998 0.5800468750000001 0.171040625 0.583753125 0.1769546875 0.5800484375 0.1687453125 0.572428125 0.1672484375 0.5706140625 0.16242812499999998 0.5712828125 0.153915625 0.57059375 0.13924375 0.5768718749999999 0.15130468749999998 0.5800468750000001
0 0.1403171875 0.593490625 0.15059375 0.5883078125 0.153059375 0.5835421875 0.1513796875 0.5807625 0.1467078125 0.5781968749999999 0.137203125 0.5755828125 0.134815625 0.57585 0.10705625 0.5850125 0.10580156249999999 0.5869500000000001 0.1075421875 0.5879046875 0.11649687500000001 0.5861421874999999 0.1171984375 0.58974375 0.1091140625 0.594403125 0.10971249999999999 0.596515625 0.1167078125 0.595228125 0.120303125 0.5937187500000001 0.133125 0.5924703124999999 0.14225000000000002 0.5862828125 0.14649218749999998 0.5871187499999999 0.137634375 0.5922265624999999 0.1403171875 0.593490625
0 0.191596875 0.6018984374999999 0.197109375 0.603146875 0.1974578125 0.6006453125 0.19106875 0.597965625 0.1858125 0.59774375 0.1820015625 0.5985875 0.18088593749999998 0.6016515625000001 0.1854796875 0.6033046875 0.191596875 0.6018984374999999
0 0.13292500000000002 0.6352859375000001 0.129584375 0.6396234375 0.1272265625 0.643509375 0.12887500000000002 0.64623125 0.13346875 0.643259375 0.13170781250000002 0.6403078125 0.1353546875 0.6383265625 0.138490625 0.6366203125000001 0.1395671875 0.6330843749999999 0.1401703125 0.628865625 0.1361375 0.6296296875 0.13292500000000002 0.6352859375000001
0 0.1547234375 0.6195078125 0.1517140625 0.624275 0.14792812500000002 0.6293234375 0.1473515625 0.6332859375 0.1524046875 0.6299953125 0.1567 0.6251953125 0.1580015625 0.6200609375 0.1547234375 0.6195078125
0 0.089546875 0.6145828125 0.0980515625 0.6156359375 0.10517499999999999 0.6144703125000001 0.1051703125 0.61166875 0.09829375 0.6112390624999999 0.091796875 0.610084375 0.0905453125 0.6118421875 0.089546875 0.6145828125
0 0.074621875 0.6012828125 0.077459375 0.5977625 0.0855359375 0.5979328125000001 0.0921421875 0.5974859375 0.08985156250000001 0.5950921874999999 0.0936375 0.590709375 0.10249062499999999 0.586309375 0.1018515625 0.5858859375 0.0974828125 0.5856578125 0.09096562500000001 0.5874406249999999 0.0851046875 0.5911734375 0.0776359375 0.5939421874999999 0.07115625 0.5969609375 0.057728125 0.6002078125 0.052098437500000004 0.6029312499999999 0.0433109375 0.6067390625 0.054112499999999994 0.6071328125 0.055856249999999996 0.603540625 0.06365 0.6023484375 0.074621875 0.6012828125
0 0.08828749999999999 0.6306203125 0.0976671875 0.631809375 0.1103421875 0.63214375 0.114490625 0.6310578125 0.1132953125 0.62901875 0.10659375 0.6276046875 0.0989515625 0.623428125 0.08559687499999999 0.6247171875 0.0818515625 0.624825 0.08203125 0.6268906249999999 0.08828749999999999 0.6306203125
0 0.06540312499999999 0.6209140625 0.0729453125 0.6193453124999999 0.0846875 0.618525 0.0808625 0.6159140625 0.06683125 0.6127625 0.055239062500000005 0.6100890625 0.046668749999999995 0.6101265625 0.0336609375 0.6108625 0.035867187499999995 0.614621875 0.0521546875 0.61739375 0.06540312499999999 0.6209140625
0 0 0.676040625 0.0042921875 0.673165625 0.005803125 0.6821234375 0.0223328125 0.6647624999999999 0.0214 0.6560515625 0.0246796875 0.650875 0.03031875 0.645834375 0.047165625 0.6405093749999999 0.053503125 0.6350109374999999 0.0499359375 0.6297703125 0.055765625 0.6278937499999999 0.052215625 0.6233265625 0.020831250000000003 0.6159328125 0.0258046875 0.6141421874999999 0.024612500000000002 0.6121484374999999 0.0204109375 0.6111734375 0.015706249999999998 0.6140125000000001 0.012959375 0.6157703125 0.0082046875 0.618384375 0 0.6206796875 0 0.676040625
0 0.0934671875 0.8949843749999999 0.10339374999999999 0.8968984375 0.1119234375 0.887878125 0.1118484375 0.87709375 0.10628437500000001 0.87715625 0.1031625 0.8815406250000001 0.0968953125 0.883775 0.09119374999999999 0.8894437500000001 0.0934671875 0.8949843749999999
0 0.239628125 0.7610484375000001 0.23620468749999998 0.7607671875 0.2346171875 0.7638796875 0.2343234375 0.7686078125 0.2370171875 0.7708171875 0.2426421875 0.7736234375000001 0.24489062499999997 0.772634375 0.24617343749999998 0.769784375 0.24500937500000003 0.765790625 0.24317187499999998 0.7630265625 0.24284843750000001 0.7623562500000001 0.239628125 0.7610484375000001
0 0.3222125 0.8975312499999999 0.32589843749999997 0.899096875 0.32941875 0.8982890625 0.3310359375 0.8953203125 0.3328734375 0.892184375 0.33294843749999997 0.8878125000000001 0.33247343749999997 0.886078125 0.328703125 0.8860046875 0.325409375 0.888371875 0.32255781250000004 0.8916796874999999 0.3211625 0.8952234375 0.3222125 0.8975312499999999
0 0.6975484375 0.6553312499999999 0.6866515625 0.6545859375 0.6810765625 0.6549921875 0.6760390625 0.65398125 0.6733296875 0.656671875 0.6603875 0.6542656250000001 0.6622515625000001 0.6586515625 0.6802921875 0.6612312499999999 0.68664375 0.66458125 0.6948624999999999 0.6675718749999999 0.70204375 0.6682125 0.7110296875000001 0.6649406250000001 0.711328125 0.664109375 0.7110390625 0.6603671875 0.7076156250000001 0.653996875 0.703275 0.6465359375 0.7009796875000001 0.647690625 0.7040390624999999 0.6523625 0.7040578125 0.659009375 0.6975484375 0.6553312499999999
0 0.6949546875 0.628234375 0.702528125 0.626228125 0.7065203125 0.62169375 0.708375 0.6189828125 0.7169609375 0.619803125 0.7193703124999999 0.6191187499999999 0.708703125 0.6169687500000001 0.6987375 0.6143359375 0.6956046875 0.6170578124999999 0.694125 0.62143125 0.6949546875 0.628234375
0 0.6913859375 0.6190375 0.6907890625 0.61704375 0.687815625 0.61509375 0.685503125 0.6171375 0.6867875 0.6197515625000001 0.686365625 0.621521875 0.6884546874999999 0.6220109375 0.6913859375 0.6190375
0 0.72318125 0.6077171875 0.7189375 0.6067781250000001 0.7114609375 0.605340625 0.708584375 0.6040687499999999 0.7041203125 0.6051796875 0.7065578125 0.6075437499999999 0.7136453125 0.609809375 0.717953125 0.6098656250000001 0.731234375 0.61388125 0.740071875 0.6134296875 0.7456640625000001 0.6139703125 0.7492890625 0.6151703125 0.751753125 0.612415625 0.7465421875 0.6112859375 0.7426453125 0.6106328125 0.7358359375 0.6105359375 0.7299140625 0.6098328125 0.72318125 0.6077171875
0 0.7871625 0.6168796875 0.778490625 0.611234375 0.772915625 0.6120359375 0.7752765625 0.6157874999999999 0.7701749999999999 0.617559375 0.76844375 0.6242828125 0.7770671874999999 0.6277250000000001 0.7821 0.6303921875 0.785065625 0.6326203125000001 0.7997890625 0.6334593749999999 0.80800625 0.6401265625 0.8115249999999999 0.6405171875 0.81289375 0.6388546875000001 0.8076421874999999 0.6326140625 0.811196875 0.626684375 0.80725 0.6215265624999999 0.8001234374999999 0.61965 0.794928125 0.618425 0.7871625 0.6168796875
0 0.76316875 0.6753984375 0.7695375 0.676934375 0.7739390625 0.67433125 0.7772218750000001 0.666959375 0.7759328125 0.662090625 0.7741125 0.6599421875 0.7709718750000001 0.6567624999999999 0.7684109375 0.660540625 0.7630140625 0.66600625 0.7572046875 0.6583828125 0.7551625 0.6600343750000001 0.757890625 0.66508125 0.7564515625 0.6670421875 0.752696875 0.6719734374999999 0.7569421875 0.673340625 0.7589234375 0.670496875 0.7632640625 0.6683171875 0.7615999999999999 0.6711671875 0.76316875 0.6753984375
0 0.734621875 0.67435 0.735565625 0.6705828125 0.7387374999999999 0.67058125 0.7296421875 0.6667640625 0.7258625000000001 0.6688984375 0.72914375 0.674446875 0.734621875 0.67435
0 0.69868125 0.7097453125000001 0.7027703125 0.70974375 0.70803125 0.71345 0.712203125 0.7122671875 0.7116453125 0.7097484374999999 0.7071765625 0.706740625 0.7028671875 0.7048984375 0.699509375 0.7004812499999999 0.697703125 0.70000625 0.69475625 0.7016546875 0.6935671875 0.7035218750000001 0.6933890625 0.70705625 0.69868125 0.7097453125000001
0 0.8599781249999999 0.6910171875 0.8655390625000001 0.690384375 0.8602624999999999 0.6856890625000001 0.8554328124999999 0.68248125 0.8458921875 0.681303125 0.8382421875 0.6834687500000001 0.8379546875000001 0.6779546875 0.8363781250000001 0.6689 0.83243125 0.6631609375 0.8248125 0.657871875 0.8197109375 0.65673125 0.8224015625 0.6606421874999999 0.8230296875 0.664165625 0.8319953124999999 0.670271875 0.8329359375 0.6755015625 0.834475 0.6794453125000001 0.8291031249999999 0.6812140624999999 0.8124046875 0.6780234375 0.8128249999999999 0.6833640625 0.8107296875 0.6855109374999999 0.81423125 0.68686875 0.814715625 0.6903515625 0.8252937499999999 0.6896359375000001 0.8319765625000001 0.687365625 0.8393515624999999 0.690359375 0.850578125 0.6936203125 0.8599781249999999 0.6910171875
0 0.89746875 0.64521875 0.9004140625 0.6491078124999999 0.90925625 0.6500296875 0.919540625 0.647390625 0.9286218749999999 0.644525 0.934984375 0.6456937500000001 0.9489890624999999 0.6485046875 0.963309375 0.649615625 0.9664187500000001 0.6488078125000001 0.964040625 0.6470359375 0.9490140625000001 0.64405 0.9379359375 0.6414703125 0.9294062500000001 0.63905625 0.9225625000000001 0.6381281249999999 0.9097296874999999 0.6358343750000001 0.9060390625 0.6352484375 0.9031078125 0.6313515625 0.9030078125 0.6214671875 0.9045484374999999 0.6171890624999999 0.8998734374999999 0.6132328125 0.8902875 0.6074234374999999 0.871834375 0.5994015625 0.8661453124999999 0.5985828125 0.8377296875000001 0.6080828125 0.841459375 0.60913125 0.8488421875000001 0.607096875 0.8561640625000001 0.607259375 0.8606578125000001 0.611653125 0.863903125 0.6176828125 0.8657421875000001 0.6207046875 0.8695015625 0.628015625 0.8746796874999999 0.63571875 0.8802296875 0.6358296875 0.8871359375000001 0.6368421875 0.8907078125 0.639084375 0.89275625 0.6427125 0.89746875 0.64521875
0 0.9033093750000001 0.585871875 0.90595625 0.582253125 0.9019468749999999 0.5740234375 0.9015765625000001 0.5680390625 0.9071843749999999 0.56765 0.9178499999999999 0.561646875 0.9150171874999999 0.5587796875000001 0.91161875 0.5617609375 0.9043640625 0.5634375 0.897971875 0.5648046875 0.8946890625 0.5708390624999999 0.8971312499999999 0.5767796875 0.8982421875 0.5830078125 0.9005421874999999 0.5907218750000001 0.901121875 0.5963296875 0.9001796875 0.59941875 0.9057546875 0.5991140625 0.9089281250000001 0.5936390625 0.9079515625000001 0.5898140625 0.9033093750000001 0.585871875
0 0.9459859375 0.5718359375000001 0.949825 0.570671875 0.945625 0.5669171875 0.9434453125 0.5678687499999999 0.9408 0.57394375 0.9389125 0.5811375 0.93789375 0.5943968749999999 0.9385546874999999 0.6025406249999999 0.939603125 0.6111328125 0.9421375 0.61218125 0.9459843749999999 0.6103390625 0.9461562499999999 0.6029734375 0.9453953125 0.598790625 0.9469015625000001 0.590184375 0.9455328125 0.5849203125 0.9523875 0.582528125 0.9497109375000001 0.576196875 0.9459859375 0.5718359375000001