0 0.6788093749999999 0.5963296875 0.65021875 0.59121875 0.62175 0.5814890625 0.6194328125 0.5838656249999999 0.6465875 0.59364375 0.666040625 0.6002578125 0.687465625 0.6056484375 0.7071671875 0.6145203125 0.7184015625 0.616659375 0.710128125 0.6005625 0.6788093749999999 0.5963296875
0 0.5770984375 0.569503125 0.59435 0.5757953125 0.6175671875 0.5834406249999999 0.6192390624999999 0.5805984375000001 0.5700171875 0.564375 0.5591265625 0.56319375 0.5770984375 0.569503125
0 0.42283906250000003 0.5193328125 0.4354046875 0.5236015625 0.449759375 0.5283140625 0.4847859375 0.539659375 0.5176921875 0.551021875 0.539903125 0.5596078125 0.544146875 0.5614484375 0.5526390625000001 0.562340625 0.5584484375 0.561321875 0.5703015625 0.5600765625 0.57533125 0.5533234375 0.58213125 0.5519890625 0.5763859375 0.5471421875 0.5734546875000001 0.5413828125 0.569828125 0.5343140625 0.56483125 0.5238890625 0.5625921875000001 0.5176515625 0.5623078125000001 0.5112359375 0.56086875 0.4966953125 0.557984375 0.4855921875 0.549975 0.48462812499999997 0.547915625 0.49438750000000004 0.5517000000000001 0.5091296875 0.5542 0.51884375 0.5528109375 0.5203546875 0.5471234375 0.51448125 0.5367437500000001 0.514409375 0.5211406249999999 0.5148734375 0.5015859375 0.5168828125 0.4915828125 0.5173281249999999 0.48631250000000004 0.51135625 0.490440625 0.5054109375 0.489325 0.4976328125 0.4853828125 0.4884203125 0.478075 0.4818140625 0.46880625 0.4787484375 0.46464375 0.47357187500000003 0.4673 0.47156562500000004 0.470946875 0.46605937500000005 0.46912343749999996 0.45721249999999997 0.459984375 0.45469375 0.45984375 0.46710624999999995 0.453090625 0.473459375 0.46052968749999995 0.47585156250000005 0.4585421875 0.479925 0.4489015625 0.483578125 0.4342546875 0.48509375 0.4108515625 0.48523125 0.388903125 0.48832031249999996 0.376190625 0.49035 0.35100937499999996 0.494571875 0.35676718749999997 0.49831562500000004 0.359415625 0.500290625 0.36863437499999996 0.5020156250000001 0.3798015625 0.5046015625 0.38930625 0.5066984375 0.3987328125 0.5108859375 0.4100484375 0.5157328125 0.42283906250000003 0.5193328125
0 0.529878125 0.47865 0.550653125 0.4746953125 0.5647703125 0.471003125 0.5597203125 0.47724062500000003 0.55971875 0.4849375 0.559221875 0.49138281250000004 0.559221875 0.501809375 0.5612765625 0.5114984375 0.5671296875 0.516059375 0.5697140625 0.4997421875 0.5742328125 0.48535000000000006 0.5787328125 0.47324374999999996 0.5805109374999999 0.461396875 0.585459375 0.4540484375 0.5835359375 0.4599828125 0.5851921875 0.46582187499999994 0.5938046875 0.46049843749999997 0.6007421875000001 0.45206718749999997 0.59478125 0.450371875 0.5971375 0.444084375 0.58584375 0.44676406249999995 0.5723906249999999 0.45169531249999995 0.5685453125000001 0.44811875 0.559115625 0.44894531249999997 0.5630124999999999 0.4566109375 0.5703765625 0.46286562499999995 0.5697828125 0.4657765625 0.5590484375 0.464490625 0.550075 0.4678046875 0.5369515625 0.47232812500000004 0.5297031249999999 0.47300000000000003 0.5242765625 0.4692046875 0.5148843750000001 0.4703109375 0.5014031250000001 0.474225 0.5026437500000001 0.479796875 0.514765625 0.48015468749999995 0.529878125 0.47865
0 0.6025859375 0.42663593750000006 0.5954453125 0.43015 0.5813953125 0.4363953125 0.57315625 0.4301640625 0.56523125 0.43353906249999996 0.5702765624999999 0.4405265625 0.5791859374999999 0.4453265625 0.5834796875 0.44516406249999996 0.587384375 0.4478546875 0.601559375 0.43559843750000005 0.6199890625 0.42319843749999997 0.6244234375 0.418378125 0.6025859375 0.42663593750000006
0 0.3382328125 0.48262656249999997 0.3245046875 0.485396875 0.3222875 0.4858859375 0.33936875 0.4915671875 0.3388390625 0.48584375 0.3382328125 0.48262656249999997
0 0.2887109375 0.459975 0.2848890625 0.464625 0.2770640625 0.46629062499999996 0.26866406249999997 0.4677171875 0.2798546875 0.47247500000000003 0.2914890625 0.47580625000000004 0.3005953125 0.479646875 0.30155937499999996 0.48096875 0.306740625 0.47941093749999997 0.3076046875 0.4717953125 0.3009203125 0.4689296875 0.3019796875 0.4645890625 0.32265781250000003 0.458725 0.32004375 0.45700624999999995 0.3053078125 0.459653125 0.29583906249999997 0.4602515625 0.2887109375 0.459975
0 0.3884796875 0.48661875 0.391546875 0.4854765625 0.398003125 0.4836203125 0.403290625 0.4802625 0.40106093749999994 0.47628125 0.39353906250000004 0.472525 0.388309375 0.4770359375 0.38623281249999997 0.472071875 0.381171875 0.47147187500000004 0.3884796875 0.48661875
0 0.3621609375 0.489275 0.369709375 0.48805 0.37672343750000004 0.48607500000000003 0.37666093749999996 0.48351718750000006 0.371571875 0.4820171875 0.367690625 0.4839921875 0.3620234375 0.48632656250000006 0.3575859375 0.487903125 0.3621609375 0.489275
0 0.3757375 0.44988593750000005 0.37746875 0.45374687500000005 0.382771875 0.46149531250000003 0.3833859375 0.45427343750000004 0.38051406249999997 0.44924687499999993 0.37629531250000003 0.44294687499999996 0.3757375 0.44988593750000005
0 0.371709375 0.4510546875 0.3674859375 0.4412265625 0.3624203125 0.44164843749999994 0.36221875 0.44756093750000003 0.3662625 0.45238281249999995 0.36882187499999997 0.45888906250000006 0.371709375 0.4650359375 0.37353749999999997 0.46765156250000006 0.3790515625 0.46831562499999996 0.37612812500000004 0.46037343750000004 0.371709375 0.4510546875
0 0.251040625 0.46378125 0.2588140625 0.4668421875 0.2637234375 0.46583593749999996 0.25169375 0.460196875 0.2367609375 0.4568875 0.243990625 0.4610625 0.251040625 0.46378125
0 0.25954062499999997 0.45665625 0.2591765625 0.45405468750000005 0.256675 0.45237812499999996 0.25394375 0.45310625 0.252934375 0.45530312500000003 0.2546703125 0.458125 0.257296875 0.45784843750000004 0.25954062499999997 0.45665625
0 0.7240249999999999 0.4139796875 0.71491875 0.41382343749999995 0.7011093749999999 0.425790625 0.6989015625 0.43774687500000004 0.704709375 0.44782500000000003 0.714953125 0.4521 0.72596875 0.45049374999999997 0.736065625 0.44749999999999995 0.74239375 0.44413437499999997 0.7385531249999999 0.4377578125 0.7398921875 0.428778125 0.7327203124999999 0.42735625 0.72421875 0.433584375 0.71485 0.4393453125 0.7109671875 0.4333 0.7168640625 0.4202859375 0.7219453125 0.41812812499999996 0.7240249999999999 0.4139796875
0 0.669596875 0.5561578125 0.67074375 0.55655 0.6732203125 0.5561390625 0.674603125 0.5525796875 0.6678640625 0.5529734375 0.669596875 0.5561578125
0 0.6411890625 0.5338437500000001 0.6451718750000001 0.5349703124999999 0.6481625 0.5323359375 0.6495109375 0.53078125 0.6483078124999999 0.5300515625 0.6438078125 0.530421875 0.640546875 0.5315875 0.6411890625 0.5338437500000001
0 0.6792328125 0.45089218750000004 0.687353125 0.4449953125 0.688865625 0.4431890625 0.6816875 0.43996250000000003 0.6766156249999999 0.4398328125 0.6746359375 0.445015625 0.675328125 0.4489140625 0.676725 0.45006562499999997 0.6792328125 0.45089218750000004
0 0.8152046875 0.496390625 0.81275 0.5017734375 0.8156640625 0.5026843750000001 0.8188328125 0.50078125 0.8209734375 0.4949609375 0.8197625000000001 0.49213281249999996 0.8177171875000001 0.4903375 0.8155984374999999 0.492303125 0.8152046875 0.496390625
0 0.8842593750000001 0.5287703125000001 0.8871953124999999 0.5249203125 0.8897296875 0.5229265625 0.8840265625000001 0.5233187499999999 0.8754062499999999 0.52495 0.8715093749999999 0.5264249999999999 0.8747359375 0.5290734375 0.8788390625 0.5296093749999999 0.8842593750000001 0.5287703125000001
0 0.890378125 0.50534375 0.900246875 0.5052875 0.902859375 0.5019265625 0.897153125 0.5015375 0.88970625 0.5011484375 0.8859359375 0.5022296875000001 0.8875437500000001 0.5051765625 0.890378125 0.50534375
0 0.9199328124999999 0.46844374999999994 0.9177484375 0.47036718750000006 0.9156890625 0.471140625 0.9110609375 0.4723796875 0.9108859375 0.47520468749999994 0.9107109375 0.47876874999999997 0.9097421875 0.482884375 0.9088859375 0.487590625 0.909975 0.49240781250000004 0.9131796874999999 0.4907203125 0.9182171875 0.48557187500000004 0.926734375 0.48191875 0.9289531249999999 0.4800671875 0.9324953125000001 0.475571875 0.9372812500000001 0.47036718750000006 0.9461562499999999 0.4660265625 0.9522375000000001 0.46186875 0.956328125 0.4568765625 0.9610015625000001 0.452659375 0.96164375 0.4510328125 0.9545 0.4492640625 0.947371875 0.446221875 0.9442203125 0.44378593750000006 0.9315703125000001 0.4466421875 0.9185046874999999 0.44985625 0.9057031249999999 0.45100468749999995 0.9091828124999999 0.46143906250000005 0.9108796874999999 0.462853125 0.915978125 0.46242968749999996 0.91949375 0.4655203125 0.9199328124999999 0.46844374999999994
0 0.41198750000000006 0.4424734375 0.4230796875 0.4426375 0.43058593749999996 0.4416125 0.43907656250000004 0.441740625 0.44055 0.43888906250000004 0.4354234375 0.436975 0.4281921875 0.43917031250000005 0.4216421875 0.4400421875 0.4150203125 0.4385078125 0.407290625 0.4406578125 0.40679218749999996 0.443140625 0.41198750000000006 0.4424734375
0 0.6722406249999999 0.3951703125 0.680209375 0.391446875 0.6656375 0.3896296875 0.6472781249999999 0.3906171875 0.6361984374999999 0.39571875 0.6326765625 0.40446406250000005 0.6353671875 0.40663593750000004 0.6289390625 0.41629375 0.6283171875 0.41810468749999996 0.6458984375 0.40691249999999995 0.6577968750000001 0.403484375 0.6617546875 0.3994234375 0.6722406249999999 0.3951703125
0 0.1687453125 0.42757187500000005 0.1769546875 0.4199515625 0.171040625 0.416246875 0.15130468749999998 0.419953125 0.13924375 0.423128125 0.153915625 0.42940625 0.16242812499999998 0.42871718750000004 0.1672484375 0.42938593750000004 0.1687453125 0.42757187500000005
0 0.120303125 0.40628125 0.1167078125 0.40477187499999995 0.10971249999999999 0.403484375 0.1091140625 0.40559687499999997 0.1171984375 0.41025625000000004 0.11649687500000001 0.41385781250000003 0.1075421875 0.4120953125 0.10580156249999999 0.41305 0.10705625 0.41498749999999995 0.134815625 0.42415 0.137203125 0.4244171875 0.1467078125 0.421803125 0.1513796875 0.41923750000000004 0.153059375 0.4164578125 0.15059375 0.41169218750000003 0.1403171875 0.406509375 0.137634375 0.40777343750000006 0.14649218749999998 0.41288125000000003 0.14225000000000002 0.41371718749999997 0.133125 0.4075296875 0.120303125 0.40628125
0 0.19106875 0.40203437500000005 0.1974578125 0.39935468749999997 0.197109375 0.396853125 0.191596875 0.3981015625 0.1854796875 0.3966953125 0.18088593749999998 0.39834843750000004 0.1820015625 0.4014125 0.1858125 0.40225625000000004 0.19106875 0.40203437500000005
0 0.1353546875 0.36167343750000003 0.13170781250000002 0.3596921875 0.13346875 0.356740625 0.12887500000000002 0.35376875 0.1272265625 0.356490625 0.129584375 0.3603765625 0.13292500000000002 0.3647140625 0.1361375 0.3703703125 0.1401703125 0.371134375 0.1395671875 0.36691562499999997 0.138490625 0.3633796875 0.1353546875 0.36167343750000003
0 0.14792812500000002 0.37067656250000003 0.1517140625 0.375725 0.1547234375 0.38049218749999997 0.1580015625 0.3799390625 0.1567 0.3748046875 0.1524046875 0.3700046875 0.1473515625 0.3667140625 0.14792812500000002 0.37067656250000003
0 0.10517499999999999 0.3855296875 0.0980515625 0.3843640625 0.089546875 0.3854171875 0.0905453125 0.3881578125 0.091796875 0.389915625 0.09829375 0.38876093749999996 0.1051703125 0.38833125 0.10517499999999999 0.3855296875
0 0.052098437500000004 0.39706874999999997 0.057728125 0.3997921875 0.07115625 0.4030390625 0.0776359375 0.4060578125 0.0851046875 0.4088265625 0.09096562500000001 0.412559375 0.0974828125 0.41434218749999996 0.1018515625 0.41411406250000005 0.10249062499999999 0.413690625 0.0936375 0.409290625 0.08985156250000001 0.4049078125 0.0921421875 0.4025140625 0.0855359375 0.4020671875 0.077459375 0.4022375 0.074621875 0.3987171875 0.06365 0.3976515625 0.055856249999999996 0.396459375 0.054112499999999994 0.3928671875 0.0433109375 0.3932609375 0.052098437500000004 0.39706874999999997
0 0.10659375 0.3723953125 0.1132953125 0.37098125 0.114490625 0.36894218749999996 0.1103421875 0.36785625 0.0976671875 0.368190625 0.08828749999999999 0.3693796875 0.08203125 0.37310937499999997 0.0818515625 0.375175 0.08559687499999999 0.3752828125 0.0989515625 0.376571875 0.10659375 0.3723953125
0 0.055239062500000005 0.3899109375 0.06683125 0.3872375 0.0808625 0.3840859375 0.0846875 0.381475 0.0729453125 0.3806546875 0.06540312499999999 0.3790859375 0.0521546875 0.38260625 0.035867187499999995 0.385378125 0.0336609375 0.3891375 0.046668749999999995 0.38987343750000003 0.055239062500000005 0.3899109375
0 0 0.3793203125 0.0082046875 0.381615625 0.012959375 0.38422968750000003 0.015706249999999998 0.38598750000000004 0.0204109375 0.3888265625 0.024612500000000002 0.38785156249999997 0.0258046875 0.3858578125 0.020831250000000003 0.3840671875 0.052215625 0.3766734375 0.055765625 0.37210624999999997 0.0499359375 0.3702296875 0.053503125 0.36498906249999996 0.047165625 0.359490625 0.03031875 0.354165625 0.0246796875 0.349125 0.0214 0.34394843750000004 0.0223328125 0.33523749999999997 0.005803125 0.3178765625 0.0042921875 0.326834375 0 0.323959375 0 0.3793203125
0 0.1118484375 0.12290625 0.1119234375 0.112121875 0.10339374999999999 0.1031015625 0.0934671875 0.10501562499999999 0.09119374999999999 0.11055625 0.0968953125 0.116225 0.1031625 0.11845937499999999 0.10628437500000001 0.12284375 0.1118484375 0.12290625
0 0.24489062499999997 0.22736562500000002 0.2426421875 0.2263765625 0.2370171875 0.2291828125 0.2343234375 0.2313921875 0.2346171875 0.23612031249999998 0.23620468749999998 0.2392328125 0.239628125 0.2389515625 0.24284843750000001 0.23764375000000001 0.24317187499999998 0.23697343750000002 0.24500937500000003 0.234209375 0.24617343749999998 0.23021562499999998 0.24489062499999997 0.22736562500000002
0 0.33247343749999997 0.11392187499999999 0.33294843749999997 0.1121875 0.3328734375 0.107815625 0.3310359375 0.10467968750000001 0.32941875 0.1017109375 0.32589843749999997 0.10090312500000001 0.3222125 0.10246875 0.3211625 0.1047765625 0.32255781250000004 0.1083203125 0.325409375 0.111628125 0.328703125 0.11399531249999999 0.33247343749999997 0.11392187499999999
0 0.7076156250000001 0.346003125 0.7110390625 0.3396328125 0.711328125 0.335890625 0.7110296875000001 0.335059375 0.70204375 0.3317875 0.6948624999999999 0.33242812499999996 0.68664375 0.33541875 0.6802921875 0.33876875 0.6622515625000001 0.3413484375 0.6603875 0.34573437500000004 0.6733296875 0.343328125 0.6760390625 0.34601875 0.6810765625 0.3450078125 0.6866515625 0.3454140625 0.6975484375 0.34466874999999997 0.7040578125 0.340990625 0.7040390624999999 0.3476375 0.7009796875000001 0.35230937500000004 0.703275 0.3534640625 0.7076156250000001 0.346003125
0 0.7193703124999999 0.38088125 0.7169609375 0.380196875 0.708375 0.3810171875 0.7065203125 0.37830625 0.702528125 0.373771875 0.6949546875 0.371765625 0.694125 0.37856875 0.6956046875 0.3829421875 0.6987375 0.38566406249999996 0.708703125 0.38303125 0.7193703124999999 0.38088125
0 0.687815625 0.38490625 0.6907890625 0.38295625 0.6913859375 0.3809625 0.6884546874999999 0.37798906250000003 0.686365625 0.378478125 0.6867875 0.38024843750000004 0.685503125 0.3828625 0.687815625 0.38490625
0 0.751753125 0.387584375 0.7492890625 0.3848296875 0.7456640625000001 0.3860296875 0.740071875 0.3865703125 0.731234375 0.38611875 0.717953125 0.39013437500000003 0.7136453125 0.390190625 0.7065578125 0.39245625 0.7041203125 0.3948203125 0.708584375 0.39593124999999996 0.7114609375 0.394659375 0.7189375 0.393221875 0.72318125 0.3922828125 0.7299140625 0.3901671875 0.7358359375 0.3894640625 0.7426453125 0.3893671875 0.7465421875 0.38871406249999996 0.751753125 0.387584375
0 0.8076421874999999 0.36738593750000004 0.81289375 0.36114531250000004 0.8115249999999999 0.35948281249999997 0.80800625 0.3598734375 0.7997890625 0.366540625 0.785065625 0.3673796875 0.7821 0.3696078125 0.7770671874999999 0.372275 0.76844375 0.3757171875 0.7701749999999999 0.382440625 0.7752765625 0.38421249999999996 0.772915625 0.3879640625 0.778490625 0.388765625 0.7871625 0.3831203125 0.794928125 0.381575 0.8001234374999999 0.38035 0.80725 0.3784734375 0.811196875 0.373315625 0.8076421874999999 0.36738593750000004
0 0.752696875 0.3280265625 0.7564515625 0.3329578125 0.757890625 0.33491875000000004 0.7551625 0.339965625 0.7572046875 0.3416171875 0.7630140625 0.33399375 0.7684109375 0.339459375 0.7709718750000001 0.3432375 0.7741125 0.3400578125 0.7759328125 0.337909375 0.7772218750000001 0.333040625 0.7739390625 0.32566875 0.7695375 0.323065625 0.76316875 0.3246015625 0.7615999999999999 0.3288328125 0.7632640625 0.3316828125 0.7589234375 0.329503125 0.7569421875 0.32665937500000003 0.752696875 0.3280265625
0 0.735565625 0.3294171875 0.734621875 0.32565 0.72914375 0.325553125 0.7258625000000001 0.3311015625 0.7296421875 0.33323593749999997 0.7387374999999999 0.32941875 0.735565625 0.3294171875
0 0.699509375 0.29951875 0.7028671875 0.2951015625 0.7071765625 0.293259375 0.7116453125 0.2902515625 0.712203125 0.2877328125 0.70803125 0.28654999999999997 0.7027703125 0.29025625 0.69868125 0.2902546875 0.6933890625 0.29294375 0.6935671875 0.29647812500000004 0.69475625 0.2983453125 0.697703125 0.29999375 0.699509375 0.29951875
0 0.814715625 0.30964843750000004 0.81423125 0.31313124999999997 0.8107296875 0.31448906249999997 0.8128249999999999 0.31663593749999996 0.8124046875 0.3219765625 0.8291031249999999 0.3187859375 0.834475 0.3205546875 0.8329359375 0.3244984375 0.8319953124999999 0.32972812500000004 0.8230296875 0.335834375 0.8224015625 0.33935781249999997 0.8197109375 0.34326875 0.8248125 0.342128125 0.83243125 0.3368390625 0.8363781250000001 0.3311 0.8379546875000001 0.3220453125 0.8382421875 0.31653125000000004 0.8458921875 0.318696875 0.8554328124999999 0.31751874999999996 0.8602624999999999 0.3143109375 0.8655390625000001 0.309615625 0.8599781249999999 0.3089828125 0.850578125 0.3063796875 0.8393515624999999 0.309640625 0.8319765625000001 0.312634375 0.8252937499999999 0.31036406250000004 0.814715625 0.30964843750000004
0 0.8746796874999999 0.36428125 0.8695015625 0.371984375 0.8657421875000001 0.3792953125 0.863903125 0.3823171875 0.8606578125000001 0.388346875 0.8561640625000001 0.392740625 0.8488421875000001 0.392903125 0.841459375 0.39086875 0.8377296875000001 0.3919171875 0.8661453124999999 0.4014171875 0.871834375 0.40059843749999996 0.8902875 0.3925765625 0.8998734374999999 0.3867671875 0.9045484374999999 0.3828109375 0.9030078125 0.3785328125 0.9031078125 0.3686484375 0.9060390625 0.3647515625 0.9097296874999999 0.364165625 0.9225625000000001 0.361871875 0.9294062500000001 0.36094375 0.9379359375 0.3585296875 0.9490140625000001 0.35595 0.964040625 0.3529640625 0.9664187500000001 0.35119218750000003 0.963309375 0.350384375 0.9489890624999999 0.3514953125 0.934984375 0.35430625 0.9286218749999999 0.355475 0.919540625 0.352609375 0.90925625 0.3499703125 0.9004140625 0.3508921875 0.89746875 0.35478125 0.89275625 0.3572875 0.8907078125 0.36091562499999996 0.8871359375000001 0.3631578125 0.8802296875 0.3641703125 0.8746796874999999 0.36428125
0 0.901121875 0.40367031249999996 0.9005421874999999 0.409278125 0.8982421875 0.4169921875 0.8971312499999999 0.4232203125 0.8946890625 0.4291609375 0.897971875 0.4351953125 0.9043640625 0.43656249999999996 0.91161875 0.4382390625 0.9150171874999999 0.44122031249999993 0.9178499999999999 0.438353125 0.9071843749999999 0.43235 0.9015765625000001 0.4319609375 0.9019468749999999 0.4259765625 0.90595625 0.417746875 0.9033093750000001 0.41412812499999996 0.9079515625000001 0.4101859375 0.9089281250000001 0.4063609375 0.9057546875 0.4008859375 0.9001796875 0.40058125 0.901121875 0.40367031249999996
0 0.9453953125 0.401209375 0.9461562499999999 0.3970265625 0.9459843749999999 0.3896609375 0.9421375 0.38781875 0.939603125 0.3888671875 0.9385546874999999 0.397459375 0.93789375 0.405603125 0.9389125 0.4188625 0.9408 0.42605624999999997 0.9434453125 0.43213125 0.945625 0.4330828125 0.949825 0.42932812499999995 0.9459859375 0.42816406249999994 0.9497109375000001 0.42380312499999995 0.9523875 0.41747187500000005 0.9455328125 0.4150796875 0.9469015625000001 0.40981562499999996 0.9453953125 0.401209375