0 0.3435734375 0.5145625 0.34901875000000004 0.5141171875 0.355665625 0.5134546875 0.36065625 0.513346875 0.36694218749999996 0.5139828125 0.3672546875 0.510584375 0.3637296875 0.5061484375 0.362053125 0.5023140625 0.36071875000000003 0.4987109375 0.36143281250000003 0.4961796875 0.35976875 0.49580624999999995 0.3547234375 0.4965796875 0.3536296875 0.49762031249999994 0.35095312500000003 0.5019578124999999 0.347159375 0.5036640625000001 0.3433734375 0.5066359375 0.34130937499999997 0.5055875000000001 0.34152187500000003 0.5041046875 0.343146875 0.5020984375 0.3432703125 0.5000484375 0.3413125 0.49964531250000005 0.3382625 0.500565625 0.333753125 0.502765625 0.33041875 0.5031218749999999 0.3267421875 0.5031125000000001 0.32365625 0.5050734375 0.323 0.5082828125 0.32358125000000004 0.51119375 0.3269609375 0.5147390625 0.33179375 0.5179578125 0.3336421875 0.5196421875 0.340259375 0.517653125 0.3435734375 0.5145625
0 0.57550625 0.045290625 0.57089375 0.04140625 0.5728765625000001 0.043298437499999995 0.5746781249999999 0.0489421875 0.581015625 0.04824375 0.5860703125 0.0476796875 0.58955625 0.045440625 0.5865765625 0.043048437499999995 0.5837546875 0.044809375 0.5801328125 0.0450296875 0.57550625 0.045290625
0 0.5282015624999999 0.46382500000000004 0.530328125 0.4637703125 0.5300453125 0.46210625 0.52914375 0.46218125 0.5282 0.4629671875 0.5282015624999999 0.46382500000000004
0 0.2889390625 0.5069453125 0.28775625 0.506528125 0.286375 0.5063328125 0.285378125 0.5067078125 0.28464999999999996 0.507428125 0.28484375 0.50771875 0.2855921875 0.510175 0.28614687499999997 0.5110984375000001 0.2879515625 0.5130921875000001 0.2895 0.5114124999999999 0.2896703125 0.5096671875000001 0.29002343750000004 0.508196875 0.2889390625 0.5069453125
0 0.2901734375 0.5273015625 0.28968906250000004 0.5258671875 0.2891734375 0.5257468750000001 0.2878453125 0.5257468750000001 0.2870578125 0.5266046875 0.28792968750000003 0.5278203125 0.2891265625 0.52826875 0.2901734375 0.5273015625
0 0.28981406249999997 0.5386859375 0.2873484375 0.539159375 0.286309375 0.5397093749999999 0.2894046875 0.54044375 0.29105 0.5408875 0.29455624999999996 0.5408265625 0.2951765625 0.5396109375 0.29433125000000004 0.53809375 0.29280625 0.5359515625 0.292875 0.5368796875 0.2917140625 0.5379203125 0.28981406249999997 0.5386859375
0 0.31462500000000004 0.5489046875 0.315865625 0.550528125 0.31747187499999996 0.5519171875 0.318675 0.5539625 0.319365625 0.5539671875 0.31987187499999997 0.55175 0.31987187499999997 0.550721875 0.3188515625 0.549725 0.3179796875 0.548675 0.3161046875 0.54714375 0.3145734375 0.5469984375 0.3134125 0.5471421875 0.313175 0.5481906249999999 0.31462500000000004 0.5489046875
0 0.2777515625 0.5807640625 0.2767703125 0.5812125 0.273525 0.5815828125 0.27255625 0.5819671875 0.27247656249999996 0.58340625 0.2735078125 0.58398125 0.27859531249999997 0.583396875 0.2793875 0.5825296875 0.27864062500000003 0.5822453125 0.27843125 0.5812828125 0.2777515625 0.5807640625
0 0.195665625 0.590315625 0.2003109375 0.5900265625000001 0.2039390625 0.589803125 0.2063328125 0.589475 0.2125734375 0.5876781249999999 0.21274375 0.58623125 0.21242812500000002 0.5864484375 0.21098124999999998 0.5863765625 0.2087953125 0.5861796874999999 0.20745468749999998 0.5867421875 0.20382656250000003 0.5873625 0.2017890625 0.5873625 0.19603125 0.5877421875 0.19313906249999999 0.5875375 0.188153125 0.5873421875 0.188921875 0.5891968750000001 0.19068281250000002 0.590246875 0.19291875 0.590315625 0.195665625 0.590315625
0 0.01609375 0.52631875 0.014820312499999998 0.52498125 0.012418750000000001 0.52503125 0.009440625 0.525309375 0.0060281250000000005 0.5247203125000001 0.00566875 0.5250625 0.0043437499999999995 0.5282125 0.0046078125 0.529375 0.007810937499999999 0.5304109375 0.008579687499999999 0.5295609375 0.0090546875 0.52840625 0.0112734375 0.527946875 0.015021875 0.5288781250000001 0.0167296875 0.5275171875 0.01609375 0.52631875
0 0.0742359375 0.5945203125 0.07015625 0.5949312499999999 0.067240625 0.5958296875 0.066690625 0.5977046875 0.06877187500000001 0.5983453125 0.0743234375 0.5979734375 0.0780296875 0.59665 0.0802578125 0.5947984374999999 0.079875 0.5946640624999999 0.0782796875 0.5944281250000001 0.0742359375 0.5945203125
0 0.056915625000000004 0.5975484375 0.06011875 0.5969078125 0.059431250000000005 0.59551875 0.0569890625 0.595171875 0.056290625000000004 0.596946875 0.056915625000000004 0.5975484375
0 0.045676562500000004 0.5978125000000001 0.04390625 0.597815625 0.04071875 0.5976578124999999 0.0393109375 0.59715625 0.036759375 0.5972999999999999 0.038304687500000004 0.5987750000000001 0.0428828125 0.5997 0.046921875 0.599421875 0.048340625 0.599328125 0.051949999999999996 0.59901875 0.053059375 0.5989640625 0.0539265625 0.5963703125 0.05406562499999999 0.5963171875 0.05168906250000001 0.5969656249999999 0.049321875 0.5975953125 0.045676562500000004 0.5978125000000001
0 0 0.383540625 0.0029109375 0.382709375 0.0066703125 0.38185156249999996 0.0088515625 0.3806390625 0.011017187500000001 0.37982499999999997 0.0133765625 0.379371875 0.00819375 0.379584375 0.0025046875 0.3796453125 0 0.3797921875 0 0.3804375 0 0.383540625
0 0.53813125 0.9477249999999999 0.538375 0.946965625 0.5383390625 0.9458875000000001 0.537296875 0.94458125 0.535234375 0.9438015625 0.5331718750000001 0.943403125 0.5325609375 0.9434140624999999 0.5313421875000001 0.9431687500000001 0.529159375 0.9431046875 0.526890625 0.9443234374999999 0.5262671875 0.9454671875 0.52616875 0.946990625 0.527190625 0.94895 0.5284984374999999 0.9506015624999999 0.5299515625 0.9512109375 0.5330953125 0.9515515625000001 0.5349234375 0.9502953125 0.5366109375 0.948925 0.53813125 0.9477249999999999