0 0.41330156249999994 0.40623437500000004 0.3854 0.4136703125 0.354371875 0.41930625 0.35524374999999997 0.4340984375 0.36851406249999996 0.445890625 0.38403437500000004 0.442703125 0.362003125 0.4294234375 0.43220000000000003 0.444759375 0.446615625 0.4496015625 0.46832343749999994 0.4496015625 0.4832375 0.45106875 0.5035171875 0.4623875 0.49303125000000003 0.48050625 0.4950140625 0.4986328125 0.5099046875 0.4956078125 0.510596875 0.48235625000000004 0.5163828125000001 0.46832812500000004 0.5416140625 0.45740781249999996 0.5625078125 0.4292375 0.5597640625 0.4212859375 0.5665 0.41013124999999995 0.6183859375 0.4201546875 0.6475671875 0.4252109375 0.6607078125 0.4163328125 0.6475609375 0.42735781250000004 0.6424609375 0.47269843749999996 0.660684375 0.466359375 0.6604625000000001 0.48921093750000005 0.5882296874999999 0.4694546875 0.5661859375 0.475778125 0.60093125 0.48814843750000003 0.6142390625 0.48172031249999997 0.6352015625 0.4928921875 0.6636140625 0.49796874999999996 0.6685671875 0.5043859375 0.6532375 0.5102515624999999 0.6629296874999999 0.5491609375000001 0.682534375 0.5651125 0.7043781250000001 0.560440625 0.6963265625 0.534259375 0.713753125 0.5276125 0.7000671875 0.50954375 0.6845265625 0.512725 0.6872843750000001 0.503365625 0.6822984375 0.47893437499999997 0.6772609375 0.43152656250000004 0.669571875 0.4311484375 0.677103125 0.41492968750000003 0.6863703125 0.39600625 0.6956390625 0.390915625 0.7003921875 0.3818796875 0.7119156249999999 0.37258749999999996 0.6925 0.3561109375 0.70875625 0.3517859375 0.721975 0.35022031249999996 0.7713265625 0.337584375 0.760459375 0.333884375 0.6873296875 0.34925 0.663959375 0.3560234375 0.657109375 0.3534609375 0.623646875 0.3647578125 0.5771828125 0.373009375 0.49112656250000003 0.3909234375 0.46596562500000005 0.39526249999999996 0.4541375 0.398353125 0.4447109375 0.40274687499999995 0.42983593750000004 0.4016890625 0.41330156249999994 0.40623437500000004
0 0.3410671875 0.5041984375 0.34597500000000003 0.5060421875000001 0.36632031249999997 0.49660312500000003 0.387359375 0.4816234375 0.38296874999999997 0.47545624999999997 0.37533125 0.4662703125 0.3662234375 0.4673625 0.35099375 0.478828125 0.3478265625 0.48814843750000003 0.3410671875 0.5041984375
0 0.299828125 0.4319984375 0.310640625 0.435653125 0.3248203125 0.43619062499999994 0.322603125 0.4266875 0.31358125000000003 0.4276984375 0.2949453125 0.430271875 0.26678125 0.43455781250000003 0.25340625 0.4396109375 0.23254999999999998 0.44258437500000003 0.21465312499999997 0.44817656250000004 0.23025781250000002 0.4580515625 0.24103124999999997 0.4625078125 0.2681484375 0.4694984375 0.30745625 0.48199375 0.32294375 0.47907031250000004 0.27596875 0.46580781250000003 0.24825468750000002 0.45304062500000003 0.2687875 0.44833437500000006 0.269465625 0.4373828125 0.299828125 0.4319984375
0 0.3928625 0.449034375 0.3830296875 0.455034375 0.3830453125 0.460825 0.394096875 0.45593281250000006 0.40111093750000004 0.46166875 0.40764374999999997 0.4562453125 0.4144546875 0.4551265625 0.4198765625 0.452740625 0.41626874999999997 0.44825468749999997 0.4045734375 0.44585937500000006 0.39702187499999997 0.4425 0.3928625 0.449034375
0 0.7548890625 0.6228640624999999 0.7746109375 0.6319828125 0.8023734375 0.6373109375 0.8215078124999999 0.6334796875 0.800025 0.6242375 0.76636875 0.602678125 0.7600484375 0.602903125 0.752821875 0.605725 0.7525125 0.61345 0.7548890625 0.6228640624999999
0 0.7888843750000001 0.33326406249999996 0.8038624999999999 0.329878125 0.820171875 0.32666875 0.842509375 0.32530468749999997 0.8563625 0.32507031249999996 0.8868703124999999 0.3247453125 0.9145234375 0.327140625 0.9258453125000001 0.32875 0.9486000000000001 0.298209375 0.8779375 0.3114375 0.7763890625000001 0.3321328125 0.78125 0.3360609375 0.7888843750000001 0.33326406249999996
0 0.865359375 0.6651374999999999 0.8780421875 0.65538125 0.8633734375 0.6514 0.8483890625000001 0.647415625 0.8464656250000001 0.6500890625 0.8391500000000001 0.6607546875 0.8455484375 0.67365625 0.865359375 0.6651374999999999
0 0.857715625 0.7211640625 0.8499328125 0.704984375 0.8477890625000001 0.712653125 0.8425437499999999 0.7178390625 0.8296687500000001 0.7105296875 0.8047968750000001 0.706040625 0.7851265625 0.705259375 0.7712625 0.705690625 0.789421875 0.7148109375 0.8117390625 0.72970625 0.838640625 0.7396 0.8610031250000001 0.7408718750000001 0.860996875 0.7313078125 0.8803093750000001 0.734503125 0.8774374999999999 0.7264171875 0.857715625 0.7211640625
0 0.920071875 0.6568640625 0.93378125 0.6587531249999999 0.9444046875 0.660790625 0.942028125 0.6536015625 0.911565625 0.64691875 0.89263125 0.6407390625 0.8689484375 0.632440625 0.8631343749999999 0.635540625 0.8705328124999999 0.6402953124999999 0.89185 0.6489609375 0.920071875 0.6568640625
0 1 0.6634421875000001 0.9673984375 0.6650578125 0.9547968750000001 0.6707375 0.9539031250000001 0.6757125 0.9820859375 0.68849375 1 0.6952734375 1 0.6634421875000001
0 0.915625 0.5826875 0.9264765625000001 0.5873234375 0.9331640625000001 0.5832531249999999 0.9291140625000001 0.5807781249999999 0.91195 0.572615625 0.91235625 0.5658203125 0.924534375 0.5732921875 0.9320171875 0.5677140625 0.92674375 0.5626328125 0.9359125 0.56485625 0.9250187499999999 0.5564218750000001 0.9044156250000001 0.552025 0.8844171875000001 0.5525296875000001 0.8737406249999999 0.56165 0.8689609375 0.5754312500000001 0.8719734375 0.590353125 0.88943125 0.6066625 0.9014312500000001 0.6047328125 0.8835000000000001 0.5843203124999999 0.8848140624999999 0.5732171875 0.8911109375 0.56593125 0.9118625 0.578025 0.915625 0.5826875
0 0.7524124999999999 0.5961609375 0.763821875 0.6030859375000001 0.775153125 0.5996406249999999 0.7558874999999999 0.589578125 0.7259156250000001 0.5638124999999999 0.71104375 0.5505953124999999 0.706690625 0.55388125 0.7112125 0.5654078124999999 0.728340625 0.5790296875000001 0.7524124999999999 0.5961609375
0 0.9472890625 0.759425 0.9594828124999999 0.7539125 0.9656218750000001 0.7475640625 0.9667749999999999 0.7379703125 0.961571875 0.7323765625 0.9483671875 0.7332453125 0.9403874999999999 0.7359796875 0.9375234375 0.7326546875 0.92935 0.73065625 0.92586875 0.736653125 0.9324859375000001 0.743040625 0.9259078125 0.74930625 0.9290359374999999 0.753225 0.931371875 0.7504593749999999 0.9346203125000001 0.7466859375 0.9402421875 0.7466859375 0.9361859375 0.752621875 0.9472890625 0.759425
0 0.83091875 0.8048265625000001 0.8397125000000001 0.8106140625 0.8440234375 0.8135625 0.84890625 0.8082140624999999 0.8418953124999999 0.7978 0.835875 0.79610625 0.8259578125000001 0.78993125 0.8197328125000001 0.7917640625 0.8168421875 0.7976593750000001 0.8228937500000001 0.804475 0.83091875 0.8048265625000001
0 0.8897734375 0.7543609375 0.9035953125 0.7460718749999999 0.8979374999999999 0.7398796875 0.8899578125 0.73605 0.8731328125 0.7339234375 0.8728203125 0.737071875 0.8788031249999999 0.7476484375 0.8897734375 0.7543609375
0 0.8335671874999999 0.6849015625 0.8358796875 0.6777031250000001 0.8294140625 0.675165625 0.8224281250000001 0.6776328125 0.8218015624999999 0.6829765625 0.8214890625000001 0.6908765625 0.82841875 0.6899078125 0.8335671874999999 0.6849015625
0 0.05145625 0.8269859374999999 0.058384375 0.8310828125 0.0661734375 0.8360609374999999 0.072515625 0.828775 0.071728125 0.817165625 0.0674421875 0.810459375 0.061090624999999996 0.8053296874999999 0.0528234375 0.8072359375 0.0477296875 0.8168875 0.05145625 0.8269859374999999
0 0 0.5173890625 0.014121875 0.5099421875 0.01325625 0.5032656249999999 0.0318703125 0.5075125 0.049070312500000005 0.51285 0.049709375 0.5009187500000001 0.04631875 0.49412031250000005 0.038696875 0.48872499999999997 0.0236578125 0.4876609375 0.00620625 0.4898921875 0 0.48656875 0 0.5173890625
0 0.046415625 0.5320859375 0.0512890625 0.54176875 0.0581796875 0.544828125 0.0682046875 0.5421421875 0.06874375 0.5356046875 0.0592234375 0.5334203125 0.046415625 0.5320859375
0 0.1926703125 0.4683 0.194253125 0.46459374999999997 0.18853124999999998 0.460825 0.18665156249999998 0.4603546875 0.1812296875 0.463978125 0.18392187499999998 0.467275 0.1862578125 0.47054062500000005 0.1926703125 0.4683