0 0.637996875 0.5705765625 0.5678 0.5552406249999999 0.553384375 0.5503984375 0.5316765625000001 0.5503984375 0.5167625 0.54893125 0.49648281250000004 0.5376125 0.50696875 0.51949375 0.5049859375 0.5013671875 0.4900953125 0.5043921874999999 0.48940312500000005 0.51764375 0.4836171875 0.531671875 0.4583859375 0.5425921875 0.4374921875 0.5707625000000001 0.44023593749999995 0.5787140625 0.4335 0.58986875 0.3816140625 0.5798453125 0.35243281249999997 0.5747890625000001 0.3392921875 0.5836671875 0.3524390625 0.5726421875 0.3575390625 0.5273015625 0.339315625 0.533640625 0.3395375 0.5107890625 0.4117703125 0.5305453124999999 0.43381406250000004 0.5242218750000001 0.39906874999999997 0.5118515625 0.3857609375 0.5182796875 0.3647984375 0.5071078124999999 0.3363859375 0.50203125 0.3314328125 0.49561406249999995 0.3467625 0.4897484375 0.33707031249999997 0.45083906249999994 0.317465625 0.4348875 0.29562187500000003 0.439559375 0.3036734375 0.465740625 0.286246875 0.47238749999999996 0.2999328125 0.49045625 0.3154734375 0.487275 0.312715625 0.496634375 0.31770156250000003 0.5210656250000001 0.3227390625 0.5684734375 0.33042812499999996 0.5688515625 0.32289687499999997 0.5850703125 0.31362968750000003 0.60399375 0.3043609375 0.609084375 0.2996078125 0.6181203125 0.288084375 0.6274124999999999 0.3075 0.6438890625 0.29124374999999997 0.6482140625 0.278025 0.6497796874999999 0.2286734375 0.6624156250000001 0.239540625 0.666115625 0.3126703125 0.65075 0.336040625 0.6439765625 0.342890625 0.6465390625 0.376353125 0.6352421875 0.4228171875 0.626990625 0.5088734374999999 0.6090765625000001 0.534034375 0.6047374999999999 0.5458624999999999 0.6016468749999999 0.5552890625 0.597253125 0.5701640625 0.5983109375 0.5866984375000001 0.593765625 0.6146 0.5863296874999999 0.645628125 0.58069375 0.64475625 0.5659015625 0.6314859375 0.554109375 0.6159656250000001 0.557296875 0.637996875 0.5705765625
0 0.6337765625 0.5326375 0.64900625 0.5211718750000001 0.6521734375 0.5118515625 0.6589328125 0.49580156249999996 0.6540250000000001 0.4939578125 0.6336796875 0.503396875 0.6126406249999999 0.5183765625000001 0.6170312499999999 0.5245437500000001 0.62466875 0.5337296874999999 0.6337765625 0.5326375
0 0.73321875 0.5654421875 0.74659375 0.5603890625 0.76745 0.557415625 0.785346875 0.5518234375 0.7697421875 0.5419484375 0.75896875 0.5374921875 0.7318515624999999 0.5305015625 0.69254375 0.51800625 0.6770562499999999 0.5209296875 0.72403125 0.5341921875 0.7517453125 0.5469593749999999 0.7312125 0.5516656249999999 0.730534375 0.5626171875 0.700171875 0.5680015625 0.689359375 0.564346875 0.6751796875 0.5638093750000001 0.677396875 0.5733125 0.68641875 0.5723015625000001 0.7050546875 0.5697281249999999 0.73321875 0.5654421875
0 0.5855453125000001 0.5448734375 0.5801234375 0.547259375 0.58373125 0.5517453125 0.5954265624999999 0.5541406249999999 0.602978125 0.5575 0.6071375 0.550965625 0.6169703125 0.544965625 0.6169546875 0.539175 0.605903125 0.5440671874999999 0.5988890625 0.5383312499999999 0.59235625 0.5437546875 0.5855453125000001 0.5448734375
0 0.2399515625 0.397096875 0.24717812499999997 0.39427500000000004 0.2474875 0.38655 0.24511093750000001 0.37713593749999996 0.2253890625 0.3680171875 0.1976265625 0.3626890625 0.1784921875 0.3665203125 0.19997499999999999 0.3757625 0.23363125 0.397321875 0.2399515625 0.397096875
0 0.08547656249999999 0.672859375 0.07415468750000001 0.67125 0.0514 0.701790625 0.1220625 0.6885625 0.2236109375 0.6678671875 0.21875 0.6639390625 0.211115625 0.6667359375 0.19613750000000002 0.670121875 0.179828125 0.67333125 0.157490625 0.6746953125 0.1436375 0.6749296874999999 0.1131296875 0.6752546875000001 0.08547656249999999 0.672859375
0 0.1544515625 0.32634375000000004 0.134640625 0.3348625 0.1219578125 0.34461875000000003 0.1366265625 0.3486 0.15161093750000001 0.352584375 0.153534375 0.3499109375 0.16085 0.3392453125 0.1544515625 0.32634375000000004
0 0.21487343750000001 0.294740625 0.22873749999999998 0.294309375 0.210578125 0.2851890625 0.1882609375 0.27029375 0.161359375 0.2604 0.138996875 0.25912812500000004 0.139003125 0.2686921875 0.11969062500000001 0.265496875 0.12256249999999999 0.2735828125 0.142284375 0.2788359375 0.1500671875 0.295015625 0.1522109375 0.287346875 0.15745625000000002 0.2821609375 0.17033125 0.2894703125 0.195203125 0.29395937499999997 0.21487343750000001 0.294740625
0 0.1310515625 0.367559375 0.136865625 0.364459375 0.1294671875 0.3597046875 0.10815 0.3510390625 0.079928125 0.3431359375 0.06621875 0.341246875 0.05559531250000001 0.339209375 0.05797187499999999 0.3463984375 0.088434375 0.35308125 0.10736874999999999 0.3592609375 0.1310515625 0.367559375
0 0 0.3365578125 0.0326015625 0.3349421875 0.045203125 0.3292625 0.046096874999999995 0.3242875 0.0179140625 0.31150625 0 0.3047265625 0 0.3365578125
0 0.07546562500000001 0.4267078125 0.0679828125 0.4322859375 0.07325625 0.43736718750000003 0.06408749999999999 0.43514375000000005 0.07498125 0.443578125 0.095584375 0.447975 0.11558281249999999 0.44747031249999997 0.126259375 0.43834999999999996 0.1310390625 0.42456875 0.1280265625 0.40964687499999997 0.11056875 0.3933375 0.09856875000000001 0.3952671875 0.1165 0.41567968750000006 0.11518593749999999 0.42678281250000005 0.1088890625 0.43406874999999995 0.08813750000000001 0.42197500000000004 0.084375 0.4173125 0.0735234375 0.4126765625 0.0668359375 0.416746875 0.0708859375 0.419221875 0.08804999999999999 0.42738437500000004 0.08764374999999999 0.4341796875 0.07546562500000001 0.4267078125
0 0.293309375 0.44611875 0.28878750000000003 0.4345921875 0.271659375 0.4209703125 0.2475875 0.4038390625 0.236178125 0.3969140625 0.22484687499999997 0.400359375 0.2441125 0.41042187500000005 0.274084375 0.43618750000000006 0.28895624999999997 0.44940468750000007 0.293309375 0.44611875
0 0.0596125 0.2640203125 0.0624765625 0.2673453125 0.07065 0.26934375 0.07413125000000001 0.263346875 0.0675140625 0.256959375 0.07409218749999999 0.25069375 0.07096406250000001 0.24677500000000002 0.068628125 0.249540625 0.0653796875 0.2533140625 0.05975781249999999 0.2533140625 0.0638140625 0.247378125 0.0527109375 0.24057499999999998 0.0405171875 0.24608750000000001 0.034378124999999995 0.2524359375 0.033225 0.2620296875 0.038428125 0.2676234375 0.0516328125 0.26675468750000003 0.0596125 0.2640203125
0 0.1740421875 0.21006874999999997 0.18026718749999998 0.20823593749999997 0.18315781250000002 0.202340625 0.17710625 0.195525 0.16908125000000002 0.1951734375 0.1602875 0.1893859375 0.1559765625 0.18643749999999998 0.15109375 0.1917859375 0.1581046875 0.2022 0.16412500000000002 0.20389374999999998 0.1740421875 0.21006874999999997
0 0.12119687500000001 0.2523515625 0.1102265625 0.2456390625 0.0964046875 0.253928125 0.10206249999999999 0.2601203125 0.11004218750000001 0.26395 0.12686718749999998 0.2660765625 0.1271796875 0.262928125 0.12119687500000001 0.2523515625
0 0.17158125 0.3100921875 0.1664328125 0.3150984375 0.1641203125 0.32229687500000004 0.1705859375 0.324834375 0.177571875 0.3223671875 0.1781984375 0.3170234375 0.1785109375 0.3091234375 0.17158125 0.3100921875
0 0.938909375 0.1946703125 0.9471765624999999 0.1927640625 0.9522703124999999 0.18311249999999998 0.94854375 0.1730140625 0.9416156250000001 0.1689171875 0.9338265625 0.1639390625 0.927484375 0.17122500000000002 0.9282718750000001 0.182834375 0.9325578125 0.189540625 0.938909375 0.1946703125
0 1 0.48261093749999995 0.9858781249999999 0.4900578125 0.9867437499999999 0.49673437500000006 0.9681296875 0.4924875 0.9509296875000001 0.48715 0.950290625 0.49908125 0.95368125 0.5058796875 0.961303125 0.511275 0.9763421875 0.5123390624999999 0.99379375 0.5101078125 1 0.51343125 1 0.48261093749999995
0 0.9535843749999999 0.46791406249999995 0.9487109374999999 0.45823125 0.9418203125 0.455171875 0.9317953125 0.4578578125 0.93125625 0.46439531250000005 0.9407765625 0.4665796875 0.9535843749999999 0.46791406249999995
0 0.8137421874999999 0.529459375 0.8073296875 0.5317000000000001 0.805746875 0.5354062500000001 0.8114687500000001 0.539175 0.8133484375 0.5396453125 0.8187703125000001 0.536021875 0.816078125 0.532725 0.8137421874999999 0.529459375