0 0.5200125 0.5333609375 0.5239671875 0.512621875 0.5259625 0.5021171875 0.530053125 0.4882140625 0.5394171875 0.4782296875 0.544775 0.47263593750000005 0.552234375 0.4619453125 0.551603125 0.445278125 0.5416515625 0.441834375 0.53088125 0.43227187499999997 0.5198421875 0.4307921875 0.51189375 0.4310125 0.5059328125 0.4382125 0.507809375 0.4542328125 0.4932171875 0.459225 0.4850546875 0.46164375 0.4633859375 0.46783125 0.4593953125 0.479665625 0.4424625 0.48620156249999996 0.45199375 0.4901171875 0.45590156249999997 0.49989999999999996 0.4628875 0.51426875 0.46291562500000005 0.53404375 0.4656703125 0.5336937500000001 0.4690765625 0.526834375 0.4767203125 0.5266234375 0.48179218749999997 0.5294125000000001 0.484103125 0.53193125 0.4862578125 0.539978125 0.48919375 0.5563 0.49368437500000006 0.5627515625 0.4923875 0.55161875 0.4894796875 0.5281140625 0.4916171875 0.524696875 0.49471718750000004 0.5251921875 0.5116765625 0.5226656249999999 0.5100140625 0.52815 0.510196875 0.533771875 0.511865625 0.5419671875 0.5133171875 0.553634375 0.515459375 0.5653234375 0.5200125 0.5333609375
0 0.34614531249999997 0.4708546875 0.3395078125 0.472415625 0.33429375 0.4770359375 0.335271875 0.479421875 0.3411140625 0.48110937500000006 0.346121875 0.4783015625 0.347690625 0.47456875 0.34614531249999997 0.4708546875
0 0.44049531249999996 0.47782187499999995 0.4445125 0.4800890625 0.45046093750000005 0.48177812500000006 0.4504546875 0.47820156249999995 0.447978125 0.47435625000000003 0.44512656249999993 0.47166406250000004 0.4379984375 0.46985 0.43681093750000005 0.472990625 0.4406078125 0.4778515625 0.44049531249999996 0.47782187499999995
0 0.511471875 0.0878890625 0.50989375 0.08695625 0.5058671875 0.09685468750000001 0.507303125 0.1009296875 0.5105078125 0.1005625 0.5133593750000001 0.0973484375 0.513171875 0.095221875 0.511471875 0.0878890625
0 0.5137968749999999 0.0160453125 0.514034375 0.012559375000000001 0.5103890625 0.0121625 0.5070234375 0.013756250000000001 0.5057 0.017434375 0.5078890625 0.02160625 0.5112703125 0.0230375 0.5118078125000001 0.022314062500000002 0.5137968749999999 0.0160453125
0 0.033800000000000004 0.099509375 0.0361453125 0.09661093750000001 0.039028125000000004 0.09299062500000001 0.0405953125 0.0879640625 0.0405953125 0.084478125 0.039015625 0.0797703125 0.0348734375 0.074675 0.032496874999999995 0.07541718750000001 0.027285937500000003 0.080565625 0.0252484375 0.084865625 0.024553125000000002 0.0906671875 0.026360937499999997 0.097221875 0.026340625 0.099265625 0.028428125 0.10101249999999999 0.030679687500000004 0.1019765625 0.033800000000000004 0.099509375
0 0.16059062500000001 0.44246093750000004 0.122271875 0.44196406250000003 0.12065937499999999 0.44246093750000004 0.119046875 0.4456015625 0.11954374999999999 0.45717656250000005 0.122553125 0.4624765625 0.12124375000000001 0.468728125 0.122665625 0.472896875 0.12569687499999999 0.476728125 0.1263640625 0.4808203125 0.1343 0.4828046875 0.15538125 0.483134375 0.1610859375 0.4828046875 0.16525625 0.48248125000000003 0.167540625 0.477565625 0.1673296875 0.46903125 0.1665421875 0.46117187499999995 0.166653125 0.4548078125 0.167346875 0.44963593749999997 0.1675421875 0.4458984375 0.167996875 0.44230468749999996 0.16059062500000001 0.44246093750000004
0 0.0770125 0.5044171875 0.08045624999999999 0.5044171875 0.08434375 0.50334375 0.0898234375 0.5014203125 0.090771875 0.50081875 0.094546875 0.5027375000000001 0.09502812499999999 0.5005124999999999 0.09837812500000001 0.5012140625 0.1026046875 0.5022328125 0.10212812499999999 0.49930624999999995 0.0968234375 0.4952296875 0.0863625 0.48919843749999997 0.076146875 0.48712968749999996 0.07220625 0.48903125000000003 0.07393125 0.495296875 0.07587812499999999 0.5027125 0.07561562499999999 0.5034765625000001 0.0770125 0.5044171875
0 0.2208796875 0.44171875 0.20500625 0.4407875 0.199084375 0.4418296875 0.194434375 0.44113125000000003 0.189 0.4412640625 0.1833984375 0.441728125 0.1766578125 0.441728125 0.172375 0.44199374999999996 0.1742265625 0.44542187499999997 0.1759140625 0.449790625 0.1783078125 0.45507656250000006 0.1783078125 0.4609375 0.1775765625 0.46443593749999995 0.175875 0.46671250000000003 0.175875 0.469978125 0.174740625 0.4752203125 0.1742546875 0.480171875 0.173278125 0.4825640625 0.175915625 0.482628125 0.17925312499999999 0.48266093750000005 0.1845234375 0.48269687499999997 0.188690625 0.48320625 0.1936578125 0.4826796875 0.194703125 0.48114375000000004 0.1945734375 0.4776328125 0.1934578125 0.472709375 0.192478125 0.4692484375 0.1949265625 0.4675421875 0.1971578125 0.4675421875 0.20384375000000002 0.468634375 0.20040468749999998 0.46046718750000004 0.20230156250000003 0.456884375 0.20771250000000002 0.44969374999999995 0.214453125 0.445740625 0.2194921875 0.44265781249999997 0.2208796875 0.44171875
0 0.8880671875000001 0.464228125 0.8810734374999999 0.456825 0.8833781249999999 0.4644390625 0.8859125000000001 0.4723171875 0.8902421875 0.471790625 0.896784375 0.47196718750000005 0.9010921875 0.4720328125 0.903209375 0.471059375 0.9010171874999999 0.46510937500000005 0.8985406250000001 0.4663875 0.8935859374999999 0.467965625 0.8880671875000001 0.464228125
0 0.851515625 0.46697812499999997 0.8444593749999999 0.4756234375 0.8508687500000001 0.4724109375 0.85486875 0.47112031249999997 0.851515625 0.46697812499999997
0 0.9502734374999999 0.0490328125 0.9489484375 0.038301562500000004 0.9470968750000001 0.03501875 0.9387375 0.033871875 0.9407453125 0.044378125000000004 0.9423640625 0.0558703125 0.9441124999999999 0.054643750000000005 0.9491296874999999 0.053285937500000005 0.9502734374999999 0.0490328125
0 0.9400734375 0.023978125 0.94476875 0.028368749999999998 0.9472687499999999 0.0264234375 0.94750625 0.0238453125 0.9443671874999999 0.0215140625 0.9400734375 0.023978125
0 0.6972437499999999 0.4425921875 0.694975 0.44143906250000003 0.6911828125 0.438025 0.688525 0.438934375 0.6873796875 0.44368281249999997 0.6881765625 0.44745 0.698165625 0.4471421875 0.698284375 0.4452421875 0.6972437499999999 0.4425921875