0 0.224703125 0.4766859375 0.22519843750000001 0.45089218750000004 0.2284796875 0.3937171875 0.23164687499999997 0.3867390625 0.2294140625 0.36491406249999997 0.2270578125 0.358134375 0.219865625 0.3558203125 0.2119296875 0.3485453125 0.2079609375 0.3468921875 0.165178125 0.34474218749999996 0.1608390625 0.3459 0.15674531249999998 0.349040625 0.15128906250000002 0.3632609375 0.148809375 0.367228125 0.148809375 0.3725203125 0.147321875 0.37681875 0.1498015625 0.412203125 0.146825 0.46147499999999997 0.147321875 0.48230781250000004 0.151165625 0.49040937500000004 0.154390625 0.49239375 0.165921875 0.5051249999999999 0.17274375 0.5188484375 0.1767109375 0.5201718750000001 0.1796875 0.5181875 0.1896078125 0.5175265625 0.1997765625 0.513228125 0.20399375000000003 0.513228125 0.209078125 0.5081015625 0.2119296875 0.49867656250000003 0.2158984375 0.49702343750000005 0.21999062500000002 0.49785 0.22098281250000001 0.48660781249999996 0.2237109375 0.48131562499999997 0.224703125 0.4766859375
0 0.793278125 1 0.7951390625 0.9945437500000001 0.794146875 0.9512234375 0.7946421875 0.9287375000000001 0.7921625 0.863590625 0.79141875 0.856315625 0.789434375 0.85499375 0.78831875 0.854828125 0.7857140625000001 0.85863125 0.787203125 0.863921875 0.784721875 0.8685515625000001 0.785465625 0.8754953125 0.7844734375 0.8847546875000001 0.7797625 0.890046875 0.78050625 0.89500625 0.7782734375 0.8969906249999999 0.777034375 0.900959375 0.77579375 0.9214609375 0.771825 0.9512234375 0.771825 0.95750625 0.7733140625 0.96544375 0.7772812499999999 0.9737109374999999 0.78125 0.988590625 0.777778125 0.9955359375 0.7783984375 0.9970234375 0.7838546875 1 0.793278125 1
0 0.7135421875 0.7174265625 0.712053125 0.712796875 0.7123015625 0.701884375 0.709821875 0.69659375 0.7123015625 0.6863421875 0.71006875 0.6704703125 0.7084578125000001 0.6716265625 0.70548125 0.671296875 0.7011406250000001 0.661871875 0.6984125 0.65955625 0.694940625 0.6678234375 0.694196875 0.6774140625 0.6920890625 0.6775796875 0.6903515625 0.6749343750000001 0.690228125 0.6810515625 0.6932046875 0.68568125 0.6946921875000001 0.7124671874999999 0.6959328124999999 0.7227187500000001 0.6979171875 0.727678125 0.6974203125 0.738590625 0.6986609374999999 0.7432203125 0.6981640625 0.7802578125 0.6994046875000001 0.790840625 0.702753125 0.7946421875 0.7059765625 0.792659375 0.71006875 0.79249375 0.710565625 0.790509375 0.707340625 0.7855484374999999 0.7110609375 0.7786046875 0.7135421875 0.7653765625 0.71788125 0.76488125 0.71875 0.7587625 0.717634375 0.7549609375 0.7137890625 0.75545625 0.7110609375 0.7435515625 0.7110609375 0.728009375 0.7135421875 0.7174265625
0 0.9037140625 0.549271875 0.9062046875 0.550675 0.9091265625 0.5497453125 0.90900625 0.5288484375 0.897903125 0.53963125 0.8990984375 0.5423234375 0.9037140625 0.549271875
0 0.6603875 0.381190625 0.652578125 0.3830953125 0.653671875 0.389275 0.6578453125 0.3927390625 0.6625656249999999 0.3945953125 0.6689437500000001 0.3947109375 0.6707296875 0.3936109375 0.6750499999999999 0.3906265625 0.6704484374999999 0.38511562499999996 0.6603875 0.381190625
0 0.7804953125 0.5609203125 0.7802125 0.57754375 0.784534375 0.5910359374999999 0.786215625 0.5861859375 0.7864 0.55136875 0.7863140625 0.5372203125 0.7866453124999999 0.5277671875000001 0.7865890624999999 0.523771875 0.7855015625 0.51766875 0.784503125 0.46301718750000004 0.7798171875000001 0.46616875 0.779103125 0.4812453125 0.778678125 0.49523593750000006 0.7795734375000001 0.51335 0.7813656250000001 0.525484375 0.7813656250000001 0.5406187499999999 0.7804953125 0.5609203125
0 0.7888765624999999 0.744521875 0.7885359375000001 0.743053125 0.7889046875 0.7338734375 0.7889046875 0.73099375 0.7829625 0.7327890625 0.78325 0.7442203125 0.78505625 0.745578125 0.7888765624999999 0.744521875
0 0.9377546875 0.6675703125 0.934675 0.6684765625 0.9337609375 0.675825 0.9334421875000001 0.6812343750000001 0.9289421875 0.6860640625000001 0.9285687499999999 0.6908171875 0.9312546875000001 0.6967265625 0.9333796875000001 0.701275 0.9351687500000001 0.702534375 0.9404046875000001 0.6994328125 0.9412109375 0.699121875 0.9405140624999999 0.6916109374999999 0.9408109375 0.680065625 0.9385359375 0.672103125 0.9377546875 0.6675703125
0 0.6630015625000001 0.8323625 0.6611640624999999 0.8215453125 0.6595187499999999 0.82123125 0.6609906249999999 0.8461796874999999 0.6636124999999999 0.84024375 0.6630015625000001 0.8323625
0 0.713090625 0.8508234375000001 0.712446875 0.8470359375 0.7086109375 0.8419578124999999 0.7060828124999999 0.8361562499999999 0.702940625 0.8416593750000001 0.7013625 0.8440140625 0.69996875 0.850578125 0.7006109375 0.8520484375 0.70259375 0.854025 0.7085343749999999 0.8530906249999999 0.713090625 0.8508234375000001
0 0.7723671875 0.11687499999999999 0.773128125 0.1305015625 0.773446875 0.14064375 0.7724609375 0.14580312499999998 0.7722234375 0.1511890625 0.7722234375 0.159971875 0.7737984375 0.1770078125 0.7737984375 0.18234843750000002 0.7780609375 0.18083906249999998 0.7747578125000001 0 0.7696640625 0.00370625 0.7694265625 0.014253125 0.7694265625 0.0255296875 0.770034375 0.04039375 0.770034375 0.0517171875 0.7659078125 0.061606249999999994 0.7654578125 0.0674015625 0.7668437499999999 0.06765 0.77200625 0.075890625 0.771715625 0.083496875 0.770034375 0.0911015625 0.7702703125 0.097303125 0.7723671875 0.11687499999999999