0 0.6990734375 0.48598749999999996 0.697090625 0.49590781249999993 0.697090625 0.49838750000000004 0.69874375 0.5006203124999999 0.709821875 0.5071921875000001 0.7194109375 0.5158734375 0.7372687499999999 0.5260421875 0.757440625 0.5352187500000001 0.7713296875 0.5431546875000001 0.777446875 0.54451875 0.7858796875 0.5446421875 0.7933203125 0.541790625 0.7986109375 0.5338546875 0.80125625 0.5202140625 0.8015874999999999 0.493428125 0.799603125 0.4830109375 0.7999343750000001 0.470609375 0.7979499999999999 0.454240625 0.8005953124999999 0.450025 0.8029093749999999 0.4301828125 0.8032406249999999 0.4041421875 0.8005953124999999 0.38355625 0.7949734375 0.3766125 0.7939812500000001 0.36793125 0.795634375 0.354290625 0.8015874999999999 0.3453625 0.8019187499999999 0.28831875 0.7994375 0.2829859375 0.7895171875 0.2814984375 0.7789359375 0.27728125000000003 0.7767859374999999 0.2751734375 0.775959375 0.27058593750000004 0.7617390625 0.26488125 0.7587625 0.2619046875 0.7488421875 0.2609125 0.74454375 0.2619046875 0.7382609375 0.26165625000000003 0.7347890625 0.2630203125 0.7374343750000001 0.2704609375 0.737103125 0.28410156249999996 0.7210640625 0.289434375 0.7030421875 0.30270312499999996 0.70238125 0.306175 0.711309375 0.31163124999999997 0.7192453125 0.3200640625 0.722221875 0.3255203125 0.722553125 0.3294890625 0.718915625 0.345609375 0.7136250000000001 0.3532984375 0.715278125 0.3689234375 0.7126328125 0.376115625 0.701884375 0.38194374999999997 0.69510625 0.38777343750000004 0.685846875 0.4001734375 0.6825390625 0.40711875 0.67989375 0.4279515625 0.680225 0.452009375 0.681546875 0.4606890625 0.6855156250000001 0.46713750000000004 0.6865078125 0.475321875 0.6904765625 0.478546875 0.6922953125 0.48164687500000003 0.696759375 0.482515625 0.6990734375 0.48598749999999996
0 0.494009375 0.7846484375 0.499184375 0.7887234375000001 0.5111078124999999 0.787765625 0.5132078124999999 0.7823781249999999 0.511478125 0.7771890625 0.5092187499999999 0.7708515625000001 0.5068125 0.767525 0.5019421875 0.7677421875 0.49825156249999997 0.7667734375 0.489909375 0.7712515625 0.48605625 0.7744921875 0.494009375 0.7846484375
0 0.46543906249999994 0.77351875 0.474815625 0.768721875 0.477825 0.76549375 0.47475781250000004 0.758928125 0.45783281249999996 0.767771875 0.46543906249999994 0.77351875
0 0.4487 0.81575625 0.443525 0.8193640625 0.44574218749999994 0.8237640624999999 0.44898906250000004 0.8251609375 0.458178125 0.8222984375 0.4587671875 0.8173078125 0.45382656250000003 0.8150109375 0.4487 0.81575625
0 0.5130125 0.899759375 0.5113828125000001 0.8967609375000001 0.50760625 0.9000015625 0.507565625 0.903896875 0.5174921875 0.906096875 0.5218765624999999 0.9055015624999999 0.5193875 0.9030859375 0.5130125 0.899759375
0 0.742253125 0.9398046875 0.7378625000000001 0.9357640625 0.7292515625 0.93579375 0.7269734375 0.938709375 0.72261875 0.9375203125 0.7158328125 0.9368203125000001 0.711975 0.9402171875 0.7068640625 0.94214375 0.704690625 0.945596875 0.711190625 0.9459328125 0.7275203125 0.9425203124999999 0.7337515625 0.9423984375 0.742253125 0.9398046875
0 0.7776984375 0.97418125 0.7801828125 0.985221875 0.7874453124999999 0.9876921875000001 0.7906187499999999 0.9831640625 0.7915734375000001 0.9447484375 0.790278125 0.8951328125 0.7816515625 0.9024734375 0.7747578125000001 0.9074875 0.7713859375000001 0.9098640625 0.7683671875 0.9143593750000001 0.7730703125 0.9223343749999999 0.7741296875 0.925734375 0.7736421874999999 0.9303140624999999 0.77929375 0.93176875 0.7814890625 0.9399953125 0.77134375 0.95141875 0.7698515625 0.9602875 0.7743421875000001 0.9657484375 0.7776984375 0.97418125
0 0.3191125 0.220703125 0.32997031250000003 0.2132515625 0.33105625 0.20299375 0.32560625 0.1930890625 0.3245015625 0.1865515625 0.331609375 0.18321875 0.3278828125 0.1795546875 0.32290312499999996 0.17951250000000002 0.31541406250000004 0.173921875 0.30755625000000003 0.18052656250000002 0.30962812500000003 0.18387343750000001 0.3108453125 0.1930734375 0.3111359375 0.20178124999999997 0.31295937500000004 0.21607500000000002 0.3191125 0.220703125
0 0.35612499999999997 0.15665 0.35977187499999996 0.15112343749999999 0.36294218749999996 0.14666875 0.364765625 0.14290624999999998 0.3596265625 0.1400546875 0.35603281249999996 0.134765625 0.351134375 0.13826875 0.34381249999999997 0.1416375 0.3431890625 0.1528296875 0.3400953125 0.1609015625 0.3454015625 0.165309375 0.34862187499999997 0.1663921875 0.35393125 0.1620359375 0.35612499999999997 0.15665
0 0.3121 0.11733281250000001 0.314003125 0.1250953125 0.313878125 0.1304453125 0.318578125 0.1333359375 0.321615625 0.129946875 0.32470625000000003 0.12677812500000002 0.3233125 0.1222234375 0.323025 0.120321875 0.3223953125 0.11495312499999999 0.3121 0.11733281250000001
0 0.33209062500000003 0.1799734375 0.335128125 0.189053125 0.346540625 0.190171875 0.3557296875 0.189928125 0.3632296875 0.1862015625 0.366478125 0.1787140625 0.36474843749999997 0.17178125 0.3568765625 0.1698796875 0.351040625 0.16793125 0.33426875 0.1701609375 0.33209062500000003 0.1799734375
0 0.33180156250000004 0.058699999999999995 0.33563125 0.0623265625 0.33985625 0.060346875 0.33956718750000003 0.0567828125 0.3387015625 0.0529015625 0.3353921875 0.048625 0.3315203125 0.048248437500000005 0.3289 0.0496203125 0.328025 0.0539171875 0.33180156250000004 0.058699999999999995