0 0.5119625 0.6005796875 0.5199453125 0.59671875 0.5282890625000001 0.595446875 0.53610625 0.594915625 0.54975625 0.591628125 0.5557890624999999 0.5967953125000001 0.5560953125 0.6039265625 0.5554359375 0.616984375 0.5564578124999999 0.618396875 0.5617953124999999 0.62346875 0.5635515625 0.6076953125 0.5642 0.5979203125 0.56125 0.593275 0.5561828125 0.5903171875 0.5494875 0.5857734375 0.545428125 0.5818921875 0.5434453125 0.5744984375 0.5419796875 0.5690062499999999 0.5381890625 0.5683625 0.5335359375000001 0.5649031250000001 0.5226265625 0.57015 0.51404375 0.5545109375 0.50916875 0.5441640624999999 0.4968640625 0.539321875 0.488675 0.5408140625 0.48659375000000005 0.5509078125 0.4832859375 0.5594718750000001 0.4824046875 0.574446875 0.484571875 0.5830765625 0.49002187499999994 0.5919703125 0.4978734375 0.5937015625 0.502784375 0.5923468749999999 0.499634375 0.6033609375 0.495109375 0.609525 0.4994546875 0.61109375 0.507315625 0.6079203125 0.5119625 0.6005796875
0 0.3121015625 0.6050796875 0.3130125 0.5980546875 0.31289531249999997 0.5924953125 0.3111625 0.5854546875 0.304571875 0.58039375 0.29927187499999997 0.5643734375 0.2956390625 0.5726234375 0.29459375 0.5790656249999999 0.29550312500000003 0.5830265625 0.2972109375 0.5935390625 0.29648281249999997 0.6043640625 0.2967 0.6142375 0.2979484375 0.619940625 0.2992765625 0.6297078125 0.300209375 0.6364687499999999 0.303478125 0.6451828125 0.30866875 0.6498859375 0.3103703125 0.6438140625 0.310490625 0.63651875 0.304040625 0.6203578125 0.306396875 0.615165625 0.3082 0.6075984375 0.3121015625 0.6050796875
0 0.33099375000000003 0.6540359375 0.33099375000000003 0.64505 0.3299109375 0.6368046875 0.32713437500000003 0.6262546875 0.3220078125 0.6128750000000001 0.31928125 0.6154046875 0.3167796875 0.6242765625 0.317315625 0.6331484374999999 0.31941406250000004 0.6376921875 0.3213546875 0.6422859375 0.32365468750000004 0.6506328124999999 0.3225484375 0.6607296875 0.31985312499999996 0.6685703125 0.318471875 0.6760171875000001 0.318471875 0.6839375000000001 0.3187484375 0.695346875 0.322553125 0.7022406250000001 0.3274109375 0.6903718750000001 0.32645 0.6839734375 0.3264328125 0.673775 0.3290484375 0.665675 0.33099375000000003 0.6540359375
0 0.561959375 0.5293046875 0.5649578125 0.5373640625 0.5710828125 0.5430515625 0.581496875 0.54524375 0.592984375 0.5554140624999999 0.600896875 0.5623609375 0.604740625 0.555375 0.6068390625 0.5501359375 0.6062875 0.5414109375 0.6032578125 0.5318390625 0.59421875 0.52598125 0.578753125 0.5256968750000001 0.5780062499999999 0.5237671875000001 0.5742109375 0.524090625 0.561959375 0.5293046875
0 0.5956 0.487140625 0.601046875 0.478271875 0.6003453125 0.47385 0.5946890625 0.469678125 0.5905828125 0.46918125 0.5866796875 0.4702125 0.5811531249999999 0.4765 0.583071875 0.48480625 0.5881546875 0.4861328125 0.5956 0.487140625
0 0.42409687500000004 0.663375 0.41935625 0.6631671875 0.411053125 0.6683250000000001 0.41072031249999996 0.6745015624999999 0.41484062499999996 0.6794156250000001 0.42082031249999996 0.6798671875 0.42300000000000004 0.671303125 0.42097656250000004 0.666353125 0.42409687500000004 0.663375
0 0.39139375 0.6648203125000001 0.38843125 0.670084375 0.389240625 0.6823640625 0.3933015625 0.67786875 0.4018625 0.662796875 0.408596875 0.6577046875 0.408046875 0.654209375 0.396703125 0.6452218750000001 0.3930875 0.646628125 0.3903296875 0.6497437500000001 0.3910234375 0.6562390625 0.394509375 0.66315625 0.39139375 0.6648203125000001
0 0.37508906249999996 0.6755312499999999 0.3776625 0.67155 0.3774453125 0.666775 0.375421875 0.6612609375 0.3691921875 0.6631843749999999 0.36751875 0.667171875 0.3664734375 0.6740890625 0.36788125 0.6798734375000001 0.3718015625 0.6818796875 0.3740578125 0.6766078125 0.37508906249999996 0.6755312499999999
0 0.4068921875 0.7148328125 0.40319374999999996 0.7092734375 0.402175 0.7038125 0.4004671875 0.6965203125 0.3958125 0.697690625 0.3926953125 0.7059046875 0.3914796875 0.7093359375 0.386503125 0.710134375 0.3850265625 0.7191125 0.3879 0.7238921875 0.39230156250000003 0.730946875 0.3955890625 0.7372578125 0.405015625 0.736609375 0.40923125000000005 0.732240625 0.4088 0.7238374999999999 0.4067765625 0.7188218749999999 0.4068921875 0.7148328125
0 0.43962812500000004 0.8184250000000001 0.4281 0.8253609375 0.42154375 0.833421875 0.419453125 0.844509375 0.42119687499999997 0.85803125 0.42816875000000004 0.86165 0.4347015625 0.8602921875 0.43973125 0.8564578125000001 0.4457328125 0.8485390625000001 0.4478140625 0.8418078124999999 0.447996875 0.8309046875 0.449659375 0.8272078125 0.45568125000000004 0.825475 0.44066875000000005 0.8123796875 0.4419921875 0.8170515625 0.43962812500000004 0.8184250000000001
0 0.38694375000000003 0.8125937499999999 0.387875 0.820146875 0.3926484375 0.8245578124999999 0.4009265625 0.8267 0.404728125 0.8246609375 0.4041984375 0.820996875 0.40546718750000005 0.8121328125 0.406834375 0.8079734375 0.4080234375 0.8027703125000001 0.4045828125 0.7947015625 0.40326874999999995 0.7950796875 0.398540625 0.79695625 0.39125 0.8025578124999999 0.38694375000000003 0.8125937499999999
0 0.65511875 0.9058484375000001 0.6498078125 0.91160625 0.6489812500000001 0.9234453125 0.65273125 0.9368734375000001 0.6549484375 0.93745625 0.6577015625 0.930109375 0.6588734374999999 0.9199624999999999 0.6575453125 0.9070406249999999 0.65511875 0.9058484375000001
0 0.6636359374999999 0.589846875 0.6624140625 0.5959749999999999 0.6671890625 0.6006421875 0.6704656250000001 0.5831234375000001 0.6651203125 0.5823609375000001 0.6636359374999999 0.589846875
0 0.7099546875 0.060671875 0.7127265625 0.06233593750000001 0.714546875 0.0588171875 0.7143312500000001 0.056615625 0.71180625 0.046846874999999996 0.7088859375000001 0.0496375 0.7077546875 0.051960937500000005 0.7099546875 0.060671875
0 0.364759375 0.9995703125000001 0.36565156249999997 0.9823359375 0.3662328125 0.969359375 0.3579703125 0.9578921875 0.35591249999999997 0.9546093750000001 0.35483125000000004 0.9586218750000001 0.3540625 0.9659609375 0.3557078125 0.978321875 0.358203125 0.9894109375 0.361590625 1 0.364759375 0.9995703125000001
0 0.4539375 0.79151875 0.450875 0.79244375 0.44692499999999996 0.7964562500000001 0.4478765625 0.8028703125 0.45013437500000003 0.8042953125000001 0.45603437500000005 0.8030156249999999 0.45900468749999995 0.7958999999999999 0.45676249999999996 0.7908953125 0.4539375 0.79151875
0 0.5174609375 0.679359375 0.5262703125 0.6668499999999999 0.5378609375 0.65865 0.5574921875000001 0.6513796875 0.5673171875 0.64640625 0.5837453125 0.631159375 0.58223125 0.6311140625 0.577846875 0.6237234375 0.5727609375 0.6224093749999999 0.56685 0.6241015625 0.56039375 0.6404359375 0.5408640625000001 0.642803125 0.53703125 0.6441250000000001 0.52638125 0.648890625 0.5183828125 0.652384375 0.5104015625 0.6628437500000001 0.506634375 0.66085 0.5052015625 0.6560796875 0.49638125000000005 0.6553453124999999 0.4984484375 0.669365625 0.5028484375 0.6799593749999999 0.5107781250000001 0.6825265625 0.5174609375 0.679359375