0 0.5569546875 0.314909375 0.5504359375 0.3122140625 0.547465625 0.30644375 0.5379796875 0.30653437499999997 0.5344625 0.30517500000000003 0.5312046875 0.3023703125 0.5231250000000001 0.302584375 0.5178625 0.3057578125 0.5145515625 0.3094875 0.5118703124999999 0.316415625 0.5106640625 0.319971875 0.5084734375 0.32546875000000003 0.505009375 0.32546875000000003 0.499403125 0.32965625 0.4984171875 0.335740625 0.4986296875 0.3404921875 0.50781875 0.34471250000000003 0.5134671875000001 0.3450734375 0.5149109375 0.34928906249999997 0.5176093749999999 0.34989375 0.523975 0.34921406250000003 0.527084375 0.347221875 0.5337562499999999 0.34364218750000003 0.5357093749999999 0.34314374999999997 0.5385109375 0.3437046875 0.5444984374999999 0.34243437499999996 0.5477000000000001 0.3431765625 0.551796875 0.3418625 0.5560515625 0.3386046875 0.5567953125 0.3365671875 0.5565562500000001 0.33280937499999996 0.560271875 0.32846406250000004 0.5627609375 0.3249359375 0.562809375 0.3199578125 0.5594984375000001 0.31590625 0.5569546875 0.314909375
0 0.503590625 0.3027390625 0.505140625 0.300975 0.50468125 0.298146875 0.50164375 0.29629062500000003 0.49604218749999995 0.2988734375 0.49487031249999996 0.3031546875 0.4965140625 0.3040984375 0.5000171875 0.3039171875 0.503590625 0.3027390625
0 0.349340625 0.2950171875 0.346540625 0.30194062499999996 0.3418890625 0.30267499999999997 0.3342171875 0.30710000000000004 0.329965625 0.3084328125 0.322590625 0.311275 0.31684999999999997 0.313840625 0.31325 0.31535 0.3112828125 0.3187390625 0.31007656250000004 0.3212046875 0.3048140625 0.3210234375 0.30355781249999997 0.3168125 0.30219843750000003 0.312353125 0.29917812499999996 0.3102484375 0.29510468749999996 0.3093640625 0.288653125 0.309290625 0.28489375 0.3052109375 0.285228125 0.2967484375 0.28212031249999997 0.28936875 0.280303125 0.2866953125 0.2681265625 0.285071875 0.266596875 0.290484375 0.2673890625 0.2969859375 0.2725171875 0.30739375 0.26999062500000004 0.31156562499999996 0.2685296875 0.3230625 0.2670515625 0.32822968750000003 0.26731875 0.3319484375 0.270653125 0.33824062499999996 0.2768640625 0.338734375 0.2799 0.3374890625 0.2844640625 0.3340703125 0.289496875 0.3338234375 0.29133593750000003 0.33559843749999996 0.295415625 0.3361578125 0.29893593749999997 0.33470625 0.30312968749999997 0.3371796875 0.31288125 0.3468265625 0.319190625 0.352078125 0.32196875 0.355990625 0.32887343750000003 0.35862656249999997 0.33381875 0.35724374999999997 0.3366203125 0.3567453125 0.34663125 0.3562015625 0.35373125 0.3546828125 0.35815312499999996 0.35591875 0.36619687500000003 0.3590234375 0.3730703125 0.355896875 0.3773 0.350890625 0.379784375 0.34547812499999997 0.3834046875 0.3442765625 0.39115625 0.34133125 0.3922421875 0.343878125 0.4004984375 0.3414546875 0.4091609375 0.33862187499999996 0.4127140625 0.3357015625 0.41326875 0.32913749999999997 0.41376875 0.3196265625 0.4083578125 0.309975 0.3996953125 0.3016375 0.3946296875 0.29934531249999996 0.3827328125 0.29286093750000003 0.3819515625 0.2926125 0.37322500000000003 0.28912031250000003 0.3698125 0.2915703125 0.36422656249999996 0.2984953125 0.362834375 0.29727031249999997 0.3608140625 0.2945078125 0.3548234375 0.292171875 0.3495265625 0.29434062499999997 0.349340625 0.2950171875
0 0.25795625 0.315378125 0.26048593750000004 0.31137187499999996 0.2631703125 0.305803125 0.2656984375 0.30073125 0.26735000000000003 0.2962265625 0.2629015625 0.2939359375 0.2618140625 0.2942515625 0.2563828125 0.290015625 0.25130625 0.2908109375 0.2470453125 0.29458125 0.244040625 0.29778906250000003 0.2452375 0.30309375 0.24720625 0.3083140625 0.24967343749999998 0.3115734375 0.25135625 0.3147125 0.255096875 0.3162390625 0.25795625 0.315378125
0 0.028640624999999996 0.322465625 0.0250265625 0.321646875 0.0240078125 0.3268421875 0.025904687500000002 0.330078125 0.028568749999999997 0.3310671875 0.029715625000000002 0.3289625 0.030220312500000002 0.325746875 0.028640624999999996 0.322465625
0 0.1704421875 0.3989328125 0.1673375 0.3973453125 0.1659125 0.3985171875 0.1668609375 0.401903125 0.1685453125 0.40293437499999996 0.1701265625 0.4026859375 0.1708484375 0.40074062499999996 0.1704421875 0.3989328125
0 0.7377234374999999 0.321428125 0.7397078125000001 0.32010625 0.743303125 0.31431875 0.7419390625 0.3111765625 0.7358625 0.3093578125 0.733259375 0.3098546875 0.7291671875 0.3149796875 0.7317703125 0.31944374999999997 0.7377234374999999 0.321428125
0 0.84995 0.319940625 0.8468500000000001 0.31646874999999997 0.842509375 0.3156421875 0.8391609375 0.31746093750000004 0.8377968750000001 0.319940625 0.83755 0.331184375 0.8391609375 0.3353171875 0.8446187500000001 0.33664062499999997 0.8468500000000001 0.3389546875 0.8485859375 0.338625 0.84995 0.33647499999999997 0.84995 0.319940625
0 0.8180796875 0.30621718750000004 0.8170890625 0.3042328125 0.8121281249999999 0.3005953125 0.808284375 0.3007609375 0.80394375 0.3015875 0.8033234374999999 0.30274531250000003 0.803075 0.31068125 0.800346875 0.3149796875 0.7991078125 0.3192796875 0.800471875 0.325396875 0.807415625 0.3267203125 0.8113843749999999 0.325396875 0.8156000000000001 0.3148140625 0.8169640625 0.320271875 0.819071875 0.32308125 0.8227921874999999 0.325065625 0.8280015625000001 0.3244046875 0.8302328125 0.32308125 0.8355656249999999 0.3149796875 0.8353171875 0.30836562500000003 0.831721875 0.30522499999999997 0.8270093749999999 0.30522499999999997 0.823040625 0.30820156249999997 0.8180796875 0.30621718750000004
0 0.21953125 0.5421875 0.225 0.53984375 0.2171875 0.53515625 0.21953125 0.5421875
0 0.834375 0.28515625 0.8296875 0.28984375 0.83515625 0.29375 0.84375 0.28828125 0.834375 0.28515625
0 0.8734375 0.63515625 0.87890625 0.6375 0.875 0.62890625 0.8734375 0.63515625
0 0.503125 0.97265625 0.5 0.98359375 0.50703125 0.9875 0.509375 0.97578125 0.503125 0.97265625
0 0.46328125 0.8859375 0.4640625 0.87890625 0.4578125 0.87890625 0.46328125 0.8859375
0 0.48125 0.51796875 0.47734375 0.53125 0.4953125 0.52421875 0.48984375 0.5171875 0.48125 0.51796875