0 0.4824046875 0.425553125 0.4832859375 0.440528125 0.48659375000000005 0.44909218749999996 0.488675 0.45918593750000003 0.4968640625 0.460678125 0.50916875 0.4558359375 0.51404375 0.4454890625 0.5226265625 0.42984999999999995 0.5335359375000001 0.435096875 0.5381890625 0.4316375 0.5419796875 0.43099375 0.5434453125 0.42550156250000004 0.545428125 0.4181078125 0.5494875 0.4142265625 0.5561828125 0.4096828125 0.56125 0.40672499999999995 0.5642 0.4020796875 0.5635515625 0.39230468749999997 0.5617953124999999 0.37653125 0.5564578124999999 0.381603125 0.5554359375 0.38301562499999997 0.5560953125 0.3960734375 0.5557890624999999 0.4032046875 0.54975625 0.408371875 0.53610625 0.40508437500000005 0.5282890625000001 0.40455312499999996 0.5199453125 0.40328125000000004 0.5119625 0.3994203125 0.507315625 0.3920796875 0.4994546875 0.38890625 0.495109375 0.390475 0.499634375 0.3966390625 0.502784375 0.40765312500000006 0.4978734375 0.4062984375 0.49002187499999994 0.4080296875 0.484571875 0.41692343750000005 0.4824046875 0.425553125
0 0.2992765625 0.3702921875 0.2979484375 0.380059375 0.2967 0.3857625 0.29648281249999997 0.3956359375 0.2972109375 0.4064609375 0.29550312500000003 0.4169734375 0.29459375 0.420934375 0.2956390625 0.4273765625 0.29927187499999997 0.4356265625 0.304571875 0.41960625 0.3111625 0.41454531250000004 0.31289531249999997 0.4075046875 0.3130125 0.4019453125 0.3121015625 0.3949203125 0.3082 0.3924015625 0.306396875 0.384834375 0.304040625 0.3796421875 0.310490625 0.36348125 0.3103703125 0.3561859375 0.30866875 0.3501140625 0.303478125 0.3548171875 0.300209375 0.36353125 0.2992765625 0.3702921875
0 0.31985312499999996 0.3314296875 0.3225484375 0.3392703125 0.32365468750000004 0.3493671875 0.3213546875 0.35771406250000004 0.31941406250000004 0.3623078125 0.317315625 0.3668515625 0.3167796875 0.3757234375 0.31928125 0.3845953125 0.3220078125 0.387125 0.32713437500000003 0.3737453125 0.3299109375 0.3631953125 0.33099375000000003 0.35495 0.33099375000000003 0.3459640625 0.3290484375 0.334325 0.3264328125 0.326225 0.32645 0.3160265625 0.3274109375 0.30962812500000003 0.322553125 0.297759375 0.3187484375 0.304653125 0.318471875 0.3160625 0.318471875 0.3239828125 0.31985312499999996 0.3314296875
0 0.600896875 0.4376390625 0.592984375 0.44458593750000003 0.581496875 0.45475625 0.5710828125 0.4569484375 0.5649578125 0.4626359375 0.561959375 0.4706953125 0.5742109375 0.47590937499999997 0.5780062499999999 0.4762328125 0.578753125 0.47430312499999994 0.59421875 0.47401875000000004 0.6032578125 0.4681609375 0.6062875 0.45858906250000003 0.6068390625 0.4498640625 0.604740625 0.444625 0.600896875 0.4376390625
0 0.5956 0.512859375 0.5881546875 0.5138671875 0.583071875 0.51519375 0.5811531249999999 0.5235000000000001 0.5866796875 0.5297875000000001 0.5905828125 0.53081875 0.5946890625 0.530321875 0.6003453125 0.52615 0.601046875 0.521728125 0.5956 0.512859375
0 0.42097656250000004 0.333646875 0.42300000000000004 0.328696875 0.42082031249999996 0.3201328125 0.41484062499999996 0.32058437500000003 0.41072031249999996 0.32549843749999996 0.411053125 0.331675 0.41935625 0.3368328125 0.42409687500000004 0.336625 0.42097656250000004 0.333646875
0 0.3933015625 0.32213125 0.389240625 0.3176359375 0.38843125 0.329915625 0.39139375 0.3351796875 0.394509375 0.33684375 0.3910234375 0.34376093750000003 0.3903296875 0.35025625 0.3930875 0.353371875 0.396703125 0.354778125 0.408046875 0.345790625 0.408596875 0.3422953125 0.4018625 0.337203125 0.3933015625 0.32213125
0 0.3776625 0.32845 0.37508906249999996 0.32446875 0.3740578125 0.3233921875 0.3718015625 0.3181203125 0.36788125 0.3201265625 0.3664734375 0.3259109375 0.36751875 0.332828125 0.3691921875 0.336815625 0.375421875 0.3387390625 0.3774453125 0.333225 0.3776625 0.32845
0 0.386503125 0.289865625 0.3914796875 0.2906640625 0.3926953125 0.2940953125 0.3958125 0.302309375 0.4004671875 0.3034796875 0.402175 0.2961875 0.40319374999999996 0.2907265625 0.4068921875 0.28516718750000003 0.4067765625 0.281178125 0.4088 0.2761625 0.40923125000000005 0.267759375 0.405015625 0.263390625 0.3955890625 0.2627421875 0.39230156250000003 0.269053125 0.3879 0.2761078125 0.3850265625 0.2808875 0.386503125 0.289865625
0 0.4347015625 0.1397078125 0.42816875000000004 0.13835 0.42119687499999997 0.14196875 0.419453125 0.155490625 0.42154375 0.166578125 0.4281 0.1746390625 0.43962812500000004 0.181575 0.4419921875 0.1829484375 0.44066875000000005 0.1876203125 0.45568125000000004 0.17452499999999999 0.449659375 0.1727921875 0.447996875 0.1690953125 0.4478140625 0.1581921875 0.4457328125 0.1514609375 0.43973125 0.1435421875 0.4347015625 0.1397078125
0 0.404728125 0.1753390625 0.4009265625 0.1733 0.3926484375 0.1754421875 0.387875 0.179853125 0.38694375000000003 0.18740625 0.39125 0.1974421875 0.398540625 0.20304375000000002 0.40326874999999995 0.2049203125 0.4045828125 0.2052984375 0.4080234375 0.1972296875 0.406834375 0.1920265625 0.40546718750000005 0.1878671875 0.4041984375 0.17900312499999999 0.404728125 0.1753390625
0 0.6575453125 0.092959375 0.6588734374999999 0.0800375 0.6577015625 0.069890625 0.6549484375 0.06254375 0.65273125 0.06312656250000001 0.6489812500000001 0.0765546875 0.6498078125 0.08839375000000001 0.65511875 0.0941515625 0.6575453125 0.092959375
0 0.6624140625 0.404025 0.6636359374999999 0.410153125 0.6651203125 0.4176390625 0.6704656250000001 0.4168765625 0.6671890625 0.3993578125 0.6624140625 0.404025
0 0.7088859375000001 0.9503625 0.71180625 0.953153125 0.7143312500000001 0.9433843749999999 0.714546875 0.9411828124999999 0.7127265625 0.9376640625 0.7099546875 0.939328125 0.7077546875 0.9480390625 0.7088859375000001 0.9503625
0 0.36565156249999997 0.0176640625 0.364759375 0.00042968750000000006 0.361590625 0 0.358203125 0.0105890625 0.3557078125 0.021678125 0.3540625 0.0340390625 0.35483125000000004 0.041378125 0.35591249999999997 0.045390625000000004 0.3579703125 0.0421078125 0.3662328125 0.030640624999999998 0.36565156249999997 0.0176640625
0 0.45676249999999996 0.2091046875 0.45900468749999995 0.2041 0.45603437500000005 0.196984375 0.45013437500000003 0.1957046875 0.4478765625 0.19712968749999998 0.44692499999999996 0.20354375 0.450875 0.20755625000000003 0.4539375 0.20848125 0.45676249999999996 0.2091046875
0 0.52638125 0.351109375 0.53703125 0.355875 0.5408640625000001 0.35719687499999997 0.56039375 0.3595640625 0.56685 0.37589843749999996 0.5727609375 0.37759062499999996 0.577846875 0.3762765625 0.58223125 0.3688859375 0.5837453125 0.368840625 0.5673171875 0.35359375000000004 0.5574921875000001 0.3486203125 0.5378609375 0.34135 0.5262703125 0.33315 0.5174609375 0.320640625 0.5107781250000001 0.3174734375 0.5028484375 0.32004062499999997 0.4984484375 0.330634375 0.49638125000000005 0.3446546875 0.5052015625 0.3439203125 0.506634375 0.33915 0.5104015625 0.33715625 0.5183828125 0.347615625 0.52638125 0.351109375