0 0.69510625 0.6122265625 0.701884375 0.61805625 0.7126328125 0.623884375 0.715278125 0.6310765625 0.7136250000000001 0.6467015625 0.718915625 0.654390625 0.722553125 0.6705109375 0.722221875 0.6744796875 0.7192453125 0.6799359375 0.711309375 0.68836875 0.70238125 0.693825 0.7030421875 0.6972968749999999 0.7210640625 0.710565625 0.737103125 0.7158984375 0.7374343750000001 0.7295390625 0.7347890625 0.7369796875 0.7382609375 0.7383437500000001 0.74454375 0.7380953124999999 0.7488421875 0.7390875 0.7587625 0.7380953124999999 0.7617390625 0.73511875 0.775959375 0.7294140625 0.7767859374999999 0.7248265625 0.7789359375 0.7227187500000001 0.7895171875 0.7185015625 0.7994375 0.7170140625 0.8019187499999999 0.71168125 0.8015874999999999 0.6546375 0.795634375 0.645709375 0.7939812500000001 0.63206875 0.7949734375 0.6233875 0.8005953124999999 0.61644375 0.8032406249999999 0.5958578125 0.8029093749999999 0.5698171875 0.8005953124999999 0.549975 0.7979499999999999 0.545759375 0.7999343750000001 0.529390625 0.799603125 0.5169890625 0.8015874999999999 0.506571875 0.80125625 0.4797859375 0.7986109375 0.4661453125 0.7933203125 0.45820937500000003 0.7858796875 0.45535781249999996 0.777446875 0.45548124999999995 0.7713296875 0.45684531249999993 0.757440625 0.46478125 0.7372687499999999 0.4739578125 0.7194109375 0.4841265625 0.709821875 0.4928078125 0.69874375 0.4993796875 0.697090625 0.5016125 0.697090625 0.5040921875000001 0.6990734375 0.5140125 0.696759375 0.517484375 0.6922953125 0.518353125 0.6904765625 0.5214531250000001 0.6865078125 0.524678125 0.6855156250000001 0.5328625 0.681546875 0.5393109375 0.680225 0.547990625 0.67989375 0.5720484375 0.6825390625 0.59288125 0.685846875 0.5998265625 0.69510625 0.6122265625
0 0.494009375 0.21535156249999998 0.48605625 0.2255078125 0.489909375 0.2287484375 0.49825156249999997 0.23322656249999998 0.5019421875 0.23225781250000002 0.5068125 0.232475 0.5092187499999999 0.2291484375 0.511478125 0.22281093749999997 0.5132078124999999 0.217621875 0.5111078124999999 0.21223437500000003 0.499184375 0.21127656250000001 0.494009375 0.21535156249999998
0 0.45783281249999996 0.232228125 0.47475781250000004 0.241071875 0.477825 0.23450625 0.474815625 0.231278125 0.46543906249999994 0.22648125000000002 0.45783281249999996 0.232228125
0 0.44898906250000004 0.1748390625 0.44574218749999994 0.1762359375 0.443525 0.1806359375 0.4487 0.18424374999999998 0.45382656250000003 0.1849890625 0.4587671875 0.1826921875 0.458178125 0.1777015625 0.44898906250000004 0.1748390625
0 0.507565625 0.096103125 0.50760625 0.09999843750000001 0.5113828125000001 0.10323906249999999 0.5130125 0.100240625 0.5193875 0.0969140625 0.5218765624999999 0.0944984375 0.5174921875 0.093903125 0.507565625 0.096103125
0 0.7378625000000001 0.06423593749999999 0.742253125 0.0601953125 0.7337515625 0.0576015625 0.7275203125 0.0574796875 0.711190625 0.0540671875 0.704690625 0.054403125 0.7068640625 0.05785625 0.711975 0.059782812500000004 0.7158328125 0.0631796875 0.72261875 0.062479687500000006 0.7269734375 0.061290625 0.7292515625 0.06420624999999999 0.7378625000000001 0.06423593749999999
0 0.7747578125000001 0.0925125 0.7816515625 0.0975265625 0.790278125 0.10486718749999999 0.7915734375000001 0.0552515625 0.7906187499999999 0.016835937500000002 0.7874453124999999 0.0123078125 0.7801828125 0.014778125 0.7776984375 0.02581875 0.7743421875000001 0.0342515625 0.7698515625 0.0397125 0.77134375 0.04858125 0.7814890625 0.0600046875 0.77929375 0.06823125 0.7736421874999999 0.06968593749999999 0.7741296875 0.074265625 0.7730703125 0.077665625 0.7683671875 0.085640625 0.7713859375000001 0.0901359375 0.7747578125000001 0.0925125
0 0.32560625 0.8069109375 0.33105625 0.79700625 0.32997031250000003 0.7867484375 0.3191125 0.779296875 0.31295937500000004 0.783925 0.3111359375 0.79821875 0.3108453125 0.8069265624999999 0.30962812500000003 0.8161265625 0.30755625000000003 0.8194734374999999 0.31541406250000004 0.8260781250000001 0.32290312499999996 0.8204874999999999 0.3278828125 0.8204453125000001 0.331609375 0.81678125 0.3245015625 0.8134484375 0.32560625 0.8069109375
0 0.36294218749999996 0.8533312499999999 0.35977187499999996 0.8488765624999999 0.35612499999999997 0.84335 0.35393125 0.8379640625 0.34862187499999997 0.8336078125 0.3454015625 0.834690625 0.3400953125 0.8390984375 0.3431890625 0.8471703125 0.34381249999999997 0.8583624999999999 0.351134375 0.8617312500000001 0.35603281249999996 0.865234375 0.3596265625 0.8599453125000001 0.364765625 0.85709375 0.36294218749999996 0.8533312499999999
0 0.323025 0.8796781250000001 0.3233125 0.8777765625 0.32470625000000003 0.8732218749999999 0.321615625 0.8700531249999999 0.318578125 0.8666640624999999 0.313878125 0.8695546875 0.314003125 0.8749046875 0.3121 0.8826671875000001 0.3223953125 0.8850468749999999 0.323025 0.8796781250000001
0 0.33426875 0.8298390625 0.351040625 0.83206875 0.3568765625 0.8301203125000001 0.36474843749999997 0.8282187499999999 0.366478125 0.8212859375000001 0.3632296875 0.8137984375 0.3557296875 0.810071875 0.346540625 0.8098281249999999 0.335128125 0.810946875 0.33209062500000003 0.8200265625000001 0.33426875 0.8298390625
0 0.3289 0.9503796875000001 0.3315203125 0.9517515624999999 0.3353921875 0.951375 0.3387015625 0.9470984375 0.33956718750000003 0.9432171874999999 0.33985625 0.9396531250000001 0.33563125 0.9376734375 0.33180156250000004 0.9413 0.328025 0.9460828125 0.3289 0.9503796875000001