0 0.4614890625 0.3437046875 0.464290625 0.34314374999999997 0.46624375 0.34364218750000003 0.472915625 0.347221875 0.47602500000000003 0.34921406250000003 0.482390625 0.34989375 0.4850890625 0.34928906249999997 0.48653281249999997 0.3450734375 0.49218124999999996 0.34471250000000003 0.5013703125 0.3404921875 0.5015828124999999 0.335740625 0.500596875 0.32965625 0.49499062499999996 0.32546875000000003 0.4915265625 0.32546875000000003 0.48933593750000004 0.319971875 0.4881296875 0.316415625 0.4854484375 0.3094875 0.4821375 0.3057578125 0.476875 0.302584375 0.4687953125 0.3023703125 0.46553750000000005 0.30517500000000003 0.4620203125 0.30653437499999997 0.45253437500000004 0.30644375 0.44956406250000003 0.3122140625 0.44304531249999995 0.314909375 0.4405015625 0.31590625 0.43719062500000005 0.3199578125 0.43723906250000005 0.3249359375 0.43972812499999997 0.32846406250000004 0.44344374999999997 0.33280937499999996 0.4432046875 0.3365671875 0.4439484375 0.3386046875 0.44820312500000004 0.3418625 0.4523 0.3431765625 0.4555015625 0.34243437499999996 0.4614890625 0.3437046875
0 0.5051296875 0.3031546875 0.5039578125 0.2988734375 0.49835624999999995 0.29629062500000003 0.49531875000000003 0.298146875 0.494859375 0.300975 0.496409375 0.3027390625 0.4999828125 0.3039171875 0.5034859375 0.3040984375 0.5051296875 0.3031546875
0 0.6003046875 0.3016375 0.5916421875 0.309975 0.58623125 0.3196265625 0.5867312499999999 0.32913749999999997 0.5872859375 0.3357015625 0.5908390625 0.33862187499999996 0.5995015625 0.3414546875 0.6077578124999999 0.343878125 0.60884375 0.34133125 0.6165953125 0.3442765625 0.6202156249999999 0.34547812499999997 0.6227 0.350890625 0.6269296875 0.355896875 0.633803125 0.3590234375 0.6418468749999999 0.35591875 0.6462687500000001 0.3546828125 0.65336875 0.3562015625 0.6633796875 0.3567453125 0.66618125 0.35724374999999997 0.6711265625 0.35862656249999997 0.67803125 0.355990625 0.680809375 0.352078125 0.68711875 0.3468265625 0.6968703125 0.3371796875 0.7010640625 0.33470625 0.704584375 0.3361578125 0.7086640625 0.33559843749999996 0.710503125 0.3338234375 0.7155359375 0.3340703125 0.7201 0.3374890625 0.7231359375 0.338734375 0.729346875 0.33824062499999996 0.73268125 0.3319484375 0.7329484374999999 0.32822968750000003 0.7314703125 0.3230625 0.7300093750000001 0.31156562499999996 0.7274828125 0.30739375 0.7326109375 0.2969859375 0.7334031249999999 0.290484375 0.7318734375 0.285071875 0.719696875 0.2866953125 0.7178796875 0.28936875 0.7147718750000001 0.2967484375 0.71510625 0.3052109375 0.711346875 0.309290625 0.7048953124999999 0.3093640625 0.700821875 0.3102484375 0.6978015625 0.312353125 0.6964421875 0.3168125 0.6951859375 0.3210234375 0.6899234375 0.3212046875 0.6887171875 0.3187390625 0.68675 0.31535 0.68315 0.313840625 0.677409375 0.311275 0.670034375 0.3084328125 0.6657828125 0.30710000000000004 0.6581109374999999 0.30267499999999997 0.653459375 0.30194062499999996 0.650659375 0.2950171875 0.6504734375 0.29434062499999997 0.6451765625 0.292171875 0.6391859375 0.2945078125 0.637165625 0.29727031249999997 0.6357734374999999 0.2984953125 0.6301875 0.2915703125 0.6267750000000001 0.28912031250000003 0.6180484374999999 0.2926125 0.6172671875 0.29286093750000003 0.6053703125000001 0.29934531249999996 0.6003046875 0.3016375
0 0.7370984375 0.2939359375 0.73265 0.2962265625 0.7343015625 0.30073125 0.7368296875 0.305803125 0.7395140625 0.31137187499999996 0.74204375 0.315378125 0.744903125 0.3162390625 0.74864375 0.3147125 0.7503265625 0.3115734375 0.75279375 0.3083140625 0.7547625 0.30309375 0.755959375 0.29778906250000003 0.7529546875 0.29458125 0.7486937499999999 0.2908109375 0.7436171875 0.290015625 0.7381859375000001 0.2942515625 0.7370984375 0.2939359375
0 0.9740953125 0.330078125 0.9759921874999999 0.3268421875 0.9749734374999999 0.321646875 0.9713593749999999 0.322465625 0.9697796875 0.325746875 0.970284375 0.3289625 0.97143125 0.3310671875 0.9740953125 0.330078125
0 0.8331390624999999 0.401903125 0.8340875000000001 0.3985171875 0.8326625 0.3973453125 0.8295578125 0.3989328125 0.8291515625000001 0.40074062499999996 0.8298734375000001 0.4026859375 0.8314546875 0.40293437499999996 0.8331390624999999 0.401903125
0 0.266740625 0.3098546875 0.2641375 0.3093578125 0.2580609375 0.3111765625 0.256696875 0.31431875 0.2602921875 0.32010625 0.2622765625 0.321428125 0.2682296875 0.31944374999999997 0.2708328125 0.3149796875 0.266740625 0.3098546875
0 0.15005 0.319940625 0.15005 0.33647499999999997 0.1514140625 0.338625 0.15315 0.3389546875 0.15538125 0.33664062499999997 0.1608390625 0.3353171875 0.16245 0.331184375 0.162203125 0.319940625 0.1608390625 0.31746093750000004 0.157490625 0.3156421875 0.15315 0.31646874999999997 0.15005 0.319940625
0 0.1844 0.3148140625 0.188615625 0.325396875 0.192584375 0.3267203125 0.199528125 0.325396875 0.20089218749999999 0.3192796875 0.19965312500000001 0.3149796875 0.196925 0.31068125 0.1966765625 0.30274531250000003 0.19605625 0.3015875 0.191715625 0.3007609375 0.187871875 0.3005953125 0.1829109375 0.3042328125 0.18192031250000001 0.30621718750000004 0.176959375 0.30820156249999997 0.172990625 0.30522499999999997 0.168278125 0.30522499999999997 0.1646828125 0.30836562500000003 0.164434375 0.3149796875 0.1697671875 0.32308125 0.1719984375 0.3244046875 0.1772078125 0.325065625 0.180928125 0.32308125 0.1830359375 0.320271875 0.1844 0.3148140625
0 0.775 0.53984375 0.78046875 0.5421875 0.7828125 0.53515625 0.775 0.53984375
0 0.1703125 0.28984375 0.165625 0.28515625 0.15625 0.28828125 0.16484375 0.29375 0.1703125 0.28984375
0 0.12109375 0.6375 0.1265625 0.63515625 0.125 0.62890625 0.12109375 0.6375
0 0.5 0.98359375 0.496875 0.97265625 0.490625 0.97578125 0.49296875 0.9875 0.5 0.98359375
0 0.5359375 0.87890625 0.53671875 0.8859375 0.5421875 0.87890625 0.5359375 0.87890625
0 0.52265625 0.53125 0.51875 0.51796875 0.51015625 0.5171875 0.5046875 0.52421875 0.52265625 0.53125