0 0.5693796875 0.345434375 0.5732765625 0.3505890625 0.5765453125 0.350928125 0.5772906250000001 0.34493593749999996 0.5783046875 0.3427609375 0.575709375 0.34001562500000004 0.5706828125000001 0.338325 0.568559375 0.340959375 0.5693796875 0.345434375
0 0.3854609375 0.9162828125000001 0.3780625 0.9126406250000001 0.375525 0.915115625 0.3763609375 0.9237890625 0.381221875 0.9259906250000001 0.387525 0.9151781250000001 0.3854609375 0.9162828125000001
0 0.7456078125000001 0.846725 0.751028125 0.8465953125000001 0.752453125 0.8451296875000001 0.75251875 0.83526875 0.7490203125 0.832690625 0.7451515625 0.833503125 0.7423968750000001 0.8396250000000001 0.7456078125000001 0.846725
0 0.760765625 0.8766640625000001 0.7521109375 0.8796796875 0.7408296875 0.8838328125 0.7388796875 0.8901718750000001 0.7429953125 0.89829375 0.7455499999999999 0.89885 0.75688125 0.8921125 0.761575 0.8952625 0.76515625 0.89178125 0.766009375 0.8834125 0.7628640625 0.8782406249999999 0.760765625 0.8766640625000001
0 0.8804500000000001 0.9303171875 0.8854124999999999 0.9285875000000001 0.8870546875 0.9251234374999999 0.885309375 0.9237875000000001 0.8809296874999999 0.921721875 0.8782781249999999 0.9225734375 0.8780734375 0.9272875 0.8804500000000001 0.9303171875
0 0.72569375 0.7789359375 0.719121875 0.7711640625 0.702009375 0.7701718750000001 0.6901046875 0.7767859374999999 0.6786953125 0.7870375000000001 0.66331875 0.7824078125 0.65860625 0.7824078125 0.655134375 0.784721875 0.644965625 0.7876984375 0.6365328124999999 0.785053125 0.631325 0.7857140625000001 0.6251234375 0.7913359375 0.6212796875000001 0.7967921875 0.6197921875 0.8000984375 0.619046875 0.8063828125000001 0.6166921875 0.8105156250000001 0.609003125 0.8148140625 0.6046625 0.819609375 0.59995 0.8315140624999999 0.6001984375 0.8417656250000001 0.6032984375 0.84556875 0.6122265625 0.8482140625 0.6189234375 0.8485453125 0.6236359375 0.8511906249999999 0.6278515625 0.8511906249999999 0.6360359375 0.854828125 0.6388890625 0.8576390625 0.6396328125 0.8645828124999999 0.641740625 0.86739375 0.6672859375 0.86739375 0.6712546875000001 0.8657406249999999 0.6743546874999999 0.8682203124999999 0.6748515625 0.87285 0.6764640625 0.8756609375 0.6830359374999999 0.8781421875 0.6906 0.8756609375 0.698040625 0.8660718749999999 0.7104421875 0.8657406249999999 0.713665625 0.8650796875 0.7158984375 0.8630953124999999 0.722965625 0.8533406250000001 0.728175 0.84408125 0.7313984375 0.8344906249999999 0.7373515625 0.826884375 0.7400796875 0.8209328125 0.7400796875 0.81068125 0.7373515625 0.7971234375 0.7294140625 0.788525 0.72569375 0.7789359375
0 1 0.8134328125 0.99985625 0.8055562500000001 0.9952375 0.809590625 0.9935124999999999 0.8165703125 0.998146875 0.8231703125 1 0.8243484375 1 0.8227046874999999 1 0.8134328125
0 0.9857234375000001 0.9343937499999999 0.9990249999999999 0.9353859375000001 1 0.9255125 0.9957234375 0.9250609375 0.9908734375 0.926546875 0.9857234375000001 0.9343937499999999
0 0.9232203125 0.838365625 0.93184375 0.8413234375 0.9353296875 0.8316796875 0.932040625 0.8300796874999999 0.9249265624999999 0.8325203125 0.9232203125 0.838365625
0 0.85248125 0.9057437500000001 0.850946875 0.908675 0.8510984374999999 0.9145953125 0.8537109375 0.9151921875 0.858821875 0.9125359375000001 0.8575906249999999 0.9078515625 0.85248125 0.9057437500000001
0 0.8762390625 0.4175578125 0.8774 0.41277187499999995 0.8754328125 0.41088281249999997 0.870228125 0.41088281249999997 0.8677171875 0.41213125 0.867071875 0.4166875 0.872121875 0.4207953125 0.8762390625 0.4175578125
0 0.8599671875 0.2816390625 0.8668125 0.2903515625 0.872040625 0.28805468749999996 0.8747953125000001 0.27509843749999996 0.876059375 0.2701703125 0.8888812500000001 0.266384375 0.897084375 0.2583875 0.8871828125000001 0.2586578125 0.8812078124999999 0.2613546875 0.875528125 0.2619109375 0.8564031249999999 0.2647890625 0.840609375 0.26820625 0.8332656249999999 0.2701078125 0.8335078125000001 0.2756734375 0.84413125 0.2713640625 0.8561578125 0.268665625 0.8557609375 0.2695765625 0.8479015625 0.2819 0.8588671874999999 0.2785109375 0.8599671875 0.2816390625
0 0.050910937499999996 0 0.0495953125 0.00760625 0.0524484375 0.011832812500000001 0.057696875 0.0018828125000000002 0.05621875 0 0.05286875 0 0.050910937499999996 0
0 0.162575 0.8467421875 0.15951875 0.8439125000000001 0.1544671875 0.8393124999999999 0.1507890625 0.8363640625000001 0.1405375 0.8372999999999999 0.1358328125 0.843740625 0.1330984375 0.850990625 0.1299 0.8588749999999999 0.13789374999999998 0.8637750000000001 0.1469765625 0.862825 0.15366875 0.8588906250000001 0.16375 0.8490203125000001 0.162575 0.8467421875
0 0.213234375 0.8765296875 0.214259375 0.8821937500000001 0.21785625 0.8884718749999999 0.22027812500000002 0.8896453125000001 0.22291093750000002 0.883434375 0.2230734375 0.8749953125 0.2245421875 0.8717359374999999 0.22083593750000002 0.8690390625 0.21605781249999997 0.8686234374999999 0.213234375 0.8765296875
0 0.22628125 0.92809375 0.2499265625 0.9266171875 0.2500078125 0.9232546875000001 0.24876874999999998 0.9220390625 0.24380156249999999 0.9212109375 0.238590625 0.9202265625000001 0.23323906249999998 0.921534375 0.22628125 0.92809375
0 0.19874843749999999 0.916496875 0.1944703125 0.9163406249999999 0.182684375 0.91878125 0.1758140625 0.9191578125 0.16907343749999998 0.927146875 0.20399375000000003 0.926753125 0.19874843749999999 0.916496875
0 0.41852656250000003 0.9288187499999999 0.44349375 0.93035625 0.4373453125 0.925540625 0.4352953125 0.9243515625000001 0.4296203125 0.9255531250000001 0.4267671875 0.9260453125 0.4217140625 0.9262625 0.41852656250000003 0.9288187499999999
0 0.42784374999999997 0.9113078124999999 0.42258125 0.9116843749999999 0.42036562499999997 0.9140218750000001 0.42305468749999997 0.917984375 0.42804843750000005 0.917 0.4289890625 0.9115171875 0.42784374999999997 0.9113078124999999
0 0.5140125 0.9288187499999999 0.5441328125 0.9270250000000001 0.5440625 0.922371875 0.5418000000000001 0.922234375 0.53139375 0.9242046875 0.5272328125 0.9242046875 0.5196546875 0.92448125 0.5140125 0.9288187499999999
0 0.6356984375 0.9168421875 0.632146875 0.9145640625 0.624890625 0.9148734375 0.62175625 0.9190671874999999 0.6157484375 0.922 0.612 0.922890625 0.6087921875 0.92075 0.5989125 0.9187640625 0.591215625 0.9214203124999999 0.5844109375000001 0.92425625 0.5812875 0.9259265624999999 0.6345156249999999 0.9256171875 0.6356984375 0.9168421875
0 0.5859578125 0.8645437499999999 0.582440625 0.8669203124999999 0.58065 0.8723281249999999 0.58408125 0.8728296875 0.58755625 0.8686609375 0.5891015625 0.8617640625 0.5859578125 0.8645437499999999
0 0.575478125 0.9005234375000001 0.574565625 0.8994031250000001 0.57125625 0.9006515625 0.5695859375000001 0.9055624999999999 0.5721421875 0.9067515625 0.57578125 0.9036062499999999 0.575478125 0.9005234375000001