0 0.32615625000000004 0.471653125 0.3271484375 0.4828328125 0.3393328125 0.501321875 0.354615625 0.5138078125 0.361846875 0.5233546875 0.35882187499999996 0.5349 0.3426578125 0.5319515625 0.3301640625 0.5286921875 0.3147578125 0.5226437500000001 0.3052796875 0.5254765625 0.3019484375 0.5327578125 0.30588906250000003 0.5456546875 0.30979531250000003 0.5505359375000001 0.322953125 0.55748125 0.32949375000000003 0.566734375 0.340346875 0.563 0.351878125 0.567453125 0.368515625 0.5790546875 0.400371875 0.57515 0.40880312500000004 0.5675125000000001 0.41378125 0.560078125 0.42858437499999996 0.5519359374999999 0.469721875 0.5727156250000001 0.4749921875 0.5750031250000001 0.52748125 0.601546875 0.5547625 0.6012828125 0.5842421875 0.594703125 0.6172140625 0.5850828124999999 0.6288750000000001 0.5753625 0.6349671875 0.55715625 0.6303640625 0.55175 0.619825 0.5446984375 0.606525 0.5383125 0.5855625 0.5342703125 0.5691015625 0.5296265625000001 0.5512953125 0.5284156249999999 0.538065625 0.5287484375 0.5148703125 0.5290812500000001 0.5010546875 0.5279265625 0.50258125 0.5172734375 0.5111765625 0.5027328125 0.5112875 0.481896875 0.507346875 0.476821875 0.49959375 0.4716046875 0.49301874999999995 0.46749843750000003 0.4805921875 0.46445468749999996 0.46841875 0.46065625 0.46807499999999996 0.452309375 0.446025 0.445209375 0.423346875 0.4440765625 0.39502187499999997 0.446209375 0.39099375 0.44564531250000006 0.3684609375 0.44564531250000006 0.345509375 0.45393437499999995 0.32615625000000004 0.471653125
0 0.399528125 0.4200015625 0.38539375 0.4181109375 0.381503125 0.42070468749999995 0.3777671875 0.42524843749999997 0.383121875 0.43478125 0.3909796875 0.43635156249999996 0.409009375 0.4355765625 0.4238203125 0.43136093750000004 0.4387171875 0.4240109375 0.42303750000000007 0.426771875 0.414915625 0.42651562500000006 0.40362968749999995 0.42193437500000003 0.399528125 0.4200015625
0 0.660528125 0.468553125 0.654340625 0.46382812500000004 0.6504890624999999 0.46290624999999996 0.6374500000000001 0.460453125 0.62515 0.4635453125 0.6228765625 0.4645921875 0.6032421875 0.473365625 0.6052203125 0.47995312500000004 0.6035234375 0.480784375 0.6106874999999999 0.483615625 0.6232484375 0.48335937500000004 0.6382203125 0.48008749999999994 0.6539015625 0.47650781249999996 0.660528125 0.468553125
0 0.6425375 0.5374890625 0.646590625 0.5479015625 0.656384375 0.5534171875 0.6702828125 0.5638453125 0.67915 0.569378125 0.693134375 0.5852734374999999 0.705228125 0.5817015624999999 0.7070000000000001 0.56906875 0.7091624999999999 0.5312671875 0.7060265625000001 0.52235625 0.6964875 0.5187671875000001 0.683234375 0.520165625 0.6644171875 0.5203609375 0.6425375 0.5374890625
0 0.2922765625 0.5051140625 0.2916484375 0.5101515625 0.295325 0.514715625 0.3048609375 0.51381875 0.3050953125 0.51088125 0.3050953125 0.508275 0.3032453125 0.502753125 0.2982734375 0.5022359375 0.2922765625 0.5051140625
0 0.5809203125 0.4707515625 0.5749625 0.47559687500000003 0.578796875 0.48023437500000005 0.5824078125 0.4795984375 0.5870968750000001 0.4784890625 0.5879624999999999 0.47371093750000004 0.5809203125 0.4707515625
0 0.49130624999999994 0.4437796875 0.4856359375 0.4464984375 0.483225 0.44584999999999997 0.479334375 0.44984062500000005 0.4783921875 0.45240625 0.48029374999999996 0.4554 0.4854375 0.4585734375 0.4940734375 0.459784375 0.49531093750000005 0.45679687500000005 0.49569843750000003 0.4490078125 0.49576093749999994 0.44497968749999994 0.49130624999999994 0.4437796875
0 0.46217968750000005 0.21878281249999998 0.46279062499999996 0.21523750000000003 0.45535156250000003 0.2118109375 0.45554531249999997 0.20604375 0.45502656249999995 0.19295625 0.4531203125 0.1914765625 0.44625624999999997 0.1925265625 0.44209062499999996 0.195665625 0.436678125 0.20087187499999998 0.42336093750000003 0.206321875 0.41235 0.21114843749999998 0.407625 0.21490312500000003 0.4096296875 0.2207515625 0.4201546875 0.2234171875 0.43195625 0.2243015625 0.4487765625 0.2243015625 0.45530312500000003 0.22227812500000002 0.46217968750000005 0.21878281249999998
0 0.3276984375 0.2100609375 0.3204359375 0.213675 0.3243421875 0.21907187499999997 0.3285875 0.21907187499999997 0.3367 0.2165734375 0.343984375 0.21190781250000001 0.3430421875 0.21016093749999998 0.3395546875 0.20737031250000001 0.3353203125 0.20671093749999997 0.330284375 0.2090875 0.3276984375 0.2100609375
0 0.29805000000000004 0.20157656249999997 0.29511875 0.2035265625 0.291115625 0.2126078125 0.2926359375 0.21389062499999997 0.3001125 0.2135171875 0.302109375 0.207846875 0.3032171875 0.20507031250000002 0.30717812499999997 0.2036546875 0.314721875 0.20105625 0.32275156250000003 0.196925 0.308590625 0.19772499999999998 0.29805000000000004 0.20157656249999997
0 0.30456875 0.10567968750000001 0.299603125 0.10168593749999999 0.29557500000000003 0.10316718750000001 0.292296875 0.105115625 0.2909765625 0.11034375 0.29464999999999997 0.1109859375 0.30231875 0.1091953125 0.30456875 0.10567968750000001
0 0.5125046875 0.10748437500000001 0.51953125 0.1136953125 0.5343578124999999 0.11377343749999999 0.541771875 0.1076 0.534859375 0.10264218750000001 0.53085 0.10283125 0.5259328125 0.1023125 0.5157796875 0.104640625 0.5125046875 0.10748437500000001
0 0.7133859375 0.290240625 0.71535 0.2894171875 0.7180734375 0.2868703125 0.7194765624999999 0.2754421875 0.7150421875 0.270134375 0.7074265625 0.26349999999999996 0.7055281250000001 0.2669921875 0.704990625 0.2772609375 0.7060359375 0.284246875 0.7133859375 0.290240625
0 0.4561703125 0.2788296875 0.4557296875 0.2838703125 0.45782187499999993 0.2882453125 0.468021875 0.2876828125 0.47397968749999997 0.2853 0.47863749999999994 0.2821609375 0.4764046875 0.27847343750000003 0.4740046875 0.26937500000000003 0.46974218749999996 0.2727671875 0.4631234375 0.27621406249999997 0.4561703125 0.2788296875
0 0.4166234375 0.2605109375 0.40844375 0.2603234375 0.409184375 0.2637015625 0.4103265625 0.265934375 0.41602812499999997 0.2678125 0.4225203125 0.265196875 0.42057500000000003 0.2617109375 0.4166234375 0.2605109375
0 0.37943125 0.27720625 0.373340625 0.2818890625 0.374196875 0.28402812499999996 0.38066093749999996 0.284178125 0.385509375 0.2812734375 0.38406875 0.27587656250000003 0.37943125 0.27720625
0 0.38679375 0.4175625 0.4002296875 0.41303124999999996 0.40799062499999994 0.409678125 0.41984374999999996 0.400671875 0.4182453125 0.3978953125 0.411725 0.39494843749999997 0.40067031249999996 0.3909625 0.371275 0.3930359375 0.366215625 0.39313750000000003 0.363321875 0.3918671875 0.35317656249999996 0.38873437499999997 0.34428749999999997 0.39153906250000003 0.337984375 0.394725 0.331221875 0.4025890625 0.32203750000000003 0.40935 0.3259984375 0.414103125 0.3353765625 0.4171234375 0.361253125 0.42067343749999997 0.363534375 0.42126875 0.37589375 0.42184999999999995 0.38679375 0.4175625
0 0.3334890625 0.4541578125 0.352234375 0.445853125 0.35667499999999996 0.4416171875 0.338625 0.44295625000000005 0.325065625 0.4394828125 0.318434375 0.44459375 0.32043125 0.4486359375 0.32965468750000004 0.4528921875 0.3334890625 0.4541578125
0 0.4323046875 0.67445 0.4269484375 0.6803921875000001 0.425121875 0.6834828125 0.4249359375 0.6886640625 0.42734375 0.6937984375 0.4330828125 0.6995984375 0.4373265625 0.700128125 0.4377484375 0.5918109375 0.42846875000000006 0.6011015625 0.42846875000000006 0.6027171874999999 0.43214687500000004 0.6100140625 0.4296875 0.617809375 0.4280515625 0.62170625 0.43020625 0.6258874999999999 0.4305578125 0.6337312500000001 0.43002031250000006 0.640196875 0.4290421875 0.6477062499999999 0.43078593749999994 0.6524593750000001 0.435859375 0.6602796875 0.435171875 0.6697437500000001 0.4323046875 0.67445
0 0.43459375 0.98015625 0.44289218750000003 0.9809906249999999 0.43724687500000003 0.755259375 0.43382343749999996 0.7426468749999999 0.431015625 0.7474000000000001 0.43459375 0.98015625
0 0.266978125 0.7101296875 0.2707046875 0.6854359375 0.2634859375 0.6730140625 0.266978125 0.7101296875
0 0.5795484375 0.20010468750000002 0.575515625 0.1999203125 0.5683281250000001 0.20298750000000002 0.5710843750000001 0.20800000000000002 0.5750765624999999 0.20729531250000002 0.581671875 0.20401562499999998 0.5795484375 0.20010468750000002
0 0.5168828125 0.2030625 0.5204609375 0.20261875 0.5185187499999999 0.1974203125 0.514628125 0.1988078125 0.5102921874999999 0.2000921875 0.5168828125 0.2030625
0 0.41071406250000003 0.15625 0.4054109375 0.1582265625 0.3938359375 0.1598203125 0.3876046875 0.1598203125 0.380721875 0.1601546875 0.3655703125 0.160678125 0.3606640625 0.1684703125 0.360984375 0.17408125000000002 0.375625 0.17667187499999998 0.3833546875 0.175965625 0.397303125 0.1754453125 0.41050000000000003 0.1745953125 0.41725312499999995 0.1694109375 0.41071406250000003 0.15625
0 0.287303125 0.153303125 0.2862125 0.1490921875 0.2817484375 0.1504484375 0.27820625 0.1566765625 0.280553125 0.16599375 0.283528125 0.1680625 0.2867921875 0.1600609375 0.287303125 0.153303125
0 0.384553125 0.1963625 0.38310625 0.196553125 0.3769765625 0.2003578125 0.380903125 0.2016015625 0.38261406249999996 0.2016015625 0.3874625 0.1973953125 0.384553125 0.1963625
0 0.3735125 0.195334375 0.3803578125 0.19462656250000002 0.3851125 0.1921265625 0.3873109375 0.1891046875 0.38172812500000003 0.18811093750000002 0.3798359375 0.18837187500000002 0.3732796875 0.1905828125 0.37120000000000003 0.1946203125 0.3735125 0.195334375
0 0.45773125 0.18774375000000001 0.4537375 0.1890421875 0.460115625 0.1935515625 0.47089375 0.19029374999999998 0.4803828125 0.19029374999999998 0.49209218750000006 0.19031875 0.5004500000000001 0.1925859375 0.50984375 0.192584375 0.518409375 0.19130156250000002 0.5151140625 0.1866921875 0.507796875 0.186825 0.5060875 0.1870140625 0.4962671875 0.1857515625 0.4841578125 0.1838953125 0.47699687500000004 0.18493125 0.46444843750000003 0.1861125 0.45773125 0.18774375000000001
0 0.5571140625 0.4791015625 0.5474296875 0.4761984375 0.543075 0.4808078125 0.540959375 0.48850781249999997 0.55550625 0.48920624999999995 0.5601859375 0.4826390625 0.5571140625 0.4791015625