0 0.3664015625 0.5931296875000001 0.3664015625 0.5896578124999999 0.36474843749999997 0.58445 0.3574734375 0.5802328125 0.3591265625 0.5760171875 0.3556546875 0.5749015625 0.3450734375 0.575396875 0.3411046875 0.5716765625 0.33664062499999997 0.5693203125 0.3349875 0.566096875 0.3298609375 0.5664687500000001 0.32705 0.57105625 0.32159375 0.575396875 0.31646874999999997 0.577753125 0.31448437500000004 0.581721875 0.31051562499999996 0.5854421875 0.31051562499999996 0.5896578124999999 0.312665625 0.5907734375 0.3182875 0.5905265625 0.327546875 0.5887890625 0.3371359375 0.585565625 0.34375 0.5853171875000001 0.34771874999999997 0.586309375 0.3503640625 0.5892859374999999 0.35648124999999997 0.5908984375 0.3571421875 0.593378125 0.35433125 0.5959828125 0.36491406249999997 0.5942453125 0.3664015625 0.5931296875000001
0 0.3819984375 0.54820625 0.38206875 0.5461015625 0.3796453125 0.5440828125 0.37141406250000003 0.553215625 0.3779328125 0.5523984375000001 0.38092031249999997 0.551296875 0.383634375 0.55000625 0.3819984375 0.54820625
0 0.30067187500000003 0.519271875 0.29928750000000004 0.5192921875 0.2975859375 0.5199125 0.2963515625 0.520975 0.2965171875 0.5219265625 0.2979703125 0.5228828125 0.299478125 0.5236265625 0.3004265625 0.524390625 0.3013109375 0.5245390624999999 0.302040625 0.5225859374999999 0.3021140625 0.520671875 0.30067187500000003 0.519271875
0 0.30278125 0.50966875 0.3021484375 0.5090796875 0.29988125 0.5094796875000001 0.299196875 0.509875 0.299953125 0.5113390625 0.3005421875 0.5123015625 0.3005421875 0.5145906250000001 0.301165625 0.5158546875 0.30262656250000003 0.5154578125 0.3038953125 0.5147625 0.30430156249999996 0.5138421875 0.3043921875 0.5130343749999999 0.30405000000000004 0.511584375 0.30278125 0.50966875
0 0.339059375 0.4543375 0.3381921875 0.453878125 0.3379078125 0.4560953125 0.336728125 0.4598625 0.3363015625 0.46159062500000003 0.3360671875 0.46430625000000003 0.3360671875 0.46694531250000004 0.3360671875 0.46753437499999995 0.3372609375 0.46784687500000005 0.34015 0.46008125 0.3454140625 0.44631406250000005 0.3495234375 0.43549218749999996 0.349903125 0.4339046875 0.3490859375 0.43275625 0.347284375 0.4326515625 0.3456328125 0.43529062500000004 0.344940625 0.43701718749999996 0.343771875 0.43885625 0.343021875 0.44025781249999996 0.3420953125 0.44230937499999995 0.34114218749999997 0.44488593749999994 0.3408671875 0.4465 0.34188125 0.44973906250000006 0.341596875 0.45195468749999995 0.3409953125 0.4543796875 0.339059375 0.4543375
0 0.3755671875 0.43350937500000003 0.37445625 0.4356359375 0.3732125 0.43710625 0.372353125 0.4385703125 0.3714765625 0.44002187499999995 0.370609375 0.44143437499999993 0.37060781249999997 0.44328593749999995 0.3710296875 0.44384843749999997 0.3731953125 0.44317812500000003 0.37586875000000003 0.439078125 0.3771765625 0.43740468750000006 0.377721875 0.43526718750000004 0.3784015625 0.43316406250000006 0.378084375 0.432109375 0.37663437499999997 0.432571875 0.3755671875 0.43350937500000003
0 0.345665625 0.425746875 0.34316874999999997 0.42673125 0.3424671875 0.4277703125 0.340775 0.430209375 0.34049843750000003 0.431496875 0.3418796875 0.43253593749999997 0.342534375 0.43296093750000003 0.3432296875 0.43301249999999997 0.3455359375 0.43279843749999997 0.34689375 0.43068125 0.347603125 0.4301109375 0.34933593749999997 0.4285046875 0.3524671875 0.4274171875 0.3544578125 0.426734375 0.3552765625 0.4250421875 0.3573015625 0.42317968749999996 0.3581796875 0.42268906250000005 0.36210156250000003 0.4209390625 0.36312500000000003 0.4200765625 0.363671875 0.418125 0.3623046875 0.4175765625 0.35885781250000004 0.4196375 0.3557390625 0.421540625 0.3539296875 0.4228109375 0.3518109375 0.42501875 0.3486078125 0.42515625 0.345665625 0.425746875
0 0.34865 0.4228828125 0.347278125 0.424403125 0.3481109375 0.424234375 0.350896875 0.42342812500000004 0.353946875 0.42250781249999997 0.35483125000000004 0.42210156249999997 0.355990625 0.4207875 0.35617343749999997 0.41994999999999993 0.35634062499999997 0.41792968750000004 0.35068125 0.4208953125 0.34980625 0.42159218750000005 0.34865 0.4228828125
0 0.3791234375 0.405665625 0.37848125 0.40772812500000005 0.3764953125 0.4092359375 0.375928125 0.4105359375 0.37634375000000003 0.41226250000000003 0.3754484375 0.414503125 0.3743640625 0.4166171875 0.3746125 0.41765625 0.377 0.4157671875 0.379634375 0.4113234375 0.38554374999999996 0.4085375 0.381321875 0.4077296875 0.38260937500000003 0.40258281250000005 0.3811578125 0.40205 0.38025625 0.40485156250000004 0.3791234375 0.405665625
0 0.38920468750000003 0.41302500000000003 0.38749218750000003 0.412728125 0.3824015625 0.41981250000000003 0.37718124999999997 0.4242328125 0.37545 0.4258046875 0.374121875 0.4258046875 0.370978125 0.42687187499999996 0.36977187499999997 0.4283265625 0.3694984375 0.43015 0.370640625 0.43229375000000003 0.37345937500000004 0.4307796875 0.37574375 0.42980937499999994 0.3782109375 0.4285453125 0.3799546875 0.4277375 0.3787828125 0.4265921875 0.3823859375 0.4260171875 0.3843296875 0.424853125 0.3847890625 0.424128125 0.38683125 0.4221078125 0.38722500000000004 0.42143125000000003 0.38722500000000004 0.42019375 0.38687499999999997 0.4188921875 0.3872171875 0.417078125 0.388534375 0.416534375 0.388853125 0.4155015625 0.3886703125 0.4147015625 0.38920468750000003 0.41302500000000003
0 0.3991546875 0.42818281249999995 0.39725156250000004 0.429696875 0.39525 0.43100937500000003 0.394565625 0.43212343750000004 0.394615625 0.43358749999999996 0.3955265625 0.4348875 0.397546875 0.434803125 0.39872968750000004 0.43401562499999996 0.3997140625 0.43283281249999994 0.40293906249999994 0.4303703125 0.40610625 0.42902500000000005 0.40746874999999994 0.427640625 0.40779062499999996 0.425403125 0.4056984375 0.42412031250000004 0.4031953125 0.42422812499999996 0.4010828125 0.42622968749999995 0.3991546875 0.42818281249999995
0 0.397796875 0.4173484375 0.39761250000000004 0.415865625 0.39596875 0.41492500000000004 0.3930921875 0.4175265625 0.39259218749999997 0.41795312500000004 0.395571875 0.41877812499999995 0.3959015625 0.41872968750000006 0.3978515625 0.417778125 0.397796875 0.4173484375
0 0.385621875 0.358140625 0.38634843750000003 0.3580546875 0.38704375 0.3576703125 0.38584375 0.3564109375 0.3841421875 0.35651875 0.38361718749999996 0.3577265625 0.383890625 0.3582765625 0.385621875 0.358140625
0 0.3499046875 0.3276171875 0.35002187500000004 0.3290546875 0.35164062500000004 0.32905625 0.35209531250000003 0.3285296875 0.350821875 0.3270609375 0.3499046875 0.3276171875
0 0.21754375 0.039653125 0.20545 0.034195312500000005 0.20654218750000003 0.0354421875 0.22257500000000002 0.0436921875 0.23277968750000003 0.049570312500000005 0.23835 0.05192187499999999 0.2447375 0.055271875000000005 0.2461125 0.055646875 0.2478421875 0.055451562499999996 0.24183125 0.051426562499999995 0.2412296875 0.049684374999999996 0.2388296875 0.0493625 0.23646093750000002 0.049275 0.228040625 0.0449234375 0.21754375 0.039653125