0 0.6573421875000001 0.46804843749999997 0.6698359375 0.4713078125 0.6852421875 0.47735625 0.6947203125 0.4745234375 0.6980515625 0.4672421875 0.6941109375 0.4543453125 0.6902046875 0.4494640625 0.677046875 0.44251874999999996 0.6705062500000001 0.43326562500000004 0.659653125 0.437 0.648121875 0.432546875 0.631484375 0.42094531249999995 0.599628125 0.42485 0.591196875 0.43248749999999997 0.58621875 0.439921875 0.571415625 0.4480640625 0.5302781249999999 0.427284375 0.5250078125 0.424996875 0.47251875 0.39845312499999996 0.4452375 0.3987171875 0.4157578125 0.405296875 0.3827859375 0.41491718750000006 0.37112500000000004 0.42463749999999995 0.3650328125 0.44284375000000004 0.3696359375 0.44825 0.38017500000000004 0.4553015625 0.393475 0.46168750000000003 0.4144375 0.4657296875 0.43089843749999995 0.4703734375 0.4487046875 0.47158437500000006 0.46193437499999995 0.4712515625 0.4851296875 0.47091874999999994 0.49894531249999996 0.4720734375 0.49741875 0.4827265625 0.48882343749999996 0.4972671875 0.4887125 0.518103125 0.492653125 0.523178125 0.5004062499999999 0.5283953125 0.50698125 0.5325015625 0.5194078125 0.5355453125 0.53158125 0.53934375 0.531925 0.547690625 0.553975 0.554790625 0.576653125 0.5559234375 0.6049781249999999 0.553790625 0.60900625 0.5543546874999999 0.6315390625 0.5543546874999999 0.654490625 0.546065625 0.67384375 0.528346875 0.6728515625 0.5171671875 0.6606671875 0.49867812499999997 0.645384375 0.48619218750000004 0.638153125 0.4766453125 0.6411781249999999 0.46509999999999996 0.6573421875000001 0.46804843749999997
0 0.590990625 0.5644234375 0.5761796875 0.5686390625 0.5612828125 0.5759890624999999 0.5769624999999999 0.573228125 0.585084375 0.5734843749999999 0.5963703125 0.578065625 0.600471875 0.5799984375 0.61460625 0.5818890624999999 0.6184968750000001 0.5792953125 0.6222328125 0.5747515625 0.616878125 0.56521875 0.6090203125 0.5636484375 0.590990625 0.5644234375
0 0.39675781250000003 0.526634375 0.3947796875 0.520046875 0.3964765625 0.519215625 0.3893125 0.516384375 0.3767515625 0.516640625 0.3617796875 0.5199125 0.34609843749999997 0.5234921875 0.339471875 0.531446875 0.345659375 0.536171875 0.3495109375 0.53709375 0.36255000000000004 0.539546875 0.37485 0.5364546875 0.3771234375 0.5354078125 0.39675781250000003 0.526634375
0 0.294771875 0.4182984375 0.29300000000000004 0.43093125 0.29083749999999997 0.4687328125 0.2939734375 0.47764375000000003 0.30351249999999996 0.48123281249999994 0.316765625 0.479834375 0.3355828125 0.4796390625 0.3574625 0.4625109375 0.35340937499999997 0.4520984375 0.343615625 0.4465828125 0.3297171875 0.4361546875 0.32084999999999997 0.43062187500000004 0.30686562500000003 0.4147265625 0.294771875 0.4182984375
0 0.6967546875 0.497246875 0.7017265625 0.49776406250000005 0.7077234375 0.4948859375 0.7083515625000001 0.48984843749999996 0.704675 0.485284375 0.6951390625 0.48618125 0.6949046875 0.48911875 0.6949046875 0.491725 0.6967546875 0.497246875
0 0.4190796875 0.5292484375 0.4250375 0.524403125 0.421203125 0.519765625 0.41759218750000004 0.5204015625 0.412903125 0.5215109375 0.4120375 0.5262890625 0.4190796875 0.5292484375
0 0.5145625 0.5414265625 0.5059265625 0.540215625 0.5046890625 0.543203125 0.5043015625 0.5509921875 0.5042390625000001 0.5550203125000001 0.5086937500000001 0.5562203125 0.5143640625 0.5535015624999999 0.516775 0.55415 0.520665625 0.550159375 0.5216078125 0.54759375 0.51970625 0.5446 0.5145625 0.5414265625
0 0.55374375 0.8074734375 0.557909375 0.804334375 0.563321875 0.799128125 0.5766390625 0.793678125 0.58765 0.7888515625 0.592375 0.785096875 0.5903703124999999 0.7792484375 0.5798453125 0.7765828124999999 0.56804375 0.7756984375 0.5512234375 0.7756984375 0.544696875 0.777721875 0.5378203125 0.7812171875 0.537209375 0.7847625 0.5446484375 0.7881890625 0.5444546875 0.79395625 0.5449734375 0.8070437500000001 0.5468796874999999 0.8085234375000001 0.55374375 0.8074734375
0 0.6569578125 0.7898390625 0.6604453125 0.7926296875000001 0.6646796875 0.7932890625 0.669715625 0.7909125 0.6723015625000001 0.7899390625 0.6795640625 0.7863249999999999 0.6756578125 0.780928125 0.6714125 0.780928125 0.6633 0.7834265625 0.656015625 0.7880921875 0.6569578125 0.7898390625
0 0.6967828125 0.7949296875 0.692821875 0.7963453125 0.685278125 0.7989437500000001 0.6772484375000001 0.803075 0.691409375 0.8022750000000001 0.70195 0.7984234375 0.70488125 0.7964734375 0.708884375 0.7873921875 0.7073640625000001 0.786109375 0.6998875 0.7864828125 0.697890625 0.792153125 0.6967828125 0.7949296875
0 0.69768125 0.8908046875 0.6954312500000001 0.8943203125 0.700396875 0.8983140625000001 0.704425 0.8968328124999999 0.707703125 0.894884375 0.7090234375 0.88965625 0.7053499999999999 0.8890140625 0.69768125 0.8908046875
0 0.47406718750000004 0.8976875 0.4842203125 0.895359375 0.4874953125 0.892515625 0.48046875 0.8863046875 0.4656421875 0.8862265624999999 0.45822812500000004 0.8924 0.465140625 0.8973578124999999 0.46914999999999996 0.89716875 0.47406718750000004 0.8976875
0 0.294471875 0.7330078125 0.295009375 0.7227390625 0.2939640625 0.715753125 0.2866140625 0.709759375 0.28464999999999996 0.7105828125 0.2819265625 0.7131296875 0.2805234375 0.7245578125 0.28495781249999996 0.729865625 0.29257343750000003 0.7365 0.294471875 0.7330078125
0 0.5235953125 0.7215265625 0.5259953125 0.7306250000000001 0.5302578125 0.7272328124999999 0.5368765625 0.7237859375 0.5438296874999999 0.7211703125 0.5442703125 0.7161296875 0.5421781250000001 0.7117546875 0.531978125 0.7123171875 0.5260203125 0.7147 0.5213625000000001 0.7178390625 0.5235953125 0.7215265625
0 0.579425 0.7382890625 0.5833765625 0.7394890625 0.59155625 0.7396765624999999 0.5908156250000001 0.7362984375 0.5896734375 0.734065625 0.583971875 0.7321875 0.5774796875 0.734803125 0.579425 0.7382890625
0 0.62056875 0.72279375 0.626659375 0.7181109375 0.625803125 0.7159718749999999 0.6193390625 0.7158218749999999 0.614490625 0.7187265625 0.61593125 0.7241234375000001 0.62056875 0.72279375
0 0.5993296875 0.6090375 0.628725 0.6069640625 0.6337843750000001 0.6068625 0.636678125 0.6081328125 0.6468234374999999 0.6112656249999999 0.6557125 0.6084609375000001 0.662015625 0.605275 0.668778125 0.5974109375000001 0.6779625 0.59065 0.6740015625 0.585896875 0.6646234375 0.5828765625 0.638746875 0.5793265625 0.636465625 0.5787312499999999 0.62410625 0.57815 0.61320625 0.5824374999999999 0.5997703125 0.58696875 0.5920093750000001 0.590321875 0.58015625 0.599328125 0.5817546874999999 0.6021046875 0.588275 0.6050515625 0.5993296875 0.6090375
0 0.6795687499999999 0.5513640625 0.6703453125000001 0.5471078125 0.6665109375 0.5458421875 0.647765625 0.554146875 0.643325 0.5583828125 0.6613749999999999 0.55704375 0.6749343750000001 0.5605171875 0.681565625 0.55540625 0.6795687499999999 0.5513640625
0 0.5626734375 0.299871875 0.5622515625 0.4081890625 0.5715312499999999 0.3988984375 0.5715312499999999 0.39728281249999997 0.567853125 0.3899859375 0.5703125 0.382190625 0.5719484375 0.37829375 0.56979375 0.37411249999999996 0.5694421875 0.36626875000000003 0.5699796874999999 0.359803125 0.5709578125 0.35229374999999996 0.5692140625000001 0.347540625 0.5641406250000001 0.3397203125 0.564828125 0.33025625000000003 0.5676953124999999 0.32555 0.5730515625 0.31960781250000003 0.574878125 0.3165171875 0.5750640625 0.3113359375 0.57265625 0.30620156249999997 0.5669171875 0.3004015625 0.5626734375 0.299871875
0 0.5571078125 0.019009375000000002 0.562753125 0.244740625 0.5661765625 0.25735312499999996 0.568984375 0.2526 0.56540625 0.01984375 0.5571078125 0.019009375000000002
0 0.733021875 0.2898703125 0.7292953125 0.3145640625 0.7365140625000001 0.3269859375 0.733021875 0.2898703125
0 0.4204515625 0.7998953125 0.424484375 0.8000796875 0.431671875 0.7970125 0.42891562499999997 0.792 0.42492343750000006 0.7927046875 0.41832812500000005 0.795984375 0.4204515625 0.7998953125
0 0.47953906249999995 0.79738125 0.48148125 0.8025796875 0.48537187499999995 0.8011921875000001 0.4897078125 0.7999078125 0.4831171875 0.7969375000000001 0.47953906249999995 0.79738125
0 0.6393359375000001 0.8315296875 0.6390156250000001 0.8259187499999999 0.624375 0.823328125 0.6166453125 0.8240343749999999 0.602696875 0.8245546875 0.5894999999999999 0.8254046875000001 0.582746875 0.8305890625 0.5892859374999999 0.84375 0.5945890625 0.8417734375 0.6061640625 0.8401796875 0.6123953125 0.8401796875 0.619278125 0.8398453124999999 0.6344296875000001 0.8393218750000001 0.6393359375000001 0.8315296875
0 0.7132078125 0.8399390625 0.712696875 0.8466968749999999 0.7137875 0.8509078125 0.7182515625 0.8495515625 0.72179375 0.8433234374999999 0.719446875 0.8340062500000001 0.716471875 0.8319375000000001 0.7132078125 0.8399390625
0 0.6154468750000001 0.8036375 0.61689375 0.803446875 0.6230234375 0.7996421875 0.619096875 0.7983984375000001 0.6173859375 0.7983984375000001 0.6125375 0.8026046875 0.6154468750000001 0.8036375
0 0.6267203125 0.8094171875 0.6288 0.8053796875 0.6264875 0.8046656249999999 0.6196421875 0.8053734374999999 0.6148875 0.8078734375 0.6126890625 0.8108953124999999 0.618271875 0.8118890625 0.6201640625 0.811628125 0.6267203125 0.8094171875
0 0.49955 0.8074140625 0.49015624999999996 0.807415625 0.48159062500000005 0.8086984375 0.4848859375 0.8133078125000001 0.49220312499999996 0.813175 0.4939125 0.8129859375 0.5037328125 0.8142484375000001 0.5158421875 0.8161046875 0.523003125 0.81506875 0.5355515625 0.8138875000000001 0.5422687500000001 0.8122562500000001 0.5462625 0.8109578125000001 0.539884375 0.8064484375 0.52910625 0.80970625 0.5196171875 0.80970625 0.5079078124999999 0.80968125 0.49955 0.8074140625
0 0.4428859375 0.5208984375 0.45257031249999996 0.5238015625 0.456925 0.5191921875000001 0.459040625 0.5114921875 0.44449375 0.51079375 0.4398140625 0.5173609375 0.4428859375 0.5208984375