0 0.610834375 0.5757671875 0.60899375 0.60131875 0.638465625 0.613953125 0.6628921875 0.6296625 0.6772953125 0.6327140625000001 0.6892953125 0.6251671875 0.6918921874999999 0.6145921875 0.664475 0.5962859375 0.6583 0.5937328125 0.6427609375000001 0.5730546875 0.6190703125 0.5594421875 0.610834375 0.5757671875
0 0.3111359375 0.8910625 0.313015625 0.8896375000000001 0.323575 0.8793 0.3159734375 0.8692593750000001 0.296959375 0.8688234375 0.28538437499999997 0.8853796875000001 0.3111359375 0.8910625
0 0.6042078125 0.9845515625000001 0.6153875 0.983065625 0.6212203125 0.9783125 0.6268 0.9685671875 0.6149234375 0.9674375 0.5952046875 0.9804546875 0.6042078125 0.9845515625000001
0 0.3691484375 0.4793546875 0.36391874999999996 0.4813140625 0.358234375 0.488584375 0.3623 0.489334375 0.3681078125 0.49063125 0.3732953125 0.4883390625 0.3738578125 0.482190625 0.3691484375 0.4793546875
0 0.3317453125 0.57393125 0.3366828125 0.5701265624999999 0.336996875 0.5632359375 0.32877968750000003 0.5602140624999999 0.3268109375 0.5621875000000001 0.3226234375 0.56711875 0.323021875 0.57175625 0.32858125 0.5742546875000001 0.3317453125 0.57393125
0 0.05461875000000001 0.45331875000000005 0.053090625 0.43854218749999996 0.0425640625 0.4355421875 0.0200265625 0.437178125 0.0137296875 0.4459734375 0.022889062499999998 0.455675 0.0239390625 0.45628906249999995 0.043584374999999995 0.45843125 0.05461875000000001 0.45331875000000005
0 0.0504296875 0.4906140625 0.041817187500000005 0.49014687500000004 0.0371984375 0.4962734375 0.0376484375 0.50125625 0.047084375 0.5041125 0.055507812499999996 0.5009890625 0.05665625 0.49375625 0.0504296875 0.4906140625
0 0.005375 0.3900671875 0.005881249999999999 0.3973296875 0.0056015625 0.40635625 0.0185859375 0.40496406250000005 0.036203125 0.40613124999999994 0.0545296875 0.4082 0.061692187499999995 0.410634375 0.0735 0.42099843750000004 0.0810359375 0.43016249999999995 0.0799171875 0.444915625 0.0899734375 0.4508234375 0.0981359375 0.4496171875 0.1008140625 0.44139999999999996 0.1007671875 0.42703125000000003 0.0954140625 0.418196875 0.082053125 0.40561875000000003 0.073109375 0.39877656250000004 0.048939062500000005 0.389071875 0.0250578125 0.388625 0.005375 0.3900671875
0 0.143771875 0.491278125 0.136825 0.4826796875 0.1322265625 0.483046875 0.1345421875 0.490859375 0.140271875 0.49414687500000004 0.1462109375 0.5067046875 0.1456484375 0.5134640625 0.137584375 0.529909375 0.12831874999999998 0.5430375 0.11304218749999999 0.55305 0.1026046875 0.56244375 0.107840625 0.5711671875000001 0.12213281250000001 0.5796218750000001 0.132478125 0.58316875 0.132084375 0.5780640625 0.1333328125 0.5681437500000001 0.13940312500000002 0.5580953125 0.14610625 0.551646875 0.15251874999999998 0.5444359375000001 0.1534375 0.5340109375 0.1556125 0.525590625 0.15547968750000002 0.5127578125000001 0.1490890625 0.49982812499999996 0.143771875 0.491278125
0 0.042803125 0.6635171875 0.0338078125 0.660984375 0.0325625 0.6684859375000001 0.033403125 0.6699171875000001 0.0377015625 0.6715375 0.044103125 0.670790625 0.045590625 0.6665953124999999 0.042803125 0.6635171875
0 0.08519375 0.6611296875 0.086046875 0.654678125 0.0814765625 0.6547765625 0.075409375 0.6562812499999999 0.0719796875 0.6630578125000001 0.0830125 0.679025 0.08192812499999999 0.6717234375000001 0.08336875 0.6662203124999999 0.08519375 0.6611296875
0 0.36679062500000004 0.1726 0.363121875 0.17935625 0.3591109375 0.186596875 0.3577296875 0.18903281249999998 0.3518515625 0.1939484375 0.354328125 0.1964421875 0.357925 0.19550625 0.362546875 0.19066875 0.3678015625 0.183640625 0.37186093750000004 0.178615625 0.377884375 0.16995625 0.3826671875 0.16191093750000002 0.3872875 0.15461249999999999 0.3897875 0.14904375 0.393346875 0.1431703125 0.3993765625 0.132846875 0.396859375 0.1277859375 0.3952078125 0.1288796875 0.3915640625 0.134584375 0.3890046875 0.1418109375 0.38071875 0.1504125 0.37641718750000003 0.154671875 0.370096875 0.16590625 0.36679062500000004 0.1726
0 0.484340625 0.255871875 0.48681875 0.2566140625 0.48949218749999995 0.254375 0.490121875 0.2503015625 0.482315625 0.2475171875 0.48014062500000004 0.251690625 0.484340625 0.255871875
0 0.375415625 0.29497968750000003 0.378434375 0.29816875 0.3902625 0.29867187500000003 0.3934140625 0.297040625 0.3962328125 0.2903859375 0.3925609375 0.28254999999999997 0.3863546875 0.28059531249999997 0.378453125 0.2864625 0.37600625 0.2903546875 0.375415625 0.29497968750000003