0 0.355159375 0.4653390625 0.35433125 0.46317031249999996 0.3501984375 0.46317031249999996 0.3473046875 0.4653390625 0.349371875 0.46875 0.35433125 0.467509375 0.355159375 0.4653390625
0 0.7439703125 0.548115625 0.750171875 0.5462546875000001 0.7423171875000001 0.5419140625 0.7365296875 0.542534375 0.7303296875 0.542225 0.7261968750000001 0.5372640625 0.7183421875 0.5313734375 0.7092484375 0.5267234375000001 0.7080093749999999 0.5332343749999999 0.70238125 0.5350937499999999 0.697675 0.5354046875 0.70098125 0.5412953125 0.7063546875 0.5443953125000001 0.710075 0.5502859375 0.7150359374999999 0.5527656249999999 0.7233031249999999 0.55555625 0.72454375 0.5518359375 0.732396875 0.5533859375 0.7394234375 0.55555625 0.7435578125 0.5536953125 0.7377703125 0.548425 0.7439703125 0.548115625
0 0.7633984375 0.584696875 0.762159375 0.5868671875 0.76670625 0.5915171875 0.7795203125 0.595409375 0.7795203125 0.5907578124999999 0.7795203125 0.5870375 0.77910625 0.5795984375 0.7762125 0.5761875 0.768359375 0.5775671874999999 0.7662921875 0.5788078125 0.7662921875 0.5822171875000001 0.7633984375 0.584696875
0 0.7526515625 0.577428125 0.7538921875 0.575878125 0.753478125 0.5721578125 0.7485171875 0.5699875 0.7468640625 0.574946875 0.7526515625 0.577428125
0 0.8390437500000001 0.50829375 0.8307765625 0.50829375 0.8340828124999999 0.5219343750000001 0.8456578125 0.529375 0.849378125 0.5392953125 0.8659125 0.54735625 0.87500625 0.5541765625 0.8845124999999999 0.5609968750000001 0.9022875000000001 0.5603765625 0.9101421875 0.5671968749999999 0.9208890625 0.5724671875 0.9151015625 0.5668875 0.909728125 0.5600671875 0.9022875000000001 0.5541765625 0.8965 0.5482859375 0.8894734375000001 0.5427046875 0.8840999999999999 0.5408453125 0.8836859374999999 0.535265625 0.8770734375 0.5306140625 0.8725265625 0.5250343749999999 0.8795531249999999 0.52224375 0.88120625 0.516353125 0.8716984374999999 0.520384375 0.8659125 0.517903125 0.8597109375 0.5141828125 0.8506171874999999 0.5132531250000001 0.84483125 0.5110828125 0.8390437500000001 0.50829375
0 1 0.46400312499999996 0.9943093749999999 0.4689640625 0.9628937499999999 0.48694531249999995 0.9538 0.49221562499999993 0.9529734375000001 0.49686562500000003 0.9452765624999999 0.4974421875 0.9399031250000001 0.4989921875 0.9308093749999999 0.4974421875 0.9283296875 0.498371875 0.9291562499999999 0.5020921875 0.9337031250000001 0.5042625000000001 0.9266765625 0.5120140625 0.9167546874999999 0.5219343750000001 0.9134484374999999 0.5327843750000001 0.9262625 0.532475 0.93825 0.5275140625 0.9442937499999999 0.5244578125 0.9426390625 0.5170171875 0.9480124999999999 0.5111265625 0.9542140625 0.5033765625 0.9682671875000001 0.49686562500000003 0.9790156250000001 0.4915953125 0.9876953125 0.4807453125 1 0.47330468750000004 1 0.46400312499999996
0 0.9190781250000001 0.47144375 0.924865625 0.474234375 0.9397453125 0.47609375 0.9451203125 0.47857500000000003 0.9558671875 0.47268437499999993 0.9542140625 0.465553125 0.9496671875 0.45501250000000004 0.9414 0.4506734375 0.9351984375000001 0.44912343750000006 0.9273453125 0.442921875 0.9256921874999999 0.4373421875 0.9199046875000001 0.427421875 0.9141171874999999 0.42153124999999997 0.9062640625 0.42308124999999996 0.8979968749999999 0.426490625 0.8967562499999999 0.430521875 0.8938625 0.42308124999999996 0.8864218749999999 0.42618124999999996 0.8806359374999999 0.42277031249999997 0.8698874999999999 0.41067968749999995 0.8682343749999999 0.41533125000000004 0.881875 0.42928125 0.89055625 0.43827187500000003 0.8748484375000001 0.4401328125 0.8649281249999999 0.43703125 0.8463265625 0.43951250000000003 0.8310328124999999 0.4512921875 0.8264859375 0.4581140625 0.81243125 0.47051406250000005 0.79465625 0.480434375 0.7884562500000001 0.486015625 0.7834953125 0.49283593750000004 0.77068125 0.4993453125 0.77026875 0.50430625 0.759934375 0.5108171875 0.7512546875 0.519496875 0.7483609375 0.5263171875 0.75208125 0.5278671875 0.7615875 0.5272484375000001 0.7731625 0.5207375 0.7847359375 0.510196875 0.7971375 0.5055468750000001 0.8116046875 0.4987265625 0.820284375 0.4943859375 0.8326859375 0.4866359375 0.844259375 0.4764046875 0.8649281249999999 0.47051406250000005 0.8636874999999999 0.480434375 0.8645140625 0.48291562499999996 0.8744359375 0.4912859375 0.8855953124999999 0.495625 0.8930359375 0.5002765625000001 0.9008906250000001 0.5064765625 0.90585 0.5095765625 0.9066765625000001 0.5126765625 0.912878125 0.5092671875 0.9075046875 0.4971765625 0.9062640625 0.4959359375 0.9095703125 0.48942500000000005 0.9046109375 0.4853953125 0.8988234374999999 0.4748546875 0.9000640625 0.46927343749999995 0.9029562500000001 0.4643140625 0.9145312499999999 0.4630734375 0.9190781250000001 0.47144375
0 0.8579015625 0.21887343750000002 0.8657546875 0.21608437500000002 0.8719546875 0.2114328125 0.8744359375 0.207403125 0.86658125 0.2018234375 0.8616203125 0.2030625 0.8562468750000001 0.20399375000000003 0.8504609375 0.20678281250000002 0.84880625 0.20957343750000001 0.8512875 0.21701406250000002 0.8579015625 0.21887343750000002
0 0.7570406249999999 0.198103125 0.7611749999999999 0.19872343750000002 0.767375 0.196553125 0.768615625 0.1931421875 0.769028125 0.187871875 0.76448125 0.18260156249999998 0.7620015625 0.175471875 0.7545609375 0.1764015625 0.7549734375 0.178571875 0.7504265625000001 0.1888015625 0.75208125 0.1922125 0.7570406249999999 0.198103125
0 0.70454375 0.158109375 0.7136375 0.1646203125 0.7247984375 0.16896093750000002 0.729759375 0.172990625 0.7405062499999999 0.175471875 0.7372 0.17237031249999998 0.7351328125000001 0.165240625 0.72810625 0.15966093750000002 0.7305859375 0.153459375 0.7334796875 0.158109375 0.7367859375 0.156559375 0.741746875 0.15315 0.732653125 0.1509796875 0.723559375 0.14601875 0.7181859375 0.1432296875 0.7140515625 0.1373390625 0.705784375 0.13113906250000001 0.6995843749999999 0.13051875 0.69214375 0.13082812500000002 0.6913171874999999 0.136409375 0.693796875 0.14601875 0.697103125 0.15035937500000002 0.70454375 0.158109375
0 0.7475343750000001 0.7676093749999999 0.75208125 0.7638890625 0.7677890625 0.7530375 0.77646875 0.7477671875 0.7963109375 0.7366078125 0.8074703124999999 0.7285468749999999 0.8194578124999999 0.7232765624999999 0.8281390625 0.7142859374999999 0.8355796874999999 0.706225 0.826071875 0.6990953125 0.8178046875 0.7006453125000001 0.8058171875 0.704984375 0.783909375 0.712115625 0.7710953125 0.7251359374999999 0.756628125 0.734746875 0.7438140625 0.742496875 0.735546875 0.75086875 0.7363734375 0.7533484374999999 0.72810625 0.7610984375000001 0.725625 0.770709375 0.731 0.770709375 0.735959375 0.7688484375 0.745053125 0.7685390625 0.7475343750000001 0.7676093749999999
0 0.71489375 0.6932046875 0.70828125 0.6966140625 0.7000140625 0.701265625 0.704146875 0.7087046875 0.72646875 0.71180625 0.7351484375 0.710565625 0.7450703125 0.7114953125000001 0.7504265625000001 0.7111859375 0.7549734375 0.712425 0.7677890625 0.7052953125 0.7632578125 0.6950640625 0.749203125 0.686384375 0.7359765625 0.6811140625000001 0.725228125 0.6752234374999999 0.716134375 0.668403125 0.710346875 0.6578625 0.6996 0.6572421875 0.6929859375 0.663753125 0.6996 0.67429375 0.7091078125 0.6826640625 0.7219218749999999 0.6894843749999999 0.71489375 0.6932046875
0 0.67273125 0.7099453125 0.680171875 0.701575 0.6851328125 0.692584375 0.691746875 0.683284375 0.67810625 0.682353125 0.6698390625 0.68824375 0.6566109375 0.693825 0.6462765625 0.7040546875 0.6508234374999999 0.701575 0.6553703125 0.710565625 0.6417296875 0.7170765625 0.6334625 0.72110625 0.6247828125 0.7167656250000001 0.616928125 0.7232765624999999 0.6181687499999999 0.73350625 0.6181687499999999 0.7415671875000001 0.6251953125 0.7502484375 0.640903125 0.75241875 0.6611578125 0.7505578125000001 0.6743859375000001 0.746528125 0.689265625 0.7490078125 0.6934 0.746528125 0.6851328125 0.7390875 0.689265625 0.7266859375 0.6958796875 0.7220359375000001 0.694640625 0.7167656250000001 0.6834796875 0.71335625 0.67273125 0.7099453125
0 0.550790625 0.623140625 0.5491375 0.6256203124999999 0.5673250000000001 0.6330609375 0.5739390625 0.6302703125 0.5743515625 0.62035 0.5648453124999999 0.612909375 0.554096875 0.6178703125 0.550790625 0.623140625
0 0.39925 0.275296875 0.3974140625 0.2678578125 0.3930046875 0.2651015625 0.3885953125 0.265653125 0.3937390625 0.27364375 0.39925 0.275296875
0 0.44738437500000006 0.1942796875 0.4470171875 0.18849218750000002 0.43599375 0.1851859375 0.42790937500000004 0.17691874999999999 0.41688749999999997 0.176090625 0.4146828125 0.187940625 0.41872499999999996 0.19538125 0.4268078125 0.2017203125 0.434890625 0.200065625 0.4477515625 0.2036484375 0.448853125 0.205578125 0.4591421875 0.2050265625 0.4551 0.19565625 0.44738437500000006 0.1942796875
0 0.3650796875 0.206128125 0.360303125 0.2097109375 0.35662812499999996 0.21356875 0.3518515625 0.2185296875 0.3580984375 0.22266249999999999 0.3650796875 0.22486718749999998 0.37169375 0.2221125 0.37610156250000004 0.2157734375 0.3768375 0.2113640625 0.372428125 0.2064046875 0.3650796875 0.206128125
0 0.654246875 0.24608750000000001 0.6535124999999999 0.24333125 0.64469375 0.24498437499999998 0.6391828125 0.24884218749999998 0.6406531249999999 0.25545625 0.645796875 0.25545625 0.6509406249999999 0.2529765625 0.654246875 0.24608750000000001
0 0.6932703124999999 0.2064046875 0.6918 0.2036484375 0.68335 0.2050265625 0.6782046875 0.211915625 0.6660046875 0.21687656249999998 0.65865625 0.2229390625 0.6531453125 0.2292765625 0.6601265625 0.23120625 0.6634328125 0.2276234375 0.6685765625 0.2317578125 0.6704890625 0.23341093750000003 0.6730609375000001 0.2336859375 0.679675 0.2306546875 0.685921875 0.2221125 0.680778125 0.220734375 0.6800421875 0.217978125 0.6840843750000001 0.21605 0.685921875 0.211915625 0.689228125 0.20915937499999998 0.6932703124999999 0.2064046875
0 0.6693875 0.11739375 0.6756328125 0.11133124999999999 0.6921671875000001 0.09837968750000001 0.6899625 0.094521875 0.6855546875 0.094521875 0.6822468749999999 0.10030937499999999 0.6793078125 0.1027890625 0.671225 0.109403125 0.6646109375 0.112709375 0.656159375 0.11408750000000001 0.652853125 0.119046875 0.6513828125 0.12428281249999999 0.6429328125 0.1253859375 0.6374203125 0.1281421875 0.6414625 0.1220796875 0.6429328125 0.1162921875 0.6374203125 0.11188281250000001 0.628234375 0.1240078125 0.6219890625 0.132 0.6168437499999999 0.14192031249999998 0.6172125 0.1452265625 0.6183140625 0.14936093749999999 0.6208859375 0.1523921875 0.6289703125 0.14963593749999998 0.6429328125 0.1501875 0.6480765625 0.1507390625 0.6550578125000001 0.1523921875 0.6583640625 0.15294375 0.664978125 0.1504625 0.6660796875 0.1452265625 0.659834375 0.1435734375 0.654690625 0.14302187500000002 0.6554249999999999 0.13530625000000002 0.65873125 0.1311734375 0.664978125 0.1240078125 0.6693875 0.11739375
0 0.664978125 0.1570765625 0.6609359375 0.1587296875 0.6513828125 0.160659375 0.654690625 0.1692015625 0.66424375 0.1703046875 0.6671828125 0.163415625 0.664978125 0.1570765625
0 0.644034375 0.19290156249999998 0.64476875 0.19538125 0.6521171875 0.193728125 0.65175 0.1898703125 0.644034375 0.19290156249999998
0 0.6153 0.192075 0.6123609375 0.1917984375 0.61015625 0.19510624999999998 0.611625 0.1959328125 0.6153 0.19675937500000001 0.617871875 0.1962078125 0.6167703125 0.194003125 0.6153 0.192075
0 0.0862 0 0.08546406250000001 0.010471875 0.08583125 0.013228124999999999 0.08436249999999999 0.0146046875 0.083259375 0.016809374999999998 0.08215781250000001 0.0214953125 0.082525 0.025628125 0.082525 0.029485937499999997 0.0839953125 0.0325171875 0.08436249999999999 0.034721875 0.0847296875 0.0380296875 0.08436249999999999 0.044092187500000005 0.0839953125 0.0473984375 0.0839953125 0.0504296875 0.0836265625 0.0548390625 0.0839953125 0.059248437499999994 0.0839953125 0.06338125 0.0828921875 0.0683421875 0.08215781250000001 0.0710984375 0.0803203125 0.07385312499999999 0.08077656250000001 0.08291875 0.078940625 0.090634375 0.079675 0.09531875 0.08077656250000001 0.10165781250000001 0.082246875 0.10909843749999999 0.08187968749999999 0.1137828125 0.0815125 0.123703125 0.08187968749999999 0.12838750000000002 0.0815125 0.1339 0.0811453125 0.14051249999999998 0.0881265625 0.1410640625 0.1020875 0.14326875 0.105028125 0.13445000000000001 0.106496875 0.12232499999999999 0.11090625000000001 0.1289390625 0.11458125 0.11957031250000001 0.12339843749999999 0.1159875 0.12854375 0.1060671875 0.12854375 0.0978 0.1384640625 0.0925640625 0.14140312500000002 0.0986265625 0.1487515625 0.09531875 0.150221875 0.090634375 0.1619796875 0.09146093749999999 0.162346875 0.0851234375 0.16124531250000002 0.078234375 0.16638906250000002 0.0721703125 0.168225 0.06473124999999999 0.1627140625 0.0504015625 0.1568359375 0.042134375 0.16859375000000001 0.045715624999999996 0.1737375 0.050951562500000006 0.1888015625 0.0443375 0.198721875 0.045165625 0.2009265625 0.0391015625 0.22774999999999998 0.0465421875 0.235465625 0.0448890625 0.2534703125 0.0440625 0.2622875 0.0495734375 0.277353125 0.0462671875 0.284334375 0.0435109375 0.2733109375 0.035243750000000004 0.2655953125 0.027253125 0.2497953125 0.018434375 0.2542046875 0.013750000000000002 0.2637578125 0.0192609375 0.27625 0.0217421875 0.29911875 0.01678125 0.3108765625 0.009065624999999999 0.3215328125 0.0021765625 0.331453125 0 0.09776718749999999 0 0.0862 0
0 0.164271875 0.13723593750000002 0.18117343749999998 0.127865625 0.2021171875 0.109678125 0.20983281250000002 0.10526875 0.21901874999999998 0.10113593750000001 0.219753125 0.0972765625 0.228571875 0.091490625 0.2315109375 0.083775 0.2248984375 0.0818453125 0.231878125 0.07385312499999999 0.22452968750000002 0.0710984375 0.20689375000000002 0.079915625 0.19109375 0.0923171875 0.1767640625 0.1044421875 0.1664765625 0.1146390625 0.1617 0.1176703125 0.1499421875 0.13365312499999998 0.164271875 0.13723593750000002
0 0.3215328125 0.0942453125 0.32189999999999996 0.089009375 0.3167546875 0.0832234375 0.3145515625 0.0801921875 0.3152859375 0.07550781250000001 0.3127140625 0.0716484375 0.3090390625 0.06999531249999999 0.304996875 0.07192499999999999 0.302425 0.07385312499999999 0.305365625 0.08101875 0.30940625 0.0895609375 0.31381562500000004 0.0923171875 0.3215328125 0.0942453125
0 0.2925046875 0.058421875 0.29434218749999996 0.057318749999999995 0.292871875 0.055940625 0.28993281249999997 0.055114062500000005 0.28883125 0.0562171875 0.2925046875 0.058421875
0 0.22673437500000002 0.12593749999999998 0.219753125 0.1262125 0.21571250000000003 0.127865625 0.2135078125 0.132275 0.21387499999999998 0.1377859375 0.21791718750000003 0.142471875 0.2248984375 0.1446765625 0.228571875 0.146053125 0.23922812499999999 0.14936093749999999 0.2429015625 0.156525 0.25282187500000003 0.1554234375 0.25723124999999997 0.15128906250000002 0.253190625 0.1444 0.24878125 0.14192031249999998 0.2480453125 0.13530625000000002 0.24326875 0.1358578125 0.23922812499999999 0.136684375 0.2351859375 0.130621875 0.22673437500000002 0.12593749999999998
0 0.126059375 0.20750625 0.139653125 0.212190625 0.15361562499999998 0.21549843750000003 0.165740625 0.217978125 0.1705171875 0.21605 0.165740625 0.20750625 0.16316875 0.20475156249999998 0.1613328125 0.1986875 0.15288125 0.19290156249999998 0.1356125 0.19290156249999998 0.1317859375 0.19097187499999999 0.1284796875 0.1860109375 0.1255390625 0.1810515625 0.11745625 0.17939687499999998 0.11378124999999999 0.173059375 0.109740625 0.1661703125 0.10459687499999999 0.1661703125 0.0954109375 0.16561874999999998 0.08953124999999999 0.1625875 0.086225 0.156525 0.0840203125 0.14770624999999998 0.083653125 0.1444 0.08108125000000001 0.1444 0.079978125 0.14743124999999999 0.081815625 0.1526671875 0.08108125000000001 0.16120937500000002 0.08071249999999999 0.1825421875 0.08071249999999999 0.18860468749999998 0.0788765625 0.1946671875 0.0788765625 0.199628125 0.0803453125 0.20762031250000001 0.08071249999999999 0.21340625000000002 0.0796109375 0.21726406250000002 0.07740625 0.2225 0.07740625 0.2280125 0.07924375 0.2274609375 0.0788765625 0.2337984375 0.0788765625 0.2406890625 0.07930625 0.2565671875 0.07563281250000001 0.261803125 0.0771015625 0.271171875 0.0763671875 0.27530625 0.078571875 0.2824703125 0.0778375 0.28770625 0.0778375 0.2929421875 0.0771015625 0.2943203125 0.07930625 0.2973515625 0.07820468750000001 0.3006578125 0.0778375 0.303965625 0.0778375 0.310303125 0.0771015625 0.31553906249999997 0.07746875 0.322153125 0.0771015625 0.36175 0.076 0.369740625 0.076 0.3763546875 0.07416249999999999 0.3821421875 0.073428125 0.38765312500000004 0.076 0.393165625 0.07563281250000001 0.40638281249999997 0.07526406249999999 0.41244531249999994 0.07526406249999999 0.41740468750000004 0.0745296875 0.42401875 0.074896875 0.42897968750000004 0.072325 0.43283750000000004 0.0730609375 0.439175 0.07526406249999999 0.446615625 0.07526406249999999 0.452403125 0.0745296875 0.458465625 0.0737953125 0.48064375000000004 0.0730609375 0.49139218749999997 0.0730609375 0.496628125 0.07159062499999999 0.5024140625 0.07159062499999999 0.50461875 0.0737953125 0.5071 0.07416249999999999 0.512059375 0.072325 0.5195000000000001 0.073428125 0.527215625 0.072325 0.5459453125 0.07159062499999999 0.550078125 0.07048750000000001 0.5550390625 0.0719578125 0.5580703125 0.0719578125 0.5641328125 0.072325 0.5655109375 0.073428125 0.5699203125000001 0.0719578125 0.5787390625 0.0726921875 0.5900375 0.072325 0.5972015625 0.0719578125 0.6024375 0.0719578125 0.6079484374999999 0.0712234375 0.6109796875 0.07048750000000001 0.6178703125 0.0712234375 0.62310625 0.0726921875 0.6299953125 0.07048750000000001 0.6392296875000001 0.069753125 0.641159375 0.0719578125 0.6461203125 0.07159062499999999 0.6524578125 0.07159062499999999 0.6574187499999999 0.0701203125 0.6612765625 0.069753125 0.6654093750000001 0.069753125 0.6717484375 0.07085625 0.6783625 0.0712234375 0.6808421874999999 0.07085625 0.69351875 0.07085625 0.707571875 0.07048750000000001 0.7177687500000001 0.06901874999999999 0.7208 0.068284375 0.7265875 0.0686515625 0.73265 0.0701203125 0.737334375 0.0745296875 0.7378859375 0.081878125 0.7472546875 0.0892265625 0.752215625 0.09657656249999999 0.7497359375 0.10172031249999999 0.7505625 0.1101703125 0.758003125 0.12119374999999999 0.764340625 0.1296453125 0.764065625 0.1336859375 0.7569 0.12486875 0.75414375 0.11568281250000001 0.7508375 0.1050265625 0.746428125 0.10355624999999999 0.74174375 0.1145796875 0.744775 0.11935625000000001 0.7395390625 0.11825468750000001 0.7378859375 0.1145796875 0.740090625 0.1101703125 0.7389875 0.10833437500000001 0.7332015625 0.1024546875 0.7304453125 0.1138453125 0.722178125 0.1164171875 0.7263109375 0.12082656249999998 0.7202484375 0.12082656249999998 0.713634375 0.12486875 0.7108796875000001 0.1241328125 0.7083999999999999 0.127071875 0.7034390625 0.1296453125 0.7006828125 0.13331874999999999 0.6987546874999999 0.1300125 0.696825 0.11935625000000001 0.6987546874999999 0.11935625000000001 0.6957234375 0.12082656249999998 0.6891093749999999 0.12560312499999998 0.680290625 0.1278078125 0.6808421874999999 0.13515625 0.6819437500000001 0.1403 0.6822203124999999 0.148015625 0.684975 0.1520578125 0.6838734375 0.1469140625 0.6797390625 0.1329515625 0.6764328125 0.1241328125 0.66954375 0.1197234375 0.6630453125 0.12266406249999999 0.6534 0.1222953125 0.6407234374999999 0.11531406250000001 0.6316296875 0.1263375 0.6255671875 0.1388296875 0.6153703125 0.16308125 0.5988359375 0.18071718750000001 0.58478125 0.19761875 0.5718296875 0.21341875 0.5597046875 0.21599062500000002 0.5558468750000001 0.20239531249999998 0.5580515625 0.189903125 0.56659375 0.168959375 0.5762390625 0.1542625 0.5930484375 0.151690625 0.5867109375 0.1476484375 0.57210625 0.1553640625 0.5737593750000001 0.163815625 0.5704515625 0.1597734375 0.568246875 0.161978125 0.5646656250000001 0.1572015625 0.5543843749999999 0.14397500000000002 0.5447390624999999 0.1362578125 0.539228125 0.1494859375 0.5284796875 0.151690625 0.51415 0.15756874999999998 0.5127734375 0.1627140625 0.5204890625 0.16014062499999998 0.5328890625 0.1623453125 0.5386765625 0.1641828125 0.53454375 0.1667546875 0.526 0.17153125 0.5188359375 0.17153125 0.509740625 0.15940625 0.509190625 0.1505875 0.5078125 0.1748390625 0.497615625 0.18071718750000001 0.494034375 0.17594062500000002 0.4893484375 0.18549374999999999 0.47997968750000003 0.1990890625 0.4667515625 0.2112140625 0.45793437499999995 0.2060703125 0.45380000000000004 0.1979875 0.4598625 0.19027031249999998 0.461515625 0.186596875 0.46592500000000003 0.179615625 0.4664765625 0.18365625000000002 0.45793437499999995 0.174103125 0.46399687500000003 0.16491875 0.46868125000000005 0.165653125 0.458484375 0.16455 0.4532484375 0.1597734375 0.4474625 0.1539828125 0.44022187500000004 0.148471875 0.4352609375 0.14700312499999998 0.43278125 0.14442968750000001 0.4308515625 0.138184375 0.42671875000000004 0.133775 0.42506562499999995 0.11724062500000001 0.42120781249999995 0.10915625 0.41459375 0.110259375 0.41156249999999994 0.124221875 0.41156249999999994 0.1183421875 0.40439687500000004 0.11283125000000001 0.3986109375 0.11393281250000001 0.3955796875 0.12495624999999999 0.39282343750000004 0.132671875 0.3917203125 0.13891875 0.39034375 0.1499421875 0.3851078125 0.1506765625 0.3823515625 0.159128125 0.3779421875 0.1664765625 0.3732578125 0.17015 0.36884843749999996 0.1635375 0.364990625 0.155453125 0.3718796875 0.150309375 0.3721546875 0.1576578125 0.36691875 0.1635375 0.3616828125 0.1705171875 0.364990625 0.180071875 0.3611328125 0.18117343749999998 0.352865625 0.171253125 0.35562031250000004 0.1756625 0.3506609375 0.1830109375 0.3492828125 0.18374531249999998 0.3506609375 0.1899921875 0.35479375 0.198075 0.353415625 0.20468906250000002 0.34735312500000004 0.20468906250000002 0.34129062499999996 0.19697343750000001 0.340740625 0.18888906249999998 0.34129062499999996 0.19954531250000002 0.33688125 0.2102 0.33823125 0.2168140625 0.32803593750000004 0.2263671875 0.32610625 0.228571875 0.3208703125 0.23224687500000002 0.3134296875 0.231878125 0.311225 0.2248984375 0.312603125 0.2219578125 0.31095 0.2168140625 0.3068171875 0.20983281250000002 0.30874531250000004 0.20873124999999998 0.3142578125 0.197340625 0.32610625 0.1760296875 0.34401875 0.1767640625 0.33768125000000004 0.17198750000000002 0.3357515625 0.1774984375 0.3285875 0.16684375 0.32720937499999997 0.1635375 0.32280000000000003 0.16500625 0.31949218749999997 0.1705171875 0.31370624999999996 0.1664765625 0.30929687499999997 0.15177968749999998 0.31012343750000004 0.1488390625 0.3073671875 0.1499421875 0.3057140625 0.14700312499999998 0.30047812500000004 0.146634375 0.2977234375 0.15361562499999998 0.29441562499999996 0.1576578125 0.3007546875 0.1609640625 0.2999265625 0.160596875 0.29551875 0.1576578125 0.291384375 0.146634375 0.28945468750000003 0.1459 0.2858734375 0.142225 0.27760625 0.1429609375 0.273471875 0.14920625 0.27071718749999996 0.1550859375 0.267409375 0.165740625 0.25941875 0.1848484375 0.245259375 0.1925640625 0.2380953125 0.2021171875 0.23092968749999998 0.20285156249999997 0.2262453125 0.1984421875 0.21990781250000002 0.1877875 0.2185296875 0.172721875 0.2278984375 0.16500625 0.2336859375 0.1620671875 0.241953125 0.141490625 0.2579359375 0.1374484375 0.2513234375 0.1341421875 0.24608750000000001 0.1334078125 0.24333125 0.1341421875 0.238921875 0.131203125 0.23671718749999998 0.133775 0.2317578125 0.1356125 0.22734843749999997 0.132671875 0.2221125 0.126059375 0.217978125 0.11797500000000001 0.21605 0.1073203125 0.21549843750000003 0.1036453125 0.21081406249999998 0.11430156250000001 0.20667968750000001 0.126059375 0.20750625
0 0.2074765625 0.28384062499999996 0.203434375 0.2827375 0.200128125 0.2824625 0.2008625 0.28466718750000003 0.205271875 0.287146875 0.203434375 0.29155625 0.20049531250000002 0.2978953125 0.2067421875 0.3009265625 0.21225312500000001 0.2945875 0.20968124999999999 0.2904546875 0.2111515625 0.28549375 0.21298750000000002 0.27970625 0.214090625 0.27364375 0.21298750000000002 0.271715625 0.21004843750000002 0.2744703125 0.20857968750000003 0.27915625 0.2074765625 0.28384062499999996
0 0.2622234375 0.30340625 0.2640609375 0.300375 0.261121875 0.2945875 0.2552421875 0.287146875 0.2482609375 0.2805328125 0.245321875 0.275296875 0.23834062500000003 0.274746875 0.23209531249999998 0.268684375 0.2276859375 0.262621875 0.22180624999999998 0.2546296875 0.21592812499999997 0.25325156249999997 0.214090625 0.25766093749999996 0.2155609375 0.26455 0.21996875 0.268684375 0.2258484375 0.2739203125 0.2335640625 0.27943125 0.23576875 0.2824625 0.2416484375 0.2874234375 0.24789374999999997 0.29348593749999996 0.2545078125 0.2984453125 0.2622234375 0.30340625
0 0.3077859375 0.2573859375 0.3103578125 0.259590625 0.319175 0.2546296875 0.320278125 0.253803125 0.326525 0.251046875 0.3320359375 0.24498437499999998 0.32689218750000004 0.2403 0.3213796875 0.24222812500000002 0.3213796875 0.24388281250000002 0.3162359375 0.2504953125 0.316603125 0.2529765625 0.30815312499999997 0.2560078125 0.3077859375 0.2573859375
0 0.3643703125 0.24939375 0.3658390625 0.250771875 0.370615625 0.2518734375 0.374290625 0.24911875 0.37355625 0.2466375 0.37171875 0.24222812500000002 0.3687796875 0.241953125 0.3658390625 0.2441578125 0.36694218749999996 0.24636249999999998 0.3643703125 0.24939375
0 0.29933437500000004 0.13723593750000002 0.29345625000000003 0.14192031249999998 0.294925 0.148534375 0.3015390625 0.1482578125 0.30705 0.145778125 0.3110921875 0.1408171875 0.309621875 0.1383375 0.309990625 0.1331015625 0.315134375 0.1314484375 0.316603125 0.127590625 0.318440625 0.1267640625 0.319175 0.124559375 0.311459375 0.12373281249999998 0.30815312499999997 0.1281421875 0.3048453125 0.13365312499999998 0.29933437500000004 0.13723593750000002
0 0.250834375 0.5431546875000001 0.254140625 0.542053125 0.25303749999999997 0.5346124999999999 0.24789374999999997 0.5313046875 0.24422031249999998 0.527446875 0.2412796875 0.5224875 0.23760625000000002 0.518628125 0.229890625 0.5142203125 0.2284203125 0.5081562500000001 0.240178125 0.512015625 0.23981093750000002 0.5042984374999999 0.2335640625 0.5037484375 0.22952187500000001 0.4993390625 0.22290937500000002 0.49272499999999997 0.21592812499999997 0.491071875 0.2093140625 0.49465312499999997 0.207109375 0.4976859375 0.2093140625 0.5054015625 0.21519218750000002 0.5109125 0.21996875 0.5147703124999999 0.22401093749999998 0.518628125 0.23025781250000002 0.5227625 0.2346671875 0.527171875 0.2412796875 0.5340609374999999 0.2475265625 0.5398484375 0.250834375 0.5431546875000001
0 0.1299484375 0.7355046875 0.13325625000000002 0.728890625 0.1402375 0.7231046875 0.14538125 0.7195218750000001 0.149790625 0.7192453125 0.15934375 0.7164906249999999 0.1681609375 0.7101515625 0.1755109375 0.6980265625000001 0.1839609375 0.6908624999999999 0.182859375 0.686453125 0.17220312499999998 0.6894843749999999 0.1630171875 0.6977515624999999 0.1553015625 0.704915625 0.14684999999999998 0.71180625 0.1431765625 0.7178687499999999 0.1343578125 0.7222765625 0.132153125 0.7220015625 0.12958125 0.7209 0.1240703125 0.725859375 0.123334375 0.731646875 0.125171875 0.7368828125 0.1336234375 0.7368828125 0.1299484375 0.7355046875
0 0.1501578125 0.8052250000000001 0.149790625 0.8046734375 0.14538125 0.800815625 0.14354375 0.797784375 0.1420734375 0.7955796875 0.14464531249999998 0.7925484375 0.1475859375 0.7875875 0.1475859375 0.78455625 0.1402375 0.7834546875 0.137296875 0.785659375 0.1384 0.78935625 0.140971875 0.796796875 0.1380328125 0.7923875 0.1281109375 0.7901828125 0.1259078125 0.788253125 0.1196609375 0.7854984375 0.118190625 0.7838453125 0.11561874999999999 0.77778125 0.10606562500000001 0.7739234374999999 0.10165625 0.7703421875 0.094675 0.7656562499999999 0.086959375 0.7678609375 0.0865921875 0.7664828124999999 0.083653125 0.7615234375 0.079978125 0.7629015625 0.0744671875 0.766759375 0.0715265625 0.77171875 0.0685875 0.7736671875 0.0689546875 0.7791781249999999 0.0689546875 0.7866187499999999 0.0689546875 0.79268125 0.070425 0.7979171875 0.0707921875 0.8015000000000001 0.06969062499999999 0.806184375 0.0693234375 0.8114203124999999 0.0685875 0.8147265625 0.0685875 0.8183093749999999 0.06969062499999999 0.82244375 0.0682203125 0.8268515624999999 0.067853125 0.8323640625 0.06748593750000001 0.83511875 0.066015625 0.8403546875 0.0689546875 0.8433859375000001 0.071159375 0.8431109375 0.0785078125 0.8439375 0.085121875 0.8511031250000001 0.0763046875 0.85275625 0.0718953125 0.8548656250000001 0.0689546875 0.8603765624999999 0.067853125 0.8658875 0.066015625 0.870021875 0.06748593750000001 0.8760843749999999 0.06748593750000001 0.8799421875 0.066015625 0.8860046875 0.06528125 0.8890359374999999 0.067853125 0.8931703125 0.0663828125 0.8956500000000001 0.06528125 0.899784375 0.064546875 0.9039171874999999 0.0638109375 0.9069484375 0.06491406250000001 0.9110828124999999 0.06528125 0.9132875 0.06491406250000001 0.9152156250000001 0.066015625 0.91659375 0.06711875 0.9174203125 0.067853125 0.924309375 0.06675 0.9323015625 0.06528125 0.9397421874999999 0.0663828125 0.9477328125 0.0685875 0.9537953124999999 0.071159375 0.9595828125000001 0.0752015625 0.9697796875 0.086225 0.9739125 0.0961453125 0.97088125 0.10239218750000001 0.9681265625 0.10092187500000001 0.9593078125 0.09320625 0.954346875 0.1012890625 0.9499375000000001 0.10459687499999999 0.9460796874999999 0.095778125 0.94084375 0.0965125 0.935884375 0.0943078125 0.9295453124999999 0.0910015625 0.9229312500000001 0.090634375 0.9179718749999999 0.090634375 0.9143890625 0.0843875 0.9198999999999999 0.08108125000000001 0.9254125 0.0785078125 0.9251359375 0.07740625 0.9196249999999999 0.07373125 0.9157671875 0.07005781250000001 0.9168687500000001 0.06969062499999999 0.9130109375 0.06969062499999999 0.9066734375 0.072996875 0.9022640624999999 0.079978125 0.8962015624999999 0.0770390625 0.8934453124999999 0.0759359375 0.8893125 0.0759359375 0.8843515625 0.0752015625 0.88076875 0.07373125 0.8788406249999999 0.071159375 0.8769109374999999 0.0741 0.87443125 0.0741 0.8722265625000001 0.07336406250000001 0.8680921875 0.07373125 0.8570703125 0.0788765625 0.8658875 0.08953124999999999 0.8752578124999999 0.0965125 0.8818718750000001 0.10716875 0.88683125 0.1123125 0.8857296874999999 0.1134140625 0.8821468749999999 0.1090046875 0.8793906249999999 0.10863750000000001 0.8710875 0.0987171875 0.8672281249999999 0.11047499999999999 0.8630953124999999 0.1123125 0.8575843750000001 0.1196609375 0.8595124999999999 0.1259078125 0.8556546875000001 0.1281109375 0.8468359375000001 0.1299484375 0.8410500000000001 0.13509218750000002 0.8349875000000001 0.14538125 0.8305781250000001 0.1560359375 0.8234125000000001 0.1622828125 0.8181765625 0.167059375 0.8134921875 0.1666921875 0.80853125 0.1560359375 0.8151453125 0.156771875 0.8074296875 0.158240625 0.8030203124999999 0.1501578125 0.8052250000000001
0 0.1666921875 0.9157296875000001 0.163384375 0.918209375 0.16007812500000002 0.9231703124999999 0.1604453125 0.9262015625 0.16522187500000002 0.9273031250000001 0.166325 0.9248234375 0.170734375 0.920965625 0.17697968749999998 0.917934375 0.1802875 0.9160046875000001 0.17955156249999998 0.9107687500000001 0.1762453125 0.9099421875000001 0.17183593749999998 0.9115968750000001 0.17036562500000002 0.9143515624999999 0.1666921875 0.9157296875000001
0 0.13766562499999999 0.9030531249999999 0.1464828125 0.906084375 0.1545671875 0.9074625 0.1464828125 0.8994703124999999 0.1420734375 0.8956125 0.139134375 0.8898265625 0.13582812500000002 0.88624375 0.13068437500000002 0.8832125 0.1248046875 0.882109375 0.1226 0.884865625 0.1259078125 0.8898265625 0.126275 0.8931328125 0.12958125 0.8964390625 0.13582812500000002 0.8991953125000001 0.13766562499999999 0.9030531249999999
0 0.10239218750000001 0.8928578125 0.1064328125 0.8978171875 0.10937343749999999 0.901675 0.11451718749999999 0.9058093749999999 0.1170890625 0.90443125 0.11451718749999999 0.8980937499999999 0.11010781249999999 0.8934078124999999 0.1068 0.8914796875000001 0.10239218750000001 0.8928578125
0 0.1685296875 0.9365796874999999 0.1659578125 0.9335484375 0.1501578125 0.9418156249999999 0.156403125 0.9429171875 0.15934375 0.9401609375 0.1644875 0.938784375 0.163753125 0.9368546875 0.1685296875 0.9365796874999999
0 0.14501406249999998 0.94980625 0.14721875 0.9470515625000001 0.14501406249999998 0.9453968749999999 0.14244218749999998 0.9445703125 0.1406046875 0.9484281250000001 0.14501406249999998 0.94980625
0 0.1354609375 0.97515 0.13986875000000001 0.9773531249999999 0.14501406249999998 0.9790078125000001 0.147953125 0.977078125 0.14684999999999998 0.9757 0.1464828125 0.9715671875 0.146115625 0.967984375 0.142809375 0.96633125 0.13766562499999999 0.9668921875 0.133990625 0.9690859375 0.1336234375 0.9737718750000001 0.1354609375 0.97515
0 0.4186515625 0.9384921875 0.41137499999999994 0.9394843749999999 0.402115625 0.9429562499999999 0.41071406250000003 0.9464281250000001 0.4186515625 0.948909375 0.42460312499999997 0.9459328125 0.42592656250000005 0.9424609374999999 0.4186515625 0.9384921875
0 0.49272499999999997 0.813371875 0.48809531249999993 0.8208125000000001 0.49074062500000004 0.8237890625000001 0.49603125 0.82478125 0.50330625 0.8218046875 0.51124375 0.8138687499999999 0.505290625 0.8099000000000001 0.5006609375 0.807915625 0.49272499999999997 0.813371875
0 0.296296875 0.029762499999999997 0.30820156249999997 0.0486109375 0.3148140625 0.043651562500000005 0.3042328125 0.02728125 0.296296875 0.029762499999999997
0 0.328703125 0.027778124999999997 0.32473593749999996 0.0233140625 0.31349218749999996 0.029265625 0.31679843750000003 0.0342265625 0.328703125 0.027778124999999997
0 0.9093921875 0.815971875 0.8941796875 0.80853125 0.8988093750000001 0.8199406249999999 0.8935187499999999 0.8224203125 0.8988093750000001 0.826884375 0.9107140625 0.8298609375 0.9126984374999999 0.8234125000000001 0.9093921875 0.815971875
0 0.9457671875000001 0.7524796874999999 0.9457671875000001 0.7460312499999999 0.93783125 0.7435515625 0.9338625 0.7420640625 0.9193125 0.7514875 0.9265874999999999 0.7514875 0.9265874999999999 0.7609125 0.93716875 0.757440625 0.9457671875000001 0.7524796874999999
0 0.896825 0.025793749999999997 0.8988093750000001 0.0173609375 0.8928578125 0.013889062499999999 0.8902109375 0.019840625 0.896825 0.025793749999999997