0 0.5340609374999999 0.342634375 0.5343921875000001 0.3493296875 0.5324078125 0.3560265625 0.5324078125 0.361234375 0.535053125 0.368675 0.5357140625000001 0.3865328125 0.5376984375 0.399678125 0.5360453125 0.4329109375 0.5327375 0.4577140625 0.5360453125 0.48821875 0.535053125 0.51798125 0.5373671875 0.536334375 0.5357140625000001 0.615946875 0.5340609374999999 0.6548859375 0.5327375 0.65860625 0.5320765625 0.670015625 0.524140625 0.698040625 0.52579375 0.70225625 0.5320765625 0.7077140625 0.53306875 0.7119296875 0.5327375 0.739459375 0.5340609374999999 0.7635171875 0.5324078125 0.8066718749999999 0.53306875 0.8200640625 0.5340609374999999 0.8232890625 0.5419968749999999 0.8334578125000001 0.55125625 0.8518109375 0.5644843749999999 0.8728921875 0.5724203125 0.8924843750000001 0.5783734375 0.9140625 0.5810187499999999 0.91803125 0.5820109375 0.925471875 0.5853171875000001 0.9296875 0.58680625 0.93824375 0.5886250000000001 0.9371281249999999 0.5889546875 0.933159375 0.59193125 0.92894375 0.5922625 0.917534375 0.593584375 0.9138140625 0.5925921875 0.910590625 0.5925921875 0.8939734375 0.5906078124999999 0.8818203125 0.5922625 0.85305 0.5942453125 0.7044890625 0.5929234375 0.5452625 0.5949078125 0.53038125 0.59556875 0.501115625 0.5949078125 0.48598749999999996 0.5932546875 0.47953906249999995 0.5922625 0.446553125 0.593915625 0.4353921875 0.5952375 0.40538125 0.5952375 0.3567703125 0.5965609374999999 0.344865625 0.601190625 0.3297375 0.5995375000000001 0.30964843750000004 0.6018515625 0.301959375 0.5962296874999999 0.296503125 0.593584375 0.29005468749999996 0.5925921875 0.2731890625 0.5929234375 0.2662453125 0.5949078125 0.262028125 0.5916 0.24193906250000002 0.5988749999999999 0.2099453125 0.6025125 0.2037453125 0.6074734375 0.1896078125 0.6111109375 0.1853921875 0.6104499999999999 0.18018281249999998 0.61441875 0.1764640625 0.615409375 0.1724953125 0.61375625 0.16803125000000002 0.608465625 0.1657984375 0.6064812500000001 0.16059062500000001 0.6068125 0.1541421875 0.60499375 0.15277812500000001 0.602678125 0.15277812500000001 0.6005296875 0.149678125 0.6018515625 0.1405015625 0.597553125 0.11024375 0.5949078125 0.1060265625 0.593915625 0.0985859375 0.5949078125 0.0896578125 0.597221875 0.0864328125 0.5962296874999999 0.081721875 0.59044375 0.07713281250000001 0.586475 0.07564531249999999 0.5758921875 0.0744046875 0.5712625 0.0704359375 0.5656421875000001 0.070684375 0.55963125 0.067646875 0.54808125 0.0659015625 0.5374234375 0.0664171875 0.5159281250000001 0.06499843749999999 0.5218296875 0.0727640625 0.5198359375 0.080328125 0.5179546875 0.089996875 0.5420046875 0.091878125 0.5443125 0.1018109375 0.5429890625 0.1536453125 0.5400125 0.1643109375 0.542659375 0.17571874999999998 0.5396828124999999 0.19332812500000002 0.5419968749999999 0.20696875 0.542659375 0.24764375 0.5416671875 0.25880468749999996 0.538690625 0.26798125 0.5380296875 0.29923125 0.5357140625000001 0.30865624999999997 0.535384375 0.318825 0.5307546875 0.32899375000000003 0.5307546875 0.3337046875 0.5340609374999999 0.342634375
0 0.6176421875 0.5389375000000001 0.6219671875 0.542109375 0.6235062499999999 0.52925 0.61975 0.5303109375 0.6178250000000001 0.5342265625 0.6176421875 0.5389375000000001
0 0.580396875 0.92638125 0.5787656250000001 0.9209828124999999 0.5693984375000001 0.923715625 0.5667265625 0.9310734374999999 0.56654375 0.9368703125 0.5708828125000001 0.940578125 0.5776296875 0.9405046875 0.5777625 0.9454953125 0.579203125 0.9544796874999999 0.5808921875 0.9631562499999999 0.58188125 0.9703359375 0.5825125 0.9764515625 0.5843 0.9651359375 0.5849703125 0.9495875 0.5817109375 0.9366015624999999 0.580396875 0.92638125
0 0.61006875 0.1848640625 0.6239609374999999 0.190759375 0.62396875 0.177440625 0.62371875 0.1761828125 0.6133078125 0.1792140625 0.61006875 0.1848640625
0 0.6275234375000001 0.128246875 0.6278078125000001 0.1500234375 0.631421875 0.147159375 0.63405 0.1416078125 0.6318078125000001 0.136328125 0.6275234375000001 0.128246875
0 0.6210765625 0.11254062499999999 0.6231234375 0.10422187499999999 0.6201578125 0.0975671875 0.6148609375 0.0921 0.6098125 0.08722656250000001 0.6139953125 0.0792984375 0.6116296875 0.0770578125 0.60166875 0.076125 0.6015546875 0.0841015625 0.6073015625 0.0929359375 0.6189843749999999 0.102059375 0.6150218749999999 0.108578125 0.612528125 0.1173703125 0.6211265625 0.1220234375 0.6132625 0.1169546875 0.6165015625 0.1167671875 0.6210765625 0.11254062499999999
0 0.33299375000000003 0.126171875 0.33862187499999996 0.1256921875 0.3459671875 0.1263828125 0.3485 0.125415625 0.3485640625 0.124228125 0.34414687499999996 0.11721718750000001 0.3389640625 0.118125 0.33725625 0.1211921875 0.33235312499999997 0.126771875 0.33299375000000003 0.126171875
0 0.50383125 0.09040000000000001 0.5069312499999999 0.0913078125 0.512334375 0.0913078125 0.5147859375 0.0887625 0.51351875 0.08319375 0.5104609375 0.0777953125 0.5070890625 0.07662187499999999 0.50366875 0.08381875 0.50029375 0.0899421875 0.50383125 0.09040000000000001
0 0.6595703125 0.114028125 0.6497203125000001 0.1122734375 0.6497203125000001 0.1123515625 0.6511218750000001 0.115521875 0.6543421875 0.1195359375 0.6543421875 0.123678125 0.6546703125 0.1267453125 0.6546703125 0.1286921875 0.6595515625 0.130346875 0.6595890625 0.1281296875 0.659734375 0.1250203125 0.660390625 0.1195140625 0.6608390625 0.11533437499999999 0.6595703125 0.114028125
0 0.48819375000000004 0.06550937500000001 0.49241875 0.068115625 0.4968296875 0.06745625 0.50061875 0.0663921875 0.502390625 0.06460625 0.460046875 0.0641328125 0.46188906249999995 0.0652203125 0.46952343750000003 0.0673625 0.4707921875 0.069015625 0.4744890625 0.068296875 0.47917812499999995 0.0673828125 0.482609375 0.06650937500000001 0.48819375000000004 0.06550937500000001
0 0.4407015625 0.063715625 0.44374843750000004 0.0641640625 0.4474453125 0.06542187499999999 0.4499375 0.0649671875 0.45210625000000004 0.06308125 0.43916875 0.0625140625 0.43335937500000005 0.062671875 0.4305203125 0.06449218749999999 0.43058125 0.0655703125 0.43300625000000004 0.0687390625 0.439915625 0.0659734375 0.4407015625 0.063715625
0 0.38894375000000003 0.0938875 0.39134531250000004 0.09511562500000001 0.3937875 0.0968671875 0.3943875 0.0960609375 0.394925 0.0944765625 0.3948203125 0.09257499999999999 0.391096875 0.0921359375 0.38894375000000003 0.0938875
0 0.44332656249999997 0.082225 0.4448046875 0.0817390625 0.4448046875 0.0806703125 0.4434296875 0.0793046875 0.440684375 0.08025625 0.441375 0.0818828125 0.44332656249999997 0.082225
0 0.3011953125 0.060354687500000004 0.3041109375 0.0591078125 0.312353125 0.060050000000000006 0.3154046875 0.0631203125 0.32015 0.0637046875 0.3255375 0.062828125 0.33649375 0.06340781250000001 0.34659062500000004 0.0638390625 0.3511125 0.0638390625 0.35872187499999997 0.0638390625 0.366146875 0.06298125 0.3701125 0.063646875 0.3749234375 0.0649546875 0.3791296875 0.0653234375 0.3822453125 0.0655109375 0.3877390625 0.06676093749999999 0.3900375 0.067178125 0.39590468749999996 0.0673484375 0.399153125 0.066265625 0.4006984375 0.0654890625 0.4041046875 0.0631015625 0.2563265625 0.056462500000000006 0.2155140625 0.0541703125 0.219434375 0.057746874999999996 0.22241875000000003 0.05856875 0.22512500000000002 0.060084375 0.2318046875 0.061503125000000006 0.2327546875 0.061365625 0.23790624999999999 0.061475 0.24318749999999997 0.062376562499999996 0.25027187500000003 0.0631734375 0.2524625 0.062192187499999996 0.257534375 0.0611765625 0.2596734375 0.060450000000000004 0.2659859375 0.059643749999999995 0.27404843749999996 0.06035 0.281321875 0.060629687499999994 0.28654999999999997 0.060275 0.2931015625 0.061771875 0.297246875 0.061821875000000005 0.3011953125 0.060354687500000004
0 0.16164375 0.054984374999999995 0.1658703125 0.0548765625 0.1736203125 0.0541 0.1787015625 0.0556796875 0.183865625 0.05873125 0.1892796875 0.0591171875 0.1983359375 0.0589796875 0.203578125 0.057584375 0.20913906249999997 0.05638125000000001 0.2096046875 0.0544390625 0.10765625000000001 0.050109375 0.10053125 0.0499625 0.103753125 0.051993750000000005 0.1056546875 0.052290625 0.110175 0.052256250000000004 0.1103859375 0.0533046875 0.1151953125 0.055001562500000004 0.117490625 0.055218750000000004 0.123540625 0.05461875000000001 0.127525 0.053078125 0.129928125 0.052381250000000004 0.13722812499999998 0.053521875 0.1349703125 0.055600000000000004 0.136990625 0.0566703125 0.1392890625 0.0568390625 0.14030625000000002 0.0544828125 0.1439765625 0.0534671875 0.146828125 0.0534671875 0.152690625 0.053853125 0.16164375 0.054984374999999995
0 0.025128125 0.050709375 0.030887500000000002 0.050443749999999996 0.040704687499999996 0.051240625 0.0553875 0.0500890625 0.057103125 0.0500890625 0.0603375 0.051725 0.07217812500000001 0.052414062500000004 0.0761390625 0.0513921875 0.0769453125 0.0500015625 0.05288906249999999 0.0485609375 0.0433375 0.048075 0.0110875 0.0478109375 0.0112421875 0.0496328125 0.017651562500000002 0.05054062499999999 0.025128125 0.050709375
0 0.0612921875 0.1291015625 0.057662500000000005 0.131109375 0.05639375 0.1344359375 0.056248437500000005 0.1380171875 0.056125 0.139265625 0.0611609375 0.1422453125 0.06296874999999999 0.1420859375 0.06804687499999999 0.1392421875 0.0697546875 0.13403281250000001 0.0697546875 0.131815625 0.0667046875 0.1300734375 0.0612921875 0.1291015625
0 0.12666249999999998 0.1005546875 0.1251578125 0.1028265625 0.12889375 0.1047796875 0.12885156250000002 0.1044828125 0.129384375 0.0999078125 0.12666249999999998 0.1005546875
0 0.0024453125 0.2183671875 0.00525625 0.21454374999999998 0.00603125 0.210959375 0.005634375 0.20929531250000002 0 0.2103671875 0.00005468750000000001 0.22070625000000002 0.0024453125 0.2183671875
0 0.5139484375000001 0.650534375 0.5143578125 0.65293125 0.518021875 0.65443125 0.520825 0.6534421874999999 0.5222140625 0.6516890625 0.52064375 0.65029375 0.5165765625 0.649559375 0.5139484375000001 0.650534375
0 0.30625 0.27421875 0.3078125 0.27421875 0.3078125 0.27265625 0.30625 0.27265625 0.30625 0.27421875