0 0.630290625 0.518353125 0.6474875 0.52579375 0.6593921875000001 0.5292656250000001 0.6660046875 0.5292656250000001 0.6699734375 0.52579375 0.6699734375 0.5208328125 0.671296875 0.5158734375 0.6686515625 0.5124015625 0.664021875 0.5079359375 0.6554234375 0.511409375 0.648809375 0.5119046875000001 0.65806875 0.49652812500000004 0.674603125 0.48710312499999997 0.6719578125 0.4796625 0.66534375 0.4682546875 0.6620375000000001 0.4608140625 0.6554234375 0.45386875 0.65079375 0.45386875 0.6421953125 0.4603171875 0.63558125 0.459821875 0.6269843749999999 0.4692453125 0.6130953124999999 0.47420625000000005 0.6150796875 0.48363125 0.6018515625 0.48660781249999996 0.5879624999999999 0.511409375 0.5853171875000001 0.5173609375 0.5912703125000001 0.5188484375 0.611771875 0.5029765625 0.6124343750000001 0.5084328124999999 0.6164015625 0.51636875 0.6256609375 0.522321875 0.630290625 0.518353125
0 0.7414015625 0.5813484375 0.7380953124999999 0.576884375 0.7294968749999999 0.5818453124999999 0.7136250000000001 0.5887890625 0.70238125 0.5967265625 0.70238125 0.6046625 0.704365625 0.61954375 0.7136250000000001 0.6403765625 0.722884375 0.64136875 0.7328046875 0.6443453124999999 0.7486765625 0.6210312499999999 0.7486765625 0.6140875 0.7486765625 0.5907734375 0.7414015625 0.5813484375
0 0.66534375 0.534721875 0.6574078125 0.548115625 0.6752640624999999 0.5396828124999999 0.6759265625 0.5292656250000001 0.66534375 0.534721875
0 0.34788437499999997 0.6383921875 0.3392859375 0.634425 0.33465625 0.6349203125 0.33068749999999997 0.63988125 0.3392859375 0.6478171875000001 0.354496875 0.6542656250000001 0.36045 0.6483140625 0.354496875 0.641865625 0.34788437499999997 0.6383921875
0 0.48809531249999993 0.978175 0.4920640625 0.9717265625 0.5013234375 0.9747031249999999 0.51124375 0.9776781250000001 0.527778125 0.983134375 0.5231484375 0.9747031249999999 0.5443125 0.980159375 0.549603125 0.97271875 0.5449734375 0.9603171875 0.55489375 0.9444437499999999 0.5634921875 0.9375 0.5648140625 0.9305562500000001 0.5615078125 0.9265874999999999 0.5648140625 0.9151781250000001 0.5740734375 0.90625 0.572090625 0.9002968750000001 0.5667984374999999 0.891865625 0.5522484375000001 0.894840625 0.5304234375 0.9032734375 0.527115625 0.9221234375 0.5013234375 0.9107140625 0.48809531249999993 0.9221234375 0.48941875 0.9399796874999999 0.49272499999999997 0.9568453124999999 0.4748671875 0.9771828125 0.47156093749999994 0.9846234375 0.48809531249999993 0.978175
0 0.41997343750000005 0.4216265625 0.43386250000000004 0.40625 0.4398140625 0.40128906249999996 0.431878125 0.3938484375 0.41997343750000005 0.384425 0.4054234375 0.39136875 0.3974875 0.40079374999999995 0.3869046875 0.4047625 0.369046875 0.3953375 0.3558203125 0.39136875 0.34920625 0.3928578125 0.3445765625 0.3888890625 0.351190625 0.3814484375 0.3465609375 0.37896874999999997 0.3234125 0.3923609375 0.3154765625 0.4037703125 0.295634375 0.40178593749999997 0.2876984375 0.41021875 0.295634375 0.4186515625 0.277778125 0.43055625 0.2652109375 0.439484375 0.257390625 0.44196406250000003 0.2415171875 0.443453125 0.23358125 0.43650781250000004 0.22498281250000002 0.431546875 0.21373906250000002 0.431546875 0.2051421875 0.43650781250000004 0.1886078125 0.4528765625 0.17405781250000002 0.451884375 0.1647984375 0.45039687500000003 0.15950625000000002 0.45089218750000004 0.17075 0.4692453125 0.162153125 0.4692453125 0.15090937499999998 0.4771828125 0.1383421875 0.48859062499999995 0.1257765625 0.5024796874999999 0.117178125 0.5153765625 0.1224703125 0.5248015625 0.1350359375 0.5327375 0.150246875 0.53125 0.14561875 0.5376984375 0.134375 0.549603125 0.1277609375 0.5605156250000001 0.1271 0.56944375 0.136359375 0.57886875 0.15223124999999998 0.584821875 0.1442953125 0.5927578125 0.16612031249999998 0.5922625 0.1832015625 0.5798609375 0.1977515625 0.5873015625 0.20965625000000002 0.6056546875000001 0.22486718749999998 0.6001984375 0.23545 0.5942453125 0.25727500000000003 0.6046625 0.26455 0.6016859375 0.2784390625 0.599703125 0.296296875 0.58680625 0.30026406250000004 0.5744046875000001 0.30820156249999997 0.56944375 0.3148140625 0.5654765625 0.3240734375 0.5595234375 0.32275156250000003 0.5486109375 0.34193125 0.5580359374999999 0.3412703125 0.5515875 0.3280421875 0.53670625 0.322090625 0.5203375 0.329365625 0.5133921875 0.3406078125 0.519840625 0.3505296875 0.527778125 0.3670640625 0.514384375 0.3736765625 0.511409375 0.37103125000000003 0.50545625 0.35805312499999997 0.5063156249999999 0.3670640625 0.5014875 0.3723546875 0.492559375 0.38955 0.5029765625 0.395503125 0.5044640625000001 0.395503125 0.5004953125 0.410053125 0.508928125 0.41732812499999994 0.508928125 0.396825 0.49454374999999995 0.40277812500000004 0.4861109375 0.42592656250000005 0.46974218749999996 0.435846875 0.45684531249999993 0.4563484375 0.45932500000000004 0.46428593749999997 0.4548609375 0.42592656250000005 0.430059375 0.41997343750000005 0.4216265625
0 0.38172968749999997 0.3725203125 0.385696875 0.366071875 0.3771 0.3616078125 0.3718078125 0.366071875 0.38172968749999997 0.3725203125
0 0.4048765625 0.3754953125 0.38768125000000003 0.3923609375 0.39495625 0.3928578125 0.412153125 0.378471875 0.4048765625 0.3754953125
0 0.0827875 0.777778125 0.0900625 0.7678578125 0.099321875 0.75694375 0.1132109375 0.753471875 0.1224703125 0.741071875 0.12974531250000002 0.733134375 0.12974531250000002 0.7266859375 0.1515703125 0.7177578125 0.14561875 0.711309375 0.13371249999999998 0.696925 0.128421875 0.6835312499999999 0.12180781249999999 0.6855156250000001 0.1112265625 0.6825390625 0.1046125 0.6750984375 0.0960140625 0.6671625 0.0913859375 0.67261875 0.084109375 0.6875 0.0728671875 0.6939484375 0.0722046875 0.71180625 0.066253125 0.7232140625000001 0.056993749999999996 0.7361109375 0.056332812499999996 0.7564484375 0.06691406250000001 0.773809375 0.0827875 0.777778125
0 0.084771875 0.9920640625000001 0.084109375 0.9985125 0.1264375 1 0.0900625 0.9846234375 0.084771875 0.9920640625000001
0 0.2732640625 0.3100203125 0.2897984375 0.30555625000000003 0.27657031249999997 0.299603125 0.27061875 0.301090625 0.2653265625 0.3080359375 0.2732640625 0.3100203125
0 0.20381875 0.2971234375 0.2077875 0.295634375 0.205803125 0.2931546875 0.17405781250000002 0.2936515625 0.1846390625 0.298115625 0.1905921875 0.298115625 0.1938984375 0.301090625 0.19918906249999999 0.301090625 0.20381875 0.2971234375
0 0.4062 0.3095234375 0.396940625 0.3204359375 0.3850359375 0.340278125 0.39958593750000004 0.3358140625 0.41744375 0.326884375 0.428025 0.3258921875 0.4438984375 0.3283734375 0.477628125 0.318453125 0.5133421874999999 0.33829375 0.5060671875 0.3521828125 0.5245859375 0.366071875 0.517971875 0.3725203125 0.523925 0.3794640625 0.5358296874999999 0.3745046875 0.5543921875 0.3764875 0.576878125 0.383928125 0.5967203125 0.39136875 0.6205296875 0.3958328125 0.6383875 0.36954375 0.6588890625 0.3859125 0.6701328125 0.3883921875 0.6860062499999999 0.380953125 0.70783125 0.355159375 0.70783125 0.349703125 0.7250265625 0.3482140625 0.7177515624999999 0.340278125 0.70055625 0.323909375 0.7289953125 0.31795625 0.7455296875 0.332340625 0.748175 0.3432546875 0.75214375 0.35069374999999997 0.75941875 0.355159375 0.7713234375 0.351190625 0.7825671875 0.358134375 0.7878578125 0.360615625 0.7964562500000001 0.3616078125 0.8043921875000001 0.349703125 0.8229109375 0.34375 0.838784375 0.3536703125 0.8453968749999999 0.3422625 0.8520109375 0.33878906249999996 0.84738125 0.319940625 0.8374609375000001 0.30704375 0.8301859374999999 0.3000984375 0.82555625 0.290675 0.8321703125000001 0.27430625000000003 0.8169578124999999 0.2817453125 0.7944718749999999 0.275296875 0.7733078124999999 0.2767859375 0.73031875 0.27628906249999996 0.5715874999999999 0.2827375 0.4333609375 0.287203125 0.3341546875 0.2891859375 0.3169140625 0.288690625 0.3036875 0.303075 0.32154375 0.303075 0.33675625 0.2936515625 0.34336875 0.3110125 0.3579203125 0.318453125 0.3665171875 0.318453125 0.3737921875 0.318453125 0.3757765625 0.3100203125 0.3737921875 0.303571875 0.378421875 0.2986109375 0.3883421875 0.2971234375 0.3962796875 0.2971234375 0.3982640625 0.3020828125 0.4062 0.3095234375
0 0.847221875 0.7227187500000001 0.8630953124999999 0.73511875 0.8670640625000001 0.75545625 0.8829359374999999 0.740575 0.8974875000000001 0.724703125 0.8888890625 0.7162703125000001 0.8888890625 0.7078375 0.8776453125 0.693453125 0.8630953124999999 0.709325 0.8611109375 0.700396875 0.847221875 0.7227187500000001
0 0.70390625 0.58125 0.696875 0.58828125 0.703125 0.59296875 0.7109375 0.58984375 0.70390625 0.58125