0 0.44376875 0.499646875 0.4512203125 0.4966375 0.45169218750000006 0.49004531250000005 0.448684375 0.484803125 0.4425515625 0.47939375 0.4413296875 0.47321875 0.44645156249999995 0.4756875 0.450334375 0.4715671875 0.453609375 0.4705203125 0.453428125 0.4671953125 0.43390312499999995 0.468584375 0.41234374999999995 0.47261875 0.409590625 0.48063124999999995 0.41035937499999997 0.49031250000000004 0.4060734375 0.49632812499999995 0.4028125 0.48219687499999997 0.3968375 0.48709687500000004 0.3963234375 0.4765171875 0.37735625 0.483134375 0.357515625 0.48710312499999997 0.3173359375 0.4976859375 0.282365625 0.51124375 0.2797625 0.5133921875 0.277778125 0.5186843750000001 0.2755453125 0.5448078125 0.2750140625 0.5537265625 0.2791421875 0.5522484375000001 0.286334375 0.549603125 0.29197656250000004 0.5461765625 0.286003125 0.526290625 0.284046875 0.5308203125000001 0.2794203125 0.5428531249999999 0.28187656250000004 0.5296375 0.283734375 0.5234109375 0.2859640625 0.5122765625000001 0.28900156250000003 0.517228125 0.2962421875 0.5286765625000001 0.301428125 0.5220078125 0.3013328125 0.5313828125 0.2976109375 0.5377890625 0.2957671875 0.5449703125 0.3029515625 0.5436515625 0.3082875 0.5381984375 0.311615625 0.5339875000000001 0.313690625 0.5386625 0.31687656249999996 0.5349796875 0.3217703125 0.5370828125 0.33808125 0.53380625 0.3803328125 0.524140625 0.41133437500000003 0.5178578125 0.4321671875 0.5152109375 0.45178124999999997 0.5146203125000001 0.45289999999999997 0.510709375 0.44875625 0.5056671875000001 0.44102968750000004 0.50831875 0.4417890625 0.5030625 0.4344796875 0.504246875 0.436928125 0.498175 0.43953749999999997 0.49646875 0.44376875 0.499646875
0 0.483646875 0.51345 0.4874203125 0.512440625 0.48843125 0.5116875000000001 0.4891640625 0.5072328125000001 0.485859375 0.5031125000000001 0.48186718749999996 0.502615625 0.4785296875 0.50444375 0.47454375000000004 0.5073937500000001 0.4732390625 0.5137937499999999 0.483646875 0.51345
0 0.488759375 0.4822828125 0.4874515625 0.4868390625 0.48707968749999997 0.4930578125 0.48915781249999996 0.49699687499999995 0.490696875 0.4981859375 0.492846875 0.496103125 0.49535 0.49292187500000006 0.49764687500000004 0.49123593750000005 0.4993546875 0.48784687499999996 0.496425 0.482546875 0.493484375 0.47994531250000005 0.488759375 0.4822828125
0 0.5108703125 0.49574375000000004 0.514115625 0.49187812500000005 0.5128171874999999 0.48860937499999996 0.5105875 0.48102343750000004 0.5068984375000001 0.48152343750000004 0.50661875 0.4845859375 0.506059375 0.489228125 0.5049390625 0.49250625000000003 0.5012140625 0.4950203125 0.4988734375 0.497609375 0.4990984375 0.5031796875000001 0.5004640625000001 0.5029015625000001 0.503671875 0.5024015625 0.5046828125 0.504896875 0.5088734374999999 0.5061984374999999 0.51071875 0.502634375 0.5075734375 0.49855625000000003 0.5089984375000001 0.49608125000000003 0.5108703125 0.49574375000000004
0 0.48275625 0.49409375000000005 0.4846328125 0.4908421875 0.483978125 0.488396875 0.48149687500000005 0.4840703125 0.47897187499999994 0.48637031249999996 0.47917812499999995 0.48929999999999996 0.481084375 0.492846875 0.48275625 0.49409375000000005
0 0.47614999999999996 0.47941093749999997 0.4737453125 0.4813375 0.47447343750000004 0.4840234375 0.477659375 0.4865375 0.4781046875 0.48637968750000005 0.4791609375 0.48324999999999996 0.47871874999999997 0.480321875 0.47614999999999996 0.47941093749999997
0 0.5386046875 0.48133593750000003 0.5353078124999999 0.4754515625 0.5296921875 0.4734671875 0.5273749999999999 0.47380468750000004 0.5265515625 0.47822031249999997 0.5292 0.48242031250000006 0.533821875 0.485890625 0.5369859375 0.4871984375 0.539675 0.4855515625 0.5386046875 0.48133593750000003
0 0.5314921874999999 0.48893125 0.5316546875 0.48586875 0.5286375 0.4844125 0.52456875 0.4854640625 0.5238859375 0.48615624999999996 0.5225593749999999 0.488653125 0.5263453124999999 0.49142656249999994 0.529028125 0.49170468749999996 0.530653125 0.493690625 0.5314921874999999 0.48893125
0 0.541459375 0.49793125 0.539959375 0.492928125 0.5374484374999999 0.49149843750000005 0.5370484375 0.494190625 0.5374625 0.4986671875 0.5384203125 0.500925 0.5401640624999999 0.5004328124999999 0.5413125 0.4994328125 0.541459375 0.49793125
0 0.5668109375 0.5042890625 0.5662921875 0.50048125 0.5572203124999999 0.498234375 0.5512453125000001 0.5024015625 0.551703125 0.50600625 0.554215625 0.5084421875 0.5575921875 0.5069656250000001 0.56226875 0.5049953125 0.5645421875000001 0.5081921875 0.5653640625 0.5078796875 0.5668109375 0.5042890625
0 0.550125 0.4879734375 0.5498421875 0.4885671875 0.54621875 0.4884125 0.543559375 0.49271093749999995 0.544678125 0.49627499999999997 0.5480875000000001 0.4957453125 0.5516375 0.495275 0.5545578124999999 0.49431250000000004 0.554996875 0.490359375 0.5547890625 0.4874078125 0.5518328125 0.4829609375 0.550125 0.4879734375
0 0.5704640624999999 0.490121875 0.569490625 0.49559375 0.5711109375000001 0.499015625 0.57265625 0.499015625 0.576325 0.504390625 0.5780328124999999 0.5098281250000001 0.5774468749999999 0.511359375 0.57421875 0.5137546875 0.5747 0.5192015624999999 0.593909375 0.52256875 0.596953125 0.522859375 0.5980078125 0.520425 0.5970796875 0.5157125 0.5943796875 0.5086046875 0.591709375 0.5025046875 0.588653125 0.5045890625 0.5869125000000001 0.5120375 0.5847171875 0.510090625 0.5841406250000001 0.5056578125 0.5847953125 0.5003484375 0.5888515625 0.4946890625 0.591465625 0.4946890625 0.595884375 0.4913625 0.5939984375 0.484671875 0.5909515625 0.48395781250000003 0.5836484375000001 0.48478125 0.5839328125 0.4864921875 0.5844984375 0.48963906250000006 0.579278125 0.4870453125 0.5793015625 0.489321875 0.58146875 0.4943984375 0.5799359374999999 0.498578125 0.5795671875 0.4996828125 0.5757 0.4924328125 0.5747546875 0.488709375 0.5764781250000001 0.48455000000000004 0.5748703125 0.48195468750000003 0.5691078125 0.48085781250000004 0.5704640624999999 0.490121875
0 0.6162515625 0.517815625 0.6152124999999999 0.5176000000000001 0.6117375 0.517115625 0.6119 0.52139375 0.6128843749999999 0.5238484375 0.616628125 0.52481875 0.6189609375 0.5262249999999999 0.620009375 0.527096875 0.6235031249999999 0.5248390625 0.6241078124999999 0.52134375 0.6213609375 0.5167640625 0.6162515625 0.517815625
0 0.6116796875 0.48993593750000003 0.6111890625 0.4854546875 0.60545625 0.48425312500000006 0.6053328125 0.48924687499999997 0.6050046874999999 0.49297031249999995 0.6050046874999999 0.49681406250000004 0.6060515625 0.4998625 0.60829375 0.4998046875 0.6114671875 0.4982875 0.6104859375 0.49309375 0.6116796875 0.48993593750000003
0 0.6121000000000001 0.49229218750000003 0.6129828125000001 0.49629218750000004 0.6170328125 0.5008671875 0.6164671875 0.4954296875 0.6167171875 0.4927171875 0.6134203125 0.491321875 0.6121000000000001 0.49229218750000003
0 0.600515625 0.5118234375 0.6013499999999999 0.5138890625 0.6014765625 0.506146875 0.6027750000000001 0.49944531249999996 0.5974125 0.49472812499999996 0.5976640625 0.5030859375000001 0.5984468749999999 0.5073265625000001 0.600515625 0.5118234375