0 0.6276453125 0.52889375 0.6299609375 0.537575 0.6334328124999999 0.540921875 0.6440140624999999 0.53819375 0.64715625 0.5341015625 0.6481484375 0.510540625 0.64715625 0.5073171875 0.6441796875 0.5060765625 0.6388890625 0.5117812500000001 0.6276453125 0.52889375
0 0.6388890625 0.7240828125000001 0.64500625 0.72569375 0.6494703125 0.723834375 0.6501328125 0.7216015625 0.6511250000000001 0.693825 0.6481484375 0.6236359375 0.6481484375 0.591890625 0.646825 0.5864328125 0.641865625 0.5809765625 0.6451718750000001 0.5782484375 0.6464953125 0.5735359375 0.6458328125 0.567584375 0.6441796875 0.5653515625 0.6372359375000001 0.5722968749999999 0.6369046875000001 0.576265625 0.6388890625 0.5802328125 0.6388890625 0.5842015625 0.6286375 0.5904015625000001 0.62533125 0.598834375 0.62533125 0.6154515625 0.626653125 0.623884375 0.6226859375 0.6360359375 0.6259921875 0.6452140625 0.6269843749999999 0.6548859375 0.632275 0.66555 0.6329359375 0.67100625 0.6316140625 0.674975 0.6230156250000001 0.6861359375 0.62169375 0.6903515625 0.62466875 0.6970484375 0.625 0.7047375 0.6276453125 0.7114328125 0.6388890625 0.7240828125000001
0 0.648809375 0.84759375 0.6438484375 0.8483390625 0.6402109375 0.855034375 0.641865625 0.8585062499999999 0.6441796875 0.8723953124999999 0.64715625 0.8783484375 0.6496359375 0.87896875 0.652115625 0.868428125 0.652115625 0.8602437500000001 0.6511250000000001 0.850075 0.648809375 0.84759375
0 0.4734375 0.88359375 0.47421875 0.9046875 0.48125 0.90078125 0.48125 0.88984375 0.4734375 0.88359375
0 0.47578125 0.7859375 0.484375 0.77109375 0.484375 0.73984375 0.4828125 0.71328125 0.4734375 0.70078125 0.47578125 0.7859375
0 0.47421875 0.7078125 0.478125 0.68984375 0.4734375 0.68671875 0.47421875 0.7078125
0 0.475 0.85859375 0.4734375 0.87578125 0.47890625 0.878125 0.484375 0.86484375 0.475 0.85859375
0 0.4703125 0.79765625 0.47421875 0.828125 0.48125 0.81328125 0.478125 0.80078125 0.4703125 0.79765625
0 0.471875 0.98046875 0.47734375 0.99375 0.484375 0.98828125 0.4859375 0.96328125 0.475 0.95078125 0.471875 0.98046875
0 0.484375 0.54453125 0.49765625 0.5484375 0.503125 0.53984375 0.5015625 0.52578125 0.4890625 0.52265625 0.484375 0.54453125
0 0.4734375 0.45078125 0.47734375 0.5234375 0.484375 0.49609375 0.484375 0.45078125 0.478125 0.44765625 0.4734375 0.45078125
0 0.6375 0.16484375 0.6328125 0.17890625 0.64296875 0.1921875 0.6453125 0.16953125 0.6375 0.16484375
0 0.4765625 0.18515625 0.4734375 0.20234375 0.48671875 0.203125 0.4875 0.19453125 0.4765625 0.18515625
0 0.6375 0.07890625 0.6296875 0.08671875 0.63828125 0.096875 0.6421875 0.08359375 0.6375 0.07890625
0 0.5453125 0.04921875 0.54765625 0.059375 0.55625 0.05703125 0.55546875 0.0484375 0.5453125 0.04921875
0 0.490625 0.00546875 0.48828125 0 0.4734375 0.00078125 0.4734375 0.02890625 0.47890625 0.0359375 0.490625 0.02265625 0.490625 0.00546875
0 0.47890625 0.1140625 0.4828125 0.10234375 0.4765625 0.08984375 0.47890625 0.1140625
0 0.5265625 0.00078125 0.525 0.01953125 0.54140625 0.0203125 0.55 0.00078125 0.5265625 0.00078125
0 0.496875 0.03203125 0.50390625 0.0328125 0.50625 0.01640625 0.5046875 0.00546875 0.5 0.00546875 0.496875 0.03203125