0 0.44102968750000004 0.49168124999999996 0.44875625 0.4943328125 0.45289999999999997 0.48929062500000003 0.45178124999999997 0.48537968749999993 0.4321671875 0.4847890625 0.41133437500000003 0.48214218750000004 0.3803328125 0.47585937500000003 0.33808125 0.46619374999999996 0.3217703125 0.4629171875 0.31687656249999996 0.4650203125 0.313690625 0.46133749999999996 0.311615625 0.4660125 0.3082875 0.4618015625 0.3029515625 0.4563484375 0.2957671875 0.4550296875 0.2976109375 0.4622109375 0.3013328125 0.46861718750000003 0.301428125 0.47799218750000005 0.2962421875 0.4713234375 0.28900156250000003 0.48277187499999996 0.2859640625 0.48772343749999997 0.283734375 0.4765890625 0.28187656250000004 0.47036249999999996 0.2794203125 0.457146875 0.284046875 0.46917968749999994 0.286003125 0.473709375 0.29197656250000004 0.4538234375 0.286334375 0.45039687500000003 0.2791421875 0.4477515625 0.2750140625 0.44627343750000004 0.2755453125 0.45519218749999996 0.277778125 0.48131562499999997 0.2797625 0.48660781249999996 0.282365625 0.48875624999999995 0.3173359375 0.5023140625 0.357515625 0.512896875 0.37735625 0.516865625 0.3963234375 0.5234828125 0.3968375 0.512903125 0.4028125 0.517803125 0.4060734375 0.503671875 0.41035937499999997 0.5096875 0.409590625 0.51936875 0.41234374999999995 0.52738125 0.43390312499999995 0.531415625 0.453428125 0.5328046875 0.453609375 0.5294796875000001 0.450334375 0.5284328125 0.44645156249999995 0.5243125 0.4413296875 0.52678125 0.4425515625 0.5206062499999999 0.448684375 0.515196875 0.45169218750000006 0.5099546875 0.4512203125 0.5033624999999999 0.44376875 0.500353125 0.43953749999999997 0.50353125 0.436928125 0.501825 0.4344796875 0.49575312499999996 0.4417890625 0.49693750000000003 0.44102968750000004 0.49168124999999996
0 0.485859375 0.4968875 0.4891640625 0.4927671875 0.48843125 0.4883125 0.4874203125 0.487559375 0.483646875 0.48655 0.4732390625 0.48620625000000006 0.47454375000000004 0.49260624999999997 0.4785296875 0.49555625000000003 0.48186718749999996 0.49738437500000005 0.485859375 0.4968875
0 0.49535 0.5070781249999999 0.492846875 0.503896875 0.490696875 0.5018140625 0.48915781249999996 0.503003125 0.48707968749999997 0.5069421875 0.4874515625 0.5131609375 0.488759375 0.5177171875 0.493484375 0.5200546875 0.496425 0.5174531250000001 0.4993546875 0.512153125 0.49764687500000004 0.5087640625 0.49535 0.5070781249999999
0 0.5046828125 0.495103125 0.503671875 0.49759843750000005 0.5004640625000001 0.49709843749999993 0.4990984375 0.49682031249999997 0.4988734375 0.502390625 0.5012140625 0.5049796875 0.5049390625 0.50749375 0.506059375 0.510771875 0.50661875 0.5154140625 0.5068984375000001 0.5184765625 0.5105875 0.5189765625 0.5128171874999999 0.511390625 0.514115625 0.508121875 0.5108703125 0.50425625 0.5089984375000001 0.50391875 0.5075734375 0.50144375 0.51071875 0.49736562500000003 0.5088734374999999 0.4938015625 0.5046828125 0.495103125
0 0.483978125 0.5116031249999999 0.4846328125 0.5091578125 0.48275625 0.50590625 0.481084375 0.507153125 0.47917812499999995 0.5107 0.47897187499999994 0.5136296875 0.48149687500000005 0.5159296875 0.483978125 0.5116031249999999
0 0.47447343750000004 0.5159765625 0.4737453125 0.5186625 0.47614999999999996 0.5205890625 0.47871874999999997 0.519678125 0.4791609375 0.51675 0.4781046875 0.5136203125 0.477659375 0.5134624999999999 0.47447343750000004 0.5159765625
0 0.5265515625 0.5217796875 0.5273749999999999 0.5261953125 0.5296921875 0.5265328125 0.5353078124999999 0.5245484375 0.5386046875 0.5186640625 0.539675 0.5144484375 0.5369859375 0.5128015625 0.533821875 0.514109375 0.5292 0.5175796874999999 0.5265515625 0.5217796875
0 0.5238859375 0.51384375 0.52456875 0.5145359375 0.5286375 0.5155875 0.5316546875 0.5141312499999999 0.5314921874999999 0.51106875 0.530653125 0.5063093750000001 0.529028125 0.5082953125 0.5263453124999999 0.5085734375000001 0.5225593749999999 0.511346875 0.5238859375 0.51384375
0 0.5370484375 0.505809375 0.5374484374999999 0.5085015625 0.539959375 0.5070718750000001 0.541459375 0.5020687500000001 0.5413125 0.5005671875 0.5401640624999999 0.4995671875 0.5384203125 0.49907500000000005 0.5374625 0.5013328125000001 0.5370484375 0.505809375
0 0.554215625 0.49155781249999997 0.551703125 0.49399375 0.5512453125000001 0.49759843750000005 0.5572203124999999 0.501765625 0.5662921875 0.49951875 0.5668109375 0.4957109375 0.5653640625 0.4921203125 0.5645421875000001 0.4918078125 0.56226875 0.4950046875 0.5575921875 0.49303437499999997 0.554215625 0.49155781249999997
0 0.5516375 0.504725 0.5480875000000001 0.5042546875 0.544678125 0.503725 0.543559375 0.5072890625 0.54621875 0.5115875 0.5498421875 0.5114328125000001 0.550125 0.5120265625 0.5518328125 0.5170390625 0.5547890625 0.5125921875 0.554996875 0.5096406250000001 0.5545578124999999 0.5056875 0.5516375 0.504725
0 0.5757 0.5075671875000001 0.5795671875 0.5003171875 0.5799359374999999 0.501421875 0.58146875 0.5056015625 0.5793015625 0.510678125 0.579278125 0.5129546875 0.5844984375 0.5103609375 0.5839328125 0.5135078125 0.5836484375000001 0.5152187500000001 0.5909515625 0.5160421875 0.5939984375 0.515328125 0.595884375 0.5086375000000001 0.591465625 0.5053109375 0.5888515625 0.5053109375 0.5847953125 0.4996515625 0.5841406250000001 0.49434218750000003 0.5847171875 0.489909375 0.5869125000000001 0.48796249999999997 0.588653125 0.4954109375 0.591709375 0.4974953125 0.5943796875 0.4913953125 0.5970796875 0.48428750000000004 0.5980078125 0.479575 0.596953125 0.477140625 0.593909375 0.47743125 0.5747 0.4807984375 0.57421875 0.4862453125 0.5774468749999999 0.48864062500000005 0.5780328124999999 0.490171875 0.576325 0.495609375 0.57265625 0.500984375 0.5711109375000001 0.500984375 0.569490625 0.50440625 0.5704640624999999 0.509878125 0.5691078125 0.5191421875 0.5748703125 0.5180453125 0.5764781250000001 0.51545 0.5747546875 0.511290625 0.5757 0.5075671875000001
0 0.6189609375 0.473775 0.616628125 0.47518125 0.6128843749999999 0.4761515625 0.6119 0.47860625 0.6117375 0.482884375 0.6152124999999999 0.4824 0.6162515625 0.482184375 0.6213609375 0.48323593750000005 0.6241078124999999 0.47865624999999995 0.6235031249999999 0.4751609375 0.620009375 0.47290312500000004 0.6189609375 0.473775
0 0.6050046874999999 0.5031859375 0.6050046874999999 0.5070296875 0.6053328125 0.510753125 0.60545625 0.5157468749999999 0.6111890625 0.5145453125 0.6116796875 0.5100640624999999 0.6104859375 0.50690625 0.6114671875 0.5017125 0.60829375 0.5001953125 0.6060515625 0.5001375 0.6050046874999999 0.5031859375
0 0.6129828125000001 0.5037078125 0.6121000000000001 0.5077078125 0.6134203125 0.508678125 0.6167171875 0.5072828125 0.6164671875 0.5045703125000001 0.6170328125 0.49913281249999997 0.6129828125000001 0.5037078125
0 0.6014765625 0.49385312499999995 0.6013499999999999 0.4861109375 0.600515625 0.48817656249999997 0.5984468749999999 0.4926734375 0.5976640625 0.4969140625 0.5974125 0.505271875 0.6027750000000001 0.5005546875 0.6014765625 0.49385312499999995