0 0.5334 0.5140125 0.5393515625 0.5212046875 0.5411703125 0.521578125 0.542659375 0.520709375 0.5433203125 0.517484375 0.540675 0.49764375000000005 0.5443125 0.493675 0.540509375 0.490328125 0.5380296875 0.490203125 0.53455625 0.49057500000000004 0.531415625 0.494171875 0.52943125 0.498140625 0.5287703125000001 0.5040921875000001 0.5304234375 0.5095484375 0.5334 0.5140125
0 0.7068453124999999 0.6532734375 0.7121359375 0.652778125 0.714946875 0.64769375 0.714615625 0.6419890625 0.7060187499999999 0.6157 0.704034375 0.6035468749999999 0.700396875 0.598090625 0.69659375 0.5952375 0.6898140625 0.5936265625 0.6861765625 0.594865625 0.6828703125 0.602803125 0.6898140625 0.6323171875 0.6924609375 0.6385171875 0.7000656249999999 0.64918125 0.7068453124999999 0.6532734375
0 0.5497687499999999 0.283978125 0.572090625 0.282365625 0.5649796874999999 0.2817453125 0.56035 0.2790171875 0.5436515625 0.277653125 0.536871875 0.2782734375 0.523478125 0.28211875000000003 0.5282734375 0.28323437500000004 0.5497687499999999 0.283978125
0 0.5135578125 0.29923125 0.5079359375 0.3009671875 0.50694375 0.3044390625 0.507275 0.30964843750000004 0.5120703125 0.3154765625 0.525628125 0.3149796875 0.5362109375 0.31324375 0.5413359375 0.3138640625 0.546296875 0.339409375 0.5469578125 0.3411453125 0.5494375 0.342509375 0.565971875 0.344990625 0.586475 0.3420140625 0.597553125 0.33445 0.601521875 0.329240625 0.6038359375 0.323040625 0.6038359375 0.31634375000000003 0.6018515625 0.3022078125 0.599040625 0.3005953125 0.5765546875 0.299603125 0.5135578125 0.29923125
0 0.483465625 0.7193703124999999 0.48627656249999995 0.7207343749999999 0.49470937499999995 0.717634375 0.49272499999999997 0.7139140625 0.48743437500000003 0.712178125 0.4828046875 0.7173859375 0.483465625 0.7193703124999999
0 0.4679234375 0.7382187499999999 0.46593906250000006 0.74293125 0.4766859375 0.755953125 0.48197812500000003 0.7584328124999999 0.48726875 0.7579359375 0.4917328125 0.755084375 0.49470937499999995 0.749628125 0.501190625 0.73691875 0.4920640625 0.733259375 0.48892187500000006 0.730903125 0.48197812500000003 0.730159375 0.4768515625 0.7275546875 0.4755296875 0.7245781250000001 0.48015937500000005 0.7216015625 0.47982812499999994 0.720609375 0.46908125 0.7170140625 0.4662703125 0.7131703125 0.46593906250000006 0.7243296875 0.4679234375 0.7382187499999999
0 0.5631921875 0.7309953124999999 0.5522390625 0.73511875 0.56926875 0.73481875 0.5722625 0.7420703125 0.5775140624999999 0.7422359375 0.6066109375 0.7343124999999999 0.6070796875 0.7290859375000001 0.6050953125 0.723709375 0.60350625 0.7313078125 0.5738234375 0.7332984375 0.5732890625 0.7317843749999999 0.5631921875 0.7309953124999999
0 0.5854484375 0.7494359375 0.59330625 0.7492734375000001 0.601803125 0.7480390625 0.60685 0.7435828124999999 0.6085203124999999 0.739096875 0.58573125 0.745584375 0.582609375 0.746515625 0.5827 0.7488046875000001 0.5854484375 0.7494359375
0 0.45056250000000003 0.5099203125 0.4563484375 0.5140125 0.45965625 0.5370781250000001 0.460978125 0.541790625 0.4621359375 0.5419140625 0.464615625 0.53980625 0.46527812500000004 0.5370781250000001 0.46362500000000006 0.53360625 0.46395468749999996 0.5209578125000001 0.46164062499999997 0.5021078125 0.439153125 0.501859375 0.44031093749999994 0.5166171875 0.443453125 0.5135171875 0.443453125 0.5097968749999999 0.445271875 0.508928125 0.45056250000000003 0.5099203125
0 0.44684687500000003 0.7553515625 0.44874375000000005 0.753596875 0.4477515625 0.7501234375 0.44808125 0.736234375 0.446428125 0.7330109375 0.4488671875 0.7218875 0.45039687500000003 0.681175 0.44940468750000007 0.675471875 0.4456015625 0.6708828125 0.4399796875 0.6733625 0.435328125 0.6748078125 0.4299390625 0.672671875 0.428496875 0.669 0.4295640625 0.6816718749999999 0.4348546875 0.7104421875 0.44477500000000003 0.730034375 0.44477500000000003 0.733259375 0.44064218750000006 0.7353671875 0.429296875 0.7286140624999999 0.4258265625 0.7258281249999999 0.423765625 0.732915625 0.42565468749999996 0.7481609375 0.4301390625 0.7576546875 0.4320375 0.7631015624999999 0.4380625 0.7675125 0.445175 0.7957609375 0.447975 0.8163281250000001 0.450875 0.8188484375 0.450521875 0.790696875 0.452675 0.7844734375 0.4491625 0.7750765625 0.450359375 0.7711203125 0.4474765625 0.7636140625000001 0.440159375 0.75455625 0.44684687500000003 0.7553515625
0 0.4381609375 0.5780015625 0.43022499999999997 0.5390625 0.42259531250000004 0.4456921875 0.4201546875 0.44861562499999996 0.4232796875 0.540303125 0.42427187499999997 0.6080109375 0.4265875 0.6489328125 0.427659375 0.6590453125 0.428225 0.665771875 0.42821718750000004 0.659259375 0.44047656249999995 0.64695 0.44212968750000003 0.6228921875 0.44146875 0.6025546875 0.4381609375 0.5780015625