0 0.46387812500000003 0.5033484374999999 0.4652359375 0.5064015625 0.47762031250000003 0.516621875 0.49095625 0.522025 0.5003265625 0.5238625 0.493053125 0.516628125 0.4938640625 0.5100734375 0.4898375 0.50463125 0.4804546875 0.497378125 0.4700484375 0.4946140625 0.4653625 0.4974421875 0.46387812500000003 0.5033484374999999
0 0.4061828125 0.3793859375 0.40334062499999995 0.37178125 0.3865875 0.36474531250000003 0.38503906250000003 0.3685921875 0.3823 0.3710453125 0.3853546875 0.3760890625 0.3973328125 0.3823390625 0.4074359375 0.38673281249999997 0.4061828125 0.3793859375
0 0.32272500000000004 0.1672296875 0.3178296875 0.1653609375 0.311496875 0.169421875 0.3087109375 0.1654328125 0.302815625 0.1718390625 0.294996875 0.177775 0.29683906250000003 0.182028125 0.3033671875 0.1827625 0.308778125 0.17870625 0.32272500000000004 0.1672296875
0 0.6275671875 0.168553125 0.625009375 0.17252343750000002 0.6248781250000001 0.1757125 0.63044375 0.17691718750000002 0.633296875 0.17274687500000002 0.6335031250000001 0.1686515625 0.6275671875 0.168553125
0 0.27144843750000003 0.267378125 0.271253125 0.271353125 0.276803125 0.2750078125 0.28071406250000003 0.2723578125 0.279321875 0.2662140625 0.27841875 0.2662140625 0.27144843750000003 0.267378125
0 0.544359375 0.6135312500000001 0.5390765625 0.619946875 0.5416578125 0.6259875 0.5502374999999999 0.620928125 0.556071875 0.6211171875 0.5681109375 0.61603125 0.57325 0.6089515624999999 0.5686453124999999 0.600596875 0.55949375 0.6035999999999999 0.55268125 0.6108484375 0.544359375 0.6135312500000001
0 0.4575390625 0.6946140625 0.4615453125 0.6881859375 0.45595625 0.6848421874999999 0.44699687499999996 0.691403125 0.44501093750000004 0.6891296875 0.438025 0.689453125 0.42946093750000003 0.69558125 0.42189062499999996 0.7030328124999999 0.413153125 0.712571875 0.4056484375 0.7183765625 0.3979765625 0.726371875 0.40608125 0.7287109375 0.41585625000000004 0.7247921875000001 0.4265609375 0.717884375 0.43459375 0.7126484375000001 0.441584375 0.707896875 0.45086250000000005 0.7021453125 0.4575390625 0.6946140625
0 0.38680625 0.7416875 0.3930578125 0.7481390625000001 0.4035125 0.752759375 0.40871562499999997 0.759153125 0.4163015625 0.76351875 0.42358906249999995 0.7659640624999999 0.42497968750000004 0.7598015625000001 0.42311249999999995 0.7507359375 0.41781562499999997 0.7456109375 0.40605 0.7455984375 0.395296875 0.7420671875 0.3880765625 0.7338843749999999 0.37904218749999996 0.73190625 0.38680625 0.7416875
0 0.416015625 0.8617312500000001 0.41241562500000006 0.8692609375 0.4206546875 0.8685499999999999 0.4275234375 0.868371875 0.4418921875 0.8640062500000001 0.45045 0.8570953125 0.463784375 0.8516625 0.47302968749999996 0.8410515625 0.4802109375 0.8318171875000001 0.4947421875 0.8341453124999999 0.5060125 0.8379406250000001 0.5129390625 0.8419359375000001 0.527946875 0.84761875 0.5331859375 0.8486171875 0.51704375 0.8662765625000001 0.5297109375 0.8631515625 0.54298125 0.8603671875 0.572271875 0.8379468749999999 0.566271875 0.8297828125000001 0.5538000000000001 0.836884375 0.553609375 0.8318703125000001 0.561984375 0.8254843749999999 0.55553125 0.8156375 0.5610890625 0.7946187499999999 0.5564671875 0.782153125 0.557209375 0.7732593750000001 0.5683265625 0.7634140625 0.570725 0.7552187499999999 0.5737953124999999 0.747684375 0.5599828125 0.750915625 0.5525859375 0.7547875000000001 0.545190625 0.7548703125 0.53895625 0.7509765625 0.5359171875000001 0.74364375 0.5236046875 0.7351203125 0.5144703125000001 0.7389890625 0.49653749999999997 0.7264359375 0.47902187500000004 0.7151140625 0.458646875 0.709321875 0.45366718749999996 0.7128953124999999 0.4425328125 0.717 0.4293609375 0.71995625 0.42447187499999994 0.723528125 0.42128125 0.729665625 0.4240984375 0.74 0.42964062500000005 0.7481796875 0.42881875 0.7555046875 0.43442499999999995 0.7570015625 0.43770781249999996 0.7636015625 0.42097968750000003 0.775590625 0.41487187499999995 0.779628125 0.4072890625 0.78653125 0.400340625 0.794815625 0.40373281250000004 0.8148953125 0.39616406249999997 0.8123265625 0.3643921875 0.7972984375000001 0.368553125 0.8089921875 0.3834546875 0.8200218749999999 0.3954265625 0.8275296875 0.40304062500000004 0.8329187499999999 0.41614218750000004 0.8396687500000001 0.4246734375 0.844478125 0.42260468749999996 0.8350390624999999 0.42083750000000003 0.831746875 0.43247187499999995 0.8392515625 0.4439578125 0.8421046875 0.4458484375 0.842846875 0.4266265625 0.8511828124999999 0.42133125 0.8562546875000001 0.416015625 0.8617312500000001
0 0.5117953125 0.7150328125 0.5041546875 0.7228421875000001 0.5094531250000001 0.725303125 0.52266875 0.71931875 0.5510171875000001 0.6989984375 0.5442171874999999 0.696215625 0.5380281250000001 0.7001765625 0.5283796875 0.700465625 0.5222125 0.7036578125 0.5117953125 0.7150328125
0 0.5985203125 0.7438 0.5969265625 0.7411328125 0.5921828125 0.73621875 0.596484375 0.731990625 0.5947828125 0.7271328125000001 0.5835828125 0.7191234375 0.5770109375 0.7205328125 0.56453125 0.7164109375 0.56479375 0.7217781249999999 0.5809046875 0.733375 0.5985203125 0.7438
0 0.5725625 0.79719375 0.5783390625 0.7979937500000001 0.5904843750000001 0.8010515625 0.584909375 0.791478125 0.578884375 0.7882859375 0.5644921875 0.7872703125 0.5635546875 0.7939046875 0.5725625 0.79719375
0 0.5922 0.8079000000000001 0.5796484375000001 0.8042796875 0.5795453125 0.8076578124999999 0.5891890625 0.8149765625000001 0.5999046875 0.8216234375000001 0.60180625 0.819484375 0.5962468750000001 0.8126734375 0.5922 0.8079000000000001
0 0.6682328125 0.6100765625 0.6635953125 0.6095390625 0.677646875 0.5941875 0.6698609375 0.5904874999999999 0.6609875 0.598153125 0.6494671875 0.60555625 0.63076875 0.6172593749999999 0.6211453125 0.626053125 0.6112484375 0.6341359375 0.6069734375 0.6383515625 0.6002078125 0.6364 0.5969484375 0.6398375 0.5966953125 0.64395 0.5895015625 0.6424562500000001 0.5716671875 0.6354921874999999 0.5706890625 0.629246875 0.5522171874999999 0.630328125 0.5594921875 0.6448109375 0.572125 0.6553046874999999 0.576184375 0.6612859375 0.5912140625 0.67346875 0.6034359375 0.6825890625000001 0.6088218750000001 0.6908515625 0.6161515625 0.68614375 0.6180640625 0.69384375 0.6250875 0.6973140625 0.618703125 0.7035 0.6108484375 0.7134968749999999 0.6094625 0.7218484375 0.615509375 0.7242390624999999 0.6158640625 0.7191828124999999 0.622178125 0.71163125 0.631140625 0.70471875 0.639509375 0.7076875 0.66006875 0.6934140625 0.6815640625 0.6744609374999999 0.6919625 0.6662265625 0.6972265625 0.666446875 0.7217734375 0.6800546875 0.7270078125 0.679078125 0.7068359375 0.6655671875 0.704459375 0.6540984375 0.6990046875 0.648428125 0.688709375 0.6425390625 0.6733109374999999 0.632128125 0.6672671875 0.6238265625 0.6682328125 0.6100765625
0 0.5966859375 0.6245484375 0.6031609375 0.6287281250000001 0.6096 0.6259875 0.6069640625 0.6240765625 0.6107375 0.620953125 0.6123000000000001 0.613840625 0.6076265624999999 0.6112359374999999 0.600021875 0.620109375 0.5927765625 0.61418125 0.58826875 0.617721875 0.5966859375 0.6245484375
0 0.5712921875 0.6724078125 0.556015625 0.6881484375 0.55634375 0.693259375 0.5680203125000001 0.6877078125 0.5761093749999999 0.6780468749999999 0.5784859375 0.672471875 0.5778749999999999 0.6695515624999999 0.5712921875 0.6724078125
0 0.71274375 0.9703359375 0.7167375 0.9718312499999999 0.7225359375 0.9714078125000001 0.720134375 0.965653125 0.705309375 0.9584046875000001 0.7092203125000001 0.9666578124999999 0.71274375 0.9703359375
0 0.42947187500000006 0.95519375 0.4333171875 0.9505437499999999 0.43064843750000004 0.9436125000000001 0.4215359375 0.9485906249999999 0.41505000000000003 0.95400625 0.42947187500000006 0.95519375
0 0.291771875 0.8946406250000001 0.2883484375 0.8888031249999999 0.2768953125 0.8802984374999999 0.2712578125 0.87321875 0.2574640625 0.868409375 0.2523265625 0.870378125 0.26094062500000004 0.8821843749999999 0.27609218750000003 0.8940484375000001 0.28584375 0.9009578125000001 0.291771875 0.8946406250000001
0 0.175359375 0.8610265625 0.1675859375 0.880146875 0.1569453125 0.8780765625000001 0.15810625 0.8868046875 0.181478125 0.8963656249999999 0.1925046875 0.901346875 0.20001875 0.9062374999999999 0.20409375000000002 0.9122140625 0.20712812500000002 0.9175625000000001 0.2192140625 0.9145671875 0.228496875 0.9123531249999999 0.229109375 0.9069609375000001 0.2376328125 0.8993 0.233634375 0.8827999999999999 0.22305000000000003 0.8751546875 0.23081562500000002 0.8693593749999999 0.26832968749999997 0.8368765625 0.2631640625 0.8355515625000001 0.25221875 0.845259375 0.24922968750000002 0.8440312499999999 0.2604875 0.8349984375 0.24801718749999999 0.839853125 0.23995625 0.8417546874999999 0.2287203125 0.8468484374999999 0.21830781250000003 0.8553203125 0.21061718749999997 0.8652171875000001 0.19975937500000002 0.8733140625000001 0.2012390625 0.86195 0.1879890625 0.8550437499999999 0.175359375 0.8610265625
0 0.2460578125 0.92643125 0.2581453125 0.9256265625 0.27265625 0.9141515625000001 0.27305625 0.9077375 0.27090312499999997 0.9031578124999999 0.262765625 0.8984406249999999 0.25232343749999997 0.8997515625 0.24026874999999998 0.9047078125000001 0.23732812499999997 0.9153015625 0.22252187499999998 0.9259671875000001 0.2214015625 0.9362031249999999 0.2159390625 0.9429421874999999 0.2065140625 0.9485796875 0.20723124999999998 0.9550875 0.2240515625 0.9407 0.230975 0.940009375 0.2460578125 0.92643125
0 0.07039218750000001 0 0.07678125 0.0100671875 0.08618125 0.0080390625 0.08540468749999999 0 0.07039218750000001 0
0 0.5028953125 0.013271874999999999 0.503646875 0.0177015625 0.5333546874999999 0.0003546875 0.5046375000000001 0 0.5162078125 0.0009953125 0.5028953125 0.013271874999999999
0 0.1075984375 0.95333125 0.1246328125 0.9402046875 0.1206703125 0.9376031250000001 0.11548906249999999 0.9407953125 0.10513125000000001 0.9513453125 0.1075984375 0.95333125
0 0 0.2684625 0.0154859375 0.24826406250000002 0.01030625 0.24743906249999997 0.0077453125 0.24540625 0.013228124999999999 0.2391578125 0 0.2456125 0 0.2684625
0 0.9913343749999999 0.12032812500000001 0.9896734374999999 0.1232140625 1 0.131953125 0.9996218750000001 0.113025 0.989334375 0.108196875 0.97675 0.10317499999999999 0.97421875 0.1061609375 0.986059375 0.11223593750000001 0.9913343749999999 0.12032812500000001
0 0.9087500000000001 0.0732203125 0.9165953124999999 0.0738875 0.9188375000000001 0.070240625 0.9178421875 0.06674375 0.91190625 0.0669953125 0.907153125 0.06936718750000001 0.9087500000000001 0.0732203125
0 0.9701078125 0.13110312500000001 0.9650624999999999 0.13334375 0.96245625 0.13958125 0.9621562499999999 0.14845312500000002 0.9705515625000001 0.14804375 0.9743625 0.13877343749999999 0.9777328125 0.133853125 0.9753999999999999 0.1318328125 0.9701078125 0.13110312500000001
0 0.9274921875000001 0.1472640625 0.9250671875 0.1469953125 0.921403125 0.1478296875 0.9194765625000001 0.1502046875 0.9206312499999999 0.1536140625 0.9258359374999999 0.154071875 0.9269890625 0.15302812500000001 0.9274921875000001 0.1472640625
0 1 0.265021875 0.9917578125000001 0.261596875 0.9884546875 0.2637046875 0.9815046875 0.2630890625 0.9829218750000001 0.2656 0.9923437500000001 0.26913906249999997 1 0.270621875 1 0.265021875
0 0.8755640625 0.46435624999999997 0.8797796874999999 0.47695156250000004 0.8913953125 0.48967031250000004 0.8966062499999999 0.50138125 0.9056625 0.504103125 0.9190250000000001 0.48353906249999995 0.9290109375 0.4744921875 0.9550640625 0.46547656249999997 0.96815 0.458703125 0.97055 0.44763906249999996 0.9800984375 0.4458046875 0.9867968749999999 0.43871874999999994 0.9822640625 0.4261453125 0.9911390625 0.420790625 1 0.41776562500000003 0.9957734374999999 0.40642187500000004 0.9867968749999999 0.398409375 0.987771875 0.3911171875 0.9791484374999999 0.383534375 0.9754546875000001 0.375753125 0.9592640625 0.378096875 0.9554578125000001 0.3717171875 0.9587468749999999 0.360159375 0.9491734375 0.3539453125 0.9414468749999999 0.3489171875 0.9318156249999999 0.34721718749999997 0.9291031249999999 0.3575671875 0.926315625 0.364359375 0.9331328125 0.37245625000000004 0.9224296875 0.37217812499999997 0.9145265625000001 0.3768796875 0.9029406249999999 0.38127656249999997 0.8994328125 0.390425 0.901040625 0.399284375 0.8968046875000001 0.41205781249999995 0.8906390625 0.41797968750000003 0.8800671875000001 0.4271109375 0.8761265625 0.446871875 0.8755640625 0.46435624999999997
0 0.9485374999999999 0.8334125 0.9487671875 0.8310046874999999 0.9446578125 0.8228562500000001 0.9364578124999999 0.8171765625 0.932940625 0.8156890625000001 0.9277171875000001 0.8110546875000001 0.923246875 0.8064328125 0.9113296875 0.8020984375 0.8935437500000001 0.7906984375 0.88623125 0.792071875 0.8848437499999999 0.797309375 0.890471875 0.8045328125 0.8950515625 0.8092375 0.9038328124999999 0.8160609375 0.907446875 0.8201859375 0.90796875 0.8244515625 0.9087453125 0.8256859375 0.9143874999999999 0.82455625 0.92246875 0.82649375 0.9308078125 0.8297625 0.9385703124999999 0.83306875 0.9485374999999999 0.8334125
0 0.7341015625 0.7885453124999999 0.7450796875 0.7820218750000001 0.7405703124999999 0.780203125 0.7368984375000001 0.7804890624999999 0.7340203125 0.784553125 0.7341015625 0.7885453124999999
0 0.6622625 0.79369375 0.6610109375000001 0.7914375 0.653675 0.7886453125 0.6516 0.7919484375 0.656265625 0.7944140625 0.6581390625 0.797121875 0.6591171874999999 0.8022 0.665115625 0.797115625 0.6622625 0.79369375
0 0.8369781250000001 0.8970921875 0.826990625 0.8813859374999999 0.8216359375 0.8771671874999999 0.8115249999999999 0.8760140625 0.7928109375 0.8682234375 0.792984375 0.863328125 0.7828625 0.8600562500000001 0.7764968750000001 0.8614593749999999 0.79316875 0.8720687500000001 0.7872609374999999 0.8721187499999999 0.7820015625 0.8712031250000001 0.78876875 0.8790125 0.7998234375 0.8869374999999999 0.8122031249999999 0.8957625 0.8325421875 0.8996828125 0.8374656249999999 0.9036125 0.8381109375 0.904653125 0.8250703125 0.9012640624999999 0.826459375 0.904878125 0.8413765625 0.9101171875 0.84598125 0.9060656249999999 0.8369781250000001 0.8970921875
0 0.812375 0.8503734375 0.8136421875 0.8515015625 0.8215 0.8534171875000001 0.8232421875 0.8515734374999999 0.8226765625000001 0.847596875 0.8194796875 0.8431921875 0.8168296875 0.8427421875000001 0.8153828125 0.8424250000000001 0.8127203125 0.845334375 0.812375 0.8503734375
0 0.8425 0.8324406249999999 0.8413906250000001 0.8271171875000001 0.8480421874999999 0.8202468749999999 0.8455875 0.817621875 0.8448578124999999 0.8141515625 0.836509375 0.8214515625000001 0.8322968749999999 0.8199296875 0.8233921875 0.8142375 0.8128875000000001 0.80806875 0.8080359375 0.8032656250000001 0.8005765625000001 0.80675625 0.789815625 0.803471875 0.793840625 0.8097890624999999 0.8074562500000001 0.8209406250000001 0.8180984375 0.8280421875 0.8166828125000001 0.8320859374999999 0.8219859375 0.8327625 0.8247390625 0.8361828125 0.8285281250000001 0.8319359375 0.8319218749999999 0.8341421875 0.828434375 0.83673125 0.8327921875 0.8387109374999999 0.8373109375000001 0.83475 0.8425 0.8324406249999999
0 0.8589546875 0.8106265625000001 0.8548406249999999 0.8157140625 0.85289375 0.8142890625 0.8449921874999999 0.8145515624999999 0.8461343749999999 0.8178546875 0.8562468750000001 0.81945 0.85973125 0.8170671875 0.8626484375000001 0.8134109374999999 0.8651687499999999 0.815503125 0.8677250000000001 0.811259375 0.861115625 0.8092609375 0.8589546875 0.8106265625000001
0 0.8355484375 0.8714453125 0.8403703124999999 0.8797421875 0.846809375 0.883515625 0.85699375 0.8841234375000001 0.86066875 0.8813703125 0.863078125 0.8730640624999999 0.86681875 0.8730640624999999 0.872853125 0.876034375 0.8800765625 0.87896875 0.8844 0.876034375 0.885478125 0.87138125 0.8884078125 0.8665078125000001 0.8943031250000001 0.863046875 0.8882359375 0.8582984375 0.8780187500000001 0.8451281249999999 0.8796843750000001 0.8428531250000001 0.8894203125000001 0.833271875 0.8967515625000001 0.8203015625000001 0.8974203125000001 0.8174921875000001 0.892659375 0.815390625 0.8803000000000001 0.8180015624999999 0.8745687500000001 0.8216328125000001 0.8700281249999999 0.8205515625 0.8638703124999999 0.82190625 0.8632390624999999 0.8298187499999999 0.852465625 0.8358812500000001 0.839309375 0.8476296874999999 0.8302390624999999 0.85595 0.8219 0.866240625 0.8243796874999999 0.87150625 0.8355484375 0.8714453125
0 0.9596 0.8367828125000001 0.95441875 0.84223125 0.947459375 0.8489859375 0.93865 0.8532343750000001 0.9475828125 0.8541859374999999 0.953321875 0.8508453125000001 0.9537328125 0.856265625 0.9636828124999999 0.850009375 0.964771875 0.8437812499999999 0.970721875 0.8447125 0.9756843749999999 0.8392937500000001 0.972896875 0.835240625 0.9662703125000001 0.834325 0.9596 0.8367828125000001
0 0.8715531249999999 0.9031609375 0.8693984374999999 0.9067140625000001 0.86978125 0.9098984375000001 0.87355 0.9083249999999999 0.8756578125000001 0.905634375 0.8738843749999999 0.9037609375000001 0.8715531249999999 0.9031609375
0 0.7751671875 0.7721671875 0.7746265625000001 0.77456875 0.7763718749999999 0.775675 0.7796359374999999 0.7745453125 0.7794421875 0.771121875 0.776878125 0.77134375 0.7751671875 0.7721671875
0 0.6939484375 0.5849671875 0.692209375 0.5838171875 0.68999375 0.585596875 0.6992812500000001 0.5902421875 0.700175 0.5882234375000001 0.6939484375 0.5849671875