0 0.5061359375000001 0.4899265625 0.5101625000000001 0.49536875 0.5195453125 0.502621875 0.5299515625 0.5053859375 0.5346375 0.5025578125 0.536121875 0.49665156250000003 0.5347640625000001 0.49359843750000004 0.5223796875 0.48337812500000005 0.50904375 0.477975 0.4996734375 0.4761375 0.506946875 0.483371875 0.5061359375000001 0.4899265625
0 0.6026671875 0.6176609375 0.5925640624999999 0.6132671875 0.5938171875 0.6206140625 0.596659375 0.62821875 0.6134125 0.6352546875 0.6149609375 0.6314078125 0.6176999999999999 0.6289546875 0.6146453125 0.6239109375 0.6026671875 0.6176609375
0 0.7031609375000001 0.8179718749999999 0.6966328125000001 0.8172375000000001 0.691221875 0.82129375 0.6772750000000001 0.8327703124999999 0.6821703125 0.8346390625 0.688503125 0.8305781250000001 0.6912890625 0.8345671875 0.697184375 0.8281609375000001 0.705003125 0.8222250000000001 0.7031609375000001 0.8179718749999999
0 0.3724328125 0.8314468749999999 0.374990625 0.8274765625 0.375121875 0.8242875 0.36955625 0.8230828125 0.366703125 0.827253125 0.366496875 0.8313484375 0.3724328125 0.8314468749999999
0 0.7285515625000001 0.732621875 0.728746875 0.728646875 0.723196875 0.7249921875 0.7192859375 0.7276421875 0.720678125 0.7337859375 0.7215812500000001 0.7337859375 0.7285515625000001 0.732621875
0 0.42675 0.39104843749999996 0.4313546875 0.39940312499999997 0.44050625 0.3964 0.44731875 0.3891515625 0.455640625 0.38646875 0.4609234375 0.380053125 0.4583421875 0.37401249999999997 0.4497625 0.379071875 0.44392812499999995 0.3788828125 0.4318890625 0.38396875 0.42675 0.39104843749999996
0 0.5705390625 0.30441875 0.578109375 0.2969671875 0.586846875 0.28742812500000003 0.5943515625 0.2816234375 0.6020234375 0.273628125 0.59391875 0.2712890625 0.58414375 0.27520781250000004 0.5734390625 0.282115625 0.56540625 0.2873515625 0.5584156250000001 0.292103125 0.5491375 0.2978546875 0.5424609375 0.3053859375 0.5384546875 0.3118140625 0.5440437499999999 0.31515781249999997 0.553003125 0.308596875 0.5549890625 0.31087031249999997 0.561975 0.310546875 0.5705390625 0.30441875
0 0.5750203125 0.2401984375 0.5768875 0.2492640625 0.582184375 0.2543890625 0.59395 0.2544015625 0.604703125 0.2579328125 0.6119234375 0.26611562499999997 0.6209578125 0.26809375 0.61319375 0.2583125 0.6069421875 0.2518609375 0.5964875000000001 0.24724062500000002 0.5912843750000001 0.240846875 0.5836984375000001 0.23648125000000003 0.5764109375 0.23403593749999999 0.5750203125 0.2401984375
0 0.536215625 0.1483375 0.5269703125 0.1589484375 0.5197890625 0.1681828125 0.5052578125 0.16585468750000001 0.49398749999999997 0.162059375 0.4870609375 0.1580640625 0.47205312499999996 0.15238125 0.4668140625 0.15138281250000002 0.48295625 0.1337234375 0.4702890625 0.1368484375 0.45701875000000003 0.13963281249999998 0.42772812499999996 0.162053125 0.433728125 0.17021718749999998 0.4462 0.16311562500000001 0.446390625 0.16812968749999999 0.43801562499999996 0.174515625 0.44446874999999997 0.1843625 0.43891093750000004 0.20538125 0.4435328125 0.217846875 0.44279062500000005 0.226740625 0.43167343750000003 0.23658593749999998 0.42927499999999996 0.24478125 0.4262046875 0.252315625 0.44001718749999996 0.24908437499999997 0.44741406250000004 0.2452125 0.45480937499999996 0.24512968750000003 0.46104375 0.2490234375 0.46408281249999994 0.25635625 0.47639531249999995 0.2648796875 0.4855296875 0.2610109375 0.5034625 0.2735640625 0.520978125 0.2848859375 0.541353125 0.290678125 0.5463328125 0.2871046875 0.5574671875 0.28300000000000003 0.5706390625 0.28004375000000004 0.5755281250000001 0.27647187500000003 0.57871875 0.270334375 0.5759015625 0.26 0.570359375 0.2518203125 0.57118125 0.2444953125 0.565575 0.2429984375 0.5622921875 0.23639843749999997 0.5790203125 0.22440937500000002 0.585128125 0.22037187500000002 0.5927109374999999 0.21346875 0.599659375 0.20518437500000003 0.5962671875 0.1851046875 0.6038359375 0.1876734375 0.6356078125 0.20270156250000002 0.631446875 0.1910078125 0.6165453125 0.17997812500000002 0.6045734375 0.1724703125 0.596959375 0.16708125000000001 0.5838578125 0.16033124999999998 0.5753265625 0.155521875 0.5773953125 0.16496093750000002 0.5791625 0.168253125 0.567528125 0.1607484375 0.5560421875 0.1578953125 0.5541515625 0.157153125 0.5733734375 0.1488171875 0.5786687500000001 0.1437453125 0.583984375 0.13826875 0.5875843749999999 0.1307390625 0.5793453125 0.13145 0.5724765625 0.131628125 0.5581078125000001 0.13599375 0.54955 0.14290468750000002 0.536215625 0.1483375
0 0.461971875 0.2998234375 0.47162031249999997 0.299534375 0.4777875 0.29634218749999997 0.4882046875 0.2849671875 0.4958453125 0.2771578125 0.490546875 0.274696875 0.47733125000000004 0.28068125 0.4489828125 0.3010015625 0.4557828125 0.303784375 0.461971875 0.2998234375
0 0.4229890625 0.2794671875 0.43546874999999996 0.28358906250000004 0.43520624999999996 0.278221875 0.4190953125 0.266625 0.4014796875 0.2562 0.40307343749999996 0.25886718750000004 0.40781718749999996 0.26378124999999997 0.403515625 0.268009375 0.4052171875 0.2728671875 0.4164171875 0.2808765625 0.4229890625 0.2794671875
0 0.43644531249999996 0.20609531250000002 0.4274375 0.20280625 0.4216609375 0.20200625 0.40951562499999994 0.1989484375 0.41509062500000005 0.20852187500000002 0.421115625 0.21171406250000002 0.43550781250000004 0.2127296875 0.43644531249999996 0.20609531250000002
0 0.403753125 0.1873265625 0.40780000000000005 0.1921 0.42035156249999994 0.1957203125 0.42045468750000003 0.1923421875 0.4108109375 0.1850234375 0.40009531249999997 0.1783765625 0.39819375 0.180515625 0.403753125 0.1873265625
0 0.36923125 0.382740625 0.3788546875 0.373946875 0.3887515625 0.3658640625 0.3930265625 0.36164843750000003 0.3997921875 0.36360000000000003 0.40305156249999996 0.3601625 0.40330468750000004 0.35605000000000003 0.4104984375 0.35754375 0.4283328125 0.3645078125 0.42931093750000004 0.370753125 0.4477828125 0.369671875 0.44050781250000004 0.3551890625 0.42787499999999995 0.34469531249999996 0.42381562500000003 0.33871406249999997 0.4087859375 0.32653125 0.3965640625 0.3174109375 0.39117812500000004 0.3091484375 0.38384843750000003 0.31385625 0.3819359375 0.30615625 0.3749125 0.3026859375 0.381296875 0.2965 0.3891515625 0.28650312499999997 0.3905375 0.2781515625 0.38449062500000003 0.27576093749999997 0.3841359375 0.2808171875 0.37782187500000003 0.28836875 0.368859375 0.29528125 0.360490625 0.29231250000000003 0.33993125 0.3065859375 0.3184359375 0.3255390625 0.3080375 0.3337734375 0.3027734375 0.333553125 0.2782265625 0.31994531249999997 0.2729921875 0.32092187499999997 0.2931640625 0.3344328125 0.295540625 0.34590156250000004 0.3009953125 0.351571875 0.311290625 0.3574609375 0.32668906249999996 0.36787187499999996 0.33273281250000003 0.3761734375 0.3317671875 0.38992343749999997 0.3364046875 0.3904609375 0.322353125 0.4058125 0.33013906249999997 0.40951250000000006 0.3390125 0.40184687500000005 0.3505328125 0.39444375 0.36923125 0.382740625
0 0.3923734375 0.3887640625 0.39997812499999996 0.379890625 0.4072234375 0.38581875 0.41173125 0.38227812499999997 0.40331406249999996 0.3754515625 0.3968390625 0.37127187500000003 0.39039999999999997 0.37401249999999997 0.3930359375 0.3759234375 0.38926249999999996 0.379046875 0.3877 0.38615937499999997 0.3923734375 0.3887640625
0 0.42212500000000003 0.33044843749999997 0.4287078125 0.32759218749999997 0.443984375 0.3118515625 0.44365625 0.306740625 0.4319796875 0.3122921875 0.423890625 0.321953125 0.4215140625 0.327528125 0.42212500000000003 0.33044843749999997
0 0.28725625 0.029664062499999998 0.28326250000000003 0.02816875 0.2774640625 0.028592187499999998 0.279865625 0.034346875 0.294690625 0.041595312499999995 0.2907796875 0.033342187499999995 0.28725625 0.029664062499999998
0 0.5666828125000001 0.04945625 0.5693515625 0.0563875 0.5784640624999999 0.051409375 0.58495 0.04599375 0.5705281249999999 0.04480625 0.5666828125000001 0.04945625
0 0.739059375 0.11781562500000001 0.7239078125 0.1059515625 0.71415625 0.0990421875 0.708228125 0.105359375 0.7116515625 0.111196875 0.7231046875 0.1197015625 0.7287421875 0.12678125 0.7425359375 0.13159062500000002 0.7476734375 0.129621875 0.739059375 0.11781562500000001
0 0.79998125 0.0937625 0.79590625 0.0877859375 0.792871875 0.0824375 0.7807859374999999 0.0854328125 0.771503125 0.087646875 0.770890625 0.0930390625 0.7623671875 0.10069999999999998 0.7663656249999999 0.1172 0.77695 0.1248453125 0.769184375 0.130640625 0.7316703125 0.1631234375 0.7368359375 0.1644484375 0.74778125 0.15474062500000002 0.7507703125 0.15596875 0.7395125 0.1650015625 0.7519828125 0.160146875 0.76004375 0.1582453125 0.7712796875000001 0.1531515625 0.7816921875 0.1446796875 0.7893828125 0.1347828125 0.800240625 0.12668593749999998 0.7987609375 0.13805 0.8120109375 0.14495625 0.824640625 0.1389734375 0.8324140625 0.119853125 0.8430546874999999 0.12192343750000001 0.84189375 0.11319531249999999 0.8185218750000001 0.10363437499999999 0.8074953125000001 0.098653125 0.79998125 0.0937625
0 0.7476765624999999 0.10024843750000001 0.75973125 0.0952921875 0.762671875 0.0846984375 0.777478125 0.0740328125 0.7785984375 0.063796875 0.7840609374999999 0.057057812500000006 0.7934859375000001 0.051420312499999996 0.79276875 0.0449125 0.7759484375000001 0.0593 0.769025 0.059990625 0.7539421875000001 0.07356875 0.7418546874999999 0.0743734375 0.72734375 0.0858484375 0.72694375 0.0922625 0.729096875 0.0968421875 0.737234375 0.10155937500000001 0.7476765624999999 0.10024843750000001
0 0.9296078124999999 1 0.92321875 0.9899328125 0.9138187500000001 0.9919609375 0.9145953125 1 0.9296078124999999 1
0 0.496353125 0.9822984375000001 0.4666453125 0.9996453125 0.4953625 1 0.4837921875 0.9990046875 0.4971046875 0.986728125 0.496353125 0.9822984375000001
0 0.8753671875 0.059795312499999996 0.8793296875 0.062396875 0.8845109375 0.0592046875 0.89486875 0.0486546875 0.8924015624999999 0.046668749999999995 0.8753671875 0.059795312499999996
0 1 0.7315375000000001 0.9845140625000001 0.7517359375 0.98969375 0.7525609375 0.9922546875 0.75459375 0.986771875 0.7608421875 1 0.7543875 1 0.7315375000000001
0 0.02578125 0.8938390625 0.013940625000000002 0.8877640625 0.008665625 0.879671875 0.0103265625 0.8767859375 0 0.8680468749999999 0.000378125 0.886975 0.010665625 0.891803125 0.02325 0.896825 0.02578125 0.8938390625
0 0.09125 0.9267796875000001 0.08340468749999999 0.9261125 0.0811625 0.929759375 0.08215781250000001 0.93325625 0.08809375 0.9330046875000001 0.092846875 0.9306328125000001 0.09125 0.9267796875000001
0 0.0222671875 0.8661468749999999 0.0246 0.8681671874999999 0.0298921875 0.8688968750000001 0.034937499999999996 0.8666562499999999 0.03754375 0.86041875 0.037843749999999995 0.851546875 0.0294484375 0.85195625 0.0256375 0.8612265625 0.0222671875 0.8661468749999999
0 0.0730109375 0.846971875 0.0725078125 0.8527359375 0.0749328125 0.8530046875 0.078596875 0.8521703125 0.08052343749999999 0.8497953125000001 0.07936875 0.8463859375 0.0741640625 0.845928125 0.0730109375 0.846971875
0 0 0.734978125 0.008242187500000001 0.7384031249999999 0.0115453125 0.7362953125 0.0184953125 0.7369109375 0.017078125 0.7344 0.007656250000000001 0.7308609374999999 0 0.729378125 0 0.734978125
0 0.0709890625 0.5255078125 0.0449359375 0.5345234375000001 0.03185 0.541296875 0.029449999999999997 0.5523609375 0.0199015625 0.5541953125 0.013203125 0.5612812500000001 0.0177359375 0.5738546875 0.0088609375 0.579209375 0 0.582234375 0.0042265625 0.593578125 0.013203125 0.6015906249999999 0.012228125 0.6088828125 0.0208515625 0.616465625 0.0245453125 0.624246875 0.0407359375 0.621903125 0.044542187500000004 0.6282828125 0.041253125 0.6398406249999999 0.050826562500000005 0.6460546875000001 0.058553125 0.6510828125 0.06818437499999999 0.6527828125 0.070896875 0.6424328125 0.073684375 0.635640625 0.06686718750000001 0.62754375 0.0775703125 0.627821875 0.0854734375 0.6231203125 0.097059375 0.6187234375 0.1005671875 0.609575 0.098959375 0.6007156250000001 0.1031953125 0.5879421875 0.1093609375 0.5820203125 0.11993281250000001 0.5728890625 0.12387343749999999 0.553128125 0.1244359375 0.53564375 0.12022031250000001 0.5230484375 0.1086046875 0.5103296875 0.10339374999999999 0.49861875 0.09433749999999999 0.495896875 0.08097499999999999 0.5164609375 0.0709890625 0.5255078125
0 0.076753125 0.1935671875 0.0886703125 0.1979015625 0.10645625 0.2093015625 0.11376875 0.20792812500000002 0.11515625 0.202690625 0.109528125 0.1954671875 0.1049484375 0.1907625 0.0961671875 0.1839390625 0.092553125 0.1798140625 0.09203125 0.1755484375 0.0912546875 0.1743140625 0.08561250000000001 0.17544375 0.07753125 0.17350625 0.0691921875 0.17023749999999999 0.061429687499999996 0.16693125 0.0514625 0.1665875 0.0512328125 0.1689953125 0.055342187499999994 0.17714375 0.0635421875 0.18282343750000002 0.067059375 0.1843109375 0.0722828125 0.1889453125 0.076753125 0.1935671875
0 0.2549203125 0.217978125 0.2594296875 0.21979687499999997 0.2631015625 0.2195109375 0.2659796875 0.21544687499999998 0.26589843750000003 0.2114546875 0.2549203125 0.217978125
0 0.34088281249999997 0.1978 0.334884375 0.202884375 0.33773749999999997 0.20630625 0.3389890625 0.20856249999999998 0.346325 0.2113546875 0.3484 0.20805156249999998 0.34373437500000004 0.20558593749999998 0.3418609375 0.20287812500000002 0.34088281249999997 0.1978
0 0.21713749999999998 0.13994374999999998 0.223503125 0.138540625 0.20683125000000002 0.12793125 0.2127390625 0.12788125 0.2179984375 0.128796875 0.21123124999999998 0.1209875 0.2001765625 0.1130625 0.187796875 0.10423750000000001 0.1674578125 0.1003171875 0.162534375 0.0963875 0.16188906249999999 0.095346875 0.1749296875 0.09873593750000001 0.173540625 0.095121875 0.15862343750000002 0.08988281249999999 0.15401875 0.093934375 0.163021875 0.1029078125 0.173009375 0.11861406249999999 0.1783640625 0.1228328125 0.188475 0.1239859375 0.2071890625 0.1317765625 0.207015625 0.136671875 0.21713749999999998 0.13994374999999998
0 0.1831703125 0.15725781249999998 0.1846171875 0.157575 0.18727968749999999 0.154665625 0.187625 0.1496265625 0.1863578125 0.1484984375 0.1785 0.1465828125 0.1767578125 0.1484265625 0.1773234375 0.152403125 0.1805203125 0.1568078125 0.1831703125 0.15725781249999998
0 0.167703125 0.1800703125 0.1766078125 0.1857625 0.1871125 0.19193125 0.1919640625 0.196734375 0.1994234375 0.19324375 0.210184375 0.196528125 0.206159375 0.1902109375 0.19254374999999999 0.179059375 0.1819015625 0.1719578125 0.18331718749999998 0.16791406250000002 0.17801406250000001 0.16723749999999998 0.1752609375 0.16381718750000002 0.171471875 0.1680640625 0.168078125 0.1658578125 0.171565625 0.16326875000000002 0.1672078125 0.1612890625 0.16268906249999998 0.16525 0.1575 0.167559375 0.158609375 0.17288281249999998 0.1519578125 0.179753125 0.1544125 0.182378125 0.1551421875 0.1858484375 0.163490625 0.1785484375 0.167703125 0.1800703125
0 0.14026875 0.18293281249999999 0.1373515625 0.1865890625 0.13483125 0.184496875 0.132275 0.188740625 0.138884375 0.1907390625 0.14104531250000002 0.1893734375 0.145159375 0.1842859375 0.14710625 0.1857109375 0.1550078125 0.1854484375 0.153865625 0.1821453125 0.14375312499999998 0.18055000000000002 0.14026875 0.18293281249999999
0 0.13318125 0.1269359375 0.127146875 0.123965625 0.11992343750000001 0.12103124999999999 0.1156 0.123965625 0.114521875 0.12861875 0.1115921875 0.1334921875 0.105696875 0.136953125 0.1117640625 0.1417015625 0.12198125 0.154871875 0.120315625 0.157146875 0.1105796875 0.166728125 0.10324843749999998 0.1796984375 0.10257968749999999 0.1825078125 0.107340625 0.18460937500000002 0.1197 0.1819984375 0.12543125 0.1783671875 0.12997187500000001 0.1794484375 0.1361296875 0.17809375 0.1367609375 0.17018125 0.147534375 0.16411875 0.160690625 0.1523703125 0.16976093750000001 0.14404999999999998 0.17809999999999998 0.13375937499999999 0.17562031250000001 0.12849375000000002 0.16445156249999998 0.12855468750000001 0.1596296875 0.1202578125 0.153190625 0.116484375 0.14300625 0.1158765625 0.13933125 0.1186296875 0.136921875 0.1269359375 0.13318125 0.1269359375
0 0.0462671875 0.143734375 0.0363171875 0.149990625 0.035228125 0.15621875000000002 0.029278125 0.1552875 0.024315625 0.16070625 0.027103125 0.16475937499999999 0.0337296875 0.165675 0.040400000000000005 0.1632171875 0.045581250000000004 0.15776874999999999 0.052540624999999994 0.1510140625 0.06135 0.146765625 0.0524171875 0.1458140625 0.046678125 0.1491546875 0.0462671875 0.143734375
0 0.12844687500000002 0.09683906249999999 0.1306015625 0.0932859375 0.13021875 0.0901015625 0.12645 0.09167499999999999 0.12434218749999999 0.094365625 0.126115625 0.0962390625 0.12844687500000002 0.09683906249999999
0 0.2248328125 0.22783281249999998 0.2253734375 0.22543125000000003 0.223628125 0.22432500000000002 0.22036406249999999 0.2254546875 0.2205578125 0.228878125 0.223121875 0.22865625 0.2248328125 0.22783281249999998
0 0.307790625 0.41618281250000005 0.31000625 0.41440312500000004 0.30071875000000003 0.4097578125 0.299825 0.41177656249999994 0.3060515625 0.41503281249999996 0.307790625 0.41618281250000005