0 0.39851875 0.5385921875 0.39425625000000003 0.539446875 0.38517812500000004 0.5393578125 0.402365625 0.5413609375 0.406346875 0.5407265625 0.403975 0.538915625 0.39851875 0.5385921875
0 0.4630515625 0.5390343750000001 0.45716718749999996 0.5402437499999999 0.45130156250000003 0.540159375 0.44321406249999995 0.5395765625 0.4382859375 0.5407765625 0.43439843749999996 0.5405953125 0.430271875 0.540253125 0.42672499999999997 0.5408765625 0.42236406249999997 0.54326875 0.429209375 0.5449046875 0.43500625 0.545221875 0.44145312499999995 0.54664375 0.44744687499999997 0.547153125 0.46395156249999997 0.5467140625 0.47141875000000005 0.547253125 0.4759421875 0.545959375 0.47956562500000005 0.5442953125 0.4917375 0.5440734375 0.503625 0.544053125 0.507471875 0.542828125 0.51633125 0.542828125 0.5217375 0.5417796874999999 0.547353125 0.541959375 0.547321875 0.53985 0.5337046875 0.5396609375 0.5192328125000001 0.5394890625000001 0.5312953125 0.5389296875 0.541775 0.5384187500000001 0.550278125 0.5383328125 0.54739375 0.5357921875 0.53995625 0.535546875 0.530296875 0.5349375000000001 0.5181843749999999 0.5358734375 0.5089203125 0.5368140625 0.5007312500000001 0.53684375 0.49796874999999996 0.53695 0.4932796875 0.5361328125 0.4891875 0.5352875 0.480690625 0.5347046875 0.47096406249999995 0.5333125 0.46110625 0.533403125 0.44742499999999996 0.5349 0.4454890625 0.5361953125000001 0.4519390625 0.5367234375 0.4586046875 0.5379921875 0.466671875 0.538203125 0.4745265625 0.536778125 0.47589375 0.53863125 0.46796249999999995 0.5393015625 0.4630515625 0.5390343750000001
0 0.610884375 0.5594171875 0.606578125 0.5588984375 0.6019015624999999 0.5600734375 0.6051234375 0.5607109375 0.608765625 0.5607828125000001 0.6112390624999999 0.5607624999999999 0.6132015625 0.560021875 0.610884375 0.5594171875
0 0.609384375 0.5583515625000001 0.6125828125 0.55883125 0.615253125 0.5583875 0.6139703125 0.5568578125 0.609371875 0.556828125 0.60576875 0.5573734375 0.609384375 0.5583515625000001
0 0.68515625 0.5708859375 0.6935781249999999 0.5702984375 0.6951906250000001 0.569740625 0.688825 0.5685109374999999 0.6795125 0.5679624999999999 0.670321875 0.56845 0.677334375 0.5696640625 0.6792125 0.5703890625 0.6804984375 0.57164375 0.68515625 0.5708859375
0 0.6416593749999999 0.5671421875 0.64209375 0.5679093749999999 0.644453125 0.568115625 0.6501 0.567515625 0.65778125 0.5668031250000001 0.6486890625 0.5654640625 0.642175 0.5655718750000001 0.63851875 0.5662421875 0.6416593749999999 0.5671421875
0 0.6856703125 0.5647640625 0.6811203124999999 0.5642406249999999 0.680740625 0.5633015625 0.6764453125000001 0.56226875 0.6723953125000001 0.5624265625 0.6682140624999999 0.56449375 0.67015 0.5657281249999999 0.6745265625 0.5653234375 0.6796109375 0.565475 0.678775 0.56620625 0.679740625 0.5670296875 0.6828640625 0.5668656249999999 0.6867703125 0.5672906249999999 0.6926234375 0.5678578125 0.6972453125 0.56806875 0.7011890625 0.5678078125 0.705934375 0.567115625 0.7088359375 0.56809375 0.7108921875 0.5665671875 0.7072625 0.565065625 0.7027921874999999 0.5645890625 0.6944375 0.5643296875 0.6856703125 0.5647640625
0 0.721259375 0.5655125 0.720175 0.5659609375 0.7275921875 0.5676765625 0.7221375 0.56849375 0.718278125 0.568096875 0.7136890625000001 0.5681296875 0.708 0.5689765625 0.705309375 0.5698125 0.703125 0.5706375 0.716590625 0.569928125 0.7299421875000001 0.57011875 0.7405546875 0.56971875 0.7485109375000001 0.569271875 0.7546 0.5687 0.7651875 0.5691125 0.7749984375000001 0.5680578125 0.7872078124999999 0.5670734375 0.7839734375 0.5664984375000001 0.7761390625 0.566315625 0.7706999999999999 0.5660296875 0.7639203125 0.565109375 0.7581453125000001 0.564709375 0.7507515625 0.56429375 0.7447171875 0.5646171875 0.7369328125 0.5645249999999999 0.730178125 0.564490625 0.721259375 0.5655125
0 0.7510859375 0.519475 0.754221875 0.5191656250000001 0.760725 0.5172953125 0.757590625 0.51595625 0.7530390625 0.5164265625 0.7481171875 0.5173281249999999 0.748378125 0.51880625 0.7510859375 0.519475
0 0.729534375 0.5096093749999999 0.7231609375 0.5095171875 0.717021875 0.510228125 0.7140546875 0.510509375 0.7125015625 0.5116859375 0.716840625 0.512496875 0.7189203125 0.5125656249999999 0.72229375 0.5123765625 0.7230328125 0.5123046875 0.7261671875 0.5109171875 0.7327656250000001 0.510190625 0.729534375 0.5096093749999999
0 0.75354375 0.50555 0.7564953125 0.5057328125 0.7603578125 0.504240625 0.7610546874999999 0.5030484375000001 0.757525 0.5034703125 0.755459375 0.5036921875 0.7511984375 0.5036859375 0.7445999999999999 0.503303125 0.7416484375 0.5038484375000001 0.7402968750000001 0.5048890625 0.7419156250000001 0.5059140625 0.7443671875 0.5063453124999999 0.7481718749999999 0.5056078125 0.75354375 0.50555
0 0.8520546875000001 0.5091265625 0.8565671874999999 0.5071921875000001 0.85628125 0.506221875 0.8495765625 0.5059296875 0.84644375 0.5059296875 0.8419421874999999 0.5052890624999999 0.8385875 0.5042500000000001 0.8348484375 0.50416875 0.8328109375 0.5053328125000001 0.8252578125 0.5050140625 0.8260624999999999 0.504896875 0.8240328124999999 0.504871875 0.819153125 0.505875 0.8192546875 0.507284375 0.817121875 0.507684375 0.8205984374999999 0.508946875 0.8242578125 0.50905625 0.8305999999999999 0.50981875 0.8334093749999999 0.5102249999999999 0.8381765624999999 0.5101875 0.8397125000000001 0.5097625 0.8453062499999999 0.50995 0.8486593750000001 0.5098421875 0.8520546875000001 0.5091265625
0 0.7616359375 0.550984375 0.7635875000000001 0.550596875 0.7666734374999999 0.550771875 0.7694796875 0.550703125 0.7722734375 0.55034375 0.773671875 0.5494421875 0.7714453125 0.549128125 0.768003125 0.5492140625 0.7657640625 0.549428125 0.7623921874999999 0.5494921875000001 0.7597015625 0.55059375 0.7616359375 0.550984375
0 0.805528125 0.5401281250000001 0.805071875 0.5395187499999999 0.8019281250000001 0.5397624999999999 0.79854375 0.539953125 0.7975078124999999 0.5394375 0.7981328125 0.5389781250000001 0.7953796875 0.53933125 0.791453125 0.540021875 0.7892875 0.5408328124999999 0.787678125 0.541575 0.7891140625 0.54179375 0.79143125 0.5409265624999999 0.7939828125 0.5409359375 0.798165625 0.5412328125 0.7979984375 0.5416328125 0.7998921875 0.5416859374999999 0.8025984375 0.5411046875000001 0.8035375 0.5414296875 0.8036203125 0.5422343749999999 0.8064859375 0.5419859375 0.8072687500000001 0.5414625 0.8107390625 0.541575 0.8126906249999999 0.5409953125 0.8179296875000001 0.541259375 0.8203109375000001 0.5408234375000001 0.821471875 0.539840625 0.821071875 0.5392546874999999 0.8180328125 0.5397140625 0.8137796875 0.54005 0.8103843749999999 0.5400734375 0.805528125 0.5401281250000001
0 0.82160625 0.5378437500000001 0.8233671875 0.537153125 0.818975 0.5369046875000001 0.8153703125 0.5369703125 0.8159078125000001 0.536084375 0.8120890624999999 0.5363328125 0.808534375 0.537271875 0.8105968750000001 0.53755 0.8130968749999999 0.5376390625 0.8154109375 0.5380328125 0.8180171875 0.538525 0.82160625 0.5378437500000001
0 0.8272578125000001 0.5274078125 0.8248390625 0.527440625 0.8213453124999999 0.529053125 0.8344859375 0.5295703125 0.835046875 0.52828125 0.82668125 0.5280046875 0.8272578125000001 0.5274078125
0 0.8676734375 0.5288984375 0.86654375 0.5288984375 0.8618484375 0.5291750000000001 0.8570640624999999 0.5288984375 0.8539578125 0.529371875 0.8527109375 0.53005625 0.8505921875 0.5303921875000001 0.847690625 0.5303828125 0.8521093750000001 0.53153125 0.8577843749999999 0.53210625 0.8640921875 0.5316453125 0.8673093749999999 0.531903125 0.871521875 0.531096875 0.87335625 0.5297515625 0.867609375 0.5293734375 0.8662124999999999 0.5294609375 0.8676734375 0.5288984375
0 0.8579515625 0.5521765624999999 0.8510953125 0.5520390625 0.8497921875 0.552871875 0.850865625 0.5533265625 0.85290625 0.5534734375 0.8564234374999999 0.5535593750000001 0.8591734375 0.553403125 0.862146875 0.552684375 0.8579515625 0.5521765624999999
0 0.8874484375 0.5483125 0.8888624999999999 0.5476093750000001 0.8877312500000001 0.547065625 0.884553125 0.546584375 0.8803609375000001 0.546921875 0.8776437500000001 0.5474046875 0.8742265625 0.54688125 0.87261875 0.5462328125 0.8716296874999999 0.547009375 0.872378125 0.54851875 0.8767437499999999 0.5484328125 0.8805671875 0.5485171875 0.8842531250000001 0.5484828125 0.8874484375 0.5483125
0 1 0.5028671874999999 0.9955765624999999 0.5027125 0.9910406249999999 0.5033078125 0.9903187499999999 0.5041156250000001 0.988965625 0.5042734375 0.988628125 0.5035406250000001 0.984984375 0.5032484375 0.9815328125 0.5032140625 0.973315625 0.5036109375 0.9701703125 0.5041265625 0.9647859375 0.50455625 0.9612453125 0.5051249999999999 0.9564921875 0.5057796875 0.9517640625 0.5054875 0.9442671875 0.5054390625 0.94109375 0.5064062500000001 0.9380328125 0.5063718749999999 0.9337031250000001 0.5072546874999999 0.93248125 0.5092375 0.9225218749999999 0.5094859375 0.9178078125000001 0.51008125 0.9130156250000001 0.5101312499999999 0.9086343749999999 0.510965625 0.9043468750000001 0.51145 0.8995749999999999 0.511484375 0.8947390625 0.5119984375 0.8873140625 0.5125078125 0.883609375 0.5127328125 0.8789031250000001 0.5131703125 0.8724171875 0.5124890625 0.8692609375 0.5135765625000001 0.86675 0.5140796875 0.8598578124999999 0.5142546875 0.8571765625 0.5146484375 0.8629859375000001 0.5152796875 0.8628140625 0.5165203125 0.8656046875 0.5164859374999999 0.8678968749999999 0.515721875 0.8703453124999999 0.51551875 0.872046875 0.51583125 0.877096875 0.515903125 0.8825406250000001 0.5149828125 0.885809375 0.5141218750000001 0.8894875000000001 0.5142953125 0.8903765625 0.5148890625 0.89235625 0.5142984375 0.898759375 0.5144890625 0.9049343750000001 0.5139750000000001 0.9078312499999999 0.51300625 0.9149890624999999 0.513228125 0.9204140625000001 0.5127046875 0.9238015624999999 0.5121734375 0.9268859375 0.511703125 0.9292343750000001 0.51233125 0.9323421875 0.5121625 0.9349968750000001 0.51109375 0.9400234375000001 0.5110140624999999 0.9434781250000001 0.5114156249999999 0.95099375 0.5106890625 0.9541875 0.510446875 0.9568843749999999 0.5104046875 0.9619546874999999 0.5099421875 0.9667390625 0.509265625 0.9693765624999999 0.5084453124999999 0.9683109375000001 0.507715625 0.9699140625 0.5076265624999999 0.9730171875 0.50831875 0.9785828125 0.5079203125 0.9814187499999999 0.50709375 0.985871875 0.5068046875000001 0.9908390624999999 0.5076671875 0.99531875 0.5083234375 1 0.5083578125 1 0.5028671874999999
0 0.9355734375000001 0.5348078125 0.9377578124999999 0.5354734375 0.9417406250000001 0.5361734375 0.9458249999999999 0.5360859375 0.94948125 0.5356703125 0.953 0.5351078125 0.95691875 0.5331875 0.9521796874999999 0.533121875 0.9462078125 0.533028125 0.941903125 0.532978125 0.9403218750000001 0.5326203125 0.9383234375 0.5322234375 0.93846875 0.5309921875 0.9362 0.53119375 0.932084375 0.5324453124999999 0.9312625000000001 0.533953125 0.9306015625 0.534846875 0.9318781250000001 0.5355046875 0.9355734375000001 0.5348078125
0 0.9810796875 0.5378171875 0.9797499999999999 0.5373078125 0.9761124999999999 0.53695 0.9728609374999999 0.53740625 0.9668187500000001 0.5370265625 0.9635468749999999 0.5374734375 0.9625609374999999 0.5377078125 0.9608578124999999 0.5385890625 0.9622859375000001 0.5392140624999999 0.9654609375 0.5396921875 0.9677796875 0.5396921875 0.974175 0.5393546875 0.979040625 0.5396421874999999 0.981228125 0.538825 0.9810796875 0.5378171875
0 0.9660921874999999 0.5247609375 0.9731500000000001 0.5260625 0.976009375 0.5251765625 0.974903125 0.5243796875 0.9712859375 0.524125 0.9680125 0.5239546875000001 0.96490625 0.5238671874999999 0.9651156249999999 0.524625 0.9660921874999999 0.5247609375
0 0.9976234375 0.527265625 1 0.5270484375 0.99895 0.52621875 0.9973703125 0.52580625 0.9962171874999999 0.52554375 0.9940671875 0.525815625 0.9928578124999999 0.5262046875 0.9896078125000001 0.5263796875 0.9887406249999999 0.5268734375 0.9918078124999999 0.5272890625 0.9976234375 0.527265625
0 0.9586499999999999 0.43784375000000003 0.9534499999999999 0.44063749999999996 0.961725 0.44094375 0.9648578125 0.43918749999999995 0.9586499999999999 0.43784375000000003
0 0.9834484375000001 0.4145765625 0.9833359375 0.4154109375 0.9883390625 0.41609999999999997 0.9935875 0.4157 0.9904937500000001 0.41725 0.9920734375 0.4178 0.9951421874999999 0.41882656249999994 0.9989625 0.41852343750000004 0.999653125 0.42037812499999994 1 0.40721406250000003 0.9958125000000001 0.4096109375 0.9912953124999999 0.411178125 0.9861515624999999 0.413165625 0.9834484375000001 0.4145765625
0 0.9590624999999999 0.424090625 0.9578875 0.425153125 0.9591062499999999 0.42545312500000004 0.96131875 0.4251421875 0.9652499999999999 0.4229984375 0.9702937500000001 0.4231234375 0.974821875 0.42460156250000003 0.978471875 0.4242265625 0.9792828124999999 0.42337187500000006 0.9881062500000001 0.41925 0.986071875 0.418584375 0.984403125 0.4191671875 0.9807640624999999 0.4188921875 0.9771124999999999 0.41903281249999996 0.973828125 0.41886875 0.9713703125 0.418190625 0.9687640625 0.4181640625 0.9629234375 0.4185140625 0.9591890624999999 0.4190171875 0.9559562500000001 0.42021875 0.95368125 0.4211078125 0.9487671875 0.42069531250000003 0.9422937499999999 0.4208890625 0.9351265625 0.42085156250000005 0.9299484375 0.4210484375 0.9259609375 0.4215171875 0.9235953125 0.422453125 0.926790625 0.4231453125 0.9323578124999999 0.42303125 0.9308937500000001 0.424371875 0.9323625 0.42465 0.9368640625 0.42323125 0.946390625 0.42378906250000004 0.9511875 0.42445937499999997 0.9590624999999999 0.424090625
0 0.97388125 0.3941875 0.9847640625 0.39300156249999996 0.9835156250000001 0.3947546875 0.98809375 0.39544375 0.99229375 0.3960703125 0.9908203125 0.397534375 0.9940875 0.3976046875 0.9966875 0.39695 0.99976875 0.3953125 1 0.378478125 0.9949078124999999 0.377815625 0.9940484375 0.375690625 0.9906140625000001 0.3728828125 0.9910875000000001 0.3704765625 1 0.3691421875 0.99991875 0.359225 0.9813609375000001 0.35909843750000003 0.9809140624999999 0.3610203125 0.9859296875 0.3617609375 0.9803421875 0.364921875 0.97738125 0.3642171875 0.9728875 0.3649359375 0.9685515625000001 0.367765625 0.9715328124999999 0.36790625 0.9678281249999999 0.370415625 0.9512796874999999 0.3701609375 0.946534375 0.370334375 0.9433421875000001 0.370809375 0.940053125 0.3722296875 0.9394734375 0.372909375 0.9361796874999999 0.372909375 0.9379359375 0.37176875 0.9410015625 0.3696890625 0.9398328125000001 0.367665625 0.9385187500000001 0.368125 0.9328171875000001 0.37051249999999997 0.9163390625 0.37082187499999997 0.906325 0.3693140625 0.9045515625 0.36968125 0.9012859375 0.37234375000000003 0.9034968750000001 0.3731734375 0.9064078125 0.37244375 0.908375 0.372575 0.9085109375 0.3739234375 0.9068859375 0.375921875 0.9057484375 0.3771453125 0.9021984375000001 0.378403125 0.89829375 0.3794515625 0.8952046875 0.38210625 0.8946687499999999 0.38328125 0.9013937500000001 0.383203125 0.9055500000000001 0.3814515625 0.9116984374999999 0.38162656250000004 0.9064781249999999 0.38456718749999996 0.888784375 0.3844078125 0.888546875 0.38325 0.8807499999999999 0.38364375 0.8825171875000001 0.3827390625 0.880403125 0.3814421875 0.87575 0.38337187500000003 0.8716015625000001 0.38410937500000003 0.8684609375000001 0.384075 0.8669296875000001 0.38361093749999997 0.8642234375 0.38336562500000004 0.8571296875 0.3837421875 0.8492828125 0.38363749999999996 0.8493421874999999 0.38253750000000003 0.8524015625000001 0.3825296875 0.8563171875 0.3832125 0.85818125 0.3829453125 0.86334375 0.382709375 0.8683890625 0.3809703125 0.8667609374999999 0.37965781249999997 0.8638109375 0.3792796875 0.8584328125 0.379621875 0.855515625 0.379878125 0.85010625 0.3796390625 0.8531203125 0.3790953125 0.8524390625 0.37837343749999997 0.8499437500000001 0.37819375 0.85220625 0.37691093750000004 0.8525828125 0.37534999999999996 0.831565625 0.3751703125 0.8261328125 0.3762703125 0.8238484375 0.37643125 0.8265781249999999 0.373559375 0.8236859375 0.3742234375 0.8200421875 0.37699375 0.8185687500000001 0.377740625 0.8132859375000001 0.3777953125 0.8130515624999999 0.3787421875 0.8160999999999999 0.3797234375 0.8077546874999999 0.3843625 0.8109203125000001 0.3855375 0.8144781249999999 0.3853078125 0.82083125 0.3873828125 0.827475 0.38888124999999996 0.8316437499999999 0.3893828125 0.8269828125 0.39185625 0.8273234374999999 0.3939609375 0.8306015625000001 0.39451718750000003 0.8351390625 0.3935359375 0.8329140625000001 0.3948609375 0.826634375 0.395715625 0.8341796875 0.399459375 0.840853125 0.400946875 0.8503203125000001 0.40435625000000003 0.8577171874999999 0.407334375 0.8642156249999999 0.406428125 0.87060625 0.40659687499999997 0.8740546874999999 0.40467031249999996 0.8843859374999999 0.40515468749999994 0.889590625 0.4041421875 0.8957078125000001 0.4044171875 0.8984062500000001 0.4052765625 0.8967859375 0.4058890625 0.8927921874999999 0.40630156250000005 0.8845765625 0.406321875 0.8810046874999999 0.40656875000000003 0.8767078125 0.40894375 0.8793749999999999 0.40948124999999996 0.8848843750000001 0.409428125 0.8880437499999999 0.4096 0.8854890624999999 0.41028125 0.889028125 0.41135937499999997 0.8964171875 0.41143906250000006 0.901246875 0.409871875 0.9041390625 0.4099234375 0.8989265625 0.4131625 0.903228125 0.4150171875 0.9107234375000001 0.415159375 0.913528125 0.41356875000000004 0.9156984375 0.41309687500000003 0.9245140624999999 0.41254843750000003 0.9232296874999999 0.41440781250000003 0.925996875 0.414375 0.9338859375 0.4104375 0.933790625 0.4099125 0.9247781249999999 0.4094078125 0.9231359375 0.40897812499999997 0.9261125 0.40674374999999996 0.914884375 0.40655156249999996 0.913034375 0.40644843750000004 0.909059375 0.40828437500000003 0.913921875 0.40474062499999997 0.9170296875 0.404096875 0.9031593750000001 0.40420468749999994 0.9007921874999999 0.4034765625 0.90416875 0.4029484375 0.9192281250000001 0.40308124999999995 0.9208718749999999 0.40215468750000005 0.9264468750000001 0.40171093750000003 0.9346796875000001 0.4014875 0.9446578125 0.40179687499999994 0.9498515624999999 0.401540625 0.956896875 0.40128281250000003 0.9586296875 0.40022343749999995 0.9647218750000001 0.399925 0.9644 0.399346875 0.9719703125000001 0.3985953125 0.9699828125 0.40016562499999997 0.9719328125000001 0.400409375 0.9801437500000001 0.3977484375 0.979875 0.3963109375 0.9792484375000001 0.39540312499999997 0.96919375 0.395459375 0.97388125 0.3941875
0 0.9331906249999999 0.3633203125 0.9305453124999999 0.3638203125 0.9216515624999999 0.3635484375 0.9222421875 0.3651875 0.9266359375000001 0.3653609375 0.9294499999999999 0.3658515625 0.9331609375 0.366678125 0.9391937499999999 0.36700937499999997 0.9445890625000001 0.366753125 0.9493828125 0.3636234375 0.9514640625 0.362590625 0.946671875 0.3630875 0.944090625 0.3624921875 0.9418890624999999 0.36166718750000004 0.9369031250000001 0.3618578125 0.9382078125 0.3630703125 0.9331906249999999 0.3633203125
0 0.8585968749999999 0.3545125 0.8645546875000001 0.35343749999999996 0.8657390625 0.355284375 0.8613781250000001 0.35631875 0.8609875 0.357409375 0.8670421875000001 0.357653125 0.8632406250000001 0.3598859375 0.866634375 0.36030937500000004 0.86981875 0.3599375 0.8738093750000001 0.3610765625 0.8801734375000001 0.357134375 0.887246875 0.35834062499999997 0.8910921875 0.35791875 0.894825 0.3572765625 0.8950437499999999 0.35584375 0.8991171874999999 0.3525671875 0.9035375 0.3515125 0.9138031249999999 0.35125625 0.9129203125 0.3532953125 0.9135921874999999 0.3535359375 0.9184265625 0.3531015625 0.922725 0.3506765625 0.9244468749999999 0.348234375 0.9255046874999999 0.3470109375 0.9214609375 0.3461234375 0.9164859375000001 0.34542968749999997 0.91228125 0.34574531249999996 0.9080281250000001 0.3462859375 0.9033046875 0.3454140625 0.8977656250000001 0.3445796875 0.8954984375 0.34531718749999996 0.8890546875 0.34533593749999997 0.88348125 0.34471250000000003 0.8775015625 0.344159375 0.873240625 0.345584375 0.873040625 0.3475296875 0.872734375 0.34880625 0.8672000000000001 0.34891875 0.865165625 0.3500109375 0.86188125 0.352334375 0.8585968749999999 0.3545125
0 0.8088031250000001 0.368146875 0.8058515625 0.3666875 0.8168265625 0.3651109375 0.8210765625 0.36391874999999996 0.8260624999999999 0.36186250000000003 0.8295328124999999 0.3613734375 0.8355859375 0.3621375 0.8386390625000001 0.363690625 0.8438234375 0.3634765625 0.8497046875 0.36013125 0.8522765625 0.359775 0.8526562500000001 0.358809375 0.8511093750000001 0.3576453125 0.848790625 0.3572984375 0.8449421875 0.357225 0.8415265625 0.356178125 0.844284375 0.354321875 0.8437546875 0.3523375 0.8415703125 0.351925 0.8395734375 0.352165625 0.8349046875000001 0.35176875 0.8312671875 0.3514859375 0.8290390625 0.351065625 0.8272656250000001 0.3514 0.8214671875 0.35425 0.8172499999999999 0.35612499999999997 0.8114125 0.35655000000000003 0.8022890625000001 0.35665468749999996 0.8004484375 0.3566125 0.7970312500000001 0.3586296875 0.7937171875 0.3599671875 0.7958000000000001 0.3606828125 0.801215625 0.3607203125 0.8030062499999999 0.36015 0.8093625 0.3603484375 0.80848125 0.36293125000000004 0.808440625 0.3637609375 0.7997578125 0.3637734375 0.7911343750000001 0.363690625 0.793121875 0.36153124999999997 0.792146875 0.3610328125 0.7855046875 0.36512500000000003 0.780234375 0.36460625 0.7713625000000001 0.3648234375 0.7728328125 0.36627187499999997 0.77609375 0.36758125 0.7801625 0.36865000000000003 0.7811171875 0.370290625 0.7761359375 0.37370312499999997 0.7801625 0.37414375 0.7874140625 0.37180625 0.7974375 0.3724171875 0.8096406249999999 0.37303593749999997 0.8118093749999999 0.37205937499999997 0.81529375 0.3703546875 0.8088031250000001 0.368146875
0 0.6123765624999999 0.534553125 0.6090921875 0.5333828125 0.6049265625 0.5323515624999999 0.6002953125 0.5317671875000001 0.5949953125 0.5320921875 0.5897593750000001 0.532684375 0.586409375 0.532684375 0.584784375 0.5337703125 0.582046875 0.53515625 0.5883734375 0.535196875 0.5964421875 0.5338234374999999 0.5992953125 0.5347546875 0.604384375 0.5340390625 0.60760625 0.5350875 0.6123765624999999 0.534553125
0 0.630765625 0.5277078125 0.6261328125000001 0.5275765625 0.620834375 0.52735 0.6143546875 0.527275 0.60999375 0.5278015625 0.6073875 0.5271 0.604553125 0.526046875 0.6008578124999999 0.5259031249999999 0.5972921875 0.52554375 0.58714375 0.526096875 0.5936 0.5272765625 0.5925890625 0.5287390624999999 0.594371875 0.529646875 0.59905 0.528821875 0.6057828125 0.52883125 0.610078125 0.5299750000000001 0.6155515625 0.5309999999999999 0.623640625 0.5316953125 0.6300609374999999 0.531565625 0.63595 0.5308625 0.6397234375 0.5296875 0.635940625 0.5286765625000001 0.630765625 0.5277078125
0 0.6331734375 0.5272703125 0.6361546875 0.5279984375 0.640196875 0.5277484375 0.64293125 0.5276734375000001 0.6468984375 0.5274015624999999 0.6480078125000001 0.5280437499999999 0.6511359375 0.5279109375 0.651546875 0.52646875 0.6441125000000001 0.525540625 0.636059375 0.5254624999999999 0.635503125 0.52513125 0.6316937499999999 0.5257765625 0.6331734375 0.5272703125
0 0.613240625 0.45723125 0.61420625 0.45919999999999994 0.619646875 0.4596296875 0.62079375 0.459871875 0.6198546875 0.4615078125 0.62328125 0.4612484375 0.6316078125 0.46119374999999996 0.6358765625 0.46064999999999995 0.6372734375 0.460896875 0.646646875 0.45846406249999994 0.6455437500000001 0.45676562499999995 0.6425375 0.4555921875 0.6450859375 0.4550078125 0.6405031250000001 0.454746875 0.631053125 0.45417968750000004 0.6218296875 0.4550546875 0.6161125000000001 0.45608125 0.613240625 0.45723125
0 0.672075 0.4519421875 0.664696875 0.45249218750000003 0.6596390624999999 0.45206093750000004 0.6578671875000001 0.4527328125 0.6543546874999999 0.45447812499999996 0.652903125 0.455725 0.6541609375 0.45715312499999994 0.6563359375 0.45776874999999995 0.661521875 0.45717656250000005 0.6588828125 0.4586953125 0.6619140625 0.4591796875 0.6653718750000001 0.45971406249999996 0.6707921875 0.46021406249999997 0.6763 0.4596578125 0.681246875 0.4593546875 0.68789375 0.4594203125 0.6924609375 0.45898281250000006 0.6961703124999999 0.45791562499999994 0.7012546875 0.45588749999999995 0.7027515625 0.45477968750000003 0.6975156250000001 0.45397499999999996 0.699025 0.452846875 0.6952171875000001 0.45244687499999997 0.69156875 0.4517875 0.6867156249999999 0.45192812499999996 0.6823546875 0.4516125 0.67543125 0.45073749999999996 0.672075 0.4519421875
0 0.6022515625 0.439828125 0.608715625 0.4394625 0.6044734375 0.441009375 0.6103531249999999 0.4431234375 0.6205812500000001 0.443809375 0.624053125 0.4434765625 0.6277874999999999 0.44239843749999996 0.6365609375 0.4426953125 0.6381171875 0.44155156250000005 0.6410140625 0.440278125 0.647546875 0.440278125 0.6559671875 0.4399296875 0.657390625 0.43844374999999997 0.6618984375 0.4384328125 0.6701421875 0.4383640625 0.6714453125000001 0.437228125 0.6763953125 0.43723906250000005 0.67881875 0.43647656250000005 0.6834796875 0.4365984375 0.6884703125 0.43534375000000003 0.6932375000000001 0.43352031249999995 0.6915125 0.4325375 0.6883078125 0.43261562500000006 0.6802515625 0.43163906250000006 0.6814218750000001 0.4288875 0.677996875 0.42807968750000003 0.6711984375 0.42845625 0.6698546875 0.43030625 0.6711968749999999 0.43043750000000003 0.6662921875000001 0.4311453125 0.6543625 0.4325453125 0.6510859375 0.43300312500000004 0.6519546875 0.4322609375 0.649096875 0.4311359375 0.6452546875 0.4307578125 0.6400875 0.43088437500000004 0.636625 0.4328609375 0.6332796875 0.43219062499999994 0.629040625 0.43160625 0.6225109375 0.43244531249999996 0.6200203125 0.43188125 0.611790625 0.43182656250000007 0.6069734375 0.43361406249999995 0.600853125 0.43381406250000004 0.5958984375 0.43301249999999997 0.593475 0.43230625 0.5892484375 0.435028125 0.587328125 0.43703125 0.5887953125000001 0.43881875 0.5915484375 0.439584375 0.6022515625 0.439828125
0 0.752846875 0.41712499999999997 0.7463828125 0.41709687500000003 0.740225 0.4168046875 0.7302015625 0.41846249999999996 0.724109375 0.4188375 0.7165203124999999 0.41899687500000005 0.71398125 0.42028906250000003 0.7098109375 0.42224843749999996 0.7044828125 0.42378125000000005 0.7019031250000001 0.4258796875 0.7031578125 0.42684218749999997 0.7051406250000001 0.42761875 0.7117703125 0.42715625 0.713484375 0.42907812500000003 0.71875625 0.42835 0.7229375 0.42823593750000005 0.7292859375 0.42832968749999994 0.73469375 0.4282640625 0.73584375 0.429778125 0.740303125 0.429584375 0.7426890625 0.42810156250000003 0.7546234375 0.42811562500000006 0.7557375000000001 0.42938124999999994 0.7490578125 0.43266875000000005 0.757140625 0.432828125 0.7621359375 0.43183906250000004 0.757365625 0.4352921875 0.7655703125 0.43531250000000005 0.772221875 0.435690625 0.780725 0.4357421875 0.7875265625 0.435871875 0.7917140625 0.43580781249999995 0.7946453124999999 0.4354671875 0.7954109375 0.4340265625 0.7981421875 0.433990625 0.8017390625 0.43431875 0.8066875 0.4338 0.8108015625 0.4328578125 0.8129578125 0.43188750000000004 0.806453125 0.43212031250000005 0.8080046875000001 0.431490625 0.81043125 0.428696875 0.806265625 0.4288015625 0.79940625 0.4280390625 0.8038171875 0.4254203125 0.8075125 0.42457500000000004 0.8107546875 0.42182343749999995 0.802521875 0.4205671875 0.7723640625 0.4197 0.7716203125 0.4189109375 0.762340625 0.41998749999999996 0.758725 0.421075 0.7559218750000001 0.42088749999999997 0.756415625 0.4183515625 0.752846875 0.41712499999999997
0 0.8201812500000001 0.4073203125 0.8180609375 0.40635468750000003 0.8146609375 0.40601875 0.8097093750000001 0.405715625 0.8060218750000001 0.406690625 0.7974953124999999 0.40706406250000005 0.7912375 0.4077171875 0.788578125 0.40988281249999997 0.7832734375 0.41372656250000006 0.7942078125 0.41402343750000004 0.7959484375 0.41502656250000003 0.81591875 0.41361875000000003 0.8212921874999999 0.4109234375 0.8339609375 0.4096703125 0.8339187499999999 0.40799062499999994 0.8239359374999999 0.4072625 0.8201812500000001 0.4073203125
0 0.8745828124999999 0.4821625 0.8688046875 0.48095781249999997 0.8669578124999999 0.4808484375 0.8614359374999999 0.48118125 0.8566046875 0.481334375 0.85298125 0.48109375 0.8498765625000001 0.4803578125 0.8455640624999999 0.48093906249999996 0.8417312499999999 0.4824484375 0.8343718750000001 0.48234374999999996 0.8357796875 0.483646875 0.8392703125000001 0.4842015625 0.8425859375 0.4852890625 0.84758125 0.4857265625 0.8551109374999999 0.4857265625 0.8579593750000001 0.48632968749999994 0.860134375 0.48662968749999996 0.868703125 0.48542968750000004 0.8704875 0.48542968750000004 0.8740875000000001 0.485603125 0.8772140625 0.4847984375 0.8803609375000001 0.48418593750000005 0.8780687500000001 0.483228125 0.8745828124999999 0.4821625
0 0.82998125 0.436975 0.834315625 0.43667187500000004 0.8443406250000001 0.43672812499999997 0.8382671875 0.43546874999999996 0.8311171875 0.434628125 0.8249812500000001 0.43451093749999997 0.8229374999999999 0.43480937500000005 0.8202390625 0.43611875 0.8232125 0.43677656249999997 0.8264781250000001 0.43688125 0.82998125 0.436975
0 0.8852546875 0.41887187499999995 0.8916296875 0.41695625 0.8825640625 0.413171875 0.8803328125000001 0.41552812499999997 0.8771046874999999 0.41566093750000005 0.88260625 0.41675000000000006 0.8830484375 0.4191328125 0.8852546875 0.41887187499999995
0 0.8755984375000001 0.41426875 0.8789984375 0.414721875 0.8818546875 0.41362812499999996 0.8744546874999999 0.41119218750000003 0.8716593749999999 0.41233593749999997 0.8731843749999999 0.41372187499999996 0.8755984375000001 0.41426875
0 0.7563421875 0.371425 0.751278125 0.37048125 0.746903125 0.3715578125 0.7599421875 0.3748546875 0.761015625 0.3740796875 0.759865625 0.3721671875 0.7563421875 0.371425
0 0.7440578125 0.36194375 0.7473515625 0.3629765625 0.7528718750000001 0.362575 0.7568546875 0.361340625 0.7585671875 0.361459375 0.761671875 0.3626125 0.7671921875 0.362190625 0.771653125 0.36138593750000003 0.7681625000000001 0.3594578125 0.7725453124999999 0.359375 0.7744453124999999 0.35762499999999997 0.7733421875000001 0.3570640625 0.76933125 0.356896875 0.7693328125 0.3552765625 0.7690203125 0.353709375 0.7634390625 0.3542859375 0.7623296875000001 0.3557546875 0.7593171875 0.3554140625 0.75494375 0.3554140625 0.749559375 0.355675 0.7461546875 0.35595781249999997 0.745690625 0.3584171875 0.7498078125000001 0.3597859375 0.7459609375 0.36046875 0.7440578125 0.36194375
0 0.83905 0.343553125 0.8422546875 0.34205 0.8401781250000001 0.3409609375 0.835725 0.3408296875 0.8322421875 0.3412703125 0.828996875 0.3423703125 0.8271296875 0.343146875 0.827996875 0.3447484375 0.832878125 0.34375 0.8352421874999999 0.3441546875 0.83905 0.343553125
0 0.591446875 0.3933234375 0.5883875 0.395109375 0.587896875 0.3933546875 0.5827625000000001 0.3943125 0.583603125 0.3957421875 0.587225 0.3965125 0.592328125 0.39582656250000003 0.5962578125 0.3946890625 0.591446875 0.3933234375
0 0.6844781249999999 0.34861875000000003 0.6825234375 0.3502609375 0.6804515624999999 0.3506046875 0.6861937499999999 0.3518796875 0.687425 0.3518796875 0.6909125 0.35167031249999997 0.6906796875000001 0.35078437500000004 0.6885359375 0.34928593750000003 0.6844781249999999 0.34861875000000003
0 0.6258546875000001 0.10505 0.6204046875 0.10663125 0.6201203125 0.108003125 0.6135046875 0.1100015625 0.5971890625 0.111928125 0.598190625 0.11384375 0.6019953124999999 0.11432500000000001 0.6059484375 0.1135234375 0.607859375 0.11323593750000001 0.61615 0.12225625 0.612525 0.1246921875 0.6190218749999999 0.1259203125 0.6190046875 0.129375 0.62364375 0.1306921875 0.6309859375 0.13165 0.6415140625 0.1332125 0.647065625 0.134109375 0.648796875 0.129375 0.6482265625 0.1277890625 0.6551625 0.1263953125 0.65868125 0.1281140625 0.665475 0.1274890625 0.677590625 0.1290640625 0.68208125 0.128671875 0.6867109375 0.12742031250000002 0.6875421875 0.1252484375 0.6863718750000001 0.12329375000000001 0.689946875 0.1203671875 0.6935390625 0.12060937499999999 0.6972203125 0.117634375 0.7007140625 0.11308906249999999 0.6981765625 0.11173124999999999 0.6953296875 0.11067656249999999 0.694209375 0.10754062499999999 0.6914281250000001 0.105296875 0.7003515625000001 0.09886249999999999 0.7077046874999999 0.1016984375 0.7172015625 0.1000421875 0.7246390625 0.0974765625 0.7322656249999999 0.09769375 0.740515625 0.0984515625 0.735853125 0.10318750000000002 0.7350156250000001 0.10491874999999999 0.7364375 0.1084953125 0.7438421875000001 0.11104218749999999 0.7574984375 0.11202812499999999 0.7744984374999999 0.11147812500000001 0.7837484375 0.1075421875 0.786540625 0.1065421875 0.78976875 0.10315937500000001 0.793528125 0.0993296875 0.8147765625 0.099775 0.8216296875 0.1016796875 0.8302015624999999 0.10065312500000001 0.8329968750000001 0.09373437500000001 0.8404140625000001 0.093328125 0.839103125 0.0909578125 0.836578125 0.0889578125 0.8521640625 0.08545 0.8557281250000001 0.0834171875 0.8525359375000001 0.0815484375 0.8595578125 0.081153125 0.8641578125 0.0799828125 0.8667031250000001 0.0770640625 0.8803015625 0.0768984375 0.8795718750000001 0.072546875 0.874346875 0.0715703125 0.868509375 0.0714203125 0.8704031249999999 0.0691859375 0.8688046875 0.0655421875 0.8695765625 0.062090624999999997 0.86079375 0.060607812500000004 0.8721406249999999 0.059371875 0.8702203125000001 0.0554875 0.8707437499999999 0.052832812500000007 0.878690625 0.0461078125 0.882721875 0.041846875 0.876009375 0.03515 0.863296875 0.03805 0.8533015625000001 0.041215625 0.8396296875000001 0.045246875 0.818225 0.0509875 0.8130921875 0.05339843749999999 0.807059375 0.054242187500000004 0.7876203125 0.060684375 0.7604078125 0.06740937500000001 0.74515625 0.0726453125 0.7306578125 0.0755625 0.725740625 0.07865 0.718746875 0.0791390625 0.7082703125 0.0821234375 0.6980171875 0.0861390625 0.693290625 0.089615625 0.688615625 0.09098125 0.6857234375 0.092215625 0.6792421875 0.092215625 0.6721515625000001 0.09245 0.6661765625 0.093753125 0.654821875 0.0967875 0.636590625 0.10154062500000001 0.6258546875000001 0.10505
0 0.7285421875 0.10855 0.728940625 0.10652500000000001 0.727728125 0.10582499999999999 0.7261124999999999 0.1062671875 0.72495625 0.107246875 0.7240921874999999 0.10818281249999999 0.7241921875 0.1094875 0.7263140625 0.109946875 0.7285421875 0.10855
0 0.72630625 0.099721875 0.7219703125 0.1009546875 0.7204015625 0.10201093750000001 0.720053125 0.1036953125 0.721290625 0.10546875 0.7227703125 0.1056515625 0.7238984375 0.1056515625 0.725971875 0.10535625 0.7301140625 0.10514062500000002 0.7315109375 0.10419843749999999 0.73213125 0.103040625 0.732603125 0.10198750000000001 0.7313671875 0.100640625 0.7290140625 0.0996953125 0.72630625 0.099721875
0 0.9444171875 0.021307812500000002 0.9495984375000001 0.02204375 0.9527265625 0.0239125 0.9575390625000001 0.0236375 0.9609390624999999 0.02193125 0.96549375 0.0206046875 0.9667312499999999 0.019418750000000002 0.9710078125000001 0.015475 0.9741312499999999 0.0124625 0.9743718749999999 0.0076265625000000005 0.9676937499999999 0.0094515625 0.9622624999999999 0.0111234375 0.9573515625000001 0.015443750000000001 0.9465656250000001 0.0188421875 0.9343453125 0.0196109375 0.9302125 0.020934374999999998 0.9232250000000001 0.0212171875 0.9200828124999999 0.0229390625 0.912371875 0.0255734375 0.908684375 0.025528125000000002 0.8949890625 0.029362500000000003 0.8880375 0.030748437499999996 0.8849500000000001 0.033196875 0.8813546875 0.033481250000000004 0.8770171875000001 0.034471875 0.8815046875 0.0379640625 0.887734375 0.0418671875 0.8914828124999999 0.044428125 0.8955109374999999 0.0447421875 0.9040703125 0.044679687499999995 0.9063062499999999 0.04391875 0.9129140625 0.0382453125 0.917984375 0.03746875 0.9223328125 0.0355828125 0.9332125 0.03546875 0.94594375 0.035821874999999996 0.9545937500000001 0.03585625 0.9580562499999999 0.03459375 0.95828125 0.031448437499999995 0.9430953125 0.030578125 0.9347484375 0.0300203125 0.9270093749999999 0.028221875 0.927003125 0.026090625 0.9306640625 0.0226421875 0.93806875 0.0210078125 0.9444171875 0.021307812500000002
0 1 0.0468921875 0.99215 0.055629687500000004 0.988778125 0.055784375 0.9790171875 0.054834375000000005 0.973025 0.05494687499999999 0.9702531249999999 0.0544640625 0.9639203125 0.054053125 0.9590453125 0.0581265625 0.9571921874999999 0.0614109375 0.955521875 0.065290625 0.9607453125 0.0643234375 0.9639953125 0.0663875 0.9720015625 0.06882031250000001 0.9737609375 0.0729609375 0.96816875 0.078459375 0.9653203124999999 0.084240625 0.9691890624999999 0.0852453125 0.976778125 0.082315625 0.98276875 0.0806140625 0.9892109375 0.080359375 0.9942968750000001 0.08070000000000001 1 0.0808390625 1 0.0468921875
0 0.8535812500000001 0.140409375 0.8559421875 0.1411171875 0.85873125 0.1413828125 0.8598078125 0.142503125 0.8637921875 0.1436390625 0.8681953124999999 0.1428671875 0.8695656250000001 0.1423546875 0.87065 0.14108437499999998 0.8696359375 0.138759375 0.8707015625000001 0.1380203125 0.8704968750000001 0.1372171875 0.8656859375 0.13679687499999998 0.8611546875 0.1373859375 0.8568359375 0.1374484375 0.8539015624999999 0.1387640625 0.8535812500000001 0.140409375
0 0.8689500000000001 0.1477125 0.8710734375 0.14737187499999999 0.8731171874999999 0.1468953125 0.8766984375 0.14624375 0.8791859375 0.1463765625 0.882496875 0.1459 0.8832359375 0.14511093749999998 0.8765015625 0.14434843749999998 0.8712140625 0.1437671875 0.8650953124999999 0.144140625 0.8627015625000001 0.144646875 0.8635640625000001 0.14598906250000002 0.8647296875 0.1476609375 0.8689500000000001 0.1477125
0 0.8554999999999999 0.17350000000000002 0.85305 0.1758546875 0.8668812499999999 0.1778890625 0.8786687499999999 0.17781249999999998 0.8840109375 0.1778609375 0.8889312500000001 0.17683593749999998 0.8915390625 0.17401875 0.8912437499999999 0.1700671875 0.8855328124999999 0.16638124999999998 0.8818296875 0.1681546875 0.8761125 0.1648390625 0.866296875 0.1660859375 0.8647406249999999 0.1647 0.861284375 0.1645546875 0.8560390625000001 0.1656859375 0.8519453125 0.16552031250000002 0.8482875 0.16593125 0.8452125 0.1671578125 0.8468781249999999 0.169725 0.8522187499999999 0.171303125 0.8601078125000001 0.1742765625 0.8554999999999999 0.17350000000000002
0 0.874490625 0.1622296875 0.8738171875 0.1607859375 0.8709 0.1605484375 0.8684749999999999 0.16096875 0.8683484375000001 0.161609375 0.8694421875 0.1630671875 0.8716984374999999 0.1631734375 0.8729093750000001 0.16281718750000002 0.874490625 0.1622296875
0 0.8350109375000001 0.13368750000000001 0.83785625 0.135453125 0.8427468749999999 0.1358453125 0.8513359375 0.1358953125 0.8627234375 0.1353953125 0.8710718749999999 0.13487031249999998 0.8728734375 0.13687968749999999 0.8754046875 0.13687968749999999 0.87936875 0.133709375 0.8808890625 0.13511718749999999 0.883715625 0.13503281250000002 0.884515625 0.1343171875 0.8872234375 0.1345140625 0.8894500000000001 0.1329515625 0.8912515624999999 0.1312828125 0.891684375 0.12942499999999998 0.8959468749999999 0.12665781250000002 0.9054578125000001 0.126390625 0.9098843750000001 0.12570937499999998 0.9023359375 0.1243703125 0.8950374999999999 0.12451562499999999 0.891946875 0.12304062499999999 0.8846328124999999 0.12245312500000001 0.8823765625 0.1214984375 0.8759671875 0.12258593749999999 0.8720359375 0.123353125 0.8703406250000001 0.1221078125 0.8677515625 0.12046874999999999 0.8655484375 0.1205171875 0.8614750000000001 0.12111562499999999 0.8592015625 0.1226921875 0.8517703125 0.12239531249999999 0.8484265625 0.122409375 0.8439078125 0.122171875 0.8422046875 0.123228125 0.8374828125 0.1233453125 0.8295078124999999 0.123628125 0.8296468750000001 0.12690625 0.8353484375000001 0.12791406249999998 0.8362437500000001 0.13043906249999998 0.8350109375000001 0.13368750000000001
0 0.8265499999999999 0.2109203125 0.828090625 0.21280000000000002 0.8282484374999999 0.21480468749999998 0.8297375 0.216515625 0.832653125 0.21706875 0.8393421875 0.2173 0.8430484375 0.2175953125 0.8485093750000001 0.21754687499999997 0.8517484375000001 0.2167390625 0.8531328125 0.216284375 0.8542640625000001 0.21486875 0.85520625 0.2131046875 0.8556312500000001 0.2117984375 0.8564 0.21031249999999999 0.8559640625 0.20835625000000002 0.854959375 0.20790156249999997 0.849171875 0.20910625 0.8456078125 0.20915625000000002 0.8382984375 0.20923124999999998 0.83330625 0.20923124999999998 0.82725 0.2092078125 0.82260625 0.20913906249999997 0.8207281249999999 0.20906406249999998 0.8265499999999999 0.2109203125
0 0.9153968750000001 0.418340625 0.9221562499999999 0.4169390625 0.9202921875 0.41528124999999994 0.91849375 0.41434218749999996 0.91515 0.4148875 0.908659375 0.41608124999999996 0.9124343749999999 0.41762812499999996 0.9144484374999999 0.4179453125 0.9153968750000001 0.418340625
0 0.904340625 0.42117343749999997 0.9032390625 0.42015156249999996 0.9024796875 0.4199515625 0.8992374999999999 0.419753125 0.8986015625 0.42081406250000003 0.8993484374999999 0.42164375 0.902075 0.42193437500000003 0.90386875 0.42172656249999996 0.904340625 0.42117343749999997
0 0.9244484375 0.4278921875 0.9270265625 0.42911406249999995 0.9273234374999999 0.429184375 0.9265000000000001 0.43016718750000005 0.926496875 0.4305484375 0.9285249999999999 0.4310328125 0.9318203125 0.43100781250000003 0.93253125 0.4309671875 0.93436875 0.4306828125 0.9332750000000001 0.4297890625 0.931846875 0.42921718750000004 0.92793125 0.428628125 0.9252437499999999 0.4281 0.9244484375 0.4278921875
0 0.8965859375 0.43439375 0.895503125 0.43355156250000004 0.8943296875 0.433409375 0.8891734375 0.4341234375 0.8885203125000001 0.4341859375 0.88985625 0.43502656249999994 0.8919328125 0.4351671875 0.893246875 0.43469375 0.8955890625 0.43541093750000004 0.8965859375 0.43439375
0 0.873603125 0.4185671875 0.8742109375 0.418265625 0.87186875 0.41772656250000006 0.8682765625 0.4180578125 0.867871875 0.418115625 0.866971875 0.418828125 0.867496875 0.419440625 0.8691000000000001 0.419453125 0.8711484374999999 0.419490625 0.8723203125 0.4190578125 0.873603125 0.4185671875
0 0.9854890624999999 0.004384375 0.9797546875 0.005617187500000001 0.9794390625 0.007046874999999999 0.9916281250000001 0.0070453125 0.9927781250000001 0.0043484375 0.9892406250000001 0.0041781249999999995 0.9854890624999999 0.004384375
0 0.546615625 0.1321140625 0.5451671874999999 0.1315859375 0.5426359374999999 0.13156874999999998 0.5401609374999999 0.13256874999999999 0.53958125 0.13346249999999998 0.5408703125 0.1353859375 0.5421609375 0.136953125 0.5431578125 0.136965625 0.54493125 0.1362859375 0.5452796875 0.13511875 0.5479796875 0.135075 0.547678125 0.133325 0.546615625 0.1321140625
0 0.4991546875 0.15938125 0.49275 0.159878125 0.488784375 0.15910625 0.4886328125 0.158475 0.487840625 0.1567140625 0.48604531250000005 0.1525515625 0.48184062499999997 0.1503703125 0.47905312499999997 0.1495765625 0.47518125 0.1490140625 0.46933749999999996 0.1485765625 0.46305781250000005 0.1485578125 0.4552953125 0.151575 0.4485625 0.153209375 0.44490937500000005 0.154125 0.4417328125 0.1554578125 0.43741250000000004 0.1558734375 0.42598125 0.159634375 0.4200125 0.16106875 0.40736249999999996 0.1641703125 0.40417500000000006 0.16545156249999998 0.403775 0.167403125 0.40649687500000004 0.1709578125 0.41148749999999995 0.17459843749999998 0.41196406249999995 0.17593125 0.4173171875 0.176865625 0.4266828125 0.1775421875 0.43601875 0.1779515625 0.44356718749999996 0.1775765625 0.4462546875 0.1776671875 0.44936406250000005 0.17797968749999998 0.45329218750000005 0.177721875 0.4610453125 0.1782734375 0.46848906250000005 0.17825 0.47334531249999995 0.17810781250000002 0.477209375 0.17717031249999998 0.482346875 0.17622500000000002 0.484278125 0.172253125 0.4862109375 0.1719484375 0.489146875 0.1722234375 0.491625 0.171465625 0.49325625000000006 0.17048593750000002 0.491821875 0.16816718749999998 0.48838125000000004 0.166359375 0.4914171875 0.1623609375 0.49892812500000006 0.162453125 0.5024515625 0.1621375 0.5017703124999999 0.16036250000000002 0.4991546875 0.15938125
0 0.44739843749999997 0.217971875 0.445146875 0.216796875 0.43984375 0.21655625 0.4359296875 0.21655625 0.431471875 0.21692499999999998 0.43309687500000005 0.2183578125 0.4360875 0.21941875 0.43827187500000003 0.2197828125 0.44001875 0.2189796875 0.44393593750000004 0.2195296875 0.44565781250000003 0.21960000000000002 0.44739843749999997 0.219225 0.44739843749999997 0.217971875
0 0.46314374999999997 0.2405015625 0.46092500000000003 0.240846875 0.4619890625 0.2387546875 0.4628 0.23620000000000002 0.4619109375 0.23378437500000002 0.45938749999999995 0.22980312500000002 0.455021875 0.2284625 0.44844375000000003 0.22795 0.44366093749999996 0.22364375 0.4402328125 0.22041875000000002 0.42378593750000004 0.21745312499999997 0.4163359375 0.214203125 0.4060765625 0.214025 0.3989421875 0.21662499999999998 0.3917625 0.21726874999999998 0.3872 0.2182859375 0.3801203125 0.214259375 0.372290625 0.21564062499999997 0.37222187500000004 0.211396875 0.3691140625 0.206571875 0.36365 0.2054140625 0.3549546875 0.2059125 0.346478125 0.20590156249999997 0.34570625 0.20303906249999998 0.348446875 0.200509375 0.3545015625 0.20023593750000002 0.3532625 0.197034375 0.3473875 0.1936921875 0.3454421875 0.192440625 0.3382515625 0.1905453125 0.3337359375 0.18855625 0.32197343749999996 0.187971875 0.308784375 0.1913859375 0.30963124999999997 0.193821875 0.3155046875 0.19578281250000001 0.315590625 0.1977125 0.31349062499999997 0.198409375 0.3097140625 0.19922656249999998 0.29996093749999997 0.1977265625 0.2901140625 0.1968171875 0.27721874999999996 0.2006515625 0.27113906249999997 0.2044265625 0.2599125 0.2037484375 0.25515781249999997 0.206128125 0.259378125 0.20897656250000002 0.267978125 0.212721875 0.28248125 0.21305468749999998 0.284275 0.2145828125 0.2865234375 0.2142375 0.2851296875 0.215040625 0.273240625 0.21385937500000002 0.2883921875 0.2182375 0.29735625 0.223084375 0.30164375 0.2252140625 0.3050015625 0.22574375 0.30739218749999997 0.2250359375 0.313446875 0.22317499999999998 0.32230781249999996 0.22488281250000003 0.3298421875 0.2254078125 0.3244796875 0.22797968750000003 0.32665937500000003 0.22936874999999998 0.334478125 0.22966250000000002 0.3391109375 0.230171875 0.3400515625 0.2320296875 0.33942031250000004 0.23630468750000003 0.34492500000000004 0.2389921875 0.3423234375 0.24120312500000002 0.336628125 0.24163437499999998 0.3315328125 0.242046875 0.32414375 0.2424375 0.322015625 0.23930625 0.3210890625 0.2407734375 0.3200546875 0.24383906249999998 0.318840625 0.2455640625 0.3152171875 0.24529062499999998 0.309653125 0.2442328125 0.305025 0.244559375 0.3031140625 0.2462421875 0.303678125 0.24897968750000002 0.303709375 0.25108437499999997 0.30572187500000003 0.25394843749999996 0.312565625 0.25506093750000003 0.3187609375 0.2552921875 0.318446875 0.25863593749999997 0.3214125 0.26051875 0.336584375 0.26492031250000003 0.3509375 0.264596875 0.355775 0.265246875 0.3701 0.265578125 0.3751734375 0.2612171875 0.38011875 0.2603609375 0.39763906250000003 0.258890625 0.3980109375 0.25730624999999996 0.404428125 0.2588109375 0.40487343750000004 0.25758281250000004 0.39949218750000004 0.2536640625 0.40177500000000005 0.25303593750000003 0.4223375 0.2530421875 0.4276359375 0.25326875000000004 0.4308109375 0.25094375 0.4338078125 0.250790625 0.43733750000000005 0.25398437500000004 0.440184375 0.2545453125 0.445521875 0.25463125 0.45364062499999996 0.2544953125 0.45563750000000003 0.253440625 0.45635000000000003 0.25094531249999996 0.4586125 0.24885625 0.459090625 0.2442453125 0.462646875 0.242553125 0.46442656250000003 0.24204374999999997 0.46314374999999997 0.2405015625
0 0.41336874999999995 0.258215625 0.40929374999999996 0.25741562500000004 0.4061609375 0.2576265625 0.40557968750000006 0.2593109375 0.4086046875 0.261409375 0.41188125 0.26164062499999996 0.41670625 0.26139999999999997 0.4208546875 0.26170625 0.4196734375 0.26150625 0.4174015625 0.2601421875 0.41336874999999995 0.258215625
0 0.46887656250000004 0.269153125 0.4682578125 0.268178125 0.466815625 0.2675953125 0.465159375 0.2673984375 0.461309375 0.2676234375 0.4587390625 0.2675140625 0.455265625 0.2677046875 0.4538046875 0.267625 0.4531890625 0.2680765625 0.4543859375 0.26997499999999997 0.4578796875 0.2710296875 0.460025 0.2711546875 0.463134375 0.270584375 0.4650796875 0.2701 0.468078125 0.269721875 0.46964531249999997 0.2708890625 0.47003281250000006 0.2712703125 0.46887656250000004 0.269153125
0 0.45683749999999995 0.2647625 0.45520625 0.26485781249999996 0.4543828125 0.2655375 0.4546375 0.2663953125 0.45630625 0.267203125 0.45758906250000003 0.2674125 0.45892343750000003 0.2673609375 0.46019375 0.267034375 0.460665625 0.2662375 0.4594921875 0.2652765625 0.45683749999999995 0.2647625
0 0.46123125 0.26381875 0.4605125 0.263246875 0.45904531249999997 0.26300625 0.45695781249999995 0.2631109375 0.45570625 0.26341875 0.4549625 0.26380781249999996 0.4551953125 0.2648640625 0.4563546875 0.2650265625 0.458575 0.264521875 0.45990937499999995 0.2641359375 0.46123125 0.26381875
0 0.43099218749999996 0.2845890625 0.431671875 0.2848484375 0.4329375 0.2851125 0.433496875 0.2850140625 0.4348671875 0.2847578125 0.43529062500000004 0.28451875000000004 0.43720156250000003 0.283909375 0.43674843750000003 0.283653125 0.4340359375 0.2834625 0.43116093749999995 0.2833921875 0.4304578125 0.28385 0.43099218749999996 0.2845890625
0 0.4604296875 0.29491875 0.462753125 0.2949984375 0.466471875 0.295034375 0.46643437499999996 0.29372031249999997 0.4652984375 0.29295 0.4591953125 0.292184375 0.456896875 0.29164375 0.456171875 0.29033125000000004 0.45395624999999995 0.28939375 0.44870625000000003 0.28931874999999996 0.4466875 0.2898390625 0.4467609375 0.29083125 0.447465625 0.29255624999999996 0.449534375 0.294521875 0.451796875 0.2944859375 0.45259218749999997 0.2944859375 0.457334375 0.294690625 0.4604296875 0.29491875
0 0.5206453125 0.288428125 0.5177796875 0.287328125 0.5134203125 0.2871109375 0.51248125 0.28701875 0.5044265625000001 0.28640937499999997 0.5036046875 0.2864796875 0.5005515625 0.287246875 0.49770624999999996 0.28703124999999996 0.49574999999999997 0.2875859375 0.502353125 0.2902390625 0.5062140625 0.29191406249999996 0.5074640625 0.2922421875 0.5091078125 0.2904640625 0.5164546875 0.29133906249999997 0.518265625 0.2911125 0.5205968750000001 0.29043437499999997 0.5206453125 0.288428125
0 0.52948125 0.2665625 0.5314578125 0.2671125 0.5337796875 0.2669796875 0.53530625 0.26647656249999996 0.53648125 0.2653578125 0.5348625 0.2639703125 0.531425 0.26233125 0.5281343749999999 0.2618390625 0.52259375 0.261525 0.510396875 0.26135 0.50896875 0.261940625 0.5098046875 0.26313437500000003 0.5129953125 0.2642546875 0.5175109375 0.2647328125 0.52149375 0.26459062499999997 0.5231656250000001 0.26621562499999996 0.524640625 0.26671093749999997 0.5265453124999999 0.26687812499999997 0.52799375 0.2665625 0.52948125 0.2665625
0 0.5127625 0.34818906250000003 0.514903125 0.3487453125 0.5181375 0.3492828125 0.5211515624999999 0.349090625 0.5252140625 0.3490125 0.526590625 0.347940625 0.528203125 0.3459078125 0.52519375 0.345840625 0.5185515625 0.3454953125 0.5145234375000001 0.34568125 0.5117984375 0.34642343750000004 0.51125625 0.34745625 0.5127625 0.34818906250000003
0 0.42456250000000006 0.3390875 0.4303109375 0.339246875 0.43491875 0.339628125 0.43675781249999995 0.3395359375 0.4413125 0.338625 0.441796875 0.33749375000000004 0.4381515625 0.3367375 0.43470000000000003 0.3369890625 0.428778125 0.33746875 0.42403124999999997 0.3371265625 0.41938125 0.33806875000000003 0.420015625 0.33904531250000003 0.42207656250000003 0.3392234375 0.42456250000000006 0.3390875
0 0.5423015625 0.3110625 0.541175 0.311740625 0.53856875 0.3127671875 0.536184375 0.3145015625 0.5374109375 0.3147890625 0.539315625 0.3147375 0.5408031249999999 0.3144921875 0.543825 0.313875 0.54376875 0.31203125 0.5423015625 0.3110625
0 0.53398125 0.31362968750000003 0.5359921875 0.3134859375 0.538315625 0.3130671875 0.54049375 0.31245 0.5390406249999999 0.3110765625 0.5356234375 0.31020625 0.5321140625 0.30961875 0.5294156250000001 0.3093953125 0.5261328125 0.30984218750000003 0.5251875 0.310615625 0.524965625 0.3114484375 0.527196875 0.31216093749999996 0.5294796875000001 0.3126484375 0.532415625 0.31336718750000003 0.53398125 0.31362968750000003
0 0.589859375 0.3139578125 0.590959375 0.3138015625 0.5907453125 0.311 0.5733765625 0.311125 0.576665625 0.3124765625 0.5819671875 0.31303125 0.5886890625000001 0.3138046875 0.589859375 0.3139578125
0 0.5776140625 0.3167125 0.5808187499999999 0.315709375 0.5807578125 0.3149078125 0.5788984375 0.3143734375 0.5768625000000001 0.314425 0.574271875 0.315203125 0.5734953125 0.31555625 0.5750015625 0.3166203125 0.5776140625 0.3167125
0 0.6144421875 0.3429609375 0.6079125000000001 0.34292968749999997 0.6101578125 0.34405625 0.6259171875 0.3441953125 0.6202140625 0.3431640625 0.61838125 0.34276249999999997 0.6144421875 0.3429609375
0 0.44109218749999995 0.3115484375 0.4359515625 0.311115625 0.4311484375 0.3095890625 0.430815625 0.30769375 0.4260265625 0.30728125 0.42533125 0.30848593750000003 0.4243 0.30822812499999996 0.42469531250000003 0.30686874999999997 0.424184375 0.306053125 0.4181390625 0.304803125 0.41405156249999997 0.30430156249999996 0.4121453125 0.3042046875 0.40651562500000005 0.304775 0.403071875 0.3062140625 0.40226875 0.3043578125 0.4003109375 0.30483906250000004 0.4011828125 0.306696875 0.4002828125 0.30748125000000004 0.39759375 0.30715781249999996 0.3926796875 0.3081015625 0.38355 0.309378125 0.3790640625 0.31124843750000003 0.378103125 0.31427031250000004 0.379946875 0.31539375000000003 0.39480312500000003 0.3151125 0.3976734375 0.3190953125 0.400453125 0.3202328125 0.40500468749999996 0.321959375 0.410025 0.3250453125 0.42140781250000003 0.32580468749999997 0.428809375 0.3252875 0.4277703125 0.3241984375 0.42533750000000003 0.323109375 0.42253281249999997 0.32212968750000004 0.42164531250000004 0.32163906249999996 0.42204375 0.3180890625 0.42352656250000004 0.3174 0.42598593749999997 0.316321875 0.431396875 0.31670625 0.43574531250000004 0.317259375 0.43899999999999995 0.31496875 0.4421125 0.31474375 0.44109218749999995 0.3115484375
0 0.3946921875 0.38648125 0.39056875 0.38548125 0.38231875 0.3847421875 0.37341406250000003 0.3835625 0.363121875 0.3840125 0.3589015625 0.3840125 0.34910625 0.3854296875 0.3401234375 0.38542187499999997 0.3406015625 0.38687187500000003 0.345371875 0.38773749999999996 0.350890625 0.38820625 0.354284375 0.390125 0.3592140625 0.39089375 0.3671875 0.39090625 0.3719734375 0.39157031249999996 0.37665625 0.3925828125 0.3800375 0.39409218749999997 0.385003125 0.3938703125 0.38601718749999997 0.391203125 0.3907171875 0.39166249999999997 0.3988 0.3912390625 0.4041125 0.39118125 0.403421875 0.3906453125 0.3990046875 0.3889359375 0.3946921875 0.38648125
0 0.34881093750000003 0.43036874999999997 0.356140625 0.4317390625 0.36303593749999996 0.4320546875 0.36645625000000004 0.4316890625 0.363896875 0.4297984375 0.3622921875 0.42882499999999996 0.3589125 0.42810781249999996 0.35460625 0.4275609375 0.3506265625 0.42746562499999996 0.348028125 0.4267359375 0.34515625 0.42583281250000005 0.341109375 0.427115625 0.3433359375 0.4292296875 0.34881093750000003 0.43036874999999997
0 0.4572046875 0.4177984375 0.45316406249999996 0.41678125 0.45063125 0.41628906250000003 0.44838281249999995 0.41635156249999994 0.44578125 0.41733750000000003 0.4399078125 0.4174578125 0.43429375 0.416978125 0.42965937500000007 0.41626562500000003 0.424775 0.41610781250000006 0.42312656249999997 0.418059375 0.4299390625 0.41885625 0.43452343750000005 0.41919375 0.43798906249999997 0.4205984375 0.44242499999999996 0.421603125 0.4426984375 0.425109375 0.4594078125 0.42416875000000004 0.46252343749999997 0.42538125000000004 0.46857812499999996 0.4249703125 0.47009999999999996 0.4232828125 0.472884375 0.42219375000000003 0.4727125 0.42047656250000004 0.4683140625 0.41895625000000003 0.464803125 0.418265625 0.4572046875 0.4177984375
0 0.46398593750000006 0.4397734375 0.46609999999999996 0.4398140625 0.46894375000000005 0.43949375 0.46981093749999997 0.4386203125 0.4691328125 0.43681562500000004 0.4672515625 0.4363234375 0.463315625 0.43607031249999995 0.4617296875 0.43665312500000003 0.45688593749999995 0.43702968750000004 0.44580624999999996 0.436734375 0.4454015625 0.43780625000000006 0.44966718749999995 0.4376734375 0.4524609375 0.4379546875 0.45467812500000004 0.4384203125 0.455890625 0.43874375 0.45904999999999996 0.4395015625 0.46097968749999996 0.4395015625 0.46327656250000004 0.438825 0.46398593750000006 0.4397734375
0 0.4584578125 0.4347359375 0.458746875 0.43563906250000006 0.47503906249999994 0.43620000000000003 0.47658125 0.4349546875 0.4584578125 0.4347359375
0 0.43273593750000006 0.46342343750000003 0.42773593749999994 0.462940625 0.42576562500000004 0.46365937500000004 0.42598125 0.46172812499999993 0.42864218750000005 0.4613359375 0.432175 0.45943125 0.4256125 0.45898281250000006 0.41781875 0.4585703125 0.41205781249999995 0.458275 0.40604531250000003 0.4583328125 0.3990671875 0.458278125 0.39397812499999996 0.45886250000000006 0.38525624999999997 0.460546875 0.3822671875 0.4622 0.38818125000000003 0.46333906249999995 0.386459375 0.4640546875 0.3758109375 0.46630000000000005 0.383928125 0.4667390625 0.38293750000000004 0.46835000000000004 0.388315625 0.4684421875 0.39274375 0.4688671875 0.3987515625 0.468009375 0.39954375 0.4690390625 0.40985468750000004 0.46913593750000004 0.4217546875 0.46901562500000005 0.4219375 0.4668953125 0.42445625 0.46557812500000006 0.4267265625 0.46520312500000005 0.4302234375 0.4653953125 0.4330546875 0.46546562500000005 0.43896562499999997 0.4661546875 0.43797499999999995 0.464840625 0.43273593750000006 0.46342343750000003
0 0.40645312499999997 0.451153125 0.40379062499999996 0.45275781249999997 0.40329531249999995 0.45493281249999995 0.40684531249999994 0.45539687500000003 0.41346718750000006 0.4565234375 0.41955 0.45732656250000003 0.42616875 0.45740625 0.4330484375 0.45626249999999996 0.434909375 0.45770937500000003 0.4396171875 0.45868593750000003 0.4462140625 0.4584 0.4766328125 0.45463906249999997 0.4744625 0.45777343750000005 0.486775 0.457496875 0.49335312499999995 0.45618749999999997 0.4956890625 0.45613281250000004 0.4996828125 0.45687187500000004 0.503075 0.456559375 0.5145109375 0.45468281250000003 0.5191703125 0.454796875 0.5225484375 0.4540578125 0.52363125 0.45189218750000004 0.5191953125000001 0.45161875 0.517728125 0.4499375 0.526965625 0.448625 0.54529375 0.44661249999999997 0.56059375 0.44464531249999995 0.5738203125 0.443503125 0.58638125 0.4422515625 0.5871062499999999 0.4415171875 0.578384375 0.44020625 0.5733609375000001 0.43741250000000004 0.55820625 0.43836718750000003 0.5502515625 0.43964687500000005 0.545121875 0.44044999999999995 0.541153125 0.4407265625 0.5376937500000001 0.4401859375 0.528684375 0.44282656249999997 0.52268125 0.44245625000000005 0.5130640625 0.4441359375 0.5115624999999999 0.44410625000000004 0.5070453125000001 0.4448578125 0.5045671875 0.446615625 0.49214843750000004 0.4457859375 0.4920453125 0.4448390625 0.47833125 0.44520781249999997 0.46860625 0.44545625 0.463975 0.44421875 0.45865156249999994 0.4443796875 0.4560109375 0.44561406249999996 0.45547343749999997 0.44659531250000006 0.46180468750000003 0.44924375000000005 0.461603125 0.4503640625 0.4589140625 0.45070625 0.454225 0.45088125 0.45027343750000004 0.45018437499999997 0.44755 0.4492625 0.4392734375 0.44890625 0.435578125 0.44810156250000005 0.432046875 0.4486875 0.42799375 0.4497 0.42383125 0.44973124999999997 0.4202703125 0.449253125 0.418059375 0.44982812499999997 0.41343593749999996 0.4516375 0.4114546875 0.4508 0.40645312499999997 0.451153125
0 0.45461718749999996 0.4360234375 0.4543984375 0.43658125 0.45623593749999997 0.4353375 0.45664375 0.43355625 0.4527609375 0.43347187500000006 0.4522984375 0.4346140625 0.4532953125 0.4356046875 0.45461718749999996 0.4360234375
0 0.46603281250000006 0.48075 0.468153125 0.480653125 0.4692765625 0.48049687499999993 0.4699234375 0.4799765625 0.467803125 0.4794296875 0.46630312500000004 0.4791890625 0.463446875 0.4790875 0.461346875 0.47921874999999997 0.4610578125 0.48003437499999996 0.464634375 0.48064062500000004 0.46603281250000006 0.48075
0 0.45824687500000005 0.498084375 0.4573828125 0.49824062500000005 0.456059375 0.49873124999999996 0.45714375 0.4993984375 0.4587734375 0.4993390625 0.4592296875 0.499121875 0.4598640625 0.498359375 0.45824687500000005 0.498084375
0 0.372421875 0.486178125 0.37444375 0.4867875 0.3768578125 0.487725 0.38009375 0.48769062500000004 0.3832140625 0.48769062500000004 0.38749687499999996 0.48782812499999995 0.390240625 0.48757812500000003 0.3957734375 0.4868578125 0.3980109375 0.486434375 0.4008859375 0.48552343750000004 0.402159375 0.48470625 0.3974375 0.48374531249999997 0.39101093750000004 0.4830765625 0.3867734375 0.48269375 0.3816765625 0.48265156249999996 0.378328125 0.4840234375 0.37483125 0.48389531249999995 0.3729359375 0.484371875 0.372421875 0.486178125
0 0.326321875 0.4775484375 0.3307296875 0.477271875 0.3374296875 0.4764640625 0.3397671875 0.475853125 0.3423546875 0.47548124999999997 0.34619062500000003 0.4752140625 0.349271875 0.47425468750000005 0.3538015625 0.473515625 0.3625578125 0.4736640625 0.363021875 0.47204375 0.3605140625 0.4709671875 0.3518453125 0.4703859375 0.34266406250000003 0.46970625000000005 0.34179375 0.4677546875 0.338190625 0.46763750000000004 0.329340625 0.46821875 0.3244296875 0.46803437499999995 0.32154375 0.4686921875 0.3198359375 0.4696140625 0.3134 0.468646875 0.3079515625 0.46882812500000004 0.30358593749999996 0.46964375 0.30105624999999997 0.47089687500000005 0.301784375 0.4724125 0.3002390625 0.4724984375 0.29595781250000003 0.47319374999999997 0.2942359375 0.47410312499999996 0.29510468749999996 0.4751015625 0.2987578125 0.4751 0.29709375 0.4762375 0.3017046875 0.4778515625 0.3042546875 0.47860625 0.30917343750000004 0.4784078125 0.320434375 0.4780046875 0.326321875 0.4775484375
0 0.2836609375 0.4779703125 0.286334375 0.4778171875 0.289075 0.47750000000000004 0.29228437500000004 0.47689843749999994 0.2918453125 0.4764828125 0.29095 0.476340625 0.2841296875 0.47557499999999997 0.280815625 0.4747265625 0.2789390625 0.4749203125 0.2813234375 0.4780171875 0.2836609375 0.4779703125
0 0.2729890625 0.47926562500000003 0.2680359375 0.47868281250000005 0.2619703125 0.4785796875 0.2592515625 0.478275 0.2574578125 0.4776140625 0.25659062499999996 0.4771703125 0.2543984375 0.4780953125 0.25253281250000004 0.478215625 0.2507265625 0.47898125 0.2528734375 0.48033906249999997 0.25480625 0.48045 0.2595078125 0.4803578125 0.26750625 0.4803 0.2729890625 0.47926562500000003
0 0.252353125 0.4734328125 0.2563375 0.47398125 0.25820937499999996 0.47483125 0.2641484375 0.47594531250000005 0.2657265625 0.47594531250000005 0.26992656249999997 0.4754609375 0.272390625 0.47490156250000004 0.2798984375 0.47500468749999997 0.2868546875 0.4749359375 0.2924890625 0.474725 0.29066875 0.47324374999999996 0.2834546875 0.47277031249999996 0.28250156249999997 0.4723046875 0.2806078125 0.47080312500000004 0.27823125000000004 0.47079843749999994 0.2703421875 0.47105625 0.2650265625 0.471096875 0.2600671875 0.47046406249999995 0.256253125 0.46984062499999996 0.252353125 0.4734328125
0 0.265615625 0.4681609375 0.263984375 0.46790937499999996 0.2593875 0.46807499999999996 0.25732187500000003 0.46807499999999996 0.25656875 0.4695390625 0.260553125 0.471034375 0.2657859375 0.471309375 0.26920781250000003 0.4707109375 0.2693390625 0.46908125 0.265615625 0.4681609375
0 0.3131046875 0.48981562500000003 0.306775 0.49036875 0.30458281249999997 0.4892921875 0.30169687500000003 0.48904375 0.30041875 0.4899171875 0.29953124999999997 0.4909078125 0.295871875 0.490703125 0.29375 0.49285781249999994 0.294940625 0.4930296875 0.3041734375 0.49401093749999997 0.3073203125 0.49316250000000006 0.3142796875 0.49406718749999995 0.3185953125 0.4940171875 0.32098125 0.4934125 0.3287125 0.4918984375 0.322940625 0.490346875 0.31707968750000004 0.489975 0.3131046875 0.48981562500000003
0 0.296275 0.456540625 0.2936109375 0.4570125 0.2881234375 0.4572953125 0.282525 0.457925 0.2879203125 0.4585421875 0.2822609375 0.4595921875 0.283659375 0.46139062500000005 0.2872953125 0.4628859375 0.2908546875 0.46377187500000006 0.31070312499999997 0.46460937500000005 0.3075453125 0.46331718750000006 0.306271875 0.4617765625 0.3150703125 0.46063124999999994 0.3088578125 0.45986562500000006 0.30296249999999997 0.46079218749999995 0.303403125 0.4587609375 0.30924999999999997 0.4583953125 0.3052078125 0.45692187500000003 0.2990953125 0.456490625 0.296275 0.456540625
0 0.3283453125 0.452071875 0.31989999999999996 0.4523703125 0.319234375 0.4515203125 0.316625 0.4513328125 0.312121875 0.45310468750000005 0.308540625 0.454525 0.3098984375 0.45521874999999995 0.3162609375 0.45601250000000004 0.32268281249999997 0.456996875 0.33201562500000004 0.457321875 0.33523281250000003 0.4560109375 0.33853125 0.4538078125 0.337109375 0.45299531249999997 0.33239843750000003 0.45265625 0.3283453125 0.452071875
0 0.292978125 0.4522015625 0.29267656249999996 0.45121874999999995 0.2916140625 0.4505828125 0.28999687500000004 0.450546875 0.2884765625 0.4510203125 0.2870078125 0.4526140625 0.28466718750000003 0.45332343750000004 0.2826765625 0.45353281250000005 0.283365625 0.4545796875 0.2994171875 0.45493125 0.29588125 0.4534515625 0.292978125 0.4522015625
0 0.3065203125 0.4540390625 0.311590625 0.4526796875 0.31019687500000004 0.45192343749999997 0.3065578125 0.45162500000000005 0.3015578125 0.4517203125 0.29623125 0.452009375 0.2959015625 0.45350625000000006 0.2974421875 0.45345 0.30126875000000003 0.453925 0.3023140625 0.45513906249999997 0.3020921875 0.45574062499999995 0.30577031250000003 0.45574062499999995 0.30607656250000004 0.4550109375 0.3065203125 0.4540390625
0 0.28595000000000004 0.4516 0.27969218749999997 0.4510890625 0.27351875 0.4511625 0.271671875 0.45237343750000003 0.28459218750000004 0.452665625 0.28595000000000004 0.4516
0 0.362034375 0.4476625 0.35752812500000003 0.4484859375 0.37951875 0.44877968749999997 0.3718578125 0.4473421875 0.371040625 0.4459546875 0.3674140625 0.44572812500000003 0.36588750000000003 0.44754843749999995 0.362034375 0.4476625
0 0.38784687500000004 0.44945625 0.3883453125 0.4505203125 0.39001874999999997 0.451371875 0.39325156250000004 0.45151718750000003 0.39390625 0.44945625 0.38784687500000004 0.44945625
0 0.2823546875 0.3736953125 0.279334375 0.37334999999999996 0.27316875 0.3735046875 0.26802031249999997 0.3734921875 0.2639625 0.37339375 0.2594015625 0.37339375 0.2570375 0.37339375 0.25480468749999996 0.373559375 0.256678125 0.37484687499999997 0.26111249999999997 0.37530625 0.2671671875 0.37530625 0.273815625 0.37570468749999997 0.27969218749999997 0.37650937500000003 0.2831328125 0.377359375 0.28253125 0.3748234375 0.2823546875 0.3736953125
0 0.24686249999999998 0.3539359375 0.24790937500000002 0.353465625 0.2472890625 0.3509796875 0.246465625 0.3497421875 0.2431390625 0.34962343749999997 0.24201718749999998 0.3498734375 0.2406734375 0.351253125 0.2417234375 0.35281250000000003 0.24360624999999997 0.3533234375 0.24686249999999998 0.3539359375
0 0.3070609375 0.36986875 0.31358281250000003 0.370365625 0.3121 0.368421875 0.30696875 0.36743281250000004 0.298565625 0.3674203125 0.295565625 0.3672890625 0.2907640625 0.3672203125 0.28810156249999996 0.3672203125 0.2896296875 0.3686421875 0.29646249999999996 0.3691875 0.3070609375 0.36986875
0 0.300115625 0.31394687499999996 0.2979953125 0.31313124999999997 0.292840625 0.3135984375 0.28729375 0.3144125 0.2778046875 0.3150609375 0.2741625 0.3157390625 0.2763796875 0.3182921875 0.27876093750000003 0.3190578125 0.281759375 0.31960625 0.28799687500000004 0.321140625 0.2962125 0.321909375 0.3026328125 0.32220624999999997 0.31146875 0.3216359375 0.3138859375 0.321421875 0.3164828125 0.31858906249999996 0.31706406249999997 0.31748750000000003 0.3134109375 0.316425 0.3074859375 0.3160890625 0.3042765625 0.3160890625 0.29885937500000004 0.3157890625 0.300115625 0.31394687499999996
0 0.2275765625 0.2779140625 0.22886718749999999 0.2812328125 0.221315625 0.281946875 0.223996875 0.2846484375 0.23483749999999998 0.284590625 0.2456078125 0.28395156250000003 0.253425 0.2827515625 0.25622968749999997 0.2840984375 0.2569046875 0.2840890625 0.264990625 0.28591875 0.28021562499999997 0.28688437499999997 0.283853125 0.28669687499999996 0.29638125 0.285178125 0.2959890625 0.282 0.29194375 0.2807296875 0.2845375 0.2799765625 0.2769546875 0.28063125 0.2768515625 0.2759828125 0.274803125 0.273778125 0.2679109375 0.27263906250000003 0.2597390625 0.2716421875 0.25251875 0.27320937500000003 0.249953125 0.275340625 0.2595328125 0.2787484375 0.24582031249999997 0.2782078125 0.239984375 0.2764828125 0.234771875 0.27571875 0.22854375 0.2758953125 0.2275765625 0.2779140625
0 0.2158671875 0.2252515625 0.21185625 0.2251765625 0.208453125 0.2242328125 0.20670000000000002 0.22346093749999998 0.2086984375 0.221428125 0.211375 0.21850312500000002 0.20913750000000003 0.21915468749999997 0.2041 0.220525 0.20239687499999998 0.2212359375 0.2012375 0.221484375 0.1972375 0.22230468750000001 0.1955234375 0.2237078125 0.18943749999999998 0.22461718749999998 0.187078125 0.22564375 0.18188437500000001 0.2265046875 0.1756328125 0.22867968749999998 0.1701375 0.2304015625 0.1724796875 0.2315375 0.1775859375 0.231253125 0.17952656250000001 0.2331671875 0.183390625 0.23451875000000003 0.1869546875 0.2351859375 0.1933546875 0.2359015625 0.19623437500000002 0.23797968749999998 0.208571875 0.23968906250000002 0.21618906249999997 0.2396375 0.2195125 0.240484375 0.2217953125 0.2404328125 0.22354531249999998 0.23887968750000002 0.22654843750000003 0.2368859375 0.2292328125 0.23652812499999998 0.23604843749999999 0.236725 0.23846250000000002 0.2372296875 0.242678125 0.2375703125 0.24333749999999998 0.23729843750000001 0.244421875 0.2342453125 0.24576250000000002 0.23113437499999998 0.24340156249999997 0.226615625 0.23972031249999998 0.2252328125 0.2356125 0.2237078125 0.234265625 0.2219828125 0.2345734375 0.220303125 0.23575 0.21886250000000002 0.23519843749999997 0.21560312499999998 0.23236718750000002 0.21561249999999998 0.2264421875 0.2170625 0.22062343750000002 0.21745312499999997 0.2154125 0.21754531250000003 0.21397499999999997 0.215725 0.2133453125 0.216565625 0.211690625 0.21841093749999999 0.21151875000000003 0.2184625 0.20979375 0.22082968749999998 0.21009531250000002 0.2212453125 0.21215625 0.2212453125 0.21585000000000001 0.221565625 0.2178453125 0.2222 0.219396875 0.22331875 0.21897812499999997 0.224359375 0.2158671875 0.2252515625
0 0.173484375 0.245775 0.17581875 0.24523125 0.177028125 0.24368281249999998 0.1772203125 0.2399265625 0.17496406250000002 0.235978125 0.1682625 0.23545937499999997 0.1619359375 0.2348390625 0.1546796875 0.2375015625 0.151696875 0.23575 0.1480734375 0.23628437500000002 0.1429859375 0.237303125 0.1287359375 0.241828125 0.12454218749999998 0.24369999999999997 0.1249734375 0.244259375 0.1306125 0.24424375 0.1308921875 0.2457328125 0.1313109375 0.24772656249999997 0.13647343750000002 0.2487828125 0.1425046875 0.24910625 0.14819374999999999 0.24910625 0.1538421875 0.2484640625 0.1578453125 0.245284375 0.166021875 0.24554218749999998 0.1708765625 0.245796875 0.173484375 0.245775
0 0.0667890625 0.33259375 0.0788390625 0.33204531249999997 0.084384375 0.331084375 0.089140625 0.3300390625 0.0998734375 0.329465625 0.1050515625 0.328465625 0.10687187499999999 0.32726875 0.10220156250000001 0.3241953125 0.10792187499999999 0.3242875 0.11018593750000001 0.3236 0.09255 0.3223875 0.09133593749999999 0.3204890625 0.0863546875 0.31810312500000004 0.078625 0.3168640625 0.072775 0.3167171875 0.0677359375 0.3170078125 0.062226562500000006 0.3179515625 0.055225 0.3148421875 0.054945312499999996 0.31758125000000004 0.0561875 0.32069843750000004 0.044978125 0.3214953125 0.048896875 0.32341875 0.0550359375 0.32458437500000004 0.0586640625 0.3269046875 0.0593265625 0.32859375 0.0546953125 0.3315015625 0.0667890625 0.33259375
0 0.033240625 0.3246859375 0.0278390625 0.325084375 0.0240484375 0.32549375 0.02305625 0.3282015625 0.02305625 0.32889843750000003 0.024121875 0.33122656250000004 0.0286625 0.333215625 0.0322859375 0.334328125 0.0375140625 0.3342796875 0.03919375 0.333909375 0.043090625 0.334053125 0.050184375 0.33404218750000003 0.052628125000000005 0.3340828125 0.053570312499999995 0.33249375 0.053621875 0.331275 0.05297500000000001 0.32983125 0.051278124999999994 0.32780624999999997 0.05013125 0.3268140625 0.045815625 0.325753125 0.042409375 0.325025 0.03848125 0.3244234375 0.033240625 0.3246859375
0 0 0.3418984375 0.00044531249999999996 0.34738281249999997 0.005246875 0.347190625 0.012978124999999998 0.34698125 0.0184859375 0.3464875 0.023143749999999998 0.3464875 0.0245421875 0.344390625 0.027515625 0.3437203125 0.031096875000000003 0.343371875 0.032695312500000004 0.342471875 0.030449999999999998 0.3413421875 0.0264953125 0.3406515625 0.0205703125 0.33804218750000004 0.0160359375 0.335359375 0.0169046875 0.33325625 0.0089234375 0.3328 0.0011765625 0.3328734375 0 0.333259375 0 0.3418984375
0 0 0.30264531250000004 0.0000859375 0.3026578125 0.0003375 0.302734375 0.007315625000000001 0.3016234375 0.0055359375 0.298521875 0.0055359375 0.2963203125 0.004528125 0.29297968750000003 0.0106609375 0.2936875 0.008354687500000001 0.29147500000000004 0.0038984375 0.29083125 0.0032640625 0.2888046875 0 0.2885375 0 0.30264531250000004
0 0.51840625 0.40754062500000005 0.5117765624999999 0.4073421875 0.5098874999999999 0.40960156249999996 0.501946875 0.40995468749999997 0.4947828125 0.41013124999999995 0.4931859375 0.41321250000000004 0.486371875 0.41192343749999993 0.48525937499999994 0.4146734375 0.4892890625 0.41501406249999995 0.48919687500000003 0.416884375 0.4977578125 0.4197796875 0.502175 0.42211406250000005 0.511378125 0.4211125 0.51384375 0.42444531249999995 0.523625 0.42521718750000004 0.5293171875 0.42689843749999995 0.535721875 0.42610625 0.548396875 0.42575 0.5549421875 0.42467812499999996 0.5623734375 0.42366875000000004 0.5669375 0.42295 0.5736265625 0.4199046875 0.576028125 0.4188140625 0.5719265625000001 0.4177328125 0.570071875 0.41545624999999997 0.5575734375 0.413353125 0.5471375 0.4138828125 0.5430234375 0.4137375 0.53655 0.41234374999999995 0.5370515625000001 0.4095890625 0.5264890624999999 0.4088828125 0.51840625 0.40754062500000005
0 0.5596296875 0.40386249999999996 0.5533390625 0.40201093749999994 0.5478953125 0.4019078125 0.540025 0.40218437500000004 0.5323859375 0.4009875 0.533134375 0.40268906250000003 0.5218703125 0.40245625 0.521434375 0.4043984375 0.5259437499999999 0.40524531250000007 0.5274593750000001 0.4086359375 0.5317062499999999 0.409246875 0.5362734375 0.4078328125 0.5461843749999999 0.40876250000000003 0.553884375 0.40876250000000003 0.5587640625 0.4083046875 0.5640484375 0.4067046875 0.5654234375 0.40386718750000006 0.5596296875 0.40386249999999996
0 0.5283609375 0.4670640625 0.5300828125 0.4690140625 0.5337515625 0.4681484375 0.5380703125 0.4680359375 0.5401140625 0.46745937499999995 0.534865625 0.4663046875 0.531059375 0.46610781250000005 0.5283609375 0.4670640625
0 0.5739234375 0.46761875 0.581971875 0.46826249999999997 0.5837375 0.46826249999999997 0.5848359375000001 0.4674796875 0.579975 0.46617031249999996 0.5800625 0.46553125 0.577696875 0.4653796875 0.5762921875 0.4658578125 0.5739234375 0.46761875
0 0.2106953125 0.48591562499999996 0.20444062500000001 0.48605625 0.20232031250000002 0.48586875 0.1995265625 0.48586875 0.196596875 0.48632656250000006 0.194484375 0.4871984375 0.1949796875 0.488075 0.1982171875 0.4886015625 0.20092343750000002 0.4883078125 0.20106875 0.48947812500000004 0.199953125 0.48954375 0.197875 0.4902875 0.2030671875 0.4909796875 0.20329843749999998 0.49116875000000004 0.20505 0.4912859375 0.20601093750000002 0.49024999999999996 0.21059531250000002 0.49150937499999997 0.214275 0.49159687500000004 0.21680312499999999 0.49150937499999997 0.22084062499999998 0.490921875 0.2236015625 0.49042812500000005 0.2270828125 0.49042812500000005 0.2281359375 0.48909375 0.2307078125 0.489025 0.23345625 0.4880640625 0.22967343750000002 0.4866859375 0.2270734375 0.485775 0.22229843749999997 0.4853203125 0.21837656249999998 0.48506406249999995 0.2151109375 0.4849765625 0.21310156249999998 0.4849765625 0.2106953125 0.48591562499999996
0 0.160384375 0.4909078125 0.155971875 0.4906171875 0.15383125 0.4898921875 0.1527 0.49163281249999996 0.14625468749999998 0.49099843749999994 0.1426859375 0.4915671875 0.1407328125 0.492165625 0.143575 0.49349687500000006 0.14574375 0.49416562500000005 0.16825625 0.49177968749999995 0.1651734375 0.4915328125 0.162978125 0.49099531250000006 0.160384375 0.4909078125
0 0.137384375 0.4941265625 0.1393359375 0.4939890625 0.141196875 0.4940390625 0.14140312500000002 0.49291875 0.1394453125 0.4926125 0.138325 0.49272968749999996 0.1372046875 0.49319218749999993 0.137384375 0.4941265625
0 0.12175312499999999 0.48262031250000004 0.1201453125 0.48137968750000004 0.11593281250000001 0.48137968750000004 0.109834375 0.48133125000000004 0.106353125 0.481115625 0.10315937500000001 0.4818765625 0.1018109375 0.48290156250000005 0.10876875 0.48359375 0.1128640625 0.4841109375 0.1149234375 0.48299062499999995 0.1189875 0.48271875 0.12175312499999999 0.48262031250000004
0 0.06026406250000001 0.5023828124999999 0.0624109375 0.5022390624999999 0.06249687499999999 0.5010921875000001 0.059868750000000005 0.50035 0.05600937499999999 0.5003124999999999 0.0558625 0.5013171875 0.057625 0.502009375 0.06026406250000001 0.5023828124999999
0 0.17752812499999998 0.4633625 0.1731375 0.463725 0.170753125 0.46301718750000004 0.16985625 0.462409375 0.1680484375 0.46363281250000005 0.168996875 0.46569062499999997 0.17241562500000002 0.4669703125 0.17464375000000001 0.4674703125 0.17781875 0.46714218750000003 0.18365625000000002 0.46769218749999997 0.1903453125 0.46793593749999995 0.196034375 0.46793593749999995 0.20255312499999997 0.46760624999999995 0.1987640625 0.465740625 0.19782187499999998 0.46499687500000003 0.196225 0.4639375 0.19391875 0.46400625 0.1898609375 0.46407499999999996 0.1827390625 0.46373437500000003 0.1790359375 0.46341093750000006 0.17752812499999998 0.4633625
0 0.2272890625 0.4596765625 0.22702499999999998 0.46059062500000003 0.2288765625 0.46160468750000005 0.23097343750000002 0.46101093750000005 0.23160625 0.45999999999999996 0.23029687499999998 0.45897187500000003 0.2294203125 0.458871875 0.2272890625 0.4596765625
0 0.171871875 0.3726484375 0.1733359375 0.37298906249999997 0.178659375 0.37415625 0.1789921875 0.37415625 0.1842828125 0.3713296875 0.1853734375 0.36865468749999997 0.1818578125 0.36724375 0.176721875 0.3670890625 0.1710421875 0.3666203125 0.1633640625 0.3652328125 0.1602078125 0.36401249999999996 0.1563828125 0.365290625 0.1557109375 0.3676859375 0.1542828125 0.36976718750000004 0.154721875 0.3721578125 0.1674828125 0.372271875 0.171871875 0.3726484375
0 0.1106265625 0.363215625 0.11019375000000001 0.36355312500000003 0.1085078125 0.3616375 0.10458125 0.36155781249999996 0.103990625 0.363421875 0.1049796875 0.36479531249999997 0.1092078125 0.3661984375 0.11273906250000001 0.3661984375 0.1157453125 0.365275 0.1106265625 0.363215625
0 0.053423437500000004 0.40855312499999996 0.0518484375 0.4072359375 0.049585937499999996 0.40685312500000004 0.0455515625 0.4067546875 0.0420703125 0.4067546875 0.036746875 0.4061109375 0.0358828125 0.4061109375 0.035459375 0.40813750000000004 0.0385078125 0.40812187499999997 0.045490625 0.40836562499999995 0.049353125 0.40910156249999996 0.051115625 0.409103125 0.053423437500000004 0.40855312499999996
0 0.06669375 0.4236109375 0.065675 0.4234265625 0.066075 0.422659375 0.0630140625 0.4221828125 0.0572703125 0.42227031249999997 0.0512828125 0.4217921875 0.0461609375 0.42152031250000005 0.0477984375 0.4230296875 0.05307031250000001 0.4232921875 0.057085937499999996 0.423878125 0.0603265625 0.4238984375 0.0643359375 0.424121875 0.0679734375 0.42522656249999996 0.071525 0.4263125 0.07526406249999999 0.4266671875 0.0801984375 0.42564062500000005 0.08049062500000001 0.42465 0.07694218750000001 0.42408124999999997 0.07348281250000001 0.4248796875 0.07141875 0.42460000000000003 0.06951093750000001 0.4241796875 0.06669375 0.4236109375
0 0.053857812500000005 0.35107499999999997 0.0523375 0.353146875 0.0544671875 0.3553484375 0.057315625 0.3559171875 0.063184375 0.357034375 0.067996875 0.357759375 0.070284375 0.3575421875 0.0694515625 0.3546609375 0.06935625 0.3536453125 0.06361875 0.351271875 0.058604687499999995 0.35026406250000003 0.053857812500000005 0.35107499999999997
0 0.0797109375 0.37851406249999997 0.076371875 0.3793140625 0.0802078125 0.37965468750000003 0.08530937499999999 0.3800515625 0.0906328125 0.3803625 0.0957125 0.3801375 0.0964 0.37998750000000003 0.09588593749999999 0.37863437499999997 0.09047812499999999 0.37815781249999997 0.0839015625 0.3779515625 0.082553125 0.37795625 0.0797109375 0.37851406249999997
0 0.0974640625 0.377709375 0.096109375 0.379953125 0.095953125 0.3804140625 0.0945125 0.38143125 0.09747343750000001 0.3823859375 0.10164218750000001 0.38282812499999996 0.10384374999999998 0.382896875 0.10459375 0.382896875 0.10668437500000001 0.38210625 0.1052046875 0.37835625 0.0992515625 0.37644375 0.0974640625 0.377709375
0 0.117578125 0.3791125 0.1210234375 0.3780203125 0.12093281250000001 0.37675625 0.119315625 0.3751953125 0.113778125 0.37412968750000003 0.1117796875 0.37388750000000004 0.1117 0.3757140625 0.11258125000000001 0.3768875 0.113396875 0.3783296875 0.117578125 0.3791125
0 0 0.2812109375 0.0042453125 0.281734375 0.013285937500000001 0.281775 0.0171859375 0.2786109375 0.0093859375 0.278803125 0.00676875 0.27766875 0.005759375 0.27734375 0 0.27986093749999996 0 0.2812109375
0 0.0262484375 0.271240625 0.0240984375 0.27125937499999997 0.024021875 0.27176093749999997 0.02145 0.27234375 0.02076875 0.272896875 0.019384375000000002 0.274290625 0.0207953125 0.2746046875 0.024209374999999998 0.2747109375 0.0254828125 0.27385625 0.026914062500000002 0.2731015625 0.0262484375 0.271240625
0 0.0122421875 0.27506875000000003 0.0106203125 0.276171875 0.0114890625 0.27751562500000004 0.014771875 0.27762031249999997 0.0158140625 0.277303125 0.0176984375 0.2764484375 0.0176828125 0.2754390625 0.0139828125 0.274746875 0.0122421875 0.27506875000000003
0 0.16761874999999998 0.393221875 0.1652625 0.39291718750000004 0.1587890625 0.3925546875 0.1563140625 0.3938078125 0.1638609375 0.3946609375 0.16761874999999998 0.393221875
0 0.171565625 0.41674375 0.169628125 0.41667343749999997 0.16832031249999999 0.41800625 0.17103593749999998 0.42018281249999995 0.1731140625 0.4192265625 0.17355 0.418365625 0.171565625 0.41674375
0 0.0400171875 0.44381562499999994 0.038215624999999996 0.44362812500000004 0.035759374999999996 0.4444859375 0.037240625 0.44557343749999995 0.039987499999999995 0.44556250000000003 0.0410625 0.44506875 0.0400171875 0.44381562499999994
0 0.0186515625 0.4282203125 0.02101875 0.42734843749999996 0.0211453125 0.425821875 0.019271875 0.42475625 0.01634375 0.4246703125 0.0152359375 0.425825 0.016714062499999998 0.4276578125 0.0186515625 0.4282203125
0 0.024685937499999998 0.378165625 0.017659374999999998 0.3761640625 0.01786875 0.37460468750000003 0.014226562500000001 0.3745390625 0.0100234375 0.374325 0.0027703124999999998 0.37458125 0.005090625 0.37712500000000004 0.007834375000000001 0.3786 0.024685937499999998 0.378165625
0 0 0.379034375 0.0001921875 0.3786890625 0.0020875 0.37722656250000003 0 0.37603437500000003 0 0.379034375
0 0.023496875 0.44038125 0.026421875 0.44079687500000003 0.0282203125 0.44079687500000003 0.0300875 0.44075625 0.0295328125 0.44014218749999995 0.028303125000000002 0.439734375 0.025884374999999998 0.4395640625 0.02359375 0.43981875 0.020915625 0.44000625 0.023496875 0.44038125