0 0.096384375 0.789490625 0.097840625 0.7919125 0.10034375 0.792475 0.1074453125 0.7934 0.111771875 0.794828125 0.11365 0.7909765625 0.096384375 0.789490625
0 0 0.5056734374999999 0.0092421875 0.50651875 0.0344484375 0.5071984375 0.0512828125 0.507271875 0.05922500000000001 0.508634375 0.0676828125 0.5085375 0.0756609375 0.5095578125 0.0806671875 0.5091921875 0.086925 0.508728125 0.09596875 0.5099234375 0.1040484375 0.5099234375 0.10936874999999999 0.5093796875 0.194965625 0.5127125 0.234178125 0.514203125 0.27463125 0.5158609375000001 0.3136109375 0.517403125 0.3361125 0.5178484375 0.345225 0.5194765625 0.3482234375 0.51909375 0.3462546875 0.517115625 0.34045468749999996 0.5170171875 0.3344625 0.5164640625 0.32993125 0.5159109374999999 0.32327343750000004 0.5154640625 0.3167140625 0.5164203125 0.31543125 0.515334375 0.3112796875 0.5150671874999999 0.30712968749999997 0.5148703125 0.3078640625 0.512053125 0.294584375 0.5109390625 0.2878625 0.5117984375 0.28244375 0.5108453125 0.277153125 0.509240625 0.2703921875 0.5094859375 0.2651328125 0.5087640625 0.2621234375 0.5085671875 0.257615625 0.5126125 0.253940625 0.5126125 0.25608749999999997 0.507471875 0.24718281250000002 0.5077812500000001 0.24358749999999998 0.5061140625 0.2320453125 0.5076046875 0.2244953125 0.5072015624999999 0.22029843750000003 0.5051875 0.21463125 0.5060156250000001 0.2113703125 0.5057765625 0.20620781250000003 0.506025 0.2060765625 0.506659375 0.20907499999999998 0.5075421875 0.21457968749999998 0.5084359375 0.21149218749999998 0.5092640625 0.20819843750000003 0.50896875 0.2025921875 0.508871875 0.197903125 0.508675 0.187359375 0.5083421875 0.1832578125 0.50660625 0.1806921875 0.5070546874999999 0.176809375 0.5073484374999999 0.1714234375 0.50725 0.1648625 0.5073734375 0.15861562499999998 0.50723125 0.1542125 0.5070078125 0.151915625 0.5079171875 0.14928593750000002 0.5084484375 0.14285625 0.507546875 0.1396234375 0.507546875 0.135315625 0.507546875 0.12964375 0.507546875 0.1257796875 0.5072515625 0.1228015625 0.5067890625 0.11579999999999999 0.5068484375 0.114246875 0.5064828125 0.1099078125 0.505725 0.106896875 0.5052625 0.10439687499999999 0.5050921875000001 0.0982640625 0.5047796875 0.09693437499999999 0.5047796875 0.095096875 0.505396875 0.093325 0.5057484375 0.089459375 0.5049812499999999 0.08645 0.5048828125 0.0822359375 0.505078125 0.0784015625 0.50475625 0.07735625 0.5045609375 0.07409375 0.5039625 0.06858125000000001 0.5041734375 0.0672515625 0.5040312499999999 0.0638765625 0.50334375 0.058710937500000004 0.5037499999999999 0.056493749999999995 0.5039 0.0543703125 0.50329375 0.0494734375 0.502428125 0.0427875 0.5026765625 0.042059374999999996 0.5026765625 0.035467187500000004 0.5025140625 0.028209375 0.50261875 0.028334375000000002 0.5024765625 0.0305046875 0.5016828125 0.03421875 0.5009078125 0.0376421875 0.5008375 0.04379375 0.5015453125 0.0480375 0.5019078125 0.049484375000000004 0.5014984375 0.05149843750000001 0.5000375 0.048115625 0.49848593750000003 0.0436421875 0.49805625 0.0341984375 0.49825156249999997 0.0288125 0.49855937499999997 0.0247578125 0.498478125 0.01854375 0.49775468749999996 0.012832812499999999 0.497075 0.0081125 0.497075 0.0037703125 0.497075 0 0.4966109375 0 0.5056734374999999
0 0 0.4720578125 0.0048390625 0.47234999999999994 0.0082609375 0.4721796875 0.01185 0.47102187500000003 0.0172328125 0.47024687500000006 0.019153125 0.47074999999999995 0.026254687500000002 0.472 0.0306671875 0.4719703125 0.035925 0.4719703125 0.0386640625 0.4713375 0.044365625 0.47070468749999994 0.0451765625 0.468459375 0.038935937500000004 0.4674515625 0.0358296875 0.4667109375 0.0293328125 0.46586249999999996 0.026623437500000003 0.46703906249999994 0.021709375 0.4664859375 0.0201265625 0.4664859375 0.015184375 0.46631718749999995 0.013345312500000001 0.4667328125 0.008467187499999999 0.46794531250000004 0.0034609374999999996 0.4676765625 0 0.46869375 0 0.4720578125
0 0.4742109375 0.5477703125 0.46880468750000004 0.54873125 0.466975 0.5484359375000001 0.4630078125 0.5483015625000001 0.45804687499999996 0.5484843749999999 0.45656406250000003 0.54981875 0.460553125 0.5504296875 0.46455156249999996 0.551234375 0.46865781249999994 0.5516828125 0.47467499999999996 0.5518765625000001 0.4797375 0.5513734375 0.4815171875 0.5504374999999999 0.48039375 0.5492609374999999 0.47753750000000006 0.5481296875 0.4742109375 0.5477703125
0 0.40674687499999995 0.54215625 0.4076515625 0.5317546875 0.3995953125 0.544596875 0.40674687499999995 0.54215625
0 0.41468125 0.51495625 0.4215859375 0.5169265625 0.42341875 0.5166703125 0.42586562499999997 0.5164984375 0.42922343749999997 0.5157578125 0.42857031250000005 0.51509375 0.42639375 0.5140421875000001 0.42459218749999994 0.5134109375 0.421571875 0.5129890625 0.41818906250000004 0.51326875 0.41468125 0.51495625
0 0.37830625 0.5118046875 0.37586718750000003 0.5119281250000001 0.373121875 0.5128468749999999 0.374303125 0.5129937499999999 0.377553125 0.513496875 0.3815109375 0.5132625 0.3821875 0.512725 0.3816609375 0.5125140625 0.37830625 0.5118046875
0 0.42737968750000005 0.4884453125 0.4292109375 0.48770468749999996 0.4305171875 0.4863546875 0.42954687500000005 0.48614375 0.42572187499999997 0.48675468750000006 0.423171875 0.487134375 0.42160624999999996 0.4875140625 0.42223750000000004 0.48822656249999996 0.42505781249999997 0.4889328125 0.42737968750000005 0.4884453125
0 0.539890625 0.49257343750000004 0.5368968749999999 0.492759375 0.5358578125 0.4932390625 0.531175 0.49306406249999996 0.530784375 0.49341718749999997 0.5343875 0.49388125 0.5375609375 0.49450000000000005 0.5397531250000001 0.49450000000000005 0.5427484375 0.4945234375 0.5445625 0.493128125 0.5430515625 0.49257343750000004 0.539890625 0.49257343750000004
0 0.5024 0.48442656250000005 0.5066828125 0.48288593750000003 0.5007375 0.48230312499999994 0.498746875 0.48337031250000007 0.5024 0.48442656250000005
0 0.48546093749999997 0.48514999999999997 0.48788125000000004 0.48483124999999994 0.49215 0.48425312500000006 0.4945375 0.48416718750000004 0.492 0.4840453125 0.489671875 0.4835140625 0.48856406249999995 0.4835140625 0.4881203125 0.4835140625 0.48321718750000003 0.48363750000000005 0.4820953125 0.48436406249999997 0.48257500000000003 0.4851515625 0.48546093749999997 0.48514999999999997
0 0.24605468749999998 0.4723359375 0.24682343750000002 0.4728921875 0.2483390625 0.4736640625 0.245815625 0.4740421875 0.2433765625 0.4750109375 0.2445328125 0.4759203125 0.24601875 0.4764609375 0.248659375 0.4771109375 0.254353125 0.478128125 0.2598453125 0.47906562499999994 0.2635921875 0.47923593750000004 0.2666453125 0.47891562499999996 0.2700296875 0.4785328125 0.27165 0.4785328125 0.2747046875 0.47885 0.2763 0.47926718749999997 0.280340625 0.47920468749999995 0.2814375 0.47914218750000004 0.284440625 0.47752812499999997 0.28728750000000003 0.47752812499999997 0.28861875000000003 0.476959375 0.28968906250000004 0.47567343749999996 0.28852500000000003 0.47480781250000004 0.286640625 0.474278125 0.28234375 0.473553125 0.27923906249999997 0.47352812499999997 0.274996875 0.47352812499999997 0.2726953125 0.47318437500000005 0.268009375 0.4725984375 0.2653765625 0.4726609375 0.261634375 0.47283125000000004 0.260025 0.4715296875 0.25875 0.4706015625 0.256284375 0.470328125 0.2541234375 0.47018125 0.249021875 0.47069218749999997 0.24658281249999997 0.47126406249999997 0.24605468749999998 0.4723359375
0 0.340275 0.484675 0.34355625 0.48545625000000003 0.34495624999999996 0.48505937499999996 0.3475125 0.484115625 0.34407031250000003 0.48328906250000003 0.3389234375 0.4840984375 0.340275 0.484675
0 0.1759078125 0.4773484375 0.1781359375 0.47665468750000006 0.1772875 0.4759765625 0.1763171875 0.475703125 0.1724921875 0.475703125 0.1712859375 0.4765484375 0.1728875 0.4776453125 0.17409375 0.4776453125 0.1759078125 0.4773484375
0 0.14064375 0.4708109375 0.1394171875 0.46923125 0.1368515625 0.46865781249999994 0.13235625 0.4683796875 0.130153125 0.4683796875 0.127784375 0.46942500000000004 0.130003125 0.4703453125 0.13258125 0.47060312499999996 0.1356578125 0.47037031249999994 0.1384328125 0.47052812499999996 0.14064375 0.4708109375
0 0.0219953125 0.4427046875 0.026546874999999998 0.4430078125 0.030539062500000002 0.4423921875 0.033290625000000004 0.4419234375 0.031623437500000004 0.440625 0.027921875000000002 0.43944687499999996 0.025093749999999998 0.43922812499999997 0.0182203125 0.4386421875 0.01389375 0.43927812499999996 0.015698437500000002 0.4408953125 0.0192515625 0.4417375 0.0219953125 0.4427046875
0 0.14108281250000002 0.46164531249999996 0.143065625 0.4613890625 0.14878750000000002 0.4616296875 0.15461562499999998 0.46210312499999995 0.158640625 0.4626984375 0.166853125 0.4636078125 0.17301249999999999 0.46394843750000003 0.1830796875 0.46460937500000005 0.1883 0.46504375 0.1989625 0.46526093749999997 0.20285625000000002 0.4652375 0.21090468750000002 0.46634843750000005 0.2204703125 0.466346875 0.22588124999999998 0.4657375 0.23187656250000002 0.46532343750000005 0.239090625 0.46429375000000006 0.2447515625 0.4624765625 0.2622609375 0.46294375 0.255521875 0.464321875 0.25184843749999997 0.4657765625 0.256371875 0.46666718749999997 0.2610296875 0.46751875 0.2666875 0.468309375 0.271653125 0.4688203125 0.2752890625 0.4682984375 0.282521875 0.469034375 0.28772031249999996 0.46995624999999996 0.2911359375 0.47071406250000003 0.2968796875 0.47129062499999996 0.29176250000000004 0.4723140625 0.2927671875 0.47300156250000003 0.298015625 0.474575 0.3108015625 0.47680937500000004 0.31265312500000003 0.47680937500000004 0.31875 0.4761921875 0.3276046875 0.4779671875 0.3322578125 0.47375625 0.337928125 0.47421875 0.3323375 0.4766703125 0.332925 0.4792515625 0.338059375 0.47929843749999995 0.34390624999999997 0.47872031249999997 0.34920625 0.47881406249999997 0.3527125 0.479984375 0.3550234375 0.48125937499999993 0.36426875000000003 0.4830265625 0.3652875 0.48319687499999997 0.37110781249999997 0.484503125 0.3748609375 0.48391093749999997 0.380365625 0.482015625 0.3835875 0.48016718750000004 0.3858390625 0.47871874999999997 0.3884125 0.47725937500000004 0.3872875 0.47648124999999997 0.3809609375 0.474715625 0.37547031249999996 0.4745828125 0.3720609375 0.47455781249999995 0.3688453125 0.47366875 0.3737265625 0.47179374999999996 0.3788765625 0.47277031249999996 0.38361875 0.47321406250000003 0.389090625 0.47261406250000004 0.3971921875 0.4734546875 0.40027187499999994 0.47322031249999996 0.40442343750000004 0.47244062500000006 0.4101875 0.4735625 0.413303125 0.47315625 0.41655 0.47283749999999997 0.4228875 0.4726484375 0.424775 0.47071406250000003 0.4291125 0.4714578125 0.435121875 0.47164375 0.43345781250000004 0.4734421875 0.43516093749999996 0.474671875 0.4383515625 0.4752734375 0.44121249999999995 0.47604687500000004 0.44628125 0.47681250000000003 0.449409375 0.4779265625 0.4590546875 0.47896875000000005 0.46128281250000003 0.478734375 0.464809375 0.4794546875 0.4700265625 0.479671875 0.47508906250000005 0.479671875 0.479384375 0.4790328125 0.4824890625 0.47909375 0.48711874999999993 0.4792015625 0.4929984375 0.47979843750000006 0.49978437500000006 0.47984375 0.5023140625 0.4795234375 0.50799375 0.47911875000000004 0.5132953125 0.480478125 0.523996875 0.47538437499999997 0.5222187500000001 0.4747203125 0.5191421875 0.4744390625 0.5126234375000001 0.47404062500000005 0.5077171875000001 0.47393124999999997 0.501946875 0.47366562500000003 0.49487500000000006 0.4734234375 0.49778593750000005 0.4731515625 0.498921875 0.47103906249999994 0.49689843749999996 0.47065625000000005 0.491128125 0.4703515625 0.4879953125 0.4697890625 0.4801203125 0.47010625 0.4788578125 0.4696859375 0.47781250000000003 0.466903125 0.47651093749999995 0.46704999999999997 0.46913125000000006 0.46654062500000004 0.4654140625 0.46640781249999996 0.4566296875 0.466871875 0.45249843749999996 0.46795468749999997 0.4498640625 0.467596875 0.44326718749999994 0.46683906249999996 0.43600781250000004 0.46774843749999995 0.42898593749999997 0.46756562500000004 0.42199687499999994 0.4671671875 0.420028125 0.4672296875 0.4098625 0.4665734375 0.4084890625 0.4656921875 0.406021875 0.4650140625 0.3989765625 0.4645359375 0.3992796875 0.46383437499999997 0.3932609375 0.4635671875 0.3898109375 0.46461874999999997 0.387703125 0.464384375 0.383378125 0.4639703125 0.3804390625 0.4639703125 0.3755296875 0.46386093749999996 0.371059375 0.46370468750000005 0.3645703125 0.463328125 0.36027343749999996 0.4629625 0.3571109375 0.46219687499999995 0.353215625 0.46076875 0.3469171875 0.460659375 0.342671875 0.460659375 0.3352390625 0.4600890625 0.330559375 0.4593640625 0.32645625 0.4583875 0.3256515625 0.458278125 0.31660937499999997 0.45729218749999995 0.317503125 0.4556484375 0.3116875 0.4548328125 0.30484062500000003 0.454025 0.298740625 0.45269062499999996 0.2936671875 0.45303125 0.2918796875 0.45440781250000006 0.29124374999999997 0.456734375 0.291984375 0.45744687500000003 0.295153125 0.4577859375 0.28971874999999997 0.457325 0.2808859375 0.457409375 0.269840625 0.4567109375 0.2618390625 0.455896875 0.2514078125 0.455675 0.22881875 0.454209375 0.2253234375 0.4544265625 0.2174484375 0.45485312499999997 0.21158749999999998 0.4545390625 0.19914375 0.453534375 0.1919046875 0.453121875 0.187190625 0.45257500000000006 0.1774921875 0.451884375 0.17194375 0.45147031249999997 0.16412500000000002 0.4506671875 0.15846875 0.4507515625 0.1540828125 0.4507515625 0.149534375 0.45144687499999997 0.14268281249999998 0.4519203125 0.137371875 0.45217656249999993 0.133709375 0.4526109375 0.1290484375 0.4529140625 0.12385781250000001 0.45367187500000006 0.12143124999999999 0.45449375 0.1157921875 0.45402343749999996 0.107678125 0.453309375 0.100228125 0.4528625 0.091125 0.4530078125 0.08071406249999999 0.4522375 0.072078125 0.4512203125 0.06930468749999999 0.45074375 0.06442187499999999 0.44934531250000004 0.059125000000000004 0.4487140625 0.055353125 0.4483859375 0.0515265625 0.4483859375 0.0480875 0.4484703125 0.0443453125 0.44885 0.0427375 0.4490953125 0.037578125000000004 0.44915781250000003 0.0359984375 0.450178125 0.0347921875 0.4497328125 0.030578125 0.44875 0.026696875 0.448025 0.022923437499999998 0.44767343750000005 0.015146875 0.44722656250000004 0.0106515625 0.4467796875 0.0056078125 0.4459359375 0.0035000000000000005 0.4457640625 0.0003140625 0.44559218749999996 0 0.445778125 0.00106875 0.4585703125 0.0019859375 0.45900625 0.0086265625 0.45982812500000003 0.01310625 0.45982812500000003 0.02086875 0.460490625 0.028584375000000002 0.46064531249999996 0.0344125 0.4614828125 0.04054375 0.46199375 0.0504625 0.46316875 0.0544734375 0.4634703125 0.06499374999999999 0.46338437499999996 0.069528125 0.4631421875 0.070890625 0.46069531250000006 0.079834375 0.4600734375 0.090521875 0.46038750000000006 0.10089375 0.46062343749999995 0.11876093750000001 0.4612421875 0.1231546875 0.46078437499999997 0.13373593749999999 0.46163906250000003 0.14108281250000002 0.46164531249999996
0 0.14564531249999998 0.3945078125 0.151578125 0.393353125 0.1513078125 0.3920359375 0.143490625 0.39275000000000004 0.1391234375 0.3903890625 0.13551875 0.3898890625 0.1288375 0.38834375 0.1215734375 0.38834375 0.1170984375 0.38930625 0.115740625 0.39208906250000003 0.1177859375 0.39387656249999997 0.12436875 0.394046875 0.1333328125 0.39521875 0.13793906250000001 0.3954359375 0.14564531249999998 0.3945078125
0 0.13248125 0.37953749999999997 0.138225 0.3781890625 0.1377328125 0.377159375 0.1355 0.37581875 0.13153125000000002 0.375084375 0.1265390625 0.375084375 0.1222140625 0.375084375 0.1167796875 0.3757359375 0.11375781250000001 0.37606875 0.114125 0.377075 0.1163921875 0.3784984375 0.11992499999999999 0.38000625 0.1221484375 0.3801625 0.1245109375 0.3801625 0.12729375 0.3800140625 0.13248125 0.37953749999999997
0 0.199609375 0.3828328125 0.2017875 0.38220156250000004 0.19897499999999999 0.3808140625 0.1946765625 0.37989375000000003 0.191240625 0.379784375 0.185940625 0.379175 0.182946875 0.37934531250000003 0.1809234375 0.379709375 0.1786078125 0.380259375 0.1782328125 0.38120468750000003 0.17906093750000002 0.3814984375 0.187290625 0.383325 0.189553125 0.38351406250000003 0.192253125 0.3839171875 0.1960578125 0.38355 0.199609375 0.3828328125
0 0.208075 0.381928125 0.205484375 0.38305625 0.20554999999999998 0.3837203125 0.20674687500000002 0.3856109375 0.2120921875 0.3851875 0.21346875 0.384953125 0.2155609375 0.384546875 0.2172828125 0.38386875 0.21716875 0.38232656249999997 0.2159625 0.3817328125 0.21170781249999998 0.3811234375 0.208075 0.381928125
0 0.24687031250000002 0.368953125 0.24817499999999998 0.367190625 0.24854531249999998 0.36569375000000004 0.24745 0.3649296875 0.24373593750000003 0.36522343749999997 0.23713437499999998 0.3658203125 0.2337515625 0.3664015625 0.22948125 0.36668124999999996 0.2272890625 0.367525 0.229971875 0.36917187500000004 0.2321328125 0.370090625 0.2366890625 0.3720703125 0.2407625 0.37122968749999996 0.24331874999999997 0.3705984375 0.2451328125 0.369990625 0.24687031250000002 0.368953125
0 0.39575312500000004 0.39575625 0.397896875 0.3961125 0.40073125000000004 0.3965765625 0.40171875 0.396884375 0.404165625 0.39714062499999997 0.40619843749999995 0.3970546875 0.40952343750000003 0.3968203125 0.4010953125 0.39392031250000004 0.39158593750000004 0.3950546875 0.39575312500000004 0.39575625
0 0.482659375 0.394103125 0.48530937500000004 0.393253125 0.48900468750000003 0.39244218750000004 0.4926921875 0.392121875 0.4938234375 0.39127968750000003 0.49275624999999995 0.3897671875 0.490996875 0.3891984375 0.48597812500000004 0.389515625 0.48168125 0.38928124999999997 0.47896406249999995 0.389109375 0.47455468749999996 0.3895359375 0.46998125 0.39003125 0.468125 0.3908671875 0.46801250000000005 0.39195 0.4693890625 0.39230468749999997 0.477115625 0.3945640625 0.47935937500000003 0.3946484375 0.482659375 0.394103125
0 0.4887546875 0.40954218750000004 0.48524375 0.4088546875 0.48474375 0.410459375 0.489178125 0.4108953125 0.49162343750000004 0.4113125 0.49747031249999996 0.41125 0.4999421875 0.41125 0.5040765625 0.41150624999999996 0.5059765625 0.41188437499999997 0.50965625 0.41285156250000005 0.51255 0.41250937499999996 0.51544375 0.41186875 0.518084375 0.4111515625 0.5166140625 0.41045781249999996 0.5126484375 0.40904687500000003 0.5091546874999999 0.40842968749999997 0.5051640625 0.4088234375 0.50036875 0.4092734375 0.49707187499999994 0.40961406250000004 0.49296875 0.4098453125 0.4887546875 0.40954218750000004
0 0.5369359375 0.431434375 0.5351890625 0.4318984375 0.5331515625 0.4328046875 0.53363125 0.4332453125 0.5381781250000001 0.43381875000000003 0.5403453125000001 0.4342125 0.5419906250000001 0.43421093749999995 0.540825 0.43302500000000005 0.54430625 0.432996875 0.54833125 0.432715625 0.547165625 0.4322328125 0.543534375 0.43156875 0.539346875 0.43111718750000005 0.5369359375 0.431434375
0 0.6292765625000001 0.43755625 0.6309812499999999 0.43701093750000003 0.631546875 0.43567656250000003 0.63180625 0.434228125 0.6298250000000001 0.4333234375 0.6226859375 0.4361984375 0.6240296875 0.43702968750000004 0.6259781249999999 0.43723906250000005 0.6292765625000001 0.43755625
0 0.41894687499999994 0.432934375 0.421696875 0.433559375 0.4243390625 0.43338906250000003 0.4269125 0.43256249999999996 0.42933125 0.4305890625 0.416884375 0.43165624999999996 0.41894687499999994 0.432934375
0 0.49180156249999996 0.44494999999999996 0.49169062500000005 0.4453203125 0.4924328125 0.44589999999999996 0.49433125 0.4464625 0.49569843750000003 0.4467265625 0.499528125 0.445540625 0.5033859374999999 0.4447765625 0.5024437500000001 0.44441875 0.4998390625 0.444121875 0.4973734375 0.4442921875 0.49532187499999997 0.44440156249999996 0.49180156249999996 0.44494999999999996
0 0.45168125000000003 0.4547875 0.44779843750000003 0.454484375 0.443475 0.4539453125 0.43823437500000006 0.45451874999999997 0.4359609375 0.455509375 0.4384546875 0.4568078125 0.442653125 0.4576375 0.4444 0.45847187500000003 0.4470703125 0.45856874999999997 0.448825 0.45856874999999997 0.4511859375 0.45808593750000004 0.453253125 0.45730624999999997 0.45334375 0.45549062500000004 0.45168125000000003 0.4547875
0 0.493321875 0.4625609375 0.48974531250000003 0.463109375 0.4927328125 0.464446875 0.49485 0.4649875 0.4978515625 0.46553750000000005 0.5033859374999999 0.466853125 0.50556875 0.4663015625 0.5073140625 0.4654515625 0.5071296875 0.464478125 0.5043578125 0.46370468750000005 0.49911874999999994 0.46275781250000003 0.4970671875 0.4626328125 0.493321875 0.4625609375
0 0.394946875 0.44326875 0.393075 0.4440421875 0.395775 0.444421875 0.40009531249999997 0.44473906249999995 0.4040609375 0.444846875 0.40914375 0.44645156249999995 0.4127828125 0.4452546875 0.41255781249999995 0.4450671875 0.407734375 0.443975 0.40537812500000003 0.4435234375 0.4034375 0.4432421875 0.398190625 0.44295156249999995 0.394946875 0.44326875
0 0.5093265625 0.4667796875 0.5109468749999999 0.46696406250000005 0.5163828125000001 0.46730625000000003 0.5176937500000001 0.46651406250000005 0.5185328124999999 0.46536718749999995 0.515440625 0.4649609375 0.511475 0.465665625 0.5093265625 0.4667796875
0 0.44525781249999996 0.462190625 0.44341093750000005 0.46216875 0.4450890625 0.46361875 0.4461015625 0.4641875 0.44849531249999997 0.46516875 0.4503421875 0.4652234375 0.45322500000000004 0.4651640625 0.45581562499999995 0.46409687499999996 0.4562328125 0.46282968750000003 0.45399687499999997 0.462428125 0.45118749999999996 0.46285625 0.4475703125 0.46259375 0.44525781249999996 0.462190625
0 0.5548109375 0.41824843749999996 0.555290625 0.4188515625 0.55785625 0.419609375 0.5609609375 0.4195078125 0.563953125 0.416965625 0.55535625 0.4174578125 0.5548109375 0.41824843749999996
0 0.5215359375 0.41430625 0.5239828125 0.41415781249999994 0.5266 0.4134171875 0.52866875 0.41273906250000003 0.52999375 0.41127343749999995 0.525725 0.410509375 0.5226484375 0.41033749999999997 0.5203765625 0.41054531250000004 0.5183234375 0.413603125 0.5215359375 0.41430625
0 0.5770546875 0.40451718750000004 0.579246875 0.40310625 0.5804015625 0.40153125 0.5802046875 0.4004703125 0.57653125 0.39942500000000003 0.57284375 0.39897343749999997 0.5691859375 0.398778125 0.5643328125 0.399165625 0.5621984375 0.3996765625 0.5589265625000001 0.400590625 0.559490625 0.4011796875 0.562696875 0.40257812499999995 0.5651515625 0.4039359375 0.5686015624999999 0.4043234375 0.5734765625 0.40460312500000006 0.5770546875 0.40451718750000004
0 0.5752703125 0.410959375 0.58306875 0.4116109375 0.5869078125 0.41229375 0.59151875 0.411825 0.5974625 0.41105937499999995 0.6035640625 0.4096875 0.603909375 0.4091875 0.601903125 0.40655156249999996 0.5985890625 0.4060578125 0.5873453125 0.404671875 0.584378125 0.40442968749999997 0.5819671875 0.404746875 0.5783625 0.40566250000000004 0.5706015625 0.4095046875 0.571734375 0.41055624999999996 0.57348125 0.410959375 0.5752703125 0.410959375
0 0.5846218750000001 0.386759375 0.5783859375 0.38699062500000003 0.5749765625000001 0.3871375 0.5709515625 0.387596875 0.5671234375 0.38854375 0.5644203125 0.3893109375 0.56389375 0.3899609375 0.5656140625 0.39129375 0.56845 0.3925453125 0.5736640625 0.393203125 0.579240625 0.3929296875 0.5813453125 0.3946421875 0.5872421875 0.394728125 0.5946374999999999 0.3944078125 0.600553125 0.39497187500000003 0.608075 0.39729375 0.6152062500000001 0.3989515625 0.6175765625 0.39962343749999996 0.62063125 0.4000875 0.622884375 0.4000875 0.6247578125000001 0.399915625 0.6278203125 0.398575 0.6312125 0.398096875 0.6324765625000001 0.3988953125 0.63511875 0.3994578125 0.642071875 0.3986 0.643721875 0.396846875 0.6455109375 0.39642656249999997 0.6469968749999999 0.39606718750000003 0.6489203125 0.395709375 0.650915625 0.394671875 0.63956875 0.3898828125 0.6352140625 0.3889765625 0.6315828125 0.38940312499999996 0.6287828125 0.3894875 0.6245406250000001 0.3897203125 0.620075 0.3899140625 0.615775 0.3899140625 0.6124765625 0.3899140625 0.6082609375 0.3899140625 0.605184375 0.389321875 0.600690625 0.3885484375 0.5958109375 0.3887203125 0.59245625 0.38892812499999996 0.5846218750000001 0.386759375
0 0.6953953125 0.3976015625 0.6902109375000001 0.398321875 0.68501875 0.3980546875 0.6802234375 0.39858125 0.672771875 0.3966609375 0.66653125 0.396575 0.6612375 0.39683125 0.6550109375 0.396578125 0.6556124999999999 0.39769375 0.6513984374999999 0.398253125 0.64776875 0.39963906250000003 0.6550921875 0.40445937499999995 0.655934375 0.40413125 0.658684375 0.40364843749999996 0.662709375 0.40262656249999995 0.6665656249999999 0.4021734375 0.6698140625 0.40290781249999996 0.6733156250000001 0.4032859375 0.6738640625000001 0.402678125 0.675240625 0.40166562499999997 0.6782 0.40323593750000003 0.6797187499999999 0.40312656249999995 0.68454375 0.40205 0.6874546875 0.4011765625 0.6921234375 0.4008953125 0.6952953125 0.40087968749999997 0.6994265625 0.40031875 0.7028171875 0.39976406249999996 0.7036453125000001 0.398103125 0.700165625 0.39736875 0.6953953125 0.3976015625
0 0.6746171875 0.41628906250000003 0.668253125 0.41727968750000005 0.6716 0.4186828125 0.6763234375 0.41809843750000003 0.6746171875 0.41628906250000003
0 0.5950124999999999 0.382546875 0.5905218750000001 0.38361875 0.590734375 0.38380000000000003 0.594140625 0.38590625 0.5975890625 0.386821875 0.5983984375 0.38608750000000003 0.6058109375 0.38458125 0.60461875 0.3834984375 0.60258125 0.38279687500000004 0.5988671875 0.38241562500000004 0.5950124999999999 0.382546875
0 0.574071875 0.516 0.576275 0.5165031250000001 0.5753874999999999 0.517903125 0.57639375 0.51830625 0.5798765625 0.5188421875 0.581690625 0.5186078125 0.58525 0.5184124999999999 0.5881109375 0.5184124999999999 0.5916359375 0.518715625 0.594765625 0.518715625 0.5971437500000001 0.5177171875 0.5982984375 0.516196875 0.5979234375 0.51533125 0.5954828125 0.5149796875 0.590515625 0.5146046875 0.5864671875 0.514409375 0.5841671875000001 0.5145796875 0.5822546875 0.5149343749999999 0.5794546875 0.5149109375 0.5762390625 0.514715625 0.57413125 0.51509375 0.574071875 0.516
0 0.6707625 0.5137046875 0.6733671875 0.513434375 0.6745734375 0.5126609375 0.671821875 0.5121453125000001 0.6699234374999999 0.5117046875 0.6673578124999999 0.511425 0.6633359375000001 0.510828125 0.6602234375 0.5110234375 0.6577437500000001 0.511453125 0.6549078125000001 0.51225625 0.6541484375 0.51291875 0.658959375 0.5141203125 0.660453125 0.5138546875000001 0.6634734375 0.5136234375 0.666496875 0.5138421875 0.6691281250000001 0.5140374999999999 0.6707625 0.5137046875
0 0.6810015625 0.509603125 0.6824609374999999 0.5101328125 0.6862328125 0.5100703125 0.6883515625000001 0.509775 0.6930359375 0.5096890625 0.6942421875 0.5095015625 0.6977421875 0.5089015625 0.700553125 0.5084328124999999 0.7019703125000001 0.5072796875 0.7011109375 0.5068203125 0.697284375 0.506390625 0.695734375 0.506453125 0.6923234375 0.5067078125 0.6897453125 0.5070015625 0.68675 0.5067828125 0.683534375 0.507 0.6805671875 0.5076343750000001 0.6786265625000001 0.508184375 0.6778640625000001 0.508834375 0.6810015625 0.509603125
0 0.662396875 0.4989609375 0.6606671875 0.499109375 0.6604062500000001 0.49940468750000006 0.660559375 0.500465625 0.66080625 0.5009296875 0.6703421875 0.4992515625 0.6676203125 0.498703125 0.6644296875 0.4989609375 0.662396875 0.4989609375
0 0.5826734375 0.4937078125 0.5846140625 0.4929671875 0.5848312499999999 0.4927171875 0.5802031249999999 0.49303437499999997 0.57579375 0.4936546875 0.5736515625 0.494465625 0.57803125 0.49521249999999994 0.5799046875 0.49462031250000005 0.5826734375 0.4937078125
0 0.5298015625 0.475309375 0.5247265624999999 0.47522343749999996 0.5230640625 0.47537031250000006 0.5242171875 0.47660937499999995 0.525853125 0.4778234375 0.529953125 0.4790234375 0.5326796875 0.47955 0.5359796875 0.47975781250000005 0.540103125 0.4803078125 0.54095625 0.4803921875 0.5449484375 0.4804546875 0.5474796875 0.48057812499999997 0.5495125 0.48057812499999997 0.554834375 0.48023437500000005 0.5601499999999999 0.48086874999999996 0.5645640625 0.48084375 0.5666140625 0.48147031250000005 0.5678124999999999 0.48242812500000004 0.5708984375 0.4821859375 0.5749234375000001 0.48167031250000003 0.5823296874999999 0.48158593749999995 0.5848093750000001 0.48139062499999996 0.5882515625 0.4809609375 0.5929390625 0.48035937500000003 0.5941796874999999 0.47934687499999995 0.5928203125 0.477046875 0.587540625 0.47539687500000005 0.5853453125 0.47524062499999997 0.5833781250000001 0.4754953125 0.5821859375 0.47558125 0.5786078125 0.4753859375 0.5753859375 0.47514218750000003 0.5698703125 0.4755546875 0.5674578125 0.4755546875 0.5620609375 0.47581093750000003 0.55933125 0.4770390625 0.556809375 0.4767328125 0.551621875 0.4761390625 0.5478484375 0.476225 0.5446875 0.47635781250000003 0.540140625 0.476565625 0.5363156250000001 0.4759796875 0.533821875 0.47550468749999997 0.5298015625 0.475309375
0 0.7341765625 0.48816249999999994 0.738725 0.48816249999999994 0.739575 0.48750781249999997 0.7452171875 0.487234375 0.746728125 0.4878984375 0.7518359375 0.4884578125 0.7551421875 0.4887984375 0.758534375 0.48822031250000003 0.7626484375 0.48885468750000005 0.7654484375 0.48849687499999994 0.7705640625 0.486965625 0.7644640625 0.48676875 0.7596375 0.48570624999999995 0.756115625 0.4850203125 0.75145625 0.48525156249999996 0.7475203125000001 0.48531250000000004 0.7406171875 0.485265625 0.7004406249999999 0.4834734375 0.698596875 0.48277187499999996 0.6946453125 0.4810875 0.69323125 0.48080625 0.6905718750000001 0.48086874999999996 0.6891859375 0.48086874999999996 0.685553125 0.480103125 0.68266875 0.4801171875 0.6789 0.4804953125 0.6752953125000001 0.48058125 0.6731046875 0.48089843749999994 0.6691312500000001 0.48056093750000006 0.6657890625 0.4800453125 0.66443125 0.47975 0.6603578125 0.47922656249999995 0.6586671875000001 0.4791171875 0.6563390625000001 0.4791171875 0.6539843750000001 0.47894531249999994 0.6499078125 0.4791546875 0.6472187500000001 0.47972656249999995 0.64214375 0.4794296875 0.640590625 0.4794296875 0.63718125 0.479684375 0.6357125 0.47985468750000004 0.632803125 0.48028125 0.6278890625 0.4796875 0.625534375 0.479578125 0.6197609374999999 0.47917812499999995 0.6174328124999999 0.47846093749999996 0.6124968749999999 0.47809375000000004 0.6079234375 0.478496875 0.6041531250000001 0.478325 0.601409375 0.47812968749999996 0.5992765624999999 0.47827656249999995 0.5972515625 0.478703125 0.596240625 0.4800171875 0.596128125 0.48109999999999997 0.5975015625 0.4824625 0.6030890624999999 0.48228906250000003 0.6066812500000001 0.48228906250000003 0.6111125000000001 0.4826921875 0.6177859375 0.4833015625 0.6215921875 0.48304375000000005 0.6250609375 0.48367812499999996 0.631984375 0.4841421875 0.6370484375000001 0.4840578125 0.640153125 0.4840578125 0.6462265625 0.48364375 0.6511421875 0.48265156249999996 0.6532375 0.4828203125 0.6586453125 0.4834078125 0.6643656250000001 0.483259375 0.666178125 0.484009375 0.673046875 0.4854 0.6759328124999999 0.48558593749999995 0.680403125 0.48558593749999995 0.6837015625 0.48564687500000003 0.6893578125000001 0.4853890625 0.69730625 0.485621875 0.6995578124999999 0.4867265625 0.7031109375 0.4868734375 0.705490625 0.4860703125 0.7101734375000001 0.48651875 0.7134484375000001 0.48683750000000003 0.7157 0.48713125 0.7221828125 0.4869359375 0.7243859375 0.4875234375 0.7341765625 0.48816249999999994
0 0.77545 0.5018859375 0.7725125 0.5007406249999999 0.76838125 0.5008015625 0.764 0.5018765625 0.759925 0.50165625 0.757803125 0.50220625 0.7599218750000001 0.5037796875 0.7628484375 0.5042203125 0.7652187500000001 0.5034796874999999 0.7681625000000001 0.5036734375 0.7719328125 0.5035859375 0.7764546875 0.5024796874999999 0.77545 0.5018859375
0 0.74970625 0.520696875 0.7534546875 0.520525 0.75775625 0.520671875 0.7582093750000001 0.5195640625 0.756159375 0.51858125 0.75194375 0.518603125 0.7492828125 0.5192203125 0.7474546875 0.5192203125 0.7414109375 0.5188375 0.73553125 0.5192015624999999 0.734209375 0.5200125 0.736690625 0.5208234375 0.741534375 0.5206140625 0.7458015625 0.52086875 0.74970625 0.520696875
0 0.769590625 0.5237703125000001 0.7669828125 0.5242796875 0.766715625 0.5241890625 0.7658359375 0.5245203125 0.7678421875 0.5249375 0.7703390625 0.5248125 0.772725 0.5246640625000001 0.7774078125 0.5243828125000001 0.7786046875 0.5235953125 0.7777984375 0.5232828125 0.775859375 0.5234921875 0.769590625 0.5237703125000001
0 0.7972812499999999 0.5009859375 0.7989015625 0.5011328125000001 0.8021765625 0.500515625 0.8043609375 0.4999234375 0.8069593749999999 0.498934375 0.8049640625000001 0.49870000000000003 0.800721875 0.49870000000000003 0.797840625 0.49903125 0.7955125 0.4999015625 0.7972812499999999 0.5009859375
0 0.7814140625 0.4781234375 0.7774203125 0.4781234375 0.773428125 0.47833125 0.7719328125 0.47893437499999997 0.7751421875 0.4794921875 0.774571875 0.4807453125 0.776715625 0.48159375000000004 0.7776765625000001 0.48192500000000005 0.783790625 0.481878125 0.7867968750000001 0.48204843750000004 0.793015625 0.48175156250000006 0.7968890625 0.48145625000000003 0.801546875 0.48053437499999996 0.804659375 0.48010624999999996 0.8066421874999999 0.47927187499999996 0.8075609375000001 0.4772453125 0.805896875 0.4761609375 0.7990468749999999 0.4765140625 0.79621875 0.476209375 0.7923640625 0.4760671875 0.7879968749999999 0.4766640625 0.7847546875 0.4775359375 0.7814140625 0.4781234375
0 0.75589375 0.4544765625 0.752803125 0.455515625 0.749765625 0.4567375 0.7535375 0.45831875 0.753425 0.45873125000000003 0.75705 0.4584 0.7628375000000001 0.4585078125 0.7681609375 0.458909375 0.7712421875000001 0.45873749999999996 0.775340625 0.4580828125 0.7778984375 0.457825 0.7831312500000001 0.4565140625 0.787684375 0.4553828125 0.7920796875 0.45444531250000003 0.7885578125 0.45375781249999997 0.7841484375000001 0.452853125 0.7801828125 0.4522984375 0.7771328125 0.45321875 0.7747234375 0.45355937500000004 0.7687859375 0.45336875 0.7655703125 0.45372500000000004 0.7593046875 0.45422031250000006 0.75589375 0.4544765625
0 0.7541453125 0.38780625 0.7557828125 0.3862234375 0.75535 0.3834171875 0.7356703125 0.39095 0.73691875 0.39210781250000004 0.739559375 0.392634375 0.7429765625 0.392290625 0.7450265625 0.391425 0.74855625 0.390365625 0.75023125 0.389734375 0.7463484375 0.3887265625 0.7541453125 0.38780625
0 0.7589453125000001 0.39154062500000003 0.7576265624999999 0.3910734375 0.7540234375 0.391390625 0.751778125 0.3919546875 0.751140625 0.39271875 0.7524296875 0.3938625 0.7548859375 0.3935984375 0.757284375 0.3927328125 0.7589453125000001 0.39154062500000003
0 0.8017921875 0.4079390625 0.8055109375 0.40637187499999994 0.8036 0.40595156250000003 0.8013828125 0.40571718749999997 0.7962671875 0.40609687499999997 0.7952765625 0.407878125 0.796534375 0.40843125 0.7995890625000001 0.408259375 0.8017921875 0.4079390625
0 0.71774375 0.3931453125 0.7200562500000001 0.39192187500000003 0.7186546875000001 0.3913046875 0.7156609375 0.390540625 0.7103937499999999 0.39088124999999996 0.708884375 0.39146875 0.7074828125 0.39333125 0.70905 0.39420625 0.7117875 0.394996875 0.7142421875 0.39563125 0.7159718749999999 0.39523437499999997 0.7158828125000001 0.394196875 0.716125 0.3934796875 0.71774375 0.3931453125
0 0.7434640625 0.3800265625 0.7381125 0.380271875 0.7354234374999999 0.38041874999999997 0.73169375 0.3804859375 0.7334125 0.3787859375 0.7314171875000001 0.3783640625 0.727065625 0.378534375 0.723709375 0.37934999999999997 0.719828125 0.37934999999999997 0.7153078125000001 0.3796671875 0.7137 0.380084375 0.71366875 0.3818734375 0.7131140625 0.381996875 0.7097328125 0.3826921875 0.705353125 0.3834203125 0.7038015625 0.384725 0.7050671875 0.385265625 0.705003125 0.38580625 0.701453125 0.3862546875 0.6990140625000001 0.3867578125 0.6969484375 0.3874078125 0.6965749999999999 0.388675 0.6981453125 0.38942343749999997 0.7018156249999999 0.390625 0.7041000000000001 0.39076875 0.70569375 0.3901609375 0.708834375 0.3896921875 0.715034375 0.389884375 0.7167375 0.39099062500000004 0.7201203125 0.39208906250000003 0.723175 0.39254375 0.724521875 0.391140625 0.7307406249999999 0.38987656249999997 0.7292640625 0.3878328125 0.7273562499999999 0.38601874999999997 0.733096875 0.386646875 0.73836875 0.387484375 0.7406125 0.385090625 0.7428390625 0.384178125 0.7499046875000001 0.382546875 0.7498421875 0.3814640625 0.7460718749999999 0.37994218750000003 0.7434640625 0.3800265625
0 0.5363156250000001 0.3286734375 0.5358984375 0.3302484375 0.537246875 0.3320765625 0.5420703125 0.3333234375 0.546865625 0.33323749999999996 0.5552078125000001 0.331684375 0.559484375 0.3311234375 0.5665796875 0.33075625 0.5720890625 0.3309859375 0.573134375 0.3318453125 0.5747953125 0.33316093750000003 0.5812578125 0.331225 0.5856171875 0.331434375 0.5934328125 0.332890625 0.598309375 0.33323125 0.6021953124999999 0.332365625 0.6008453125 0.3302125 0.604346875 0.3299796875 0.60889375 0.32975937499999997 0.616346875 0.329003125 0.6077265625 0.32403125 0.6010125000000001 0.322671875 0.5956328125 0.32359375 0.588478125 0.32446875 0.58445625 0.3233140625 0.5773125 0.3206109375 0.5721546875 0.3205296875 0.5700203125 0.31764375 0.5615453125000001 0.3159578125 0.5568593749999999 0.316825 0.5498937500000001 0.3173078125 0.5430203125 0.3182671875 0.53958125 0.31906406249999997 0.53868125 0.3207484375 0.539903125 0.322665625 0.5409890625 0.32443125 0.5411390625 0.32586875000000004 0.5384640625 0.326959375 0.5363156250000001 0.3286734375
0 0.6818234375000001 0.3416328125 0.6783375 0.340325 0.6751984375 0.3419078125 0.6791343750000001 0.3437015625 0.6841796875 0.34590156250000004 0.6873953125 0.3454140625 0.69260625 0.3452046875 0.697984375 0.34474062499999997 0.6987609375 0.3435359375 0.70394375 0.3447453125 0.7035359375 0.343334375 0.7057546875 0.34237812500000003 0.7071171875 0.3408921875 0.703565625 0.340134375 0.7007953125 0.34049999999999997 0.6926953124999999 0.340875 0.6861390625 0.34059531249999997 0.6818234375000001 0.3416328125
0 0.743940625 0.319459375 0.7391453125 0.31972812500000003 0.7339609375 0.3201078125 0.728609375 0.32063281250000003 0.7252546875 0.3210828125 0.7214015625 0.3210828125 0.716909375 0.3214234375 0.7138609375 0.3219109375 0.7093703125 0.32243750000000004 0.7070703125 0.32334375 0.7051578125 0.32396875 0.7048171875 0.325753125 0.7056015625 0.3274890625 0.709459375 0.3284796875 0.7122265624999999 0.32944687500000003 0.7147234375 0.32946718750000004 0.71351875 0.32753437500000004 0.7155765625 0.3276796875 0.7184625 0.3278265625 0.7233890625 0.327334375 0.72661875 0.328525 0.7289546875 0.3298390625 0.7317890625000001 0.33073593749999997 0.7325828125 0.3318265625 0.7328390625 0.33331093749999996 0.7364671875 0.3332484375 0.7402296875000001 0.3332484375 0.7463437500000001 0.3321171875 0.7488578125 0.332534375 0.7507265624999999 0.33458125 0.7533609375 0.33616250000000003 0.7542125000000001 0.3354140625 0.7575406250000001 0.3321546875 0.7615328124999999 0.3313515625 0.7664109375 0.328971875 0.76599375 0.3284265625 0.760303125 0.32731875 0.76333125 0.3267890625 0.7672140625 0.327940625 0.7696359375 0.327434375 0.7701421875000001 0.32615625000000004 0.7661484375 0.32360625 0.76088125 0.3227234375 0.7570265625 0.3223328125 0.7539906249999999 0.32203750000000003 0.7524375 0.3198859375 0.7511625000000001 0.31889531249999997 0.7484453125 0.31901718749999997 0.743940625 0.319459375
0 0.8284953125 0.34144375 0.8355375 0.34014687499999996 0.840003125 0.34031875 0.8462093749999999 0.3409 0.849709375 0.341496875 0.850975 0.3403265625 0.8506265624999999 0.33845468749999996 0.8471062500000001 0.3370125 0.8495250000000001 0.3351421875 0.8544203125 0.3312765625 0.8523140625 0.3311671875 0.8456015625 0.3310953125 0.8420249999999999 0.331475 0.8398078124999999 0.3323796875 0.8366468749999999 0.3302671875 0.8321078125 0.3312625 0.8278671875000001 0.3321296875 0.822459375 0.332540625 0.8182281250000001 0.3314546875 0.81761875 0.3303015625 0.8219 0.32938125 0.8282765624999999 0.3297453125 0.8317875000000001 0.32891875000000004 0.831421875 0.32670468750000003 0.8291187499999999 0.32452187499999996 0.8257359375 0.3236875 0.8232687500000001 0.324321875 0.8189437500000001 0.32444375000000003 0.81461875 0.3250484375 0.8095718749999999 0.325721875 0.806340625 0.322228125 0.80135 0.32075312500000003 0.796 0.32113125 0.7938375 0.3217421875 0.7904421875 0.322765625 0.787253125 0.3234859375 0.78306875 0.3242578125 0.7805734375 0.325334375 0.783103125 0.3265484375 0.78288125 0.32786875000000004 0.7771421875 0.32887656249999997 0.7745359374999999 0.3298203125 0.7729828125 0.3311578125 0.7753953124999999 0.33289375 0.7786703125 0.333628125 0.7825453125 0.33544843750000003 0.7846656249999999 0.33565 0.7878296875 0.33524375 0.791246875 0.3342703125 0.7938703125 0.333553125 0.796840625 0.3343875 0.801353125 0.3359375 0.8039265625 0.336509375 0.8011250000000001 0.3337328125 0.8053921875000001 0.33418281250000004 0.8087156249999999 0.33453750000000004 0.8128171875 0.33541875 0.8165437499999999 0.336565625 0.8142156249999999 0.33765625 0.8106125000000001 0.3391546875 0.8101953125 0.34097187500000004 0.813859375 0.34199999999999997 0.818128125 0.342340625 0.8224 0.34219218749999997 0.8284953125 0.34144375
0 0.8643953124999999 0.34021093750000003 0.8642468750000001 0.3416734375 0.8801625 0.33604531249999997 0.8747890625 0.33582812500000003 0.87013125 0.336725 0.8675750000000001 0.336934375 0.864309375 0.3383703125 0.8643953124999999 0.34021093750000003
0 0.8787984375000001 0.333090625 0.8792875 0.33526875 0.8846703125 0.3341953125 0.8921359375 0.3298734375 0.8787984375000001 0.333090625
0 0.8741015624999999 0.326846875 0.8796609375 0.3274765625 0.8850890625 0.326640625 0.8837140625 0.3235390625 0.8860515625 0.322634375 0.8810171875 0.3193359375 0.8712390624999999 0.3203421875 0.8667203125 0.32096874999999997 0.8608984375000001 0.3212703125 0.8582218749999999 0.3222984375 0.8538 0.3231046875 0.8508203125 0.32483125 0.8566890624999999 0.3263 0.8545343750000001 0.3284828125 0.8669874999999999 0.32818593749999997 0.8655453124999999 0.326175 0.8727937499999999 0.32441718750000004 0.8709859375000001 0.3269859375 0.8741015624999999 0.326846875
0 0.798046875 0.31358437499999997 0.7980984375 0.31248437500000004 0.7949937499999999 0.311821875 0.79244375 0.31190625 0.7899484375 0.31222343750000003 0.78715 0.3131046875 0.787628125 0.314078125 0.79025 0.315159375 0.7952109375 0.3141375 0.798046875 0.31358437499999997
0 0.8400015625 0.37831875 0.8376906249999999 0.37710468750000004 0.8328031250000001 0.3758734375 0.8294703125 0.37555625 0.8241937500000001 0.3758140625 0.8197875 0.3759859375 0.8142968749999999 0.37521875 0.8107171875000001 0.3749875 0.8088515624999999 0.37618593749999996 0.807434375 0.377028125 0.8047625 0.377775 0.798134375 0.378609375 0.7935265625000001 0.379640625 0.7947171875000001 0.38098125 0.797128125 0.3812859375 0.800871875 0.381528125 0.8043374999999999 0.380625 0.8074140625 0.3825046875 0.811503125 0.3835734375 0.8139703125000001 0.38368281249999997 0.8195765625 0.3839953125 0.8262234375 0.3851078125 0.8288437500000001 0.3844953125 0.8298406249999999 0.3832625 0.8337484375 0.3828359375 0.8381296875 0.382665625 0.8410671875 0.3820546875 0.8419140625000001 0.380521875 0.8400015625 0.37831875
0 0.7707609375 0.1880109375 0.7756140625 0.18732500000000002 0.7814140625 0.18654375 0.7849999999999999 0.18588125 0.789321875 0.18588125 0.7959765625 0.1861203125 0.7971734374999999 0.18505312499999998 0.7967125 0.18274531249999998 0.7954921875000001 0.180171875 0.8001796875 0.1766546875 0.7964609375 0.17745 0.7885609375 0.1779140625 0.7793859375000001 0.178571875 0.7715921875 0.17796875 0.7699015625000001 0.177525 0.7659515625 0.1788046875 0.7694453125 0.18431875 0.7669609375 0.18806875 0.7707609375 0.1880109375
0 0.7336546875 0.1428484375 0.7316453125 0.1450984375 0.73256875 0.14943125 0.7371859374999999 0.1504 0.7413125 0.1507546875 0.7447874999999999 0.14981875 0.751103125 0.1483671875 0.7582015625 0.14633125 0.7643796875 0.14479375 0.7722578125 0.1397171875 0.7753890625000001 0.13531875 0.767928125 0.13531875 0.763353125 0.1351 0.759015625 0.137159375 0.7542296875 0.1365546875 0.7442375 0.1352265625 0.7428796875 0.13548125 0.7424609375 0.137490625 0.743521875 0.1391375 0.743140625 0.140253125 0.7396046875 0.1411046875 0.7336546875 0.1428484375
0 0.745271875 0.1166 0.7432203125 0.11780781250000001 0.743171875 0.11895 0.746 0.11920781250000001 0.7510171875 0.1188671875 0.75434375 0.1184640625 0.757309375 0.11781562500000001 0.7582093750000001 0.1163546875 0.7566171875000001 0.11492968750000002 0.7531609375 0.11492968750000002 0.7491890625 0.115578125 0.745271875 0.1166
0 0.763834375 0.10672187500000001 0.7595109375 0.10715625 0.755321875 0.10737343749999999 0.751771875 0.1083015625 0.750165625 0.109221875 0.7497484375 0.1121421875 0.751790625 0.11397656249999999 0.7558921875 0.11426875 0.760471875 0.1131375 0.7632625 0.11149374999999999 0.7653375 0.10952031250000001 0.7654140625 0.1066125 0.763834375 0.10672187500000001
0 0.756428125 0.08998906250000001 0.7507718750000001 0.0911578125 0.7475015625 0.0929609375 0.7457265625 0.0934640625 0.7405125 0.093634375 0.7336921875 0.09532500000000001 0.730046875 0.0963484375 0.72188125 0.09841875 0.7181796874999999 0.0997890625 0.7156421875000001 0.10213125 0.7191359375 0.10240156250000002 0.7302265625000001 0.100659375 0.733709375 0.10279374999999999 0.7329046875 0.10550937499999999 0.7359765625 0.10711718750000002 0.73835625 0.1082828125 0.7433453125 0.11021875 0.747184375 0.1084265625 0.7504140625 0.107553125 0.756875 0.1058140625 0.76251875 0.1049625 0.7707015625 0.1034 0.7816046875 0.102640625 0.7856687499999999 0.100403125 0.786396875 0.097128125 0.7870953125 0.09315156249999999 0.791378125 0.09050625 0.7906921875 0.08862656249999999 0.78905625 0.08881093749999999 0.7823703125 0.0896484375 0.779153125 0.0895 0.7759375000000001 0.0889375 0.771834375 0.090959375 0.7682859375 0.091521875 0.76153125 0.09085625 0.756428125 0.08998906250000001
0 0.6621046875000001 0 0.6556015625 0.0009828125 0.657475 0.0027296875000000003 0.66335625 0.0052359375 0.665296875 0.0059375 0.6700109375000001 0.005246875 0.6730328125 0.003515625 0.6747234375 0.0016703125 0.6770109375 0 0.6621046875000001 0
0 0.691171875 0 0.6965984375 0.005775000000000001 0.6947296875 0.00891875 0.667925 0.01310625 0.66614375 0.014115625000000001 0.6675421874999999 0.015553125000000001 0.67145 0.0160171875 0.6768625 0.014940624999999999 0.680834375 0.014020312500000002 0.6895374999999999 0.0127390625 0.694025 0.0126296875 0.6989875 0.012481250000000001 0.702371875 0.012357812499999999 0.7086328125 0.01068125 0.7105484375 0.015128125000000001 0.7142171875 0.0173015625 0.7187375 0.0178734375 0.7278109374999999 0.01703125 0.7310109375 0.013506250000000001 0.7353671875 0.0092875 0.7420328125 0.0041234374999999995 0.7379296875 0.003771875 0.7253671875000001 0.0015609375 0.7080109375 0 0.691171875 0
0 1 0.03856875 0.9790515624999999 0.0355109375 0.9500109374999999 0.032246875 0.9412734374999999 0.0339171875 0.9333703124999999 0.032521875 0.9228046875 0.029728125 0.9202562500000001 0.028699999999999996 0.9051390625 0.0257546875 0.896171875 0.026090625 0.8937250000000001 0.026324999999999998 0.8905625 0.0240578125 0.885275 0.0235234375 0.873503125 0.021284375 0.8680171874999999 0.0217140625 0.855996875 0.023753125 0.8645203125 0.0198734375 0.8574421875 0.0194859375 0.8334921874999999 0.0172078125 0.8251406250000001 0.01563125 0.8121546875 0.013828125 0.8053953125 0.012853125000000002 0.7886124999999999 0.0108625 0.778359375 0.009415625 0.7670453125 0.008490625 0.758615625 0.0058515625 0.7535703125000001 0.0049375 0.7497484375 0.0050453125 0.7394234375 0.0083578125 0.7391828125 0.014160937500000002 0.7439312499999999 0.0176046875 0.7490078125 0.019548437499999998 0.750853125 0.023229687500000002 0.7513296875 0.0282875 0.7608937499999999 0.0269953125 0.7569656250000001 0.029664062499999998 0.75469375 0.032674999999999996 0.7519875 0.03496875 0.7507328125 0.038859375 0.7528546875 0.04066875 0.75275 0.0412609375 0.744884375 0.042978125 0.74238125 0.0456671875 0.7429078125 0.046915625 0.7509484375000001 0.0468296875 0.7543296875000001 0.0465125 0.7584453124999999 0.0474484375 0.761440625 0.04783125 0.7641578124999999 0.047514062499999996 0.768375 0.047514062499999996 0.76668125 0.0502734375 0.7694546875 0.0527296875 0.7733640625 0.0533453125 0.7793812499999999 0.05249374999999999 0.7851203124999999 0.0524328125 0.783965625 0.053570312499999995 0.781009375 0.056462500000000006 0.78173125 0.058396875 0.785346875 0.058521875 0.7889796875 0.0594984375 0.791753125 0.0612453125 0.7963281249999999 0.0646375 0.8020671875 0.0648046875 0.804784375 0.0626296875 0.805228125 0.060964062500000006 0.8100796875 0.0598796875 0.8253796875000001 0.058746875 0.8286796875 0.0591984375 0.833690625 0.0632734375 0.840503125 0.072959375 0.8454656249999999 0.0727046875 0.8446078124999999 0.06740937500000001 0.8515406249999999 0.06662812500000001 0.8586390625 0.06570625 0.8614953125 0.06498593750000001 0.8679265624999999 0.064428125 0.873721875 0.0635765625 0.8785171875 0.062415624999999995 0.8860328125000001 0.06089218749999999 0.8893328125 0.060068750000000004 0.8867296874999999 0.054028125 0.8812687499999999 0.0509328125 0.879353125 0.047715625 0.9086562499999999 0.043342187500000004 0.910075 0.045425 0.9288437500000001 0.042043750000000005 0.93135625 0.0453515625 0.9352984375 0.0480515625 0.9313593750000001 0.0539734375 0.9307968750000001 0.0563921875 0.930746875 0.0584515625 0.92618125 0.060003125000000004 0.925771875 0.06507500000000001 0.9265343749999999 0.066696875 0.9320812500000001 0.0653109375 0.9360515625 0.0654671875 0.9411156249999999 0.06885156249999999 0.93948125 0.0721109375 0.9486718749999999 0.072746875 0.9534171875 0.0725765625 0.9577406249999999 0.0720421875 0.9621234375000001 0.0710953125 0.9672000000000001 0.0698125 0.972025 0.0684875 0.9746328125 0.0671734375 0.9795 0.0647296875 0.9820578125000001 0.0715875 0.983209375 0.073015625 0.98709375 0.0741421875 0.9919593750000001 0.0725546875 0.9995328125 0.071896875 1 0.07282968749999999 1 0.03856875
0 0.8979250000000001 0.049159375 0.8946687499999999 0.05023593750000001 0.893184375 0.05206875 0.8937046875 0.054503125 0.89520625 0.055840625 0.8954875 0.059081249999999995 0.89958125 0.0607078125 0.9051 0.061281249999999995 0.9087031250000001 0.0610703125 0.90975625 0.0585765625 0.9059953125 0.05289843749999999 0.9010187500000001 0.0502765625 0.8979250000000001 0.049159375
0 0.8772015625 0.3979375 0.8699656250000001 0.39574375 0.873384375 0.39511250000000003 0.8811890625000001 0.3952203125 0.884853125 0.3955609375 0.8928156250000001 0.39469375 0.89818125 0.3943265625 0.905965625 0.39346875 0.9094312499999999 0.393296875 0.9177953125 0.39211874999999996 0.9241187500000001 0.3915578125 0.9285140625 0.390028125 0.9266796875000001 0.38768125000000003 0.9179875 0.3835734375 0.915865625 0.38305781250000004 0.907125 0.3834078125 0.8980890625000001 0.38316249999999996 0.8931749999999999 0.38288125 0.8854625 0.3826859375 0.8805531249999999 0.3826859375 0.8764234375 0.38326875 0.8713468750000001 0.384090625 0.87113125 0.3853578125 0.8707968749999999 0.3864390625 0.8660296875 0.3861953125 0.863728125 0.3861953125 0.8555921874999999 0.3861953125 0.8541765625 0.386503125 0.8551984375 0.3870296875 0.849428125 0.387875 0.8425750000000001 0.3879453125 0.8363609375 0.388753125 0.8295921875 0.389646875 0.8262640625 0.3901671875 0.8206234374999999 0.390953125 0.8165765625000001 0.391828125 0.8149265625 0.39314218749999996 0.818278125 0.39442656249999997 0.8227984375 0.396090625 0.8247 0.3976609375 0.8228703124999999 0.39803125 0.8200687500000001 0.39819218749999996 0.8162421875 0.3991203125 0.815603125 0.40034843750000004 0.8178046875 0.40168593750000003 0.8136671874999999 0.4026140625 0.8161203125000001 0.403690625 0.8214109374999999 0.40417812499999994 0.8289875 0.4033515625 0.8297437499999999 0.4048359375 0.8308562500000001 0.40596718750000005 0.8412875 0.40492812499999997 0.8444171875 0.40480312500000004 0.8503984375 0.40437500000000004 0.861696875 0.4037078125 0.8649203125 0.40323906249999997 0.8684593749999999 0.400759375 0.8734703125 0.3998484375 0.8776890625 0.39910625 0.8772015625 0.3979375
0 0.9260171875 0.4234140625 0.9302359375 0.42451249999999996 0.9364750000000001 0.424403125 0.945884375 0.4240203125 0.9516984374999999 0.42386875 0.9562203125 0.4240875 0.9640984375 0.42435156249999995 0.97048125 0.4229078125 0.9774749999999999 0.42122187499999997 0.9813828125 0.41967968750000006 0.9808765625 0.418003125 0.9787125 0.4161859375 0.97261875 0.414828125 0.9671843750000001 0.414828125 0.9609734375000001 0.41395312500000003 0.956453125 0.4138671875 0.9502703125 0.414690625 0.9463062499999999 0.41479999999999995 0.9420078125 0.41510781249999995 0.941203125 0.4153390625 0.93626875 0.416346875 0.9331359375 0.41675000000000006 0.928921875 0.41656875 0.9300968749999999 0.41867968749999995 0.9268265625 0.41924374999999997 0.9230828125 0.42027187499999996 0.9239499999999999 0.4222984375 0.9260171875 0.4234140625
0 1 0.39194062500000004 0.9919828125000001 0.390534375 0.988265625 0.391225 0.9842734375 0.392371875 0.9827203125 0.393765625 0.9803375000000001 0.39367968750000004 0.972575 0.392875 0.9696374999999999 0.39255625 0.9657265625000001 0.39211874999999996 0.962290625 0.391821875 0.9621796874999999 0.390496875 0.9603093749999999 0.39009218749999997 0.954596875 0.3902609375 0.950840625 0.3912375 0.9500484374999999 0.39261406249999997 0.95160625 0.3942453125 0.9495296874999999 0.394096875 0.945759375 0.394484375 0.9409640625 0.39509531249999996 0.9369999999999999 0.3955828125 0.93503125 0.3975765625 0.937671875 0.39780625000000003 0.9422984375000001 0.39853125 0.9442796875000001 0.3994140625 0.9509234375 0.399328125 0.9564890625 0.3995828125 0.962971875 0.401578125 0.9727453125000001 0.39990156250000003 0.9770921875 0.40043125 0.9795546875 0.4020125 0.9808203125 0.40215781249999993 0.9842515625000001 0.4019859375 0.9865046875000001 0.402009375 0.9901453124999999 0.4017046875 0.9954265625 0.4018140625 0.999865625 0.40304531250000003 1 0.401725 1 0.392559375 1 0.39194062500000004
0 1 0.415890625 0.9970421875 0.415890625 0.9929671875 0.416171875 0.988503125 0.416065625 0.9873312500000001 0.41762499999999997 0.9867671874999999 0.419621875 0.9879468749999999 0.42115 0.990678125 0.42153124999999997 0.99236875 0.4217890625 0.9950859375000001 0.4223671875 0.9973875 0.4229828125 1 0.423503125 1 0.415890625
0 0.9900874999999999 0.4926375 0.9897562499999999 0.4926375 0.9869296875 0.4927140625 0.983075 0.49341875 0.982309375 0.49419218750000005 0.98569375 0.49465624999999996 0.99085625 0.49465624999999996 0.9932187499999999 0.494509375 0.9966359375 0.49399375 0.9998515625 0.4934890625 1 0.4913546875 0.99954375 0.4913546875 0.9956906249999999 0.4914875 0.9907 0.491959375 0.9900874999999999 0.4926375
0 0.8993625 0.47855 0.9030250000000001 0.47926875 0.9054718749999999 0.48020312499999995 0.9081953125 0.48060468749999996 0.909840625 0.48060468749999996 0.9128187499999999 0.48045781249999997 0.9149968749999999 0.479840625 0.9173515625 0.478828125 0.9140984375000001 0.477253125 0.9113671875 0.4773515625 0.91055 0.47776874999999996 0.906696875 0.4779296875 0.9042015625 0.47833125 0.8993625 0.47855
0 0.876809375 0.4726328125 0.873484375 0.47313906250000004 0.8719578125 0.474934375 0.8755078125000001 0.47411250000000005 0.881134375 0.47417499999999996 0.8834078125 0.47510312499999996 0.8857906249999999 0.47462499999999996 0.8885078125 0.47355937499999995 0.8872843749999999 0.4724390625 0.8855796874999999 0.4718984375 0.8800671875000001 0.4723984375 0.876809375 0.4726328125
0 0.9963875 0.5356468750000001 0.999015625 0.5350078125 1 0.5340140625 0.9992671874999999 0.5335093750000001 0.9940171875000001 0.534109375 0.9918546875 0.534190625 0.9881734375000001 0.5339968749999999 0.9850312499999999 0.5340953125000001 0.9822953125 0.534209375 0.9799296875 0.534875 0.978303125 0.535865625 0.979146875 0.5360203125 0.982415625 0.5363203125 0.9860953125 0.536578125 0.9901609375 0.5364640625 0.9936171874999999 0.5363187500000001 0.9951375 0.5358765625 0.9963875 0.5356468750000001
0 0.8683937500000001 0.48652187500000005 0.8697437499999999 0.48717812499999996 0.8715171875 0.48752031249999994 0.8725531249999999 0.48783281250000005 0.874390625 0.488334375 0.8762015625 0.4883515625 0.878253125 0.48807343750000004 0.8800640625 0.4871984375 0.878390625 0.48576406250000004 0.8754843749999999 0.485284375 0.8719265625 0.4854453125 0.86894375 0.4858359375 0.8683937500000001 0.48652187500000005
0 0.9546609374999999 0.5108890625 0.95588125 0.511553125 0.965571875 0.511940625 0.963890625 0.5109609374999999 0.9624625 0.5104359374999999 0.9600828124999999 0.5104359374999999 0.9572453124999999 0.5102765625 0.9546609374999999 0.5108890625
0 0.8724875000000001 0.5337046875 0.8647656250000001 0.5344015625 0.8558046875 0.5355046875 0.84738125 0.5363546875 0.842646875 0.5378093749999999 0.9015609375 0.5393625 0.9581234375 0.5408515625 0.9567578125 0.53975625 0.9587828125 0.5385265625 0.9619265625000001 0.538009375 0.9634562499999999 0.5369359375 0.955678125 0.5362484375000001 0.9496921875 0.537121875 0.9453984375 0.5378453125 0.9406874999999999 0.53835 0.936659375 0.53856875 0.9269375 0.538334375 0.9146625 0.5371625 0.906528125 0.5372703125 0.9077046875000001 0.5365375 0.9073687500000001 0.5347999999999999 0.8990281250000001 0.5339421875 0.8909125 0.53354375 0.8847484375000001 0.5338140625000001 0.8724875000000001 0.5337046875
0 0.9160109375 0.5360875 0.9204125 0.536346875 0.9297421874999999 0.5376015625 0.9369796875 0.5371578125 0.94281875 0.5368828125 0.9489625 0.53629375 0.9559124999999999 0.534721875 0.9587265625000001 0.5345921875 0.9646750000000001 0.5343328125 0.9690234375 0.5323359375 0.9600937500000001 0.5318234375 0.9564296875 0.5320734375 0.9504906249999999 0.53269375 0.9465171874999999 0.5331640625 0.9407062500000001 0.5334546875 0.9359125 0.533696875 0.9300046875 0.5338734374999999 0.9225 0.5342359375 0.9180718750000001 0.535484375 0.9160109375 0.5360875
0 0 0.32926875 0.0051390625 0.33064218749999996 0.01059375 0.33077968750000003 0.015562500000000002 0.3315046875 0.021814062500000002 0.33123125 0.023878125 0.32865781250000003 0.026229687499999998 0.329109375 0.030089062500000003 0.32989531250000004 0.0344109375 0.32885624999999996 0.03846875 0.3274078125 0.0455671875 0.3278578125 0.0474296875 0.32833125 0.041803125000000003 0.330003125 0.042359375 0.33215 0.0483703125 0.3362421875 0.051032812500000004 0.337603125 0.0540921875 0.3380140625 0.0649625 0.3396 0.0722359375 0.33942656250000003 0.0783125 0.339328125 0.083903125 0.3407640625 0.0886484375 0.34066718749999997 0.0991578125 0.340509375 0.1074296875 0.3418796875 0.11656875 0.3417421875 0.127478125 0.343553125 0.1378140625 0.3436515625 0.1433140625 0.34408906250000004 0.144378125 0.346534375 0.1466625 0.34819374999999997 0.15385 0.350378125 0.158284375 0.3503328125 0.16174375000000002 0.35084375 0.16773906249999998 0.350375 0.1701765625 0.3502375 0.17405781250000002 0.3515109375 0.17760625000000002 0.353146875 0.18350468749999999 0.35250312500000003 0.1895359375 0.3514875 0.1942375 0.3516859375 0.2095984375 0.3507125 0.21319218750000002 0.3516375 0.21099687500000003 0.3535953125 0.2152984375 0.3548171875 0.218803125 0.355703125 0.2289640625 0.355915625 0.23457499999999998 0.3573890625 0.2452671875 0.36012343750000003 0.248865625 0.36002968750000003 0.2466265625 0.358396875 0.253234375 0.3572453125 0.25784843749999997 0.3572453125 0.2626828125 0.35789375 0.269334375 0.35879374999999997 0.277759375 0.3589296875 0.2811734375 0.3589296875 0.288134375 0.3586578125 0.2880515625 0.35948281249999997 0.2865125 0.36056875 0.2890640625 0.36286406250000003 0.29345468750000003 0.3636125 0.2986890625 0.3636125 0.3051625 0.36304375 0.3090890625 0.364590625 0.31175156249999997 0.3651390625 0.3191125 0.365690625 0.32434375000000004 0.36496249999999997 0.3267875 0.362865625 0.32612968750000004 0.361528125 0.3295 0.3606875 0.33358125 0.3613 0.336596875 0.362309375 0.3423640625 0.3635078125 0.3517015625 0.3624171875 0.3543609375 0.3621453125 0.3589484375 0.362575 0.3720453125 0.360575 0.3809609375 0.36047656250000004 0.388525 0.3618984375 0.398771875 0.3625421875 0.405825 0.3620109375 0.41243281249999997 0.3640078125 0.41806875000000004 0.363909375 0.4239 0.3658421875 0.4310875 0.3661171875 0.43756093749999997 0.36584531249999996 0.445634375 0.36584531249999996 0.45264218749999996 0.36656875 0.455965625 0.3664703125 0.45674374999999995 0.36451875 0.46117968749999994 0.36414843750000003 0.46827968750000004 0.3660953125 0.4756890625 0.36810468749999997 0.4831390625 0.3684546875 0.48996874999999995 0.3685921875 0.495865625 0.3678125 0.5017203125 0.36643906249999997 0.498996875 0.36411875 0.5055140625 0.36429374999999997 0.5116765625 0.3638234375 0.5224562500000001 0.3665453125 0.5365375 0.3723953125 0.549328125 0.3718109375 0.5576234375 0.3718625 0.565078125 0.3709921875 0.5748140625 0.370925 0.578934375 0.37305 0.5835890625 0.37244375 0.5906421875000001 0.372071875 0.5951828124999999 0.372309375 0.5950078125 0.37370468749999997 0.6000203125 0.37452968750000004 0.6069359375000001 0.3742203125 0.6122359375 0.3758171875 0.6186671875 0.37777656249999997 0.6222609375 0.3779515625 0.6257609375000001 0.3778140625 0.6321921875000001 0.3778140625 0.638446875 0.37740625 0.6431921875 0.3768609375 0.6465156249999999 0.3760328125 0.6519859375 0.3751140625 0.6531828125 0.37815625 0.656109375 0.378790625 0.6596109375 0.3786546875 0.662403125 0.37855625000000004 0.6671046875 0.37855625000000004 0.6740296875 0.37933125 0.6772234375 0.3801421875 0.680503125 0.38027968749999996 0.685471875 0.38027968749999996 0.6909703125 0.3796359375 0.696828125 0.37942343749999996 0.70379375 0.37942343749999996 0.7082328125 0.37942343749999996 0.7131109375 0.3797359375 0.722784375 0.3795015625 0.7270875 0.3795015625 0.7370171875 0.37977343750000003 0.7447812500000001 0.3798109375 0.7506828125 0.3798109375 0.7608843750000001 0.3801484375 0.7669578125000001 0.3805984375 0.7817828125 0.374234375 0.79979375 0.3677265625 0.7955609375 0.36621875 0.7910578125 0.3654609375 0.7996265625000001 0.3643609375 0.7954859375 0.360640625 0.7999015625 0.3602390625 0.8063343749999999 0.3585265625 0.808575 0.35655312499999997 0.8223874999999999 0.355565625 0.8170890625 0.3524234375 0.8118531250000001 0.3490671875 0.8083296875 0.34702500000000003 0.800390625 0.3449328125 0.7935609375 0.344759375 0.7852265625 0.345171875 0.7753375 0.34675625 0.7714109375 0.349415625 0.7742 0.35124062500000003 0.76041875 0.352365625 0.7574765625000001 0.3529015625 0.7621390625 0.35655625 0.7530859375000001 0.3575171875 0.7469046875 0.3550875 0.7427625 0.3569453125 0.7368781249999999 0.35848125 0.728 0.3595171875 0.719921875 0.3598296875 0.7220703125 0.3582078125 0.7247328125 0.3578375 0.7295203124999999 0.35775625 0.7299296875 0.3556625 0.717365625 0.3501234375 0.7252609375 0.3482140625 0.7229546874999999 0.3460375 0.719578125 0.34409531250000003 0.71070625 0.3460046875 0.705371875 0.346890625 0.700390625 0.3469296875 0.692871875 0.3466578125 0.6890562499999999 0.3470109375 0.6930734375000001 0.3500546875 0.6896453124999999 0.350490625 0.686540625 0.3484265625 0.67563125 0.34836875 0.669103125 0.3487046875 0.6625796875 0.3487046875 0.6603125000000001 0.3478625 0.6591265625 0.3453421875 0.657546875 0.344946875 0.65059375 0.345128125 0.6479109375000001 0.3425765625 0.645678125 0.3402265625 0.636275 0.340903125 0.629290625 0.3418640625 0.62308125 0.3429875 0.619153125 0.344109375 0.6156984375000001 0.3454953125 0.6144703125000001 0.34669062500000003 0.616221875 0.34855 0.61930625 0.3506703125 0.626934375 0.35152031250000004 0.6343 0.3508 0.6375359375 0.3522234375 0.63729375 0.354865625 0.635796875 0.3568234375 0.632340625 0.3583078125 0.6266859375 0.358096875 0.6207328125 0.357825 0.61633125 0.35745312500000004 0.610525 0.35745312500000004 0.5989421875 0.3557296875 0.5957203125 0.355221875 0.588375 0.35512343749999997 0.5934296875 0.353553125 0.5924609375000001 0.35129062499999997 0.5879 0.34974375 0.5829156249999999 0.348296875 0.57841875 0.3471828125 0.5731265624999999 0.34704531250000004 0.567321875 0.3475578125 0.5577109375 0.34661875000000003 0.5522734375 0.3487765625 0.5493187500000001 0.349725 0.5445015625 0.347940625 0.5404890625000001 0.3482140625 0.5336937500000001 0.3489140625 0.5265093750000001 0.348778125 0.5205062500000001 0.3486046875 0.513140625 0.34909218750000004 0.5115624999999999 0.3487953125 0.5079328125 0.34695 0.5023421875 0.34671562499999997 0.49825156249999997 0.34671562499999997 0.490978125 0.34825 0.4777671875 0.3503203125 0.47121874999999996 0.3469109375 0.46440468749999997 0.3449171875 0.46070625 0.3452359375 0.45962812499999994 0.34773125 0.45475625 0.34792968750000003 0.4512875 0.34789375 0.4468078125 0.344096875 0.4328875 0.34631249999999997 0.42740625000000004 0.34446875 0.41685 0.3422265625 0.4076953125 0.339134375 0.3988578125 0.3401703125 0.39132500000000003 0.34095624999999996 0.38245625 0.34232968750000003 0.3765046875 0.3397046875 0.370109375 0.33902343749999997 0.3670703125 0.339296875 0.3572484375 0.339396875 0.3495921875 0.33770781250000004 0.3445421875 0.33649375 0.3400046875 0.33676875 0.3370625 0.33676875 0.3309640625 0.335428125 0.3256765625 0.334609375 0.3125484375 0.3330828125 0.31074375 0.3304546875 0.3049234375 0.32896875 0.2959546875 0.3278546875 0.28951875 0.32768125000000003 0.282509375 0.327584375 0.272540625 0.32623437499999997 0.267034375 0.32582656249999997 0.2635484375 0.3261625 0.26439218750000004 0.327409375 0.261840625 0.32915625 0.2551359375 0.3292203125 0.24459375 0.32785625 0.243275 0.329103125 0.2429296875 0.3303890625 0.23915000000000003 0.3303890625 0.2240296875 0.32718437499999997 0.21326562500000001 0.327128125 0.209296875 0.32754062500000003 0.20668281249999998 0.32703125 0.1961359375 0.3249015625 0.19103281249999998 0.3254765625 0.17536093749999998 0.3246015625 0.1629234375 0.32548750000000004 0.156878125 0.3270359375 0.137834375 0.32510625000000004 0.12885156250000002 0.32345625 0.113546875 0.3217921875 0.0976234375 0.3182171875 0.08615468750000001 0.3160515625 0.07781875 0.317690625 0.0700546875 0.316878125 0.065834375 0.3166640625 0.0552734375 0.318975 0.045518750000000004 0.31915312500000004 0.028840624999999998 0.31660937499999997 0.017971875000000002 0.3161421875 0 0.3135 0 0.3159453125 0 0.325178125 0 0.32926875
0 0.3416046875 0.3032328125 0.347028125 0.30390937500000004 0.3489578125 0.305959375 0.354371875 0.3064296875 0.3602296875 0.3046078125 0.3679453125 0.30155 0.36219999999999997 0.2992265625 0.35514687500000003 0.29640468750000004 0.3513546875 0.294171875 0.34645156250000003 0.2931625 0.33935312500000003 0.294609375 0.33149843749999997 0.29583593750000003 0.3243578125 0.294975 0.3243484375 0.297725 0.32204062499999997 0.2984296875 0.3188703125 0.3008828125 0.3188703125 0.302659375 0.323025 0.30412343750000004 0.3305296875 0.303509375 0.3416046875 0.3032328125
0 0.50438125 0.1991203125 0.5100625 0.19998125 0.5139640625 0.2009296875 0.5188625 0.2022140625 0.522675 0.20211562500000002 0.5277734374999999 0.200446875 0.529990625 0.1987765625 0.53695625 0.1974890625 0.5413 0.19682187499999998 0.54345 0.1949328125 0.545825 0.192684375 0.5539171875 0.1922328125 0.5523546875 0.18808750000000002 0.5474 0.18755625 0.538521875 0.18835625 0.5303109375 0.190428125 0.52581875 0.1878109375 0.522509375 0.1868328125 0.5135734375000001 0.185840625 0.507159375 0.186615625 0.5001953125 0.18992343750000001 0.4978140625 0.19384218749999998 0.498859375 0.1969109375 0.50438125 0.1991203125
0 0.3572484375 0.2158734375 0.353265625 0.21410468749999997 0.3503953125 0.2140796875 0.349034375 0.215725 0.34945624999999997 0.2177453125 0.35273750000000004 0.21972968750000002 0.3581046875 0.22075312500000002 0.3600109375 0.2203203125 0.3612515625 0.21943281250000002 0.361784375 0.2182484375 0.360071875 0.2167140625 0.3572484375 0.2158734375
0 0.31027499999999997 0.1664484375 0.3060625 0.166034375 0.30269218750000004 0.16936875 0.29945625 0.1696046875 0.29435625 0.170346875 0.2818015625 0.1717109375 0.278875 0.172771875 0.2764578125 0.1736515625 0.2745375 0.1752609375 0.2691875 0.176103125 0.27309375 0.1790453125 0.278390625 0.1770125 0.28129218749999996 0.1771375 0.285340625 0.17884687500000002 0.29031875 0.17709999999999998 0.29216875 0.17766875 0.2986890625 0.17770468749999999 0.29872187499999997 0.1745734375 0.300503125 0.1734640625 0.3056625 0.1715671875 0.3098484375 0.17231093749999998 0.3137765625 0.173325 0.3165984375 0.174578125 0.32113593749999997 0.1756546875 0.32218749999999996 0.173059375 0.3200140625 0.1700421875 0.3156 0.1680953125 0.31027499999999997 0.1664484375
0 0.1140765625 0.2133 0.11515468749999999 0.2158359375 0.11111875 0.2170109375 0.1091890625 0.21849375000000001 0.1102 0.2199296875 0.1149375 0.2223578125 0.119615625 0.22173125 0.12156875 0.2191984375 0.12293281250000002 0.219334375 0.1284796875 0.219334375 0.1337984375 0.21800000000000003 0.137984375 0.216315625 0.1459640625 0.21556718749999998 0.14400625 0.212696875 0.139015625 0.2102015625 0.13535312500000002 0.206184375 0.13082812500000002 0.20639375000000001 0.1238640625 0.2077953125 0.1172765625 0.20978906249999998 0.1128609375 0.211434375 0.10989062499999999 0.21263281250000002 0.1140765625 0.2133
0 0.3333546875 0.1196421875 0.3423125 0.1249921875 0.344796875 0.120090625 0.3510578125 0.1191921875 0.36204375 0.11791718749999999 0.3724140625 0.11650624999999999 0.37834687499999997 0.1140859375 0.38249062500000003 0.10994375 0.3811109375 0.1065390625 0.380334375 0.1023484375 0.37283750000000004 0.1028921875 0.3705515625 0.0981515625 0.3655609375 0.097546875 0.360040625 0.0995890625 0.3565828125 0.099725 0.348996875 0.10054375 0.340178125 0.1082546875 0.337915625 0.1096046875 0.333325 0.1111140625 0.3342484375 0.1137703125 0.3333546875 0.1196421875
0 0.2161078125 0.14450625 0.224928125 0.14371875 0.2319953125 0.1424453125 0.24157812500000003 0.1410484375 0.246296875 0.1424484375 0.2517734375 0.14185 0.2488203125 0.1380578125 0.2440734375 0.1356625 0.2360609375 0.1315765625 0.2410171875 0.12822031250000002 0.24073125 0.126796875 0.2295375 0.12633125 0.22026249999999997 0.127784375 0.20818906250000002 0.1299203125 0.204775 0.13143125 0.1991828125 0.13063125 0.1938375 0.1295890625 0.193578125 0.132809375 0.1990953125 0.13691718749999998 0.2066984375 0.1398984375 0.212246875 0.14218906250000002 0.2080078125 0.1456046875 0.20928125 0.14485625 0.2161078125 0.14450625
0 0.2735015625 0.16599999999999998 0.2747125 0.16862656250000002 0.2777890625 0.170790625 0.28454999999999997 0.169696875 0.284434375 0.16843593750000002 0.2813515625 0.1674140625 0.27793437499999996 0.166215625 0.2735015625 0.16599999999999998
0 0.12681562500000002 0.14715 0.1259296875 0.14675156250000002 0.11404375 0.1467859375 0.115225 0.1490046875 0.12147343749999999 0.152990625 0.1281671875 0.1563078125 0.126140625 0.15980468750000001 0.13308124999999998 0.16045156249999998 0.1505328125 0.16005156250000002 0.1620640625 0.1593515625 0.16851875 0.1635421875 0.173459375 0.1644171875 0.186203125 0.16118593750000001 0.1873203125 0.16047499999999998 0.17884843749999998 0.15757812499999999 0.18061093749999999 0.1528640625 0.1895921875 0.1491828125 0.19405937499999998 0.147509375 0.182365625 0.14452343750000002 0.175390625 0.1435109375 0.16490312499999998 0.141471875 0.1545234375 0.1380890625 0.1524390625 0.1365421875 0.14154687500000002 0.133871875 0.1323890625 0.13542656250000001 0.13552031250000002 0.1381109375 0.13503125 0.139896875 0.136984375 0.1433984375 0.13373593749999999 0.14486875 0.12681562500000002 0.14715
0 0.1591921875 0.10184062499999999 0.16862656250000002 0.1061734375 0.1730546875 0.1036125 0.1639828125 0.09959375000000001 0.1591921875 0.10184062499999999
0 0.0401890625 0.14852343750000002 0.038125 0.15090625 0.028654687499999998 0.1493421875 0.052089062500000005 0.15940625 0.057881249999999995 0.163053125 0.07143125 0.15999375 0.062909375 0.15799687499999998 0.059376562499999994 0.15401875 0.067603125 0.1520828125 0.0647828125 0.147015625 0.0482296875 0.1500359375 0.0401890625 0.14852343750000002
0 0.138578125 0.07014375 0.1344546875 0.06976875 0.134409375 0.07334531250000001 0.136440625 0.0741046875 0.139965625 0.0749453125 0.14356875 0.074571875 0.1424796875 0.0724015625 0.138578125 0.07014375
0 0.612378125 0.07201874999999999 0.62005625 0.07082031250000001 0.6347859375 0.0673625 0.6427125 0.0670875 0.6502140625 0.0678828125 0.6583546874999999 0.068759375 0.6533640625 0.05840625000000001 0.6505015625 0.053739062500000004 0.65900625 0.050070312500000005 0.660303125 0.0458765625 0.66515625 0.0462703125 0.6679734374999999 0.0440515625 0.6645359375 0.039260937499999995 0.6586609375 0.036703124999999996 0.654403125 0.0374453125 0.648925 0.038871875 0.643246875 0.039106249999999995 0.6417390625 0.041140625 0.635375 0.0413125 0.6320281249999999 0.040065625 0.6243531250000001 0.0349875 0.61665625 0.03076875 0.6058671875 0.029143750000000003 0.5993015625 0.029417187500000004 0.5923390625 0.03060625 0.586928125 0.032174999999999995 0.577321875 0.029175 0.5708031250000001 0.029184375000000002 0.5661875000000001 0.03143125 0.5669265625000001 0.0351203125 0.5603640624999999 0.036309375 0.555528125 0.0377578125 0.54823125 0.0394921875 0.5387859374999999 0.0395953125 0.5307546875 0.0426 0.5261859375 0.040515625 0.516984375 0.03818125 0.504803125 0.032721875 0.503428125 0.032721875 0.4955796875 0.0331171875 0.491590625 0.033746874999999996 0.48453749999999995 0.0361578125 0.48045781249999997 0.0389578125 0.47551249999999995 0.035426562499999995 0.47141093749999996 0.03309375 0.4651546875 0.032492187500000005 0.46528281250000003 0.037234375 0.4735625 0.0447171875 0.482159375 0.045390625000000004 0.47944375 0.0475765625 0.4817703125 0.0504234375 0.47400937499999996 0.051771875 0.472434375 0.0466078125 0.46730312500000004 0.0411796875 0.4539953125 0.042725 0.4441453125 0.044234375 0.42871875 0.0479765625 0.4200234375 0.0504765625 0.41771562500000003 0.0538109375 0.4274703125 0.0598625 0.429928125 0.062390625 0.4160859375 0.065203125 0.4122703125 0.0697640625 0.4139796875 0.0741984375 0.4178046875 0.078721875 0.419403125 0.080746875 0.4431453125 0.080090625 0.4486359375 0.0838078125 0.44699375 0.0882203125 0.44874843750000004 0.0894578125 0.4595625 0.08767343749999999 0.4726859375 0.0901046875 0.47524531249999996 0.0937734375 0.4800640625 0.0951375 0.48915625 0.09540937499999999 0.503078125 0.0922875 0.5161125 0.08861875 0.527025 0.08795625 0.5418890625 0.0889265625 0.5466421875 0.08590624999999999 0.532553125 0.07746093750000001 0.5372390625000001 0.07375625 0.5472046875000001 0.071721875 0.552665625 0.07582968749999999 0.5626359375 0.08026875 0.5750578125 0.078571875 0.5875484375 0.0743859375 0.591109375 0.07736875 0.602490625 0.07860625 0.598709375 0.0732921875 0.612378125 0.07201874999999999
0 0.5060125 0.11100312500000001 0.5157406250000001 0.1171875 0.522540625 0.113890625 0.5129125 0.10871249999999999 0.5060125 0.11100312500000001
0 0.0985984375 0.023459374999999998 0.098775 0.024781249999999998 0.10141562500000001 0.0267515625 0.1051421875 0.026282812500000002 0.1062921875 0.0246453125 0.10268906250000001 0.022284375000000002 0.0985984375 0.023459374999999998