0 0.8210984375000001 0.3745046875 0.814153125 0.3802078125 0.8065468750000001 0.3802078125 0.8009265624999999 0.38194374999999997 0.7923281249999999 0.387896875 0.7820765625 0.3928578125 0.7748015625 0.3990578125 0.7542984374999999 0.41170625000000005 0.7486765625 0.4134421875 0.740409375 0.4134421875 0.7361109375 0.41170625000000005 0.72784375 0.40525781250000004 0.72056875 0.40327343750000005 0.7162703125000001 0.40401718750000004 0.7159390625000001 0.40625 0.7179234375 0.4094734375 0.7268515625 0.41914687500000003 0.74669375 0.43353125 0.7678578125 0.4513890625 0.7678578125 0.459821875 0.7566140625 0.4702375 0.75694375 0.47271875 0.76058125 0.47321406250000003 0.7705031250000001 0.4682546875 0.7728171875000001 0.46875 0.773809375 0.47147812499999997 0.7751328125 0.47172656249999995 0.7817453125 0.4662703125 0.7860453125 0.470734375 0.792659375 0.47271875 0.7969578125 0.4759421875 0.8052250000000001 0.48511875 0.8230812500000001 0.4982640625 0.8396156250000001 0.5126484375 0.8571421875 0.512896875 0.8561515625 0.5099203125 0.8518515624999999 0.5057046875 0.850859375 0.5019843749999999 0.8554890625 0.49925625 0.8568125 0.4942953125 0.858465625 0.493303125 0.861771875 0.493303125 0.8660718749999999 0.48735156249999995 0.8713625 0.48363125 0.873346875 0.4811515625 0.8740078125 0.47495000000000004 0.87533125 0.4734625 0.8779765625 0.4744546875 0.880290625 0.47891874999999995 0.8865734375000001 0.4858625 0.88988125 0.49503906249999996 0.894840625 0.4942953125 0.8981484375000001 0.4900796875 0.9014546875 0.4895828125 0.9186515625 0.5017359375 0.9269187499999999 0.509671875 0.92989375 0.5084328124999999 0.9292328124999999 0.5057046875 0.924934375 0.5 0.9113749999999999 0.4895828125 0.916996875 0.48090312500000004 0.92261875 0.4759421875 0.9236109375 0.47247031249999993 0.92261875 0.46800625 0.924271875 0.46453437500000005 0.9312171875 0.4595734375 0.9325390625000001 0.45684531249999993 0.93716875 0.454365625 0.9365078125 0.45089218750000004 0.924934375 0.43675625 0.9292328124999999 0.4290671875 0.9269187499999999 0.421875 0.9282406249999999 0.41964218750000004 0.9417984374999999 0.40972187499999996 0.9444437499999999 0.40848281249999996 0.950396875 0.40848281249999996 0.954365625 0.4057546875 0.957671875 0.3985609375 0.9550265625 0.398065625 0.950728125 0.3990578125 0.9457671875000001 0.40252968750000007 0.94146875 0.40327343750000005 0.9398140625 0.40178593749999997 0.9398140625 0.3998015625 0.942790625 0.3923609375 0.93716875 0.384425 0.932209375 0.3812 0.9100531249999999 0.3616078125 0.8958328124999999 0.352678125 0.8908734375 0.3514390625 0.8902109375 0.353175 0.8935187499999999 0.3598703125 0.9011250000000001 0.36805625000000003 0.9090609374999999 0.373759375 0.9090609374999999 0.375 0.8816140625 0.38516875 0.8700390625000001 0.3874015625 0.86011875 0.3859125 0.854828125 0.3829359375 0.8482140625 0.3752484375 0.8389546875 0.3678078125 0.8260578125 0.3630953125 0.8210984375000001 0.362846875 0.8224203125 0.366815625 0.829034375 0.3717765625 0.828703125 0.373759375 0.8210984375000001 0.3745046875
0 0.7850046875000001 0.48501093749999996 0.79034375 0.47557031250000004 0.7864093750000001 0.4736015625 0.7766265625 0.4744359375 0.7697734374999999 0.47269843749999996 0.7785078125 0.4802140625 0.7850046875000001 0.48501093749999996
0 0.79715625 0.5020359375 0.790228125 0.5035390625 0.78203125 0.5066140625 0.7704421875 0.5123484375 0.7644562500000001 0.5196578125 0.7777328125 0.518878125 0.7871609375 0.5122296875 0.795403125 0.5062234375 0.79715625 0.5020359375
0 0.7692796875 0.49415156250000003 0.770915625 0.485490625 0.768284375 0.4824125 0.7635234375 0.48148437499999996 0.7548890625 0.4813953125 0.748975 0.4849765625 0.745278125 0.486275 0.7344828125 0.475653125 0.7198796875 0.46638906249999995 0.7115203125 0.466640625 0.7346203124999999 0.48361875000000004 0.7441875 0.4926203125 0.7381671875 0.49199374999999995 0.7407953125 0.49779062500000004 0.74701875 0.5023390625 0.755825 0.5050296875 0.761853125 0.5036562499999999 0.766725 0.50083125 0.7692796875 0.49415156250000003
0 0.525540625 0.454221875 0.52000625 0.4485984375 0.515821875 0.449165625 0.5091796875 0.454053125 0.5058328125 0.45954843749999996 0.5082484375 0.46244375 0.525540625 0.454221875
0 0.51960625 0.42885156249999995 0.518921875 0.42624843749999997 0.507559375 0.4149078125 0.48969218750000004 0.40240625 0.48719062500000004 0.4008109375 0.4802578125 0.40076875 0.4753640625 0.40226875 0.488753125 0.41413593750000005 0.5024765625 0.42373125 0.5136453125 0.43137968750000005 0.51960625 0.42885156249999995
0 0.830328125 0.6944874999999999 0.8291281250000001 0.688340625 0.8228781250000001 0.683271875 0.8095953124999999 0.6707468750000001 0.8032031249999999 0.667128125 0.796615625 0.6640140625 0.7870468749999999 0.6642171875 0.8014390625000001 0.676990625 0.8219468750000001 0.692796875 0.829478125 0.6954015625000001 0.830328125 0.6944874999999999
0 0.9094359375 0.6864265625 0.8951984375 0.6749125 0.889084375 0.67511875 0.8847828124999999 0.6753796875 0.88214375 0.677684375 0.89088125 0.6889046875 0.8974234375 0.6949671875 0.9137265625 0.698959375 0.9169984375 0.6941875 0.9094359375 0.6864265625
0 0.8865812500000001 0.6913625 0.8788937499999999 0.69034375 0.8738125 0.685384375 0.8652296875 0.6849406250000001 0.8573328124999999 0.6861890625 0.8589265625 0.6995 0.8641015624999999 0.7009953125 0.8705718750000001 0.701303125 0.8847046875 0.7074453125 0.892075 0.7057046875 0.8955 0.7021515625 0.9002921875000001 0.6985015625 0.9002515624999999 0.6976953124999999 0.8949640625 0.6926328125000001 0.8865812500000001 0.6913625
0 0.7389375 0.6765218749999999 0.7302921875 0.6674515624999999 0.7253984375 0.6649046875 0.7215874999999999 0.6603421875000001 0.7160765625 0.6586515625 0.7142109375000001 0.6605531250000001 0.71974375 0.6681453125 0.7281625 0.6741640624999999 0.7335703125 0.6788421875 0.740184375 0.681265625 0.7389375 0.6765218749999999
0 0.291996875 0.9665171875 0.303571875 0.9737109374999999 0.306546875 0.978175 0.3095234375 0.9786703125 0.30820156249999997 0.98040625 0.28835937500000003 0.9923109374999999 0.2857140625 0.9952875000000001 0.285053125 0.998759375 0.2893515625 0.998759375 0.291996875 0.9962796875000001 0.2982796875 0.9938 0.30026406250000004 0.9890874999999999 0.3058859375 0.9880953124999999 0.31150781250000004 0.9811515625 0.31679843750000003 0.9791671875000001 0.329034375 0.9704859375 0.334325 0.9704859375 0.338625 0.9692453125 0.3495375 0.9635421875000001 0.3495375 0.9126984374999999 0.3373015625 0.9126984374999999 0.3171296875 0.92584375 0.30026406250000004 0.9295640625000001 0.289021875 0.93675625 0.2857140625 0.9350203125000001 0.2817453125 0.9345234375 0.2817453125 0.9300593750000001 0.2791 0.9278281249999999 0.277778125 0.9278281249999999 0.2708328125 0.9337796875000001 0.266203125 0.9327875000000001 0.262565625 0.93353125 0.26058125 0.9317953125 0.25628281249999996 0.9320437500000001 0.262896875 0.9404765625 0.2787703125 0.9553578125 0.29034375 0.9635421875000001 0.291996875 0.9665171875
0 0.18353124999999998 0.78125 0.152115625 0.8018359374999999 0.152115625 0.8067953125 0.16170625 0.8023312499999999 0.1650125 0.7993546874999999 0.1686515625 0.7983625 0.17989375000000002 0.78819375 0.182209375 0.7884421875000001 0.1845234375 0.7931546875000001 0.1832015625 0.7973703125 0.1848546875 0.7998515625 0.18353124999999998 0.803075 0.1845234375 0.808284375 0.1974203125 0.8216765625000001 0.2195765625 0.8390375000000001 0.2285046875 0.8442453125 0.2328046875 0.8509421875 0.24206406249999998 0.8571421875 0.2450390625 0.8571421875 0.248015625 0.8556546875000001 0.2490078125 0.8524312500000001 0.25925937499999996 0.8435015625 0.26455 0.8442453125 0.2658734375 0.8484624999999999 0.2728171875 0.8489578124999999 0.27414062499999997 0.847965625 0.273478125 0.842509375 0.276125 0.8390375000000001 0.277446875 0.834325 0.27943125 0.8330859374999999 0.2870375 0.83209375 0.2936515625 0.8350687499999999 0.30026406250000004 0.8335812499999999 0.30621718750000004 0.8368062500000001 0.30621718750000004 0.8328374999999999 0.29927187499999997 0.8258921875 0.2781078125 0.8120046875 0.270171875 0.8087796875000001 0.25925937499999996 0.7978671875 0.251653125 0.7948906250000001 0.25429843750000003 0.7884421875000001 0.2536375 0.787203125 0.2476859375 0.7864578125 0.2384265625 0.7921625 0.23511875 0.792659375 0.23511875 0.7864578125 0.24140156250000003 0.784721875 0.24206406249999998 0.778521875 0.2364421875 0.771825 0.2218921875 0.7604171875 0.2195765625 0.7537203124999999 0.2142859375 0.74925625 0.21097812500000002 0.747271875 0.1994046875 0.747271875 0.2010578125 0.7529765625 0.20535781250000001 0.7544640625000001 0.21329375 0.7611609374999999 0.2172625 0.7626484375 0.2182546875 0.7658734375 0.215278125 0.7658734375 0.20271093750000002 0.75694375 0.20205 0.758928125 0.20535781250000001 0.761409375 0.208003125 0.7653765625 0.207671875 0.7681046874999999 0.20205 0.7713296875 0.19709062500000002 0.7695937500000001 0.193121875 0.7705859375 0.19146875000000002 0.773809375 0.18650781249999998 0.7765375 0.18353124999999998 0.78125
0 0.1171953125 0.7277796875 0.119603125 0.7321546875 0.129846875 0.7366609375000001 0.13857031250000001 0.7379578125 0.13997656249999998 0.734578125 0.13861874999999999 0.7298515625 0.1408046875 0.721284375 0.1372859375 0.7188343749999999 0.134403125 0.7177765625 0.13204218750000002 0.721740625 0.1290171875 0.726078125 0.12311093749999999 0.7275046875 0.1171953125 0.7277796875
0 0.1068125 0.5203375 0.1071421875 0.525296875 0.1091265625 0.5260421875 0.115740625 0.52505 0.1223546875 0.5255453125 0.1243390625 0.527778125 0.1240078125 0.530009375 0.0922625 0.5488593749999999 0.08498750000000001 0.5553078124999999 0.0760578125 0.566715625 0.0747359375 0.5669640625000001 0.0615078125 0.5602671875 0.05720937499999999 0.565971875 0.05919375 0.5729171875 0.06646875 0.5796125 0.08267187499999999 0.5917656250000001 0.0925921875 0.5959828125 0.097884375 0.59995 0.09556875000000001 0.6049109374999999 0.09556875000000001 0.6091265625 0.100859375 0.6123515625 0.10152187500000001 0.6138390625000001 0.0952375 0.6210312499999999 0.086640625 0.6274796874999999 0.086640625 0.6289687500000001 0.0929234375 0.6376484375 0.0922625 0.648065625 0.0965609375 0.65079375 0.10416718750000001 0.6510421875 0.11011875 0.649553125 0.11408750000000001 0.6515375 0.1150796875 0.6669140625 0.1127640625 0.6750984375 0.11375625 0.680803125 0.12599218750000002 0.6979171875 0.13194375 0.7028765625 0.13459062500000002 0.706596875 0.15674531249999998 0.7192453125 0.1630296875 0.7202375 0.165675 0.7197421875 0.1666671875 0.717509375 0.1630296875 0.71006875 0.1541 0.6994046875000001 0.1481484375 0.694940625 0.1474875 0.690228125 0.163690625 0.6865078125 0.17790937499999998 0.680803125 0.18419375 0.6763390625000001 0.18683906249999999 0.676090625 0.19113750000000002 0.678075 0.19675937500000001 0.6894843749999999 0.2099875 0.7036203125 0.236771875 0.722221875 0.24636249999999998 0.724703125 0.24867656249999998 0.7234625 0.24867656249999998 0.7219734375 0.2357796875 0.70386875 0.23478906249999998 0.6984125 0.2397484375 0.69444375 0.2582671875 0.6857640625 0.2655421875 0.677828125 0.26851875000000003 0.6770828125 0.2728171875 0.6775796875 0.276125 0.680059375 0.2767859375 0.6855156250000001 0.2791 0.688740625 0.2946421875 0.6954359375 0.31216875 0.7080859375 0.3267203125 0.72495 0.33399531250000003 0.7311515625 0.33664062499999997 0.7321421875 0.3432546875 0.7311515625 0.355159375 0.7266859375 0.358465625 0.7271828124999999 0.35681250000000003 0.7318953125000001 0.3468921875 0.7375984375 0.3425921875 0.7420640625 0.3409390625 0.7467765625 0.3429234375 0.74925625 0.34920625 0.7514875 0.3578046875 0.7504953125 0.37599218749999996 0.759671875 0.3829359375 0.762153125 0.38988125 0.7619046875000001 0.394840625 0.76016875 0.4232796875 0.7442953125 0.431546875 0.741071875 0.435846875 0.7375984375 0.439153125 0.731646875 0.44709062499999996 0.72743125 0.44940468750000007 0.71949375 0.45238125 0.7172625 0.4606484375 0.7165171875 0.46560781249999994 0.7172625 0.47420625000000005 0.7209828125 0.48710312499999997 0.72420625 0.48809531249999993 0.7219734375 0.48545 0.71800625 0.47156093749999994 0.7070937500000001 0.453703125 0.6860125 0.4517203125 0.6810515625 0.45701093750000005 0.6674109374999999 0.45701093750000005 0.665675 0.4513890625 0.657490625 0.4527109375 0.6540171875 0.4599875 0.655009375 0.47056875 0.663690625 0.48644218749999996 0.6733625 0.4933859375 0.676090625 0.49636250000000004 0.674603125 0.498015625 0.6661703125 0.49636250000000004 0.66245 0.47817499999999996 0.6453375 0.4599875 0.6329359375 0.443121875 0.623759375 0.44080624999999996 0.6150796875 0.43849218749999996 0.6125984375 0.4289015625 0.6098703125 0.4186515625 0.6021828124999999 0.41104531250000004 0.59920625 0.4047625 0.5984625 0.3905421875 0.59375 0.3835984375 0.592509375 0.37599218749999996 0.5947421875 0.3607796875 0.601934375 0.3501984375 0.6088796875 0.343584375 0.6068953125000001 0.329034375 0.5912703125000001 0.3039015625 0.571925 0.30555625000000003 0.5677078125 0.3131609375 0.5662203124999999 0.3204359375 0.5672125 0.3280421875 0.57118125 0.334325 0.57266875 0.3379625 0.571925 0.3468921875 0.5669640625000001 0.348875 0.5629953125 0.347221875 0.5498515625 0.348875 0.5443953125000001 0.3485453125 0.53993125 0.3468921875 0.53670625 0.3376328125 0.5272812499999999 0.31448437500000004 0.509425 0.302909375 0.5029765625 0.2949734375 0.5002484375 0.2787703125 0.49925625 0.258928125 0.503471875 0.2536375 0.5052078125 0.24735468749999998 0.512896875 0.24537031250000002 0.5133921875 0.218915625 0.49925625 0.2050265625 0.4982640625 0.200728125 0.49702343750000005 0.19973593750000002 0.4952875 0.20238125 0.49131875 0.208003125 0.48784687499999996 0.20932499999999998 0.4848703125 0.2083328125 0.477678125 0.20667968750000001 0.4759421875 0.2046953125 0.47569375 0.1957671875 0.47941406249999996 0.18386249999999998 0.4875984375 0.16898125 0.5 0.167659375 0.5062 0.1646828125 0.508928125 0.15674531249999998 0.50694375 0.148809375 0.5002484375 0.1392203125 0.4952875 0.130290625 0.4947921875 0.12896875000000002 0.49702343750000005 0.13425937500000001 0.50545625 0.133928125 0.5076890625 0.12996093749999998 0.50868125 0.11706406250000001 0.5062 0.11342656250000001 0.5071921875000001 0.1094578125 0.5109125 0.1068125 0.5203375
0 0.05346093750000001 0.6188 0.0640109375 0.6349546875 0.0908171875 0.6535421875 0.0875046875 0.6431171875 0.07534375 0.6290109375 0.056781250000000005 0.6172859374999999 0.05346093750000001 0.6188
0 0.1844984375 0.40487343750000004 0.1783890625 0.39471875 0.1703640625 0.389615625 0.156525 0.38194374999999997 0.1502578125 0.3878078125 0.157703125 0.39204374999999997 0.1608203125 0.396540625 0.168003125 0.40078125 0.17513281249999998 0.40765312500000006 0.1837015625 0.40716093750000004 0.1844984375 0.40487343750000004
0 0.3897171875 0.448084375 0.3838890625 0.4504234375 0.3885390625 0.45925781250000003 0.396825 0.4526296875 0.3897171875 0.448084375
0 0.32475624999999997 0.32856406250000003 0.3170359375 0.3298734375 0.33046875 0.345028125 0.3389546875 0.337715625 0.33159375 0.333771875 0.32475624999999997 0.32856406250000003
0 0.4334015625 0.3319546875 0.43720781249999996 0.336946875 0.46376875 0.3246640625 0.458096875 0.31880625 0.4492234375 0.318840625 0.4334015625 0.3319546875
0 0.99089375 0.21565625000000002 0.972221875 0.214946875 0.9791890625 0.2235765625 0.9838437499999999 0.22660624999999998 0.9884890625 0.22698437500000002 0.994825 0.223253125 0.99089375 0.21565625000000002
0 0.861103125 0.3209984375 0.8566953125 0.32444375000000003 0.8571125 0.32522656250000004 0.8596999999999999 0.327278125 0.8644734375 0.3297953125 0.8690031250000001 0.3257515625 0.8634812500000001 0.32115625 0.861103125 0.3209984375
0 0.7565921875 0.29685 0.745140625 0.2915171875 0.743709375 0.2890453125 0.7389359375 0.2869953125 0.7357375 0.29298281249999997 0.7397546875 0.29960156250000003 0.7460125 0.30293125 0.7565859374999999 0.303525 0.7619734375 0.3027421875 0.7565921875 0.29685
0 0.7391890625 0.32032656249999997 0.7445984375 0.311259375 0.7418359375 0.3098109375 0.7381249999999999 0.30896875 0.7303124999999999 0.31479375 0.731765625 0.3191125 0.7391890625 0.32032656249999997
0 0.6644890625000001 0.303021875 0.6669343750000001 0.29269531249999997 0.68445 0.30427499999999996 0.6759031249999999 0.29767968749999996 0.6701359375 0.2911359375 0.65955625 0.2811625 0.657240625 0.279425 0.6483046875 0.27570625 0.642871875 0.2763 0.6460296875 0.2851953125 0.6608421875 0.2974734375 0.6644890625000001 0.303021875
0 0.9465515625 0.475446875 0.9536515624999999 0.47065 0.9588546875 0.462590625 0.95844375 0.45758906250000003 0.95645 0.455171875 0.9534609375 0.45392968749999996 0.946928125 0.4554765625 0.9357125 0.462084375 0.9341609375000001 0.469103125 0.9372562500000001 0.4773921875 0.9465515625 0.475446875
0 0.55274375 0.0471578125 0.5402953125 0.049725000000000005 0.5480640625000001 0.063109375 0.5660265625 0.055390625000000006 0.559465625 0.050673437499999995 0.55274375 0.0471578125
0 0.3576875 0.0732421875 0.372740625 0.0795921875 0.378453125 0.071965625 0.3785984375 0.0655484375 0.37479687500000003 0.065465625 0.365528125 0.06958125 0.3576875 0.0732421875
0 0 0.2016375 0.012896874999999999 0.21180625000000003 0.014220312500000002 0.2162703125 0.018187500000000002 0.222221875 0.0248015625 0.22743125000000003 0.039021875 0.22891875 0.05191875 0.226934375 0.05919375 0.2291671875 0.058201562500000005 0.232390625 0.052909375 0.2368546875 0.0443125 0.2415671875 0.0357140625 0.248015625 0.0337296875 0.2524796875 0.036375000000000005 0.255953125 0.0396828125 0.2564484375 0.0638234375 0.2537203125 0.0760578125 0.261409375 0.0876328125 0.2735609375 0.10582031249999999 0.2896828125 0.1130953125 0.2924109375 0.123346875 0.293403125 0.1263234375 0.2946421875 0.126653125 0.2973703125 0.123015625 0.300346875 0.119709375 0.30704375 0.111771875 0.3110125 0.10648125 0.315971875 0.1071421875 0.319196875 0.112434375 0.32118125000000003 0.1292984375 0.31646874999999997 0.1359125 0.3120046875 0.1421953125 0.3092765625 0.1461640625 0.3060515625 0.1498015625 0.29885937500000004 0.152115625 0.298115625 0.163359375 0.3000984375 0.1693125 0.30233125 0.17295 0.3063 0.17394218749999998 0.3125 0.17625625 0.3147328125 0.189153125 0.3169640625 0.1954359375 0.315228125 0.203703125 0.311259375 0.2106484375 0.305803125 0.226190625 0.296875 0.2529765625 0.28670625 0.259590625 0.288690625 0.266203125 0.2931546875 0.27215625 0.2951390625 0.2781078125 0.2986109375 0.2824078125 0.2986109375 0.2870375 0.296875 0.28835937500000003 0.29141875 0.29100468749999997 0.289434375 0.3058859375 0.28670625 0.318453125 0.2857140625 0.328703125 0.2896828125 0.3353171875 0.2951390625 0.336309375 0.29761875 0.333003125 0.302828125 0.3376328125 0.30853125000000003 0.3409390625 0.3102671875 0.35350468749999997 0.3110125 0.358796875 0.3129953125 0.36011875 0.315971875 0.3591265625 0.3196921875 0.351521875 0.3256453125 0.35681250000000003 0.328125 0.365409375 0.32911718749999996 0.376653125 0.3263890625 0.3849203125 0.3216765625 0.40906093749999994 0.3127484375 0.410384375 0.3110125 0.410384375 0.3048109375 0.41335937500000003 0.3005953125 0.41534375 0.294146875 0.41798906249999995 0.29290625000000003 0.421296875 0.293403125 0.42625624999999995 0.29885937500000004 0.45039687500000003 0.3157234375 0.45039687500000003 0.31795625 0.4474203125 0.321925 0.43783125 0.32886875 0.4401453125 0.3328375 0.4437828125 0.3333328125 0.4517203125 0.33010937500000004 0.4606484375 0.328125 0.468584375 0.32415625000000003 0.47189218750000006 0.3216765625 0.4771828125 0.31349218749999996 0.49305625 0.3015875 0.5066140625 0.3020828125 0.516534375 0.3095234375 0.5208328125 0.3110125 0.5320765625 0.31150781250000004 0.534721875 0.31051562499999996 0.5357140625000001 0.305803125 0.5343921875000001 0.301090625 0.5287703125000001 0.2931546875 0.527115625 0.28819374999999997 0.5284390625000001 0.2827375 0.5337296874999999 0.280009375 0.5558859375 0.2921625 0.572090625 0.29588281250000004 0.5813484375 0.3020828125 0.601521875 0.31150781250000004 0.608134375 0.315971875 0.6187171874999999 0.3187 0.6220234375 0.3187 0.663690625 0.306546875 0.6673281249999999 0.30381874999999997 0.6699734375 0.29885937500000004 0.6795640625 0.2971234375 0.674603125 0.2889390625 0.6663359375 0.285465625 0.6567453125 0.2780265625 0.6554234375 0.27579375 0.656084375 0.26959374999999997 0.663359375 0.25545625 0.6666671875 0.2517359375 0.6683203125 0.2475203125 0.671296875 0.245784375 0.6838625 0.2502484375 0.7020500000000001 0.26463281250000004 0.7020500000000001 0.2671125 0.700396875 0.2693453125 0.6924609375 0.27505 0.6881609375 0.280009375 0.6884921875 0.2842265625 0.6954359375 0.287203125 0.709325 0.28323437500000004 0.7202375 0.275296875 0.7384265625 0.2651296875 0.74305625 0.2611609375 0.7549609375 0.257440625 0.758928125 0.2547125 0.77215625 0.2532234375 0.774140625 0.2557046875 0.7751328125 0.2686015625 0.771825 0.2782734375 0.771825 0.2844734375 0.7701718750000001 0.28993125000000003 0.7711640625 0.2921625 0.7731484375 0.2931546875 0.7870375000000001 0.2924109375 0.7999343750000001 0.2891859375 0.8082015625000001 0.2859625 0.814153125 0.28224218749999996 0.8224203125 0.272321875 0.829034375 0.2673609375 0.8310187499999999 0.2633921875 0.8336640624999999 0.2611609375 0.853175 0.2579359375 0.8591265625 0.25496093750000004 0.8611109375 0.25198437500000004 0.8614421875 0.24727187499999997 0.858465625 0.2373515625 0.855159375 0.2338796875 0.8498671874999999 0.23214218749999999 0.8382937500000001 0.2306546875 0.8055562500000001 0.22966250000000002 0.8002640624999999 0.226934375 0.799603125 0.2237109375 0.796296875 0.220734375 0.78670625 0.2177578125 0.7764546875 0.2162703125 0.77215625 0.21403750000000002 0.7688484375 0.2135421875 0.757275 0.2135421875 0.74669375 0.2150296875 0.7417328125 0.216765625 0.7341265625 0.222965625 0.7235453125 0.22494999999999998 0.7136250000000001 0.22519843750000001 0.6071421875 0.220734375 0.5439812500000001 0.22098281250000001 0.5287703125000001 0.21750937499999998 0.47850468749999997 0.21552656250000002 0.47189218750000006 0.212796875 0.468915625 0.21006874999999997 0.460978125 0.2080859375 0.42394218749999996 0.2068453125 0.396825 0.20138906250000002 0.3888890625 0.1984125 0.38260625 0.19097187499999999 0.3776453125 0.18700468750000002 0.3736765625 0.17113125 0.36177187499999997 0.15724218750000002 0.35383593750000003 0.1530265625 0.3409390625 0.15228124999999998 0.335978125 0.1545140625 0.33101875000000003 0.1594734375 0.328703125 0.16691406250000002 0.325065625 0.173115625 0.32374375 0.180803125 0.32473593749999996 0.1850203125 0.33068749999999997 0.1932046875 0.3349875 0.19618125 0.3406078125 0.20238125 0.348875 0.20634843749999998 0.3452375 0.2075890625 0.31448437500000004 0.2080859375 0.2820765625 0.2046125 0.26488125 0.20436562500000002 0.2470234375 0.207340625 0.23908749999999998 0.21081406249999998 0.2304890625 0.21081406249999998 0.2162703125 0.205109375 0.1917984375 0.20188437499999998 0.1514546875 0.201140625 0.0631609375 0.1946921875 0.034721875 0.1954359375 0.0013234375 0.191715625 0 0.191715625 0 0.2016375