0 0 0 0 0.03489375 0 0.08358125 0.01585625 0.0558390625 0.045359375 0.0737921875 0.039882812499999996 0.05959375 0.0507265625 0.051460937500000005 0.051664062499999996 0.0359890625 0.0816328125 0.021034375 0.1341421875 0 0 0
0 0 0.7966265625 0.013646875 0.7980171875 0.0449921875 0.79850625 0.0703546875 0.7978671875 0.08895625 0.7942671875 0.114978125 0.7918609375 0.1703296875 0.79663125 0.234453125 0.7926984375 0.247215625 0.7926984375 0.2966703125 0.801675 0.3109953125 0.7971984375 0.34569218749999997 0.7942484375000001 0.3779015625 0.79305625 0.39701875000000003 0.790528125 0.42463749999999995 0.79060625 0.44622812500000003 0.7958375 0.45408906250000003 0.7990437499999999 0.5185015625 0.8040484375 0.570746875 0.804828125 0.5943921875 0.8015828125000001 0.648025 0.7975515625 0.6815015625 0.794665625 0.71431875 0.7891140625 0.7273265624999999 0.7789265624999999 0.7236828125 0.768803125 0.7327250000000001 0.753315625 0.74741875 0.740334375 0.7420125 0.732559375 0.7244265624999999 0.7427171875 0.7178578124999999 0.7390749999999999 0.6958390624999999 0.7362609375 0.687765625 0.7342015625 0.6769921875 0.7311359375 0.6635328125 0.7220625 0.6517328124999999 0.710746875 0.63446875 0.69835625 0.619896875 0.6879125 0.5984359375 0.696825 0.5990296875000001 0.7029421874999999 0.61724375 0.7193359375 0.6120953124999999 0.7303171875000001 0.593559375 0.7267953125 0.58246875 0.73024375 0.567103125 0.7375 0.5463453125 0.728834375 0.5331953125 0.7281859374999999 0.5214734375 0.7272453125 0.5082390625000001 0.7104609375 0.500559375 0.7023234375 0.48060156249999997 0.6915828125 0.4563625 0.6868609375 0.441946875 0.688196875 0.4584734375 0.708396875 0.44370937499999996 0.7299187500000001 0.42626406250000004 0.74235 0.41422499999999995 0.745740625 0.39957031249999997 0.731275 0.38635 0.7230359375 0.372328125 0.7151984375 0.3575171875 0.706415625 0.3418359375 0.6947375 0.322271875 0.68343125 0.3316109375 0.6722171875 0.3388390625 0.6640796875 0.3388390625 0.653484375 0.313971875 0.6494796875 0.32466249999999997 0.6382703125 0.33125625 0.62705625 0.31612968750000003 0.6226484375 0.3026640625 0.6282375 0.2877765625 0.6329953125000001 0.2640140625 0.6413796875 0.2345234375 0.656696875 0.21076250000000002 0.6548703125 0.1864515625 0.6691312500000001 0.1732234375 0.6746578125 0.1606875 0.6569578125 0.18356406249999999 0.6392578125 0.17715 0.628015625 0.158303125 0.625278125 0.13817812499999998 0.636575 0.1131515625 0.6378828125 0.099684375 0.6240046875 0.0811546875 0.6086 0.050345312499999996 0.5966890625 0.024678125000000002 0.5788 0 0.5584453125 0 0.7222125 0 0.7310046875 0 0.7966265625
0 0.141853125 0.445403125 0.15119218750000002 0.4348921875 0.16265000000000002 0.42155156250000003 0.1488671875 0.4172203125 0.125421875 0.42465624999999996 0.105775 0.43268281249999996 0.094846875 0.43975 0.0919921875 0.452940625 0.0942453125 0.46428593749999997 0.10665312499999999 0.461253125 0.1251640625 0.45258750000000003 0.141853125 0.445403125
0 0.1620375 0.38368125000000003 0.176821875 0.3735859375 0.1686640625 0.36284218749999997 0.16264375 0.3568828125 0.153459375 0.355115625 0.1441203125 0.35719375000000003 0.1477109375 0.36669687500000003 0.155178125 0.374303125 0.1620375 0.38368125000000003
0 0.5771796874999999 0.33070625 0.5618984375 0.3378890625 0.5475796875000001 0.347790625 0.5300374999999999 0.36160156250000003 0.523965625 0.3758484375 0.5680078125 0.3492734375 0.5758546875 0.34422031249999996 0.5903484375 0.33860625 0.6043640625 0.3472828125 0.6118046875 0.34698125 0.6149312499999999 0.34207031250000003 0.61763125 0.32245625 0.6144078125 0.315446875 0.5989328125 0.310753125 0.5711593749999999 0.3212640625 0.5771796874999999 0.33070625
0 0.6655484375 0.31995625 0.6819796874999999 0.3183390625 0.674215625 0.30510468749999997 0.6532250000000001 0.2875703125 0.622965625 0.277290625 0.6073609375 0.27842812499999997 0.62635 0.2975625 0.6655484375 0.31995625
0 0.5426703125000001 0.6769296875 0.563603125 0.665440625 0.56855625 0.657709375 0.5535140625 0.6543515625 0.5422703125 0.6567890625 0.53371875 0.6614203125 0.5256453125 0.6668203125 0.517403125 0.6746046875 0.5302374999999999 0.6804671875 0.5426703125000001 0.6769296875
0 0.516815625 0.6369578125 0.5274593750000001 0.646825 0.5423281249999999 0.646578125 0.5425546875 0.6354656249999999 0.53526875 0.6284515625 0.5265625 0.62733125 0.516815625 0.6369578125
0 0.43799374999999996 0.656246875 0.40860624999999995 0.66766875 0.401953125 0.6547984375 0.3907859375 0.6594921874999999 0.3803359375 0.6679828125 0.3672578125 0.6842015625 0.36424687499999997 0.6934671875 0.3661265625 0.6971499999999999 0.38501875 0.6931765624999999 0.43799374999999996 0.656246875
0 0.9066015625 0.8115656250000001 0.906084375 0.8189484374999999 0.9220640625 0.823046875 0.936615625 0.8111109375 0.9342390625 0.8038828125 0.9220437499999999 0.8036078124999999 0.910328125 0.8072890625 0.9066015625 0.8115656250000001
0 0.63236875 0.5254328125 0.66156875 0.553765625 0.67565 0.5756265625 0.7150734375 0.5625718749999999 0.7388671875 0.544678125 0.762378125 0.522753125 0.777846875 0.527215625 0.806775 0.5434953124999999 0.8195109374999999 0.546484375 0.8261125 0.5581875000000001 0.8004390625 0.5793375000000001 0.8217015625 0.5816859375 0.8589421875 0.5645 0.8704062499999999 0.553221875 0.8804828125 0.54585 0.8933031250000001 0.536234375 0.899903125 0.5268703125 0.9169421874999999 0.5142375 0.9324625 0.514140625 0.9240656250000001 0.5010515625 0.914009375 0.48936875 0.9063296875000001 0.4808375 0.887709375 0.465471875 0.87795 0.45219062499999996 0.90213125 0.4429671875 0.9151984375 0.4312921875 0.9334703125000001 0.43100625 0.964478125 0.433690625 0.9515343749999999 0.47504843750000003 0.9500234375 0.4853859375 0.9716734375 0.4752328125 0.9725328125000001 0.459896875 0.97676875 0.43946406250000003 0.9780156249999999 0.432159375 0.9518578124999999 0.4048109375 0.9109796875 0.37295625 0.8932375 0.366421875 0.8807281250000001 0.3606375 0.8783375 0.35098281249999996 0.889265625 0.332028125 0.901065625 0.31680312499999996 0.8930640625 0.3096578125 0.850190625 0.3286328125 0.8319703125 0.3359421875 0.7991734375 0.33900312499999996 0.793534375 0.323309375 0.8107468750000001 0.31518125 0.8063484375 0.3036171875 0.7875015624999999 0.2899578125 0.7586640625000001 0.27206874999999997 0.7393390625 0.2598515625 0.74004375 0.27447187500000003 0.75184375 0.2912265625 0.7257765625 0.30389374999999996 0.71221875 0.31608125 0.688115625 0.33546718750000004 0.6657734375000001 0.348125 0.65999375 0.3502078125 0.6142078125 0.352984375 0.6039828125 0.3580359375 0.5835281250000001 0.37586718750000003 0.625775 0.40286718749999995 0.629075 0.42234999999999995 0.6072765625 0.4029453125 0.5761328125 0.4242203125 0.5573578125 0.44418281249999997 0.5124375 0.47366875 0.5200515625000001 0.479428125 0.56719375 0.46897031250000004 0.6003921875 0.4897796875 0.621725 0.5136078125 0.63236875 0.5254328125
0 0.6732140625 0.6761703125 0.668596875 0.6907984375 0.6757265625 0.6885421875 0.70583125 0.6748624999999999 0.7348250000000001 0.645328125 0.75725625 0.624828125 0.7485296875 0.6179390625 0.7280234375 0.6299625 0.731834375 0.6400859375 0.676159375 0.6757390625 0.6732140625 0.6761703125
0 0.555384375 0.5658375 0.5718203125 0.5571953125 0.576553125 0.5485218749999999 0.576915625 0.5466203125 0.5899140625 0.5405375 0.5969765625 0.5352406249999999 0.6022296875 0.5278343750000001 0.5970093750000001 0.5256734375 0.5856421875 0.5360875 0.5492984375 0.5642265625 0.555384375 0.5658375
0 0.595478125 0.09490625 0.5868125 0.09685625 0.5758687499999999 0.111040625 0.5816234375 0.11139218749999999 0.5858109375 0.10930312499999999 0.589365625 0.1056875 0.59525625 0.0994234375 0.595478125 0.09490625
0 0.5585984374999999 0.012575 0.56453125 0.0125421875 0.57039375 0.0068734375 0.5729515625 0.00230625 0.56511875 0.0006234375000000001 0.561065625 0.0032390624999999998 0.5567859375 0.008229687500000001 0.5585984374999999 0.012575
0 0.705978125 0 0.6978046875 0.005803125 0.6974671875 0.017050000000000003 0.713178125 0.0111328125 0.7208593750000001 0.0066953125 0.72560625 0.0043515625 0.7219109375 0 0.705978125 0
0 0.8679765625 0 0.851546875 0.0092953125 0.8538421875 0.0135484375 0.8665390625 0.0060374999999999995 0.8738906249999999 0.0084203125 0.8799890625 0.0099078125 0.8945109375 0.00415 0.8987296875 0 0.8679765625 0
0 0.9667265625000001 0.36319218750000004 0.9595828125000001 0.370146875 0.9548406249999999 0.37771875 0.9623609375 0.376653125 0.96768125 0.37298437500000003 0.9708953125 0.36979375000000003 0.973571875 0.3638703125 0.9667265625000001 0.36319218750000004
0 0.767803125 0.6118578125 0.7640453125 0.6072390624999999 0.755784375 0.6026374999999999 0.751259375 0.60154375 0.7533921875 0.6059921875 0.7566296875 0.6087078125 0.76136875 0.61105 0.7637234375 0.6121531250000001 0.767803125 0.6118578125
0 0.79445 0.622978125 0.79613125 0.617715625 0.7922359375 0.6137421875 0.781065625 0.6058359375 0.7700140625 0.59953125 0.766228125 0.5966453125 0.7612265625 0.5884625 0.7515171875 0.5827578124999999 0.745621875 0.5859609375 0.7900171874999999 0.62131875 0.79445 0.622978125
0 0.7434421875 0.6963781250000001 0.7383015625 0.69550625 0.7473265625 0.7051953125 0.759528125 0.7147218750000001 0.7658875 0.7212578125 0.77593125 0.726896875 0.7861359375 0.7312484375 0.79118125 0.7333375 0.7917609375 0.7296625 0.7434421875 0.6963781250000001