0 0.075678125 0.2841359375 0.06531875000000001 0.282228125 0.05625 0.2816484375 0.046065625 0.2816484375 0.0277078125 0.2796796875 0.020278125 0.2797609375 0.014728125 0.2823546875 0.0091203125 0.28294687500000004 0.0001421875 0.2832703125 0 0.3060484375 0.0028453124999999998 0.3057765625 0.0454171875 0.312075 0.0537109375 0.30898593750000003 0.0659125 0.30554375 0.074903125 0.303665625 0.079971875 0.30294374999999996 0.098578125 0.302771875 0.15467031250000002 0.30070625 0.1691015625 0.300365625 0.1262 0.294715625 0.10787500000000001 0.28963125 0.08520781250000001 0.28607343749999997 0.075678125 0.2841359375
0 0.181221875 0.2756421875 0.18085625 0.2768515625 0.1860609375 0.2797109375 0.1976734375 0.2797546875 0.1973171875 0.2771578125 0.1897859375 0.2765875 0.1854640625 0.275321875 0.181221875 0.2756421875
0 0.159509375 0.2805328125 0.1706828125 0.28008125 0.15740156249999998 0.2789125 0.1518984375 0.277865625 0.1441625 0.279096875 0.1394703125 0.2800859375 0.1397578125 0.2806953125 0.159509375 0.2805328125
0 0.210128125 0.27955 0.2533078125 0.2787875 0.2520515625 0.2763421875 0.24366875000000002 0.2764703125 0.23064062500000002 0.2771671875 0.221784375 0.276003125 0.2164328125 0.277653125 0.21292499999999998 0.2785703125 0.210128125 0.27955
0 0.26172968750000003 0.354925 0.2599265625 0.3537765625 0.26225624999999997 0.3595859375 0.2678140625 0.3595765625 0.2668390625 0.354009375 0.2642859375 0.352896875 0.26439375 0.355396875 0.26172968750000003 0.354925
0 0.277309375 0.3570171875 0.28116875 0.359571875 0.2838953125 0.35867343749999997 0.28281875 0.3544046875 0.2816078125 0.3565671875 0.27903125 0.3552515625 0.2776953125 0.354334375 0.27355625 0.35447812500000003 0.27145625 0.35431406249999997 0.277309375 0.3570171875
0 0.2904546875 0.38518125 0.293359375 0.3824375 0.290821875 0.37824843750000003 0.2885796875 0.3757828125 0.286078125 0.3733546875 0.2837484375 0.37179531250000003 0.28276875 0.37024218750000004 0.2862734375 0.370125 0.2893515625 0.36819375 0.29275937500000004 0.36564687500000004 0.2895078125 0.3650375 0.285796875 0.366871875 0.2843140625 0.36808593749999996 0.27864062500000003 0.36919843750000003 0.275721875 0.3685328125 0.2715109375 0.3679265625 0.270671875 0.36938593750000004 0.273065625 0.37510781249999997 0.2751046875 0.3767890625 0.280134375 0.380375 0.2857890625 0.382190625 0.2904546875 0.38518125
0 0.17390468750000002 0.22291875 0.1787015625 0.22348125 0.1812140625 0.22219843749999998 0.1816453125 0.22096875 0.1797671875 0.2192203125 0.1779484375 0.2195390625 0.174975 0.22063281250000003 0.174425 0.221459375 0.17390468750000002 0.22291875
0 0.165646875 0.185375 0.192834375 0.1847578125 0.20254374999999997 0.1847625 0.2038703125 0.1846796875 0.1998609375 0.1780359375 0.196053125 0.1706859375 0.19201875 0.164559375 0.18672187499999998 0.1626484375 0.181978125 0.16262812499999998 0.1755875 0.1675359375 0.16776875 0.171915625 0.160796875 0.1747609375 0.15579375 0.17621875 0.15685312499999998 0.17949375 0.1607015625 0.18480000000000002 0.165646875 0.185375
0 0.17726406249999999 0.1604953125 0.17529375 0.1604953125 0.173609375 0.16253125 0.17183125 0.16584062500000002 0.1789078125 0.1613875 0.17726406249999999 0.1604953125
0 0.1708734375 0.21824531249999998 0.1723671875 0.218834375 0.1748921875 0.217721875 0.1734890625 0.2164640625 0.17169218749999998 0.21631874999999998 0.17075 0.2174546875 0.1708734375 0.21824531249999998
0 0.2918703125 0.15367187499999999 0.29959375 0.15545 0.297921875 0.1508890625 0.2940015625 0.13956875 0.29176406250000003 0.1308953125 0.2900453125 0.1268140625 0.288246875 0.12731874999999998 0.2863390625 0.1277984375 0.283546875 0.12861406250000001 0.286490625 0.13740625 0.28744375 0.140125 0.28974375 0.14613437499999998 0.2918703125 0.15367187499999999
0 0.1213390625 0.0846328125 0.12466718750000001 0.08139062500000001 0.1296125 0.07836562500000001 0.136803125 0.0723859375 0.14201875 0.0692875 0.13978125 0.0629046875 0.1358484375 0.056810937500000006 0.13215156249999999 0.0496828125 0.1299109375 0.0465921875 0.10042812500000001 0.046718749999999996 0.083090625 0.047428125 0.08181875 0.050231250000000005 0.0766 0.047709375 0.0755328125 0.049434375 0.0754796875 0.05236875 0.07307812500000001 0.0547453125 0.0737046875 0.057829687500000004 0.07518749999999999 0.060232812499999996 0.081715625 0.064353125 0.090315625 0.065253125 0.10317499999999999 0.063740625 0.1082453125 0.062790625 0.11347499999999999 0.061235937500000004 0.1143 0.0633234375 0.10746875 0.0643375 0.1023984375 0.06606406249999999 0.0977609375 0.07090625 0.0958765625 0.073309375 0.098353125 0.0752859375 0.10323125 0.07893750000000001 0.10911718749999999 0.081128125 0.11519375000000001 0.08410625000000001 0.1213390625 0.0846328125
0 0.0595546875 0.046156249999999996 0.0630859375 0.04726875 0.06522343750000001 0.0463859375 0.0662984375 0.0447734375 0.065671875 0.0427375 0.063525 0.0427375 0.0610796875 0.0433 0.0595796875 0.0432296875 0.0573953125 0.042871875 0.056725000000000005 0.044489062499999996 0.0595546875 0.046156249999999996
0 0.34864843749999996 0.2595890625 0.3517046875 0.257709375 0.353434375 0.25741562500000004 0.3614953125 0.25741562500000004 0.3677890625 0.2559125 0.3702984375 0.25212500000000004 0.36795468750000004 0.2514109375 0.3594609375 0.2522390625 0.3501203125 0.25358281250000003 0.335646875 0.25333125 0.33186875 0.2529359375 0.328228125 0.253615625 0.333090625 0.25488125 0.3337640625 0.2573515625 0.33208906250000003 0.25990625 0.3304796875 0.2639984375 0.333490625 0.263375 0.33656874999999997 0.26284375 0.34471093750000004 0.26189062500000004 0.34864843749999996 0.2595890625
0 0.36255625 0.27568281250000004 0.35342656250000004 0.2755140625 0.3398390625 0.2760390625 0.335196875 0.278303125 0.34876874999999996 0.2777515625 0.36564687500000004 0.2782515625 0.36939375 0.278803125 0.3720421875 0.282175 0.37504375 0.294621875 0.37945625 0.295025 0.378021875 0.291565625 0.37741875 0.2884421875 0.376996875 0.2842703125 0.37618125 0.2813484375 0.37467656250000003 0.27875 0.371790625 0.27724375 0.3682140625 0.2763671875 0.36255625 0.27568281250000004
0 0.4428828125 0.31631875 0.43931875 0.319525 0.43446875 0.3216203125 0.42935937500000004 0.32105937500000004 0.4267984375 0.3184546875 0.4227484375 0.3152875 0.4186640625 0.3123 0.41416718750000003 0.31199374999999996 0.4105609375 0.3126390625 0.416978125 0.3198609375 0.42345468750000004 0.3211921875 0.42735625 0.3222203125 0.42879375 0.32551562500000003 0.4342484375 0.32635000000000003 0.439884375 0.3271875 0.437878125 0.324459375 0.444621875 0.3232171875 0.44561875000000006 0.32000937500000004 0.44687968749999996 0.3136625 0.44360625000000004 0.3094125 0.44236875 0.312246875 0.4428828125 0.31631875
0 0.38525624999999997 0.3282859375 0.3877 0.33768125000000004 0.3914 0.34785 0.3963453125 0.34354687500000003 0.39575625 0.3372671875 0.3956546875 0.33332968749999997 0.3943375 0.32877968750000003 0.39114218749999996 0.32623437499999997 0.38944375 0.32408125 0.3839078125 0.32471875 0.38525624999999997 0.3282859375
0 0.41608437499999995 0.3567578125 0.419734375 0.3555140625 0.425559375 0.3542953125 0.42608281249999996 0.3512921875 0.418603125 0.3510828125 0.4105359375 0.3514046875 0.40107499999999996 0.350765625 0.40156875000000003 0.3513125 0.4056421875 0.3537765625 0.4058859375 0.357375 0.40208125 0.36563124999999996 0.3975625 0.3732015625 0.4048078125 0.3774453125 0.410690625 0.38220156250000004 0.4133859375 0.3790015625 0.41294531250000005 0.375284375 0.4097578125 0.3734015625 0.405578125 0.37341875 0.40544375 0.369340625 0.406490625 0.3673359375 0.41794062500000007 0.369046875 0.4231734375 0.3699796875 0.42139218749999996 0.365234375 0.4181515625 0.36044062499999996 0.41608437499999995 0.3567578125
0 0.433303125 0.375834375 0.428621875 0.3757328125 0.423515625 0.3757875 0.41485000000000005 0.3746375 0.42037031249999995 0.37731875000000004 0.423421875 0.3789078125 0.41912031250000004 0.38103125000000004 0.41645937499999997 0.3803671875 0.4136796875 0.38023125 0.41095625 0.3826703125 0.41408125 0.38664062499999996 0.41566093750000005 0.3889234375 0.4178609375 0.392178125 0.41949218750000006 0.39483437499999996 0.4223609375 0.40200625 0.42444375 0.406753125 0.4244671875 0.41185937499999997 0.42411093749999995 0.42052187500000004 0.42608281249999996 0.41968281249999995 0.4282375 0.42392031250000006 0.430746875 0.42633124999999994 0.4354359375 0.4270296875 0.440125 0.4271140625 0.444746875 0.427828125 0.45296562500000004 0.42692500000000005 0.45752499999999996 0.4301828125 0.4620875 0.432478125 0.46746718749999994 0.431484375 0.4729046875 0.4349984375 0.4754625 0.432165625 0.47291875 0.42756718749999995 0.4692359375 0.4230078125 0.46448437499999995 0.420609375 0.4555203125 0.418534375 0.4526671875 0.418265625 0.44780781249999996 0.4155921875 0.4499625 0.412684375 0.45498125 0.41053281249999996 0.45639531250000004 0.40672968750000005 0.46249375 0.4046671875 0.46666406250000003 0.40298437500000006 0.4603890625 0.40144531250000004 0.460265625 0.39840624999999996 0.45773906249999996 0.3994375 0.4559390625 0.40227031249999995 0.45320312500000004 0.40267656250000006 0.45274374999999994 0.40748125 0.44942656249999996 0.4091578125 0.44469062499999995 0.41085781250000003 0.43848906249999997 0.40818281250000005 0.4379359375 0.4050671875 0.43545 0.40275 0.43478125 0.4006015625 0.43810312500000004 0.398775 0.44225624999999996 0.3969921875 0.44551718749999997 0.3966890625 0.4485015625 0.39728125 0.4512125 0.40016875 0.45358124999999994 0.40203749999999994 0.4568171875 0.40030937499999997 0.4589125 0.39645312499999996 0.46145312499999996 0.39342968749999996 0.4559515625 0.3906328125 0.455375 0.3881171875 0.45630781249999997 0.3858796875 0.45835312500000003 0.384546875 0.4597734375 0.3822046875 0.4625828125 0.383259375 0.46667812499999994 0.38160625000000004 0.4635640625 0.376025 0.45919687500000006 0.3759390625 0.45755156250000006 0.37634375000000003 0.454575 0.372328125 0.4471484375 0.371540625 0.44332656249999997 0.37203906249999996 0.439496875 0.3722765625 0.43593125 0.3741203125 0.433303125 0.375834375
0 0.5114578125 0.3507328125 0.5020328125 0.3512578125 0.491321875 0.351271875 0.48263437500000006 0.351271875 0.46660625 0.3508796875 0.45882500000000004 0.35011562500000004 0.44866875000000006 0.35040312500000004 0.445353125 0.3519265625 0.439859375 0.35113125 0.4278453125 0.35302968749999997 0.4286578125 0.35425625 0.4380671875 0.3541609375 0.43975625 0.35281406249999997 0.4434875 0.35388593749999997 0.448478125 0.354315625 0.4545078125 0.35441406249999996 0.45683281249999996 0.3543453125 0.46064531249999996 0.3538875 0.46079375 0.35610624999999996 0.4642734375 0.3593625 0.46926562499999996 0.360275 0.47440625000000003 0.36027343749999996 0.47788281250000003 0.3597265625 0.47981875 0.357084375 0.48631562500000003 0.35539375 0.48801249999999996 0.353665625 0.49362031249999994 0.3577953125 0.50100625 0.3612265625 0.5087328125 0.36530625 0.514521875 0.3687359375 0.5165265625 0.36828906250000004 0.512815625 0.36338593750000003 0.5098 0.362584375 0.50553125 0.360525 0.502290625 0.3581671875 0.5053578125 0.3549390625 0.5087640625 0.3532953125 0.51110625 0.35510625 0.5136499999999999 0.354353125 0.515009375 0.3528296875 0.5200140625 0.3523125 0.524959375 0.3546265625 0.5303984374999999 0.3555890625 0.532334375 0.35795468750000003 0.5391265625 0.3573453125 0.544453125 0.36094375 0.5531359375 0.3631359375 0.553459375 0.36252968750000003 0.5425125000000001 0.3541796875 0.5419453125 0.353553125 0.5479046875 0.35459843750000003 0.551621875 0.35313125 0.55854375 0.3521578125 0.5665671875 0.352765625 0.5741890625 0.35388593749999997 0.5797578125 0.35802812500000003 0.5904281250000001 0.3621046875 0.5969125 0.3658109375 0.6022875 0.36343749999999997 0.606746875 0.36002812500000003 0.6083296875 0.362878125 0.6063500000000001 0.369665625 0.600859375 0.374478125 0.59101875 0.3821265625 0.5958578125 0.3839578125 0.603175 0.3820296875 0.6070328125 0.377521875 0.611053125 0.3726734375 0.6180484374999999 0.36825312499999996 0.6221593750000001 0.3646796875 0.627040625 0.3609 0.6251828125000001 0.3585625 0.6190640625 0.3605828125 0.613340625 0.3588984375 0.621228125 0.356209375 0.6258125 0.35590781250000003 0.63095 0.3575828125 0.6339484375 0.35560468749999996 0.635825 0.353175 0.6368921875 0.3568671875 0.6366468750000001 0.3606390625 0.6425546875 0.361978125 0.6425562499999999 0.3587875 0.63848125 0.35640937500000003 0.6372328125 0.351225 0.6454156249999999 0.3517984375 0.6521703125 0.35117031249999997 0.6584078124999999 0.354525 0.6637187499999999 0.3559140625 0.6675421874999999 0.3559921875 0.6707625 0.3538640625 0.6686625 0.351725 0.6739859375 0.3537296875 0.67714375 0.35626718749999997 0.681078125 0.35718125 0.685084375 0.356015625 0.68853125 0.35801249999999996 0.6939453125 0.36128125 0.6999375 0.3645890625 0.6961296875 0.36854375 0.6929234375 0.371671875 0.6901921875 0.3754203125 0.6900968749999999 0.380040625 0.6908828125 0.38260625 0.69821875 0.379790625 0.7000421875 0.378909375 0.7027015624999999 0.38151718749999997 0.705065625 0.3829265625 0.703034375 0.3854515625 0.70130625 0.38806562499999997 0.7052296874999999 0.39013437500000003 0.7076 0.3924234375 0.704753125 0.3967546875 0.703690625 0.3987796875 0.7033015625 0.40295781249999996 0.70931875 0.3982328125 0.7116625 0.395940625 0.7157359375000001 0.39409218749999997 0.7176875 0.388053125 0.7162328125 0.3844078125 0.7175890625 0.38148593750000004 0.7216296875 0.385521875 0.72770625 0.389775 0.730790625 0.39273125000000003 0.734040625 0.3900765625 0.736253125 0.3855828125 0.7274109375 0.3799 0.7250125 0.37608437499999997 0.729165625 0.3711375 0.7297109374999999 0.36366875 0.7278703125 0.3589953125 0.7197078125 0.35504531250000004 0.7167765625 0.34940000000000004 0.7200765625 0.3490640625 0.7259578125 0.3503859375 0.7314171875000001 0.35095312500000003 0.741534375 0.351021875 0.74476875 0.3516328125 0.750240625 0.3490046875 0.7483546875 0.34528593750000003 0.7448140624999999 0.3420671875 0.7415859375 0.3374765625 0.7372171875 0.3368125 0.7250375 0.3316015625 0.7184296875 0.329809375 0.724240625 0.3246671875 0.7221328125 0.3211484375 0.71683125 0.32313437500000003 0.7163203125 0.3259296875 0.7168234375 0.32801718750000003 0.7137749999999999 0.32919375 0.7094765625 0.33073281250000003 0.7074078125 0.33449375 0.7047328125 0.33624062499999996 0.700840625 0.3373015625 0.697071875 0.338053125 0.691140625 0.338540625 0.6862140625 0.34109218750000003 0.681225 0.34523281250000004 0.6743984375000001 0.345340625 0.66233125 0.34493125 0.65215625 0.34603125 0.6438312500000001 0.34637656250000004 0.63873125 0.3460140625 0.63054375 0.34768750000000004 0.627375 0.34964531249999997 0.622859375 0.34948125 0.6224062499999999 0.3481640625 0.6164421875 0.34683125000000004 0.6139859375000001 0.346978125 0.6010156249999999 0.3469796875 0.5846265625 0.348084375 0.5668046875 0.3484375 0.5555265625 0.34832968750000004 0.548546875 0.34964062500000004 0.5423265625 0.349746875 0.535721875 0.3487484375 0.53249375 0.3494015625 0.52835 0.34976875 0.5212734375 0.35006875000000004 0.5161156250000001 0.349421875 0.5114578125 0.3507328125
0 0.4539640625 0.3552890625 0.45119375 0.35654375 0.4498015625 0.36123125 0.456903125 0.364234375 0.45911406250000003 0.36091562499999996 0.4538296875 0.3583125 0.4592484375 0.3566765625 0.4539640625 0.3552890625
0 0.456496875 0.37412812500000003 0.46252812499999996 0.37424375 0.4686265625 0.3747390625 0.4702578125 0.378225 0.47307499999999997 0.3803140625 0.4769375 0.3765015625 0.47451406250000006 0.371378125 0.47669218750000003 0.36943281250000004 0.4818359375 0.3675140625 0.48816249999999994 0.35993906249999996 0.48420625 0.358278125 0.48148749999999996 0.35969531250000003 0.48131562499999997 0.3585375 0.477365625 0.3586328125 0.4719375 0.36445625000000004 0.46800781249999995 0.3665375 0.463675 0.36905625 0.4566203125 0.3713171875 0.456496875 0.37412812500000003
0 0.49605156250000004 0.362865625 0.4924953125 0.3643546875 0.488175 0.36573125 0.4909078125 0.3681546875 0.495290625 0.3671828125 0.4976546875 0.3659046875 0.49798749999999997 0.3635875 0.49605156250000004 0.362865625
0 0.485240625 0.381215625 0.49058906249999995 0.3861265625 0.4956875 0.3874171875 0.49622343750000003 0.38539687499999997 0.49490937500000004 0.38129843750000003 0.49097656250000005 0.3791390625 0.48817187500000003 0.3791390625 0.48518437499999995 0.3806921875 0.485240625 0.381215625
0 0.5019234375 0.3883421875 0.49840156249999995 0.3870359375 0.49613593749999996 0.389534375 0.4956390625 0.39097031250000003 0.4895875 0.3874125 0.486215625 0.3860828125 0.48118437500000005 0.3870265625 0.47664062500000004 0.3875375 0.47282812500000004 0.3879375 0.46635312500000003 0.3893140625 0.461740625 0.392890625 0.46638124999999997 0.3961484375 0.47010625 0.3974109375 0.4721125 0.39985312500000003 0.475375 0.40273125 0.48090781250000003 0.4007171875 0.48435468750000005 0.3988453125 0.4857 0.39835 0.4918 0.3993140625 0.5003796875 0.39944375 0.5030515624999999 0.3992453125 0.508928125 0.39958125 0.5128625 0.3994703125 0.5112390625 0.39389375000000004 0.5077796875 0.390190625 0.50458125 0.3912484375 0.5044765625000001 0.3936046875 0.5019234375 0.3883421875
0 0.41513906250000004 0.4394078125 0.41099687500000004 0.44299687499999996 0.41445781249999997 0.44780625 0.4206609375 0.44601406250000003 0.4227875 0.44301250000000003 0.42406875 0.43899218749999996 0.42862968749999997 0.43328749999999994 0.4278375 0.428734375 0.421296875 0.428446875 0.41894375000000006 0.43234218750000003 0.41513906250000004 0.4394078125
0 0.3868953125 0.4374203125 0.388846875 0.43909062499999996 0.3920546875 0.4386234375 0.392953125 0.43732499999999996 0.3931015625 0.43402031250000006 0.39192343749999997 0.43089062499999997 0.3907671875 0.4283859375 0.38870312500000004 0.42827656249999996 0.3860234375 0.42989375 0.385546875 0.43217343750000003 0.3862734375 0.434534375 0.3868953125 0.4374203125
0 0.44260625 0.467515625 0.451871875 0.46408125 0.454725 0.46191250000000006 0.460790625 0.46191250000000006 0.466646875 0.4585109375 0.4633890625 0.4549359375 0.458075 0.45331093750000007 0.4543796875 0.4540078125 0.4552953125 0.4503828125 0.45940156249999997 0.447659375 0.4471265625 0.44987656249999997 0.4493265625 0.448028125 0.46335 0.446671875 0.46634062500000006 0.4438578125 0.45762656249999994 0.4375796875 0.4507734375 0.4342921875 0.4497625 0.430509375 0.44197031249999996 0.43254374999999995 0.437509375 0.437815625 0.43022499999999997 0.4405546875 0.42589375 0.44210625 0.42291249999999997 0.44480624999999996 0.4179859375 0.4483625 0.41111250000000005 0.4503421875 0.4053171875 0.44966875 0.40162031249999997 0.4497265625 0.3969796875 0.4519296875 0.39215 0.45570781250000003 0.38582031250000004 0.45832187500000005 0.378365625 0.46211562500000003 0.37701562499999997 0.4622265625 0.37698125 0.464659375 0.38185156249999996 0.46576874999999995 0.3912140625 0.4610921875 0.3927859375 0.45994375 0.39529375 0.4609 0.3958484375 0.46433437499999997 0.3961796875 0.467703125 0.3968671875 0.4727453125 0.396684375 0.4759375 0.396684375 0.4807578125 0.398321875 0.485096875 0.39944531250000004 0.48828281249999994 0.402153125 0.4923125 0.4075796875 0.49592187499999996 0.413759375 0.499125 0.42004374999999994 0.5010546875 0.4231859375 0.50195 0.4272796875 0.5024421875 0.43259375 0.4969359375 0.43432343749999996 0.5001 0.4333875 0.5042328125 0.4331171875 0.507125 0.435653125 0.5069390625 0.4394453125 0.504371875 0.44279999999999997 0.5025890625 0.44354375 0.49971718750000005 0.44796874999999997 0.49667031250000004 0.44832968749999996 0.49181093750000004 0.44775312500000003 0.48996874999999995 0.44564843749999994 0.488771875 0.440884375 0.49065624999999996 0.4389265625 0.4896359375 0.4396140625 0.4827828125 0.44414687500000005 0.47845468750000003 0.4463609375 0.471709375 0.44260625 0.467515625
0 0.451171875 0.49053281249999997 0.454840625 0.49253749999999996 0.45967343749999995 0.494196875 0.462578125 0.4927890625 0.46337031250000005 0.4901546875 0.46110625 0.48657031249999994 0.4574828125 0.483946875 0.45378125 0.48246093749999996 0.4505078125 0.48135781250000004 0.44798125000000005 0.48351249999999996 0.4449109375 0.48342656249999993 0.44817343750000005 0.48719531250000003 0.451171875 0.49053281249999997
0 0.4834296875 0.46727187499999995 0.4854625 0.46839375 0.4883375 0.46847031250000004 0.4920484375 0.4649640625 0.49343750000000003 0.46036875000000005 0.4926015625 0.45836875 0.4867203125 0.46011875 0.48345781250000003 0.4616421875 0.48162031250000004 0.463609375 0.4834296875 0.46727187499999995
0 0.5469078125 0.3931515625 0.5530078125 0.39541875000000004 0.5558062500000001 0.39590000000000003 0.5568765625000001 0.3932859375 0.5549765625 0.39013593750000003 0.5515890625 0.38690625 0.54634375 0.3843015625 0.5407828125 0.3816953125 0.5364140625 0.381071875 0.5356468750000001 0.3826078125 0.5356468750000001 0.385103125 0.5389999999999999 0.38778437499999996 0.54313125 0.390725 0.5469078125 0.3931515625
0 0.618696875 0.385328125 0.6208109375 0.3885578125 0.6300656250000001 0.388421875 0.630725 0.388284375 0.6376593749999999 0.38883125 0.637915625 0.38443125 0.6355453125 0.3802421875 0.630603125 0.3783203125 0.6253640625 0.3799953125 0.6244234375 0.38210937500000003 0.6251125 0.38365312500000004 0.6187578125 0.38249062500000003 0.618696875 0.385328125
0 0.6686687499999999 0.3949890625 0.6699109375 0.39849843749999997 0.6742046875 0.396296875 0.6769437500000001 0.394253125 0.670109375 0.39270625 0.6672687500000001 0.3904859375 0.6647390625 0.391171875 0.6629031249999999 0.394678125 0.6629109375 0.39504843749999996 0.6661875 0.3964640625 0.6686687499999999 0.3949890625
0 0.5202265625 0.4070296875 0.5230515625 0.40899374999999993 0.5257109375 0.406915625 0.52794375 0.4030265625 0.5241328125 0.40297031250000004 0.521109375 0.4056828125 0.5202265625 0.4070296875
0 0.5758921875 0.381325 0.5752843750000001 0.3843375 0.578665625 0.386759375 0.582653125 0.38700625 0.5854140625 0.383578125 0.5854140625 0.382628125 0.578528125 0.37946562500000003 0.5757203125 0.3789890625 0.5758921875 0.381325
0 0.556775 0.4282734375 0.5585312499999999 0.42698749999999996 0.5601546875000001 0.42398749999999996 0.5586703125 0.4203640625 0.550459375 0.4151375 0.54265 0.4119921875 0.5359406250000001 0.40824531249999996 0.52961875 0.4085953125 0.530975 0.4120515625 0.533340625 0.41534531250000006 0.5390890625 0.420665625 0.5473953125000001 0.420759375 0.5471468749999999 0.42362968749999996 0.5429203125 0.4252625 0.53383125 0.4252625 0.529971875 0.4283171875 0.5198140625 0.4361265625 0.5153125000000001 0.4393546875 0.5115515625 0.4453265625 0.5087109375 0.44900624999999994 0.5098484375 0.450875 0.5268531249999999 0.4432171875 0.5303171875 0.4393765625 0.5416640625 0.431434375 0.5508609375 0.42731874999999997 0.556775 0.4282734375
0 0.5987671875 0.386834375 0.5942406250000001 0.387503125 0.5916859375 0.3889359375 0.5898 0.391521875 0.5874718750000001 0.3921046875 0.5862421875 0.39175781249999997 0.5813937499999999 0.3918421875 0.5768718749999999 0.3900296875 0.5739640625 0.3902109375 0.5691828125 0.39866718749999996 0.5584203125 0.4008484375 0.5565015625 0.4013625 0.55763125 0.4060140625 0.5518546875 0.40498124999999996 0.55469375 0.40777656249999994 0.550734375 0.4116640625 0.552478125 0.41512656249999996 0.559403125 0.41340468750000003 0.5619500000000001 0.4095328125 0.5680765625 0.4038515625 0.5750375 0.400096875 0.580690625 0.398321875 0.5842296874999999 0.3975578125 0.5880046875 0.3954171875 0.5962171875 0.3965171875 0.5993062499999999 0.397940625 0.6017781249999999 0.40094375 0.6115468749999999 0.3974875 0.612578125 0.3979703125 0.6052484375 0.40445624999999996 0.5995468749999999 0.4088109375 0.597990625 0.4124875 0.599284375 0.41422968750000005 0.6052796875 0.4139828125 0.615246875 0.40864375 0.624609375 0.40124375 0.6255078125 0.39485468749999997 0.630471875 0.39468437500000003 0.643046875 0.39421875 0.6471703125 0.395959375 0.646553125 0.3886328125 0.642425 0.3884796875 0.6325937500000001 0.3916015625 0.6309812499999999 0.38834375 0.627990625 0.3879578125 0.6283015625 0.3908140625 0.6252796875 0.3907359375 0.62296875 0.3872390625 0.6198421875 0.38801562500000003 0.619971875 0.3911671875 0.61105 0.3944515625 0.608453125 0.394015625 0.6045765624999999 0.390646875 0.5987671875 0.386834375
0 0.60508125 0.4160390625 0.6031046875 0.4150203125 0.5984546875000001 0.41384999999999994 0.5873890625 0.41253906249999994 0.5810265625000001 0.40769374999999997 0.5774453125 0.4080078125 0.5755578125 0.40995312500000003 0.5843375 0.4133828125 0.582046875 0.4154 0.5873953125 0.42097187500000005 0.5889671875 0.42251562500000006 0.5968484375 0.42583593750000004 0.59840625 0.4266421875 0.59631875 0.429184375 0.598840625 0.43039375 0.6030656249999999 0.4273640625 0.6080171875 0.42986250000000004 0.6098 0.43262812500000003 0.605884375 0.43811718749999995 0.6000687499999999 0.4420859375 0.59849375 0.44606874999999996 0.6038265625 0.4472125 0.6096359375 0.44565625000000003 0.6219781249999999 0.4394390625 0.6286765625 0.43357343750000005 0.629509375 0.42825468750000006 0.63366875 0.4274984375 0.6452390625 0.43042187500000006 0.650125 0.430784375 0.6540578125 0.43115781249999996 0.6555625 0.43306093749999997 0.6549484375 0.435640625 0.649071875 0.441334375 0.6468421875 0.444978125 0.6518578125000001 0.4459953125 0.6560312500000001 0.443965625 0.655615625 0.44077656249999997 0.6599140625000001 0.4371875 0.6732703124999999 0.4281703125 0.6729578125 0.42383437500000004 0.67065 0.424384375 0.665496875 0.428884375 0.6591703125 0.43242343749999995 0.6544609375 0.43083593750000004 0.64938125 0.42595312500000004 0.6503359375 0.4215359375 0.6459859375 0.416665625 0.6384015625 0.4127515625 0.6355078125 0.40845312500000003 0.629746875 0.406028125 0.6251187500000001 0.406028125 0.6217203125 0.40594843750000004 0.6165875 0.40756718750000004 0.6223328125 0.41348124999999997 0.6302796875000001 0.4158203125 0.6225734375 0.4158328125 0.6200265625 0.415315625 0.6169609375 0.4189375 0.6125890625 0.42056875 0.6083703125000001 0.420296875 0.60508125 0.4160390625
0 0.6537828125 0.40990937499999996 0.651675 0.40447187500000004 0.6457421875 0.40785781249999997 0.644725 0.4102328125 0.6465859375 0.4125234375 0.65096875 0.4136421875 0.653015625 0.41220468749999994 0.6537828125 0.40990937499999996
0 0.6599468749999999 0.366471875 0.6680484375 0.36235 0.6689812500000001 0.3596328125 0.6658640625000001 0.360128125 0.6576609375 0.36345625 0.6503703125 0.3694359375 0.648425 0.374515625 0.65115625 0.37324375 0.6599468749999999 0.366471875
0 0.5521843750000001 0.455609375 0.558775 0.4598140625 0.5596984375 0.46103125 0.5539328125 0.452175 0.5504109374999999 0.44650156250000006 0.54654375 0.44333125000000007 0.5437046875 0.43972812499999997 0.5352734375 0.4407015625 0.532628125 0.44188124999999995 0.5359703125 0.4476375 0.54011875 0.45416718749999996 0.545796875 0.4580171875 0.5521843750000001 0.455609375
0 0.5756171875 0.4358359375 0.574515625 0.43340781249999993 0.5680546875 0.43617656250000003 0.56726875 0.4391359375 0.567915625 0.44067968750000003 0.57266875 0.439746875 0.57525625 0.43848906249999997 0.5756171875 0.4358359375
0 0.61360625 0.46233124999999997 0.6150859375 0.4629203125 0.61304375 0.45521093749999997 0.612234375 0.45326093749999996 0.60631875 0.45323906249999996 0.5983234375 0.448978125 0.5946109374999999 0.44643125 0.5861703125 0.4443984375 0.5836718750000001 0.4459109375 0.5918703125 0.4523703125 0.5993765625 0.4554625 0.602478125 0.45796875000000004 0.6072046875 0.45981562499999995 0.61360625 0.46233124999999997
0 0.63315 0.4591234375 0.6374453124999999 0.457678125 0.64185625 0.4563796875 0.6374828124999999 0.45337500000000003 0.6441453125 0.45431718749999994 0.6461515624999999 0.45269062499999996 0.64320625 0.4514390625 0.638109375 0.4494546875 0.632815625 0.44727187500000004 0.6367953125 0.446428125 0.638103125 0.444875 0.635659375 0.4413984375 0.6292296875 0.4408 0.626603125 0.43755 0.6241078124999999 0.4400234375 0.6200421875 0.44393593750000004 0.6228625 0.44533281249999995 0.6255859375 0.4457890625 0.6249781249999999 0.4527234375 0.626684375 0.4510140625 0.6283859374999999 0.44758906249999997 0.6293562500000001 0.449075 0.6283921875 0.45112500000000005 0.63060625 0.4557578125 0.6278046875000001 0.4577671875 0.6211359375 0.46059218749999997 0.6172671875 0.4659703125 0.6195234375 0.465509375 0.6270078125 0.46184375 0.63315 0.4591234375
0 0.5113921875 0.55114375 0.51174375 0.5534125000000001 0.517015625 0.552046875 0.5214828125000001 0.5503140625 0.5248328124999999 0.545253125 0.5232609375 0.5433250000000001 0.525878125 0.5403249999999999 0.5280953125 0.5376046875 0.524559375 0.53656875 0.517471875 0.5423281249999999 0.5132296875 0.546253125 0.5113921875 0.55114375
0 0.46235625 0.521659375 0.4584578125 0.5254671875 0.4549921875 0.5253875 0.462190625 0.53206875 0.46790624999999997 0.5349109375000001 0.47040156250000004 0.5337796875 0.46997656250000003 0.5283421875000001 0.46672343749999995 0.5259671875 0.46235625 0.521659375
0 0.47571250000000004 0.5432125 0.4808109375 0.5452921875000001 0.48604062499999995 0.5482734375 0.490265625 0.552065625 0.4948390625 0.5534734375 0.5010609374999999 0.5508203125 0.5003984375 0.548415625 0.4962 0.5478265625 0.4930578125 0.545946875 0.49515000000000003 0.545015625 0.4984125 0.5433343749999999 0.4970671875 0.5412125 0.4957328125 0.5379875000000001 0.49765625 0.5341921875 0.49903125 0.5317093749999999 0.49339062499999997 0.530046875 0.48430937500000004 0.532078125 0.4778515625 0.5351796875 0.475 0.5376953125 0.47571250000000004 0.5432125
0 0.41647187499999994 0.529296875 0.4063296875 0.5243078125 0.40852656249999997 0.5278265625 0.4165453125 0.5329078125 0.4190921875 0.53010625 0.41755312499999997 0.5254125000000001 0.41244531249999994 0.521371875 0.41053281249999996 0.5220890625 0.4097453125 0.5234375 0.41647187499999994 0.529296875
0 0.36609375 0.47545937499999996 0.373184375 0.4805328125 0.37925156250000003 0.482796875 0.381009375 0.479309375 0.37428125 0.47661406250000005 0.370965625 0.47296875 0.3698625 0.46863124999999994 0.36754375 0.4655421875 0.3648265625 0.46502968750000007 0.355565625 0.46745000000000003 0.3452875 0.46758749999999993 0.3289875 0.4655984375 0.316321875 0.462053125 0.31051093750000003 0.461209375 0.30695937500000003 0.4631359375 0.3058375 0.46621562499999997 0.308584375 0.47041093749999996 0.31159375 0.47364843749999996 0.3154765625 0.47559375 0.3216015625 0.47879531249999996 0.32520625000000003 0.4812359375 0.32999999999999996 0.4839875 0.3340671875 0.485678125 0.3410125 0.48396249999999996 0.358553125 0.4738875 0.3614046875 0.4727671875 0.36609375 0.47545937499999996
0 0.3659171875 0.49678125 0.368384375 0.49491874999999996 0.3664921875 0.49169062500000005 0.36436250000000003 0.4894125 0.3607625 0.4884234375 0.356359375 0.4884234375 0.356071875 0.48555312500000003 0.3541203125 0.48460000000000003 0.35297812500000003 0.48156406250000006 0.34721250000000003 0.4848328125 0.343946875 0.4863015625 0.34100625 0.4864390625 0.33907656249999996 0.4886515625 0.3430640625 0.49110156250000003 0.35069374999999997 0.489921875 0.35328125 0.4883875 0.35681875 0.48939062499999997 0.3587734375 0.4912109375 0.36223125 0.4922515625 0.364634375 0.49441406250000003 0.3615890625 0.495328125 0.3604484375 0.4972578125 0.36138593750000003 0.49872187500000004 0.3659171875 0.49678125
0 0.51566875 0.5609656249999999 0.5117078125 0.5613421875 0.511525 0.5650968749999999 0.5154578125 0.5671796875 0.5188625 0.5679859375 0.5192015624999999 0.5649953125 0.5173484375 0.5616390625000001 0.51566875 0.5609656249999999
0 0.5335828125 0.5719546875 0.5373359375 0.5681625 0.535978125 0.566853125 0.5314375 0.5685718750000001 0.5271578124999999 0.57178125 0.5231296875 0.576503125 0.52275625 0.5807421875000001 0.5270875 0.5769296875000001 0.5335828125 0.5719546875
0 0.4919109375 0.5773109375 0.49408906249999995 0.5796921875 0.494275 0.5826921875 0.4987125 0.5833734374999999 0.5005124999999999 0.580759375 0.4983375 0.5764640625 0.4966734375 0.575475 0.4952453125 0.5730890625 0.49241718749999996 0.5718828125 0.4919109375 0.5773109375
0 0.4977609375 0.669965625 0.4998875 0.6731171875 0.503478125 0.674978125 0.5092078124999999 0.6764625 0.5129312500000001 0.677425 0.51286875 0.6741359375 0.5087125 0.668640625 0.50319375 0.6652234375 0.4982046875 0.6646828124999999 0.4962015625 0.6654703125 0.4977609375 0.669965625
0 0.512384375 0.7228921875000001 0.519565625 0.7253453125 0.522153125 0.7269171875 0.5240421875 0.72295625 0.5189125 0.7184734374999999 0.5124187499999999 0.713371875 0.5056984375 0.7066375 0.500946875 0.7043468749999999 0.49710312500000003 0.7039515625 0.4962515625 0.706584375 0.498590625 0.7102390625 0.503740625 0.7136953125 0.5092484374999999 0.71390625 0.5141703125 0.7171406250000001 0.512928125 0.72020625 0.5105734375 0.7192765624999999 0.512384375 0.7228921875000001
0 0.6209484375 0.6566609375 0.6164625 0.6597171875 0.61445625 0.6622984375 0.6148781249999999 0.6635515625 0.6202515625 0.662984375 0.6220203125 0.66128125 0.623184375 0.658765625 0.6228703125 0.6569046875 0.6209484375 0.6566609375
0 0.632365625 0.8119999999999999 0.62689375 0.80795 0.6193625 0.80476875 0.6201828125 0.802021875 0.6151171875 0.7999046875 0.6112375 0.7985078125 0.6109234375 0.8012984375000001 0.60835 0.8036125000000001 0.6015203125 0.8057718749999999 0.593128125 0.8105687500000001 0.590653125 0.8167562500000001 0.5917765625 0.8218781249999999 0.5945890625 0.8249921875 0.6023390625 0.8282484374999999 0.603884375 0.8295078124999999 0.6042953125 0.83281875 0.6071609375 0.8356359375 0.610803125 0.8356140625 0.611596875 0.8385 0.6159265625 0.8424156249999999 0.6210484375 0.8413453125 0.6244546875 0.844215625 0.6232421875 0.84780625 0.6270140625 0.8505140625 0.6317140625000001 0.8505140625 0.635621875 0.85495 0.6283125 0.8554625 0.6161421875 0.85281875 0.611459375 0.8513125 0.6076609375 0.8556374999999999 0.6024499999999999 0.8609671875 0.592059375 0.868359375 0.5917234375 0.8714625 0.5977718750000001 0.8697265625 0.60195 0.8680406250000001 0.6006734375 0.8735937500000001 0.6074375 0.875990625 0.6128828125 0.8778578125 0.6198171875 0.8823328125 0.6331687500000001 0.8843406249999999 0.63783125 0.8815765624999999 0.6364046875 0.8772390624999999 0.6455578125 0.86729375 0.64781875 0.8632546874999999 0.64946875 0.8641406249999999 0.6457078125 0.8706328125 0.641703125 0.8757109375000001 0.6538046875 0.8761859375000001 0.6492484375 0.8808906249999999 0.6417234374999999 0.883375 0.6371421875000001 0.8861078125 0.6364468750000001 0.8911734375 0.6386015625 0.8976546875 0.6474984375 0.9081359375 0.6539015625 0.9074390625 0.6638171875000001 0.8992640625 0.6713734375 0.8943312499999999 0.6755578125 0.89126875 0.6736828125 0.8865359375 0.6767984375 0.8865343749999999 0.6805203125 0.887359375 0.683940625 0.890903125 0.6889968750000001 0.8943859375000001 0.696140625 0.9000875 0.699484375 0.905034375 0.7018640625 0.914325 0.7069265625 0.9108546875 0.7157515625 0.9014218749999999 0.7245765625 0.8949812500000001 0.7281953125 0.8935421874999999 0.731328125 0.8876781250000001 0.73474375 0.8892453124999999 0.733615625 0.8880734374999999 0.7313609375000001 0.8849656250000001 0.7278125 0.8813609375 0.7233468750000001 0.87945 0.7166625 0.87499375 0.7127859375 0.87203125 0.7086546874999999 0.8710296874999999 0.70545625 0.8715093749999999 0.7114921875 0.865121875 0.71456875 0.862925 0.71375 0.8553140625 0.719375 0.8532421875 0.7252921875 0.8478328125000001 0.7297984375000001 0.844059375 0.7283046875 0.8405531249999999 0.71740625 0.8314999999999999 0.71425 0.8268093750000001 0.71196875 0.8276453125 0.7079765625000001 0.8283906249999999 0.6990031250000001 0.8268437499999999 0.6949265625 0.8274234375 0.692071875 0.8314625 0.6936109375 0.83483125 0.69116875 0.8365890625000001 0.685384375 0.8390671875000001 0.6826218749999999 0.838640625 0.6813171875 0.8474015625 0.67473125 0.8432390625 0.676934375 0.840871875 0.6801546875 0.8373078125 0.682346875 0.8333484375 0.6799765625 0.8316953125 0.6751875 0.8342609375000001 0.6724921875 0.8309843750000001 0.6603015625 0.8270765625 0.651515625 0.824721875 0.648334375 0.8228015624999999 0.6475890625 0.8203859375 0.6414125 0.8242734374999999 0.63909375 0.8265734374999999 0.63435625 0.8280640625 0.6349125 0.823034375 0.6346890625 0.8178046875 0.632365625 0.8119999999999999
0 0.6573421875000001 0.8072984375000001 0.652625 0.8087109375000001 0.6501828125 0.8111796874999999 0.649959375 0.8125781249999999 0.65270625 0.8134921875 0.6538296875 0.815334375 0.656971875 0.8143125 0.6600203125 0.812025 0.6604203125 0.809075 0.6573421875000001 0.8072984375000001
0 0.7552171875 0.8076281249999999 0.7536765625 0.8105765625 0.7573203125 0.8128234375 0.7589046875000001 0.8123875 0.7601843749999999 0.8107843750000001 0.760796875 0.8078546875000001 0.7597375000000001 0.8063296875000001 0.757221875 0.806515625 0.7552171875 0.8076281249999999
0 0.6672374999999999 0.8178796875 0.667096875 0.819984375 0.6681515625000001 0.82108125 0.6719515625 0.8222484375000001 0.6748171875 0.8212484375000001 0.6779578125 0.8210890624999999 0.6814421875 0.8207328125 0.6829734375000001 0.8197125 0.6816390625000001 0.8179624999999999 0.677771875 0.8178265625 0.6728796874999999 0.8182406249999999 0.668628125 0.817478125 0.6672374999999999 0.8178796875
0 0.7090078125 0.8083937499999999 0.7125421875 0.803696875 0.7111125 0.7975453124999999 0.7070828125 0.7981765625 0.7067187500000001 0.8037468750000001 0.7082703125 0.8059546875000001 0.7029890625 0.8063874999999999 0.701875 0.8083281250000001 0.7056140625 0.810315625 0.70613125 0.8127125 0.7040203125 0.8158375 0.7036687500000001 0.8187453124999999 0.705134375 0.82148125 0.7095953125000001 0.8232437499999999 0.7111265625 0.823025 0.7166171875 0.8245093750000001 0.72153125 0.8258203125 0.7238671875 0.828775 0.7253328125 0.83063125 0.7292421874999999 0.8310515625000001 0.7338359375 0.8292171875 0.736978125 0.8282453125 0.7417578125000001 0.8267890625 0.7447843749999999 0.821559375 0.7438859375 0.8179046874999999 0.7414703125 0.815940625 0.738440625 0.8104531250000001 0.7323390625 0.807075 0.7273 0.8071171874999999 0.7277015625 0.8046906249999999 0.725603125 0.8039390624999999 0.72 0.8053750000000001 0.7162390624999999 0.8059765625 0.7115750000000001 0.8090187500000001 0.7090078125 0.8083937499999999
0 0.6905 0.7601140625 0.6893609374999999 0.762140625 0.6851109375 0.7614640625 0.683528125 0.7624765625000001 0.6891265625 0.76579375 0.690446875 0.7671187500000001 0.6910140625000001 0.7696140625 0.6942875 0.77046875 0.69720625 0.7706593749999999 0.700428125 0.77294375 0.705221875 0.7716062499999999 0.7062390625 0.7677828124999999 0.7041359375 0.7656640625 0.7046890625 0.7639125 0.7090578125 0.7620890625000001 0.7064874999999999 0.7590703125 0.70225 0.75944375 0.7054984375 0.756621875 0.710859375 0.7574984375 0.71121875 0.7545484375 0.7068515625 0.7523984375 0.70436875 0.749034375 0.7015390625 0.7483593749999999 0.7033765625 0.7518859375 0.703840625 0.75433125 0.7011499999999999 0.7556375 0.6995765625 0.754515625 0.70084375 0.7519828125 0.6993484375000001 0.74960625 0.6971484375 0.7482109375 0.6923125 0.7482984375 0.688665625 0.7503515625 0.686021875 0.7521640625 0.6847921875 0.7525859374999999 0.6814890625000001 0.7539390625 0.678484375 0.756765625 0.6777546875 0.7586359375 0.6795375 0.7600703125 0.6839062499999999 0.756940625 0.685846875 0.75559375 0.6885 0.7541078125 0.6889640625 0.7560421875000001 0.6925421875 0.756009375 0.6966609375 0.755653125 0.6980078125 0.755296875 0.699221875 0.7567781250000001 0.6964812499999999 0.7587890625 0.69275625 0.759240625 0.6905 0.7601140625
0 0.683915625 0.8111750000000001 0.6849984375 0.811609375 0.6886828125 0.812859375 0.691875 0.8129859375 0.6916265625 0.8090999999999999 0.68650625 0.8054343749999999 0.682403125 0.8015812499999999 0.6802015625 0.7998390625 0.6803625 0.8027625 0.6810640625 0.8061546875 0.683915625 0.8111750000000001
0 0.6694578124999999 0.7999515625 0.6739734375 0.8007140625 0.6755765625000001 0.7992375 0.6739531249999999 0.7972 0.6714703125 0.796490625 0.6694125 0.7959015625 0.668328125 0.7968234375 0.6694578124999999 0.7999515625
0 0.5850906250000001 0.8000375 0.583934375 0.7992453125 0.5821578125 0.797578125 0.5805125 0.7996703125 0.5817921875 0.8003671875 0.5837703125 0.8005718749999999 0.5850906250000001 0.8000375
0 0.7580843749999999 0.771675 0.7583515625 0.7684453125 0.7538140624999999 0.7694375 0.752696875 0.77005625 0.753753125 0.7727796875 0.7546109375000001 0.774003125 0.7571859375 0.772784375 0.7580843749999999 0.771675
0 0.7429671875 0.7255578125000001 0.740165625 0.7287078124999999 0.7367859375 0.7301328125000001 0.7364140625 0.7327671875 0.737778125 0.73466875 0.7405328124999999 0.734471875 0.743384375 0.7338046874999999 0.7450796875 0.73201875 0.7471015624999999 0.728784375 0.745571875 0.7260671875 0.7429671875 0.7255578125000001
0 0.654928125 0.7552875 0.6580890625 0.751978125 0.6565484374999999 0.7483640625 0.6541203125 0.7438296875 0.6529890625 0.741015625 0.649434375 0.7393890625 0.6489390625 0.741853125 0.65064375 0.745421875 0.651075 0.7473375 0.6498406250000001 0.7501796875 0.6500671875 0.75248125 0.65054375 0.75478125 0.65194375 0.7558640624999999 0.654928125 0.7552875
0 0.812409375 0.9522187499999999 0.806915625 0.947059375 0.8017046875 0.9435640624999999 0.7965859375 0.9420484374999999 0.79405625 0.9443015625 0.7931515625000001 0.9479625 0.7920515625 0.9491921874999999 0.7873671875 0.9488312499999999 0.784703125 0.9474203125 0.77733125 0.9561921874999999 0.77628125 0.9593859374999999 0.7775890624999999 0.9614578125 0.7748734374999999 0.9631984375 0.774 0.9666796874999999 0.7767968749999999 0.9675046875 0.779859375 0.9656421875 0.7845078125 0.9657796875000001 0.7892109375 0.9657796875000001 0.7943374999999999 0.9656109374999999 0.79960625 0.96065 0.80655 0.9617421875 0.8106421875 0.9631671875000001 0.8167249999999999 0.9626531249999999 0.8165015625 0.9591062499999999 0.812409375 0.9522187499999999
0 0.8268656249999999 0.9608125 0.827846875 0.9638687499999999 0.8294046875 0.9643984375000001 0.8373156249999999 0.9568234375 0.8406375 0.95238125 0.8411296875 0.9481187500000001 0.835615625 0.9498203125 0.8326984375 0.95065625 0.8323124999999999 0.9474203125 0.8267203125 0.9523296875 0.819396875 0.957878125 0.8181390625 0.9603984375 0.8196843749999999 0.9621515625000001 0.8241734375 0.9616078124999999 0.8268656249999999 0.9608125
0 0.8918359375 0.94810625 0.891009375 0.9449406249999999 0.882640625 0.9534484375 0.88050625 0.955871875 0.8857078125 0.9550671875000001 0.8864468750000001 0.9550671875000001 0.8892484375 0.9493140625 0.8918359375 0.94810625
0 0.7403187499999999 0.654784375 0.742046875 0.6547859375 0.74475 0.652703125 0.7406328125 0.65115 0.7388578125 0.6518531249999999 0.738753125 0.6542296875 0.7403187499999999 0.654784375
0 0.643571875 0.6873203125 0.6429296875 0.6895265625 0.6436421875 0.690653125 0.6481046874999999 0.6903015625 0.6501109375 0.6887749999999999 0.651934375 0.6852296875 0.6530078125000001 0.68125 0.6514890624999999 0.6806359375000001 0.6486859375 0.6817124999999999 0.6453515624999999 0.68435 0.643571875 0.6873203125
0 0.7268546875 0.5809609375 0.7305312500000001 0.58555625 0.7360890625 0.5881015625 0.7394125 0.5875890625 0.738234375 0.5819093750000001 0.746478125 0.5851796874999999 0.75176875 0.587390625 0.758984375 0.583971875 0.7608484375 0.5856765625 0.7642359375 0.5824625 0.7713359375 0.576571875 0.7863140625 0.5659609375 0.789321875 0.5670328125 0.7921046875 0.563525 0.7954453125 0.562784375 0.798884375 0.5615140625 0.796834375 0.5552265625 0.797775 0.5569921875 0.8043296874999999 0.5565296875 0.8046828125 0.55435625 0.8040359374999999 0.553096875 0.8015390625000001 0.548815625 0.7991078125 0.5440984375 0.7920828125 0.5423484375000001 0.7891515625000001 0.5421328125 0.786234375 0.5401265625 0.7847296874999999 0.5371953125 0.781771875 0.53578125 0.7759750000000001 0.5411171875 0.772146875 0.541146875 0.7687953125 0.5394187500000001 0.7658109375000001 0.540121875 0.7581703125 0.54091875 0.755371875 0.544165625 0.7509890625 0.5460671875 0.74686875 0.5483359375 0.747540625 0.5520421875 0.7459953125000001 0.5529328125 0.7457578125000001 0.5543984375 0.7411796875000001 0.551609375 0.73793125 0.5529671875 0.7439546874999999 0.558996875 0.73315 0.5605546875 0.7284234374999999 0.5629625 0.7262453125 0.566665625 0.7280421875 0.5687875 0.7317 0.5677375 0.7371375 0.568928125 0.745234375 0.565353125 0.7531343749999999 0.5692203124999999 0.7507718750000001 0.5749140625 0.7441453124999999 0.5761640625 0.7376765625 0.573903125 0.7345640625 0.570790625 0.7322921874999999 0.575046875 0.726665625 0.5792765625 0.7268546875 0.5809609375
0 0.7719921875 0.496353125 0.7752796875 0.49346249999999997 0.78074375 0.49166875 0.782790625 0.4902921875 0.783953125 0.4876578125 0.7835593750000001 0.48429062500000003 0.7801578124999999 0.48035937500000003 0.7786328124999999 0.47788281250000003 0.7782765625 0.47519999999999996 0.7751296875 0.472259375 0.7699625 0.4699703125 0.7660125 0.4677921875 0.76475 0.466840625 0.7600265625 0.4665109375 0.758375 0.46919843749999995 0.7589312500000001 0.4725890625 0.7581421875000001 0.4733546875 0.755290625 0.4739140625 0.7509703125 0.4739171875 0.7461515624999999 0.472696875 0.742128125 0.4709140625 0.73765625 0.469903125 0.7354406250000001 0.47219375 0.7335234374999999 0.47362031250000003 0.730903125 0.47391562499999995 0.7265578125000001 0.47221250000000003 0.7208375 0.469228125 0.7206171875 0.4726515625 0.7202015625 0.475225 0.717784375 0.47668906250000004 0.7178265625 0.4786953125 0.72218125 0.47947187500000005 0.7253359374999999 0.48050156250000003 0.7290453125 0.4832140625 0.7286734375 0.4847546875 0.7231109375 0.48713281249999996 0.7198625 0.48905624999999997 0.720009375 0.4911765625 0.7227953125 0.493303125 0.71413125 0.49625624999999995 0.7121593749999999 0.49906562499999996 0.7177578125 0.50158125 0.723409375 0.4985015625 0.7291390625 0.49322343750000003 0.72968125 0.491896875 0.7368390625 0.48961718750000005 0.7407468749999999 0.48961718750000005 0.7363109375 0.4916515625 0.7328171875 0.494096875 0.7301015625 0.49516875000000005 0.7325109375000001 0.496909375 0.7364765625 0.49741406250000003 0.732821875 0.49953281250000003 0.730659375 0.5010140625 0.729625 0.5041 0.7325015625 0.5062375 0.735959375 0.5053859375 0.739959375 0.50715625 0.740671875 0.5086875 0.7474109375 0.508540625 0.7481375 0.5091015624999999 0.75083125 0.5098171875 0.75325 0.511575 0.7612296875 0.5036328125 0.7668265625 0.502790625 0.768965625 0.5020265625 0.7720296875 0.49821406250000005 0.7719921875 0.496353125
0 0.78134375 0.4347078125 0.7854515625 0.4349390625 0.784875 0.43079999999999996 0.784690625 0.427215625 0.7821234375 0.42421406250000004 0.776890625 0.4254765625 0.7737499999999999 0.4231890625 0.7712687500000001 0.419903125 0.7686546875 0.4203875 0.7655515625 0.42212812499999997 0.7629171875 0.4240734375 0.7614625 0.42565625 0.76099375 0.42916406250000005 0.760040625 0.4319375 0.7614140625 0.43408125000000003 0.7683109375 0.43225781249999995 0.7709125 0.4339921875 0.7716140625000001 0.43747968750000005 0.7749671874999999 0.43855000000000005 0.7811578124999999 0.4364703125 0.78134375 0.4347078125
0 0.9572609375000001 0.43344375 0.9640953124999999 0.4355765625 0.9683484375000001 0.43446562499999997 0.9730281250000001 0.4313234375 0.97295 0.427621875 0.970403125 0.42503906249999995 0.9662015625 0.42501718750000006 0.9623421875 0.42584062500000003 0.9576968750000001 0.4239 0.9530921875 0.42622968749999995 0.9493609375000001 0.424259375 0.9459 0.42673281249999995 0.9418515624999999 0.42993750000000003 0.9400734375 0.43240937500000004 0.944546875 0.43301718749999996 0.9411078125 0.4356 0.941690625 0.4379625 0.9503406249999999 0.43402812500000004 0.952771875 0.43220625 0.9572609375000001 0.43344375
0 0.803034375 0.43470000000000003 0.804025 0.430859375 0.8006125000000001 0.4312625 0.797865625 0.4319609375 0.7966203125 0.435225 0.803034375 0.43470000000000003
0 0.88739375 0.4559609375 0.8905078124999999 0.4548328125 0.890721875 0.45360625 0.8874265625 0.450975 0.8840109375 0.4536328125 0.88739375 0.4559609375
0 0.78945625 0.3533421875 0.784653125 0.3540390625 0.7812375 0.3544078125 0.771690625 0.34807968749999996 0.7822515625 0.347909375 0.7837046875 0.347490625 0.77784375 0.3464015625 0.76975625 0.346646875 0.7645203125 0.3463953125 0.7796703125 0.3569609375 0.7841203125 0.3605203125 0.7810406249999999 0.3612140625 0.783853125 0.3678046875 0.7884484375 0.3704765625 0.7981 0.364321875 0.8038828125 0.3604515625 0.8040687500000001 0.3583921875 0.8018124999999999 0.35697812500000003 0.7966125 0.359421875 0.79744375 0.3538765625 0.797921875 0.3515796875 0.78945625 0.3533421875
0 0.9477421874999999 0.344059375 0.9524296874999999 0.34533593749999997 0.95855625 0.3447015625 0.9630515624999999 0.3439453125 0.97101875 0.34525 0.973453125 0.342734375 0.9676921875 0.34071406249999997 0.9615843749999999 0.339703125 0.9573 0.3367703125 0.9464546875 0.34039687500000004 0.9476734375 0.34232968750000003 0.9477421874999999 0.344059375
0 0.8557671875 0.3416109375 0.854096875 0.34168906250000003 0.8505 0.342675 0.8530609374999999 0.3449421875 0.8557546874999999 0.3449078125 0.857734375 0.34352187500000003 0.8557671875 0.3416109375
0 0.7757468750000001 0.36150000000000004 0.771053125 0.36045 0.768040625 0.358528125 0.7654234375 0.3559640625 0.7566437500000001 0.35488437500000003 0.75290625 0.352715625 0.7483921875 0.352615625 0.744640625 0.3551984375 0.7439390625 0.3569140625 0.7406140625 0.360284375 0.7365734374999999 0.3594515625 0.7374109375 0.3631203125 0.7387046875000001 0.364815625 0.73791875 0.3662484375 0.7399281249999999 0.3690609375 0.74210625 0.370765625 0.7426078125 0.3708734375 0.750175 0.3681671875 0.754 0.364046875 0.756909375 0.3683703125 0.7583125 0.3706953125 0.7666968749999999 0.3703609375 0.7674890624999999 0.367578125 0.7715578125 0.36691875 0.7730890625 0.3670265625 0.7783218749999999 0.3667671875 0.7787765624999999 0.36375625 0.7757468750000001 0.36150000000000004
0 0.715415625 0.431734375 0.714615625 0.43069375 0.7154906249999999 0.4281328125 0.71331875 0.4274453125 0.7114828125 0.4289296875 0.7102937500000001 0.4307625 0.7113140625 0.4323359375 0.715415625 0.431734375
0 0.976009375 0.46165312500000005 0.9754078125 0.46282187500000005 0.9764250000000001 0.46540312500000003 0.98031875 0.46602812499999996 0.982775 0.46562187499999996 0.984490625 0.465709375 0.9856406249999999 0.4628765625 0.9822390625 0.46027968750000003 0.9800265625 0.46052187499999997 0.976009375 0.46165312500000005
0 0.9458781249999999 0.1852078125 0.94215 0.1872125 0.9403515625000001 0.18935156250000001 0.9418046875 0.19194687500000002 0.9460828125 0.1916390625 0.9498046875 0.1905 0.9514156249999999 0.18946093749999998 0.9509187499999999 0.18666875 0.9498453124999999 0.1851859375 0.9458781249999999 0.1852078125
0 0.9641515625 0.098221875 0.9690406250000001 0.09705 0.9734890625 0.094771875 0.9745453124999999 0.0921796875 0.9721187499999999 0.09034687500000001 0.9673859374999999 0.089921875 0.9651249999999999 0.08758125 0.962884375 0.086115625 0.9603171875 0.0882515625 0.9559609375000001 0.0909765625 0.9570578125000001 0.09434375 0.95768125 0.0973765625 0.95933125 0.09971875 0.9641515625 0.098221875
0 0.9612296875 0.019964062499999997 0.9638921874999999 0.024815625 0.9662750000000001 0.0281921875 0.9696890625 0.0292703125 0.9703703125 0.033687499999999995 0.971628125 0.037134375 0.98088125 0.0388828125 0.9871421874999999 0.038242187500000004 0.9924671875 0.033584375 0.9986218750000001 0.028935937499999998 0.9981625 0.02819375 0.9912703125 0.030176562499999997 0.9986921875 0.0270671875 0.9963140625 0.0228703125 0.9935671875000001 0.0209609375 0.9885765624999999 0.0192765625 0.9845890624999999 0.0175984375 0.981025 0.0168109375 0.9742656249999999 0.0165921875 0.9692999999999999 0.017306250000000002 0.9642578125 0.017093749999999998 0.9569140624999999 0.01584375 0.9612296875 0.019964062499999997
0 0.8555359375 0.0059968750000000005 0.8637328125 0.007471875 0.8707328125 0.0072421874999999995 0.8738203125 0.007103125 0.8769890625000001 0.005884375 0.8835906250000001 0.004042187500000001 0.8862046875 0.0035765625000000003 0.8881500000000001 0.0006171875 0.8878421875000001 0.00020625 0.8471734375000001 0 0.8504265625 0.003521875 0.8555359375 0.0059968750000000005
0 0.7498625 0.0487921875 0.7519875 0.05110625 0.75585625 0.052393749999999996 0.7574125 0.052471875 0.7627484375 0.052471875 0.77015 0.05204375 0.7737406250000001 0.051628125000000004 0.7770937499999999 0.05028125 0.7767859374999999 0.047454687499999995 0.775065625 0.042390625 0.7675796874999999 0.039196875 0.765815625 0.0388890625 0.7589296875 0.0397296875 0.7556890625 0.0402046875 0.74849375 0.042446875 0.7473375 0.0429875 0.7483171875 0.046117187500000004 0.7498625 0.0487921875
0 0.7555953125 0.0637015625 0.75735 0.0653328125 0.7610187500000001 0.0652421875 0.7631453125000001 0.0637765625 0.7658375000000001 0.0613 0.7688375 0.0588140625 0.766628125 0.0573796875 0.7638812500000001 0.05689375 0.7595890625 0.058125 0.7556171875000001 0.06209218749999999 0.7551984375 0.062640625 0.7555953125 0.0637015625
0 0.8147734375000001 0.3185 0.8160624999999999 0.317046875 0.8123234374999999 0.3166484375 0.8112406249999999 0.317084375 0.8084421875000001 0.3184234375 0.809171875 0.320303125 0.8115500000000001 0.320353125 0.8134640624999999 0.31979375 0.8147734375000001 0.3185
0 0.1645875 0.5815578125 0.1632859375 0.57709375 0.1581234375 0.575603125 0.1570484375 0.5804484375000001 0.1596765625 0.583215625 0.16419062499999998 0.5835484375 0.1645875 0.5815578125
0 0.21709375 0.5663375 0.21799531249999998 0.56495 0.21461562500000003 0.5642359375 0.21123281249999998 0.565309375 0.2125921875 0.56694375 0.21582812499999998 0.5670484375 0.21709375 0.5663375
0 0 0.3719703125 0.00708125 0.3729671875 0.011835937500000001 0.3716890625 0.0150984375 0.36869843750000003 0.0179125 0.364975 0.017478125 0.360975 0.0096546875 0.3582984375 0.00391875 0.3564453125 0.00022031249999999997 0.35838281250000004 0 0.3719703125
0 0.006967187499999999 0.39587500000000003 0.010596875 0.3941109375 0.011603125 0.3914671875 0.0104734375 0.38794375 0.0079 0.3832109375 0.0049125 0.3800625 0.0041265625 0.37736875 0.0021562499999999997 0.37658749999999996 0 0.37305781250000003 0.0003671875 0.39697343749999997 0.004275 0.396784375 0.006967187499999999 0.39587500000000003
0 0.2387671875 0.40100625 0.2419359375 0.40080625000000003 0.24669375 0.3950390625 0.25115625 0.392109375 0.2557828125 0.3903546875 0.264 0.3835234375 0.2630046875 0.3819390625 0.25819375 0.383640625 0.25720156250000004 0.3852421875 0.25401875 0.386078125 0.25034531250000003 0.38835000000000003 0.24643281250000001 0.39088124999999996 0.2446265625 0.3928765625 0.24139062500000003 0.395678125 0.23944843750000003 0.39878125 0.2387671875 0.40100625
0 0.27447343750000003 0.408684375 0.2764171875 0.4045203125 0.27679062499999996 0.4006796875 0.2737 0.398271875 0.2697859375 0.395628125 0.265390625 0.39306406250000003 0.26113906249999996 0.391025 0.2587203125 0.3899640625 0.25889375000000003 0.39301875000000003 0.2627046875 0.3973390625 0.2608171875 0.399159375 0.26386875 0.4032796875 0.2689140625 0.408403125 0.273575 0.4109015625 0.27447343750000003 0.408684375
0 0.2861109375 0.45971875000000006 0.2838078125 0.46199218750000004 0.28625 0.4635328125 0.292084375 0.46229375 0.2944609375 0.4610046875 0.298965625 0.45860625 0.30291250000000003 0.4554765625 0.29865624999999996 0.4534375 0.2942234375 0.45014843750000005 0.291146875 0.4534421875 0.29129218749999997 0.4559203125 0.288246875 0.45796562500000004 0.2861109375 0.45971875000000006
0 0.2648875 0.43680312499999996 0.2672703125 0.4392984375 0.2702890625 0.44214062500000006 0.2744640625 0.443925 0.2771390625 0.4435953125 0.27662343749999996 0.442078125 0.27542187500000004 0.4393375 0.27254375 0.43797968750000005 0.268859375 0.43613125 0.266390625 0.43444062499999997 0.2648875 0.43680312499999996
0 0.264334375 0.446984375 0.26344218750000004 0.4457671875 0.262321875 0.44529218750000005 0.2589734375 0.4470859375 0.26094062500000004 0.4483140625 0.2630796875 0.4484796875 0.264334375 0.446984375
0 0.3242203125 0.5117625 0.3209546875 0.5113265625000001 0.324784375 0.5144562500000001 0.3284265625 0.5159484375 0.33299375000000003 0.5181390625 0.332875 0.5161921875 0.32753125 0.5131984375 0.3242203125 0.5117625
0 0.320128125 0.48569843749999997 0.311346875 0.4939046875 0.31277187500000003 0.49487031249999996 0.317578125 0.49236250000000004 0.3212234375 0.4940609375 0.32183125 0.492575 0.3201015625 0.4903765625 0.3227703125 0.48727656250000007 0.320128125 0.48569843749999997
0 0.3552734375 0.4986 0.3525453125 0.4992421875 0.3554484375 0.5036031249999999 0.3577828125 0.5041171875 0.3618828125 0.50813125 0.366159375 0.5097375000000001 0.3653578125 0.507034375 0.36283750000000003 0.5050890625 0.35962031250000004 0.50393125 0.3576734375 0.499684375 0.3552734375 0.4986
0 0.29176250000000004 0.6700734374999999 0.2900765625 0.6715484375 0.286540625 0.6721234375 0.2882078125 0.6779625 0.29480625 0.672584375 0.2945578125 0.670728125 0.29176250000000004 0.6700734374999999
0 0.302428125 0.6925953125000001 0.30486562500000003 0.6904656250000001 0.30131406250000003 0.6873625 0.296875 0.686384375 0.29826874999999997 0.6913453125 0.302428125 0.6925953125000001
0 0.283853125 0.7587421875 0.291375 0.75865 0.29573125 0.7582046874999999 0.2996734375 0.75529375 0.3073984375 0.75159375 0.307615625 0.7487421875 0.30572656249999997 0.7453125 0.302740625 0.7419109374999999 0.29943749999999997 0.7419749999999999 0.2923359375 0.7455046875 0.28641875 0.7489828125 0.2845515625 0.7508703125 0.2836125 0.7523703125 0.282903125 0.7571234375 0.283853125 0.7587421875
0 0.032424999999999995 0.0574453125 0.033842187499999996 0.0519421875 0.03741875 0.048634375 0.012896874999999999 0.0499125 0.0223953125 0.057740625000000004 0.02764375 0.06059375 0.032424999999999995 0.0574453125
0 0.45774687500000005 0.2115328125 0.46220937500000003 0.2055125 0.46040468749999997 0.20287187499999998 0.45470156250000004 0.2068125 0.455559375 0.20800468749999998 0.4495265625 0.210278125 0.4450765625 0.21410625 0.45095625000000006 0.21316875 0.448071875 0.2165609375 0.4384234375 0.22039218749999998 0.4347609375 0.223725 0.4377109375 0.227246875 0.44510625 0.223778125 0.4486359375 0.2201453125 0.45774687500000005 0.2115328125
0 0.5156140625 0.20338124999999999 0.5180296875 0.2015171875 0.5192171875 0.1989640625 0.5166921875 0.1988703125 0.5149234375 0.199840625 0.5119828125 0.2013203125 0.5124234375000001 0.2027328125 0.5156140625 0.20338124999999999
0 0.406546875 0.12245781250000001 0.4061328125 0.1193828125 0.4040375 0.1207125 0.40260937500000005 0.12340781249999999 0.40301875000000004 0.1285234375 0.40524843749999995 0.1289984375 0.40706406250000005 0.1280546875 0.40785 0.1256125 0.406546875 0.12245781250000001
0 0.396875 0.56640625 0.390625 0.99921875 0.78984375 1 0.790625 0.98515625 0.78125 0.97265625 0.809375 0.96015625 0.78515625 0.9453125 0.75546875 0.9484375 0.71953125 0.925 0.69609375 0.9265625 0.68984375 0.9328125 0.66171875 0.921875 0.57578125 0.928125 0.55625 0.90234375 0.5609375 0.89921875 0.55859375 0.8828125 0.5234375 0.87578125 0.52578125 0.8625 0.5453125 0.85859375 0.5453125 0.84453125 0.5296875 0.83046875 0.53125 0.81640625 0.5015625 0.79296875 0.5015625 0.78515625 0.5140625 0.77890625 0.515625 0.73671875 0.5 0.72734375 0.48125 0.69140625 0.4515625 0.66640625 0.45078125 0.659375 0.4640625 0.65703125 0.459375 0.63203125 0.4734375 0.60859375 0.4625 0.59609375 0.465625 0.56171875 0.44453125 0.55 0.42421875 0.5515625 0.41640625 0.5609375 0.40234375 0.55625 0.396875 0.56640625
0 0.5912804234375 0.678884653125 0.573960525 0.7054443359375 0.5626549359374999 0.70307805 0.5495793265625 0.722412109375 0.5417198765625 0.73974609375 0.5240431562500001 0.746826171875 0.5286254890625 0.7563758265625 0.545001690625 0.7600285453125 0.53855074375 0.78287916875 0.521249625 0.797142615625 0.5237943203125 0.8060772234375 0.52909029375 0.8153310921875001 0.5486684953125 0.8081336390624999 0.5668663609375 0.806922325 0.578383225 0.8098942687499999 0.5771296578125 0.8064387390625001 0.5767916171875 0.7912315953125 0.5902146562499999 0.77285531875 0.6007549578125 0.7718130265625 0.617755596875 0.783794696875 0.6334791921875 0.78950383125 0.6406766453125 0.78443321875 0.649376503125 0.7537372296875 0.6372915421875 0.738243690625 0.6410851109375 0.7223275984375 0.6107224687499999 0.707040640625 0.5938720703125 0.6959698015625 0.6042104875 0.6754525984375 0.5912804234375 0.678884653125