0 0.9243218750000001 0.7158640625 0.93468125 0.7177718750000001 0.94375 0.7183515625 0.953934375 0.7183515625 0.9722921875000001 0.7203203125 0.9797218750000001 0.7202390624999999 0.9852718749999999 0.7176453125 0.9908796875 0.717053125 0.9998578124999999 0.7167296875 1 0.6939515625 0.9971546874999999 0.6942234375 0.9545828125 0.687925 0.9462890625 0.6910140625000001 0.9340875000000001 0.69445625 0.925096875 0.696334375 0.920028125 0.6970562499999999 0.9014218749999999 0.697228125 0.8453296874999999 0.69929375 0.8308984374999999 0.699634375 0.8737999999999999 0.705284375 0.8921250000000001 0.71036875 0.9147921875 0.7139265625 0.9243218750000001 0.7158640625
0 0.818778125 0.7243578125 0.81914375 0.7231484375 0.8139390625 0.7202890625 0.8023265625 0.7202453125 0.8026828125 0.7228421875000001 0.8102140625 0.7234125 0.8145359375 0.724678125 0.818778125 0.7243578125
0 0.8404906249999999 0.7194671875 0.8293171875 0.7199187499999999 0.8425984375000001 0.7210875 0.8481015624999999 0.722134375 0.8558375 0.720903125 0.8605296875 0.7199140625 0.8602421874999999 0.7193046875 0.8404906249999999 0.7194671875
0 0.789871875 0.72045 0.7466921875 0.7212125 0.7479484375000001 0.7236578125 0.75633125 0.7235296875 0.769359375 0.7228328125 0.778215625 0.723996875 0.7835671875 0.722346875 0.787075 0.7214296874999999 0.789871875 0.72045
0 0.7382703125 0.6450750000000001 0.7400734375 0.6462234375 0.73774375 0.6404140625 0.7321859374999999 0.6404234375 0.7331609375 0.645990625 0.7357140625 0.647103125 0.73560625 0.6446031249999999 0.7382703125 0.6450750000000001
0 0.722690625 0.6429828125 0.71883125 0.640428125 0.7161046875 0.6413265625 0.71718125 0.6455953125 0.7183921875 0.6434328125000001 0.72096875 0.6447484375 0.7223046875 0.645665625 0.7264437499999999 0.645521875 0.7285437499999999 0.6456859374999999 0.722690625 0.6429828125
0 0.7095453125 0.61481875 0.706640625 0.6175625 0.709178125 0.6217515625 0.7114203125 0.6242171875 0.713921875 0.6266453125 0.7162515625 0.6282046875 0.71723125 0.6297578125000001 0.7137265625 0.629875 0.7106484375 0.63180625 0.7072406250000001 0.634353125 0.7104921875 0.6349625 0.7142031249999999 0.633128125 0.7156859375 0.6319140625 0.721359375 0.6308015625000001 0.724278125 0.6314671875 0.7284890625 0.6320734375 0.729328125 0.6306140625000001 0.726934375 0.6248921875 0.7248953124999999 0.6232109375 0.719865625 0.619625 0.7142109375000001 0.617809375 0.7095453125 0.61481875
0 0.8260953125 0.77708125 0.8212984375 0.7765187499999999 0.8187859375000001 0.7778015625 0.8183546875 0.77903125 0.8202328124999999 0.7807796875 0.8220515625000001 0.7804609375 0.8250249999999999 0.7793671875 0.8255750000000001 0.778540625 0.8260953125 0.77708125
0 0.834353125 0.814625 0.807165625 0.8152421875 0.79745625 0.8152375 0.7961296875 0.8153203124999999 0.8001390625000001 0.8219640625 0.803946875 0.8293140625 0.8079812499999999 0.835440625 0.8132781250000001 0.8373515625 0.818021875 0.837371875 0.8244125 0.8324640625 0.8322312500000001 0.8280843750000001 0.839203125 0.8252390625 0.84420625 0.82378125 0.8431468750000001 0.82050625 0.8392984374999999 0.8151999999999999 0.834353125 0.814625
0 0.8227359375000001 0.8395046875000001 0.82470625 0.8395046875000001 0.8263906249999999 0.83746875 0.82816875 0.8341593749999999 0.8210921875 0.8386125 0.8227359375000001 0.8395046875000001
0 0.8291265624999999 0.7817546875 0.8276328124999999 0.7811656250000001 0.8251078125 0.782278125 0.8265109374999999 0.7835359375000001 0.8283078125 0.78368125 0.82925 0.7825453125 0.8291265624999999 0.7817546875
0 0.7081296874999999 0.846328125 0.70040625 0.8445499999999999 0.702078125 0.8491109375000001 0.7059984375 0.8604312500000001 0.7082359375 0.8691046874999999 0.7099546875 0.8731859375000001 0.711753125 0.87268125 0.7136609375 0.8722015624999999 0.7164531249999999 0.8713859375 0.713509375 0.8625937499999999 0.71255625 0.8598750000000001 0.71025625 0.8538656250000001 0.7081296874999999 0.846328125
0 0.8786609375 0.9153671875 0.8753328125 0.918609375 0.8703875 0.921634375 0.8631968750000001 0.9276140625 0.8579812499999999 0.9307124999999999 0.8602187499999999 0.9370953125 0.8641515625 0.9431890624999999 0.8678484375 0.9503171874999999 0.8700890625 0.9534078125000001 0.899571875 0.9532812500000001 0.916909375 0.952571875 0.91818125 0.9497687499999999 0.9234 0.9522906250000001 0.9244671875 0.950565625 0.9245203125 0.94763125 0.926921875 0.9452546875 0.9262953125 0.9421703125 0.9248125 0.9397671875 0.918284375 0.935646875 0.909684375 0.9347468750000001 0.896825 0.936259375 0.8917546875 0.9372093749999999 0.886525 0.9387640625 0.8856999999999999 0.9366765625 0.89253125 0.9356625 0.8976015625 0.9339359375 0.9022390625 0.92909375 0.9041234375 0.926690625 0.901646875 0.9247140625 0.89676875 0.9210625 0.8908828124999999 0.918871875 0.8848062499999999 0.9158937500000001 0.8786609375 0.9153671875
0 0.9404453125 0.9538437500000001 0.9369140625 0.95273125 0.9347765625 0.9536140625 0.9337015624999999 0.9552265625 0.9343281250000001 0.9572625 0.9364750000000001 0.9572625 0.9389203125 0.9567 0.9404203125 0.9567703125 0.9426046875 0.957128125 0.9432750000000001 0.9555109375 0.9404453125 0.9538437500000001
0 0.6513515625 0.7404109375 0.6482953124999999 0.742290625 0.646565625 0.7425843750000001 0.6385046875 0.7425843750000001 0.6322109375 0.7440875 0.6297015625 0.747875 0.6320453125000001 0.7485890625 0.6405390625 0.7477609375000001 0.6498796875 0.7464171875 0.664353125 0.74666875 0.66813125 0.7470640625 0.671771875 0.746384375 0.666909375 0.7451187499999999 0.6662359375 0.7426484375 0.6679109375000001 0.74009375 0.6695203125 0.7360015625 0.666509375 0.736625 0.66343125 0.73715625 0.6552890625 0.738109375 0.6513515625 0.7404109375
0 0.63744375 0.7243171875 0.6465734375000001 0.7244859375 0.6601609374999999 0.7239609375 0.6648031249999999 0.721696875 0.65123125 0.7222484375 0.634353125 0.7217484375 0.63060625 0.721196875 0.6279578124999999 0.717825 0.62495625 0.705378125 0.6205437500000001 0.704975 0.6219781249999999 0.7084343750000001 0.62258125 0.7115578124999999 0.623003125 0.7157296875 0.6238187500000001 0.7186515625000001 0.6253234375 0.7212500000000001 0.628209375 0.72275625 0.6317859375 0.7236328125 0.63744375 0.7243171875
0 0.5571171875 0.68368125 0.56068125 0.680475 0.56553125 0.6783796875 0.570640625 0.678940625 0.5732015625 0.6815453125000001 0.5772515625 0.6847125000000001 0.5813359375 0.6877 0.5858328125 0.68800625 0.5894390625 0.6873609375 0.583021875 0.6801390625 0.5765453125 0.6788078125 0.57264375 0.6777796875 0.57120625 0.674484375 0.5657515625 0.6736500000000001 0.560115625 0.6728125 0.562121875 0.675540625 0.5553781250000001 0.6767828125 0.5543812499999999 0.6799906250000001 0.5531203125 0.6863374999999999 0.55639375 0.6905875 0.55763125 0.687753125 0.5571171875 0.68368125
0 0.6147437499999999 0.6717140625 0.6123000000000001 0.6623187500000001 0.6086 0.65215 0.6036546875 0.656453125 0.60424375 0.6627328125 0.6043453125 0.6666703125 0.6056625 0.6712203125 0.6088578124999999 0.6737656249999999 0.6105562499999999 0.67591875 0.6160921874999999 0.67528125 0.6147437499999999 0.6717140625
0 0.583915625 0.6432421875000001 0.580265625 0.6444859375 0.574440625 0.6457046875 0.5739171875 0.6487078125 0.581396875 0.6489171875 0.5894640625 0.6485953125 0.598925 0.649234375 0.59843125 0.6486875000000001 0.5943578125 0.6462234375 0.5941140625 0.642625 0.59791875 0.6343687499999999 0.6024375 0.6267984375 0.5951921875 0.6225546875 0.589309375 0.6177984375000001 0.5866140625 0.6209984375000001 0.5870546875 0.624715625 0.5902421875 0.6265984375 0.594421875 0.62658125 0.59455625 0.630659375 0.593509375 0.6326640625 0.5820593749999999 0.630953125 0.5768265625 0.6300203125 0.5786078125 0.634765625 0.5818484374999999 0.6395593749999999 0.583915625 0.6432421875000001
0 0.566696875 0.6241656250000001 0.5713781250000001 0.6242671875 0.5764843749999999 0.6242125 0.58515 0.6253625 0.5796296875 0.6226812500000001 0.5765781249999999 0.6210921875000001 0.5808796875 0.61896875 0.583540625 0.6196328125 0.5863203125 0.61976875 0.58904375 0.6173296875000001 0.58591875 0.613359375 0.5843390625 0.6110765625 0.5821390625 0.607821875 0.5805078124999999 0.6051656249999999 0.5776390625000001 0.59799375 0.57555625 0.593246875 0.5755328125 0.5881406250000001 0.5758890625 0.579478125 0.5739171875 0.5803171875 0.5717625 0.5760796874999999 0.569253125 0.5736687500000001 0.5645640625 0.5729703125000001 0.559875 0.5728859374999999 0.555253125 0.572171875 0.547034375 0.573075 0.542475 0.5698171875 0.5379125 0.567521875 0.5325328125000001 0.5685156250000001 0.5270953125 0.5650015625 0.5245375 0.567834375 0.52708125 0.5724328125 0.5307640625000001 0.5769921874999999 0.535515625 0.579390625 0.5444796875 0.581465625 0.5473328125 0.581734375 0.5521921875 0.5844078125000001 0.5500375 0.587315625 0.54501875 0.5894671875 0.5436046875 0.5932703125 0.5375062500000001 0.5953328124999999 0.5333359375 0.5970156249999999 0.5396109375 0.5985546875 0.539734375 0.6015937499999999 0.5422609375 0.6005625 0.5440609375000001 0.5977296875 0.546796875 0.5973234374999999 0.54725625 0.59251875 0.5505734375 0.5908421875000001 0.555309375 0.5891421875 0.5615109375 0.5918171875 0.5620640625 0.5949328125 0.56455 0.5972500000000001 0.56521875 0.5993984375 0.561896875 0.601225 0.55774375 0.6030078125 0.5544828125000001 0.6033109375000001 0.5514984375 0.60271875 0.5487875 0.59983125 0.5464187500000001 0.5979625000000001 0.5431828125 0.599690625 0.5410874999999999 0.6035468749999999 0.538546875 0.6065703124999999 0.5440484375 0.6093671875 0.544625 0.6118828125 0.5436921875 0.6141203125 0.541646875 0.6154531249999999 0.5402265625 0.6177953125 0.5374171875 0.616740625 0.5333218750000001 0.61839375 0.5364359375000001 0.623975 0.5408031249999999 0.6240609375 0.5424484374999999 0.62365625 0.545425 0.627671875 0.5528515625 0.628459375 0.5566734375 0.6279609374999999 0.560503125 0.6277234375 0.56406875 0.6258796875 0.566696875 0.6241656250000001
0 0.48854218749999995 0.6492671875 0.4979671875 0.6487421875 0.508678125 0.648728125 0.5173656249999999 0.648728125 0.53339375 0.6491203125 0.541175 0.649884375 0.5513312499999999 0.6495968750000001 0.554646875 0.6480734375 0.5601406250000001 0.64886875 0.5721546875 0.6469703124999999 0.5713421875 0.6457437500000001 0.5619328125 0.6458390625 0.5602437499999999 0.6471859375 0.5565125 0.6461140624999999 0.5515218749999999 0.645684375 0.5454921875000001 0.6455859375 0.5431671875 0.6456546875 0.5393546875 0.6461125 0.53920625 0.6438937499999999 0.5357265625000001 0.6406375 0.530734375 0.639725 0.52559375 0.6397265625 0.5221171874999999 0.6402734375 0.52018125 0.642915625 0.513684375 0.64460625 0.5119875 0.646334375 0.5063796875000001 0.6422046875 0.49899375 0.6387734375 0.4912671875 0.6346937500000001 0.48547812500000004 0.6312640625 0.4834734375 0.6317109375000001 0.487184375 0.6366140625 0.4902 0.637415625 0.49446874999999996 0.639475 0.497709375 0.6418328125 0.49464218750000005 0.6450609375 0.49123593750000005 0.6467046875 0.48889375 0.64489375 0.48635 0.645646875 0.484990625 0.6471703125 0.47998593749999996 0.6476875 0.475040625 0.6453734375 0.4696015625 0.6444109375 0.467665625 0.6420453125 0.4608734375 0.6426546875 0.455546875 0.63905625 0.4468640625 0.6368640625 0.446540625 0.6374703125 0.45748749999999994 0.6458203124999999 0.45805468749999995 0.646446875 0.4520953125 0.6454015625 0.44837812499999996 0.64686875 0.44145625 0.6478421875 0.4334328125 0.647234375 0.4258109375 0.6461140624999999 0.4202421875 0.6419718750000001 0.409571875 0.6378953125 0.4030875 0.6341890625 0.3977125 0.6365624999999999 0.393253125 0.639971875 0.3916703125 0.637121875 0.39365 0.630334375 0.39914062499999997 0.625521875 0.40898124999999996 0.6178734375 0.4041421875 0.6160421875 0.396825 0.6179703125 0.3929671875 0.622478125 0.38894687499999997 0.6273265625 0.3819515625 0.6317468749999999 0.37784062500000004 0.6353203125 0.372959375 0.6391 0.37481718750000004 0.6414375 0.3809359375 0.6394171875 0.38665937499999997 0.6411015625 0.378771875 0.6437906250000001 0.3741875 0.6440921875 0.36905 0.6424171875 0.3660515625 0.6443953125 0.364175 0.646825 0.3631078125 0.6431328125 0.363353125 0.6393609375 0.3574453125 0.638021875 0.35744375 0.6412125 0.36151875 0.6435906250000001 0.3627671875 0.648775 0.354584375 0.6482015624999999 0.3478296875 0.6488296874999999 0.3415921875 0.645475 0.33628125 0.6440859375 0.3324578125 0.6440078125 0.32923749999999996 0.6461359375 0.3313375 0.648275 0.3260140625 0.6462703125 0.32285624999999996 0.6437328124999999 0.318921875 0.64281875 0.314915625 0.6439843749999999 0.31146875 0.6419875 0.3060546875 0.63871875 0.3000625 0.6354109375 0.3038703125 0.63145625 0.3070765625 0.628328125 0.3098078125 0.6245796875 0.309903125 0.619959375 0.3091171875 0.61739375 0.30178125 0.6202093750000001 0.29995781250000003 0.621090625 0.29729843749999996 0.6184828125 0.294934375 0.6170734375 0.296965625 0.6145484375 0.29869375 0.6119343749999999 0.29477031249999996 0.6098656250000001 0.2924 0.6075765625 0.295246875 0.6032453125 0.296309375 0.6012203125 0.2966984375 0.5970421875 0.29068125 0.6017671874999999 0.2883375 0.6040593750000001 0.2842640625 0.6059078125 0.2823125 0.611946875 0.28376718749999996 0.6155921875 0.2824109375 0.6185140625 0.2783703125 0.614478125 0.27229375 0.610225 0.26920937500000003 0.60726875 0.265959375 0.6099234375 0.263746875 0.6144171875 0.2725890625 0.6201 0.2749875 0.623915625 0.270834375 0.6288625 0.2702890625 0.63633125 0.2721296875 0.6410046875 0.2802921875 0.6449546875000001 0.2832234375 0.6506000000000001 0.27992343750000004 0.6509359375 0.2740421875 0.6496140625 0.2685828125 0.649046875 0.25846562500000003 0.648978125 0.25523125 0.6483671875 0.249759375 0.6509953125 0.2516453125 0.6547140625 0.25518593749999996 0.6579328125 0.2584140625 0.6625234375 0.2627828125 0.6631875 0.2749625 0.6683984374999999 0.28157031250000003 0.670190625 0.275759375 0.6753328125 0.2778671875 0.6788515625 0.28316875 0.676865625 0.2836796875 0.6740703124999999 0.2831765625 0.6719828125 0.286225 0.6708062499999999 0.2905234375 0.6692671875 0.2925921875 0.66550625 0.29526718750000003 0.6637593749999999 0.299159375 0.6626984375 0.302928125 0.661946875 0.308859375 0.661459375 0.3137859375 0.6589078125000001 0.318775 0.6547671875 0.3256015625 0.654659375 0.33766875 0.6550687500000001 0.34784375 0.65396875 0.35616875000000003 0.6536234375000001 0.36126874999999997 0.6539859375 0.36945625 0.6523125000000001 0.372625 0.6503546874999999 0.377140625 0.65051875 0.37759375 0.6518359375 0.3835578125 0.6531687500000001 0.38601406250000003 0.6530218750000001 0.398984375 0.6530203125 0.4153734375 0.651915625 0.4331953125 0.6515625 0.4444734375 0.6516703125000001 0.451453125 0.6503593750000001 0.4576734375 0.650253125 0.464278125 0.6512515624999999 0.46750625 0.6505984375 0.47165 0.65023125 0.4787265625 0.6499312500000001 0.483884375 0.650578125 0.48854218749999995 0.6492671875
0 0.5460359375 0.6447109375 0.5488062499999999 0.6434562500000001 0.5501984375 0.63876875 0.543096875 0.635765625 0.5408859374999999 0.639084375 0.5461703124999999 0.6416875 0.5407515625 0.6433234375 0.5460359375 0.6447109375
0 0.543503125 0.625871875 0.537471875 0.62575625 0.5313734375 0.6252609375 0.5297421875 0.621775 0.5269250000000001 0.6196859375 0.5230625 0.6234984375 0.5254859374999999 0.628621875 0.5233078124999999 0.6305671875 0.5181640625 0.6324859375 0.5118375000000001 0.6400609375 0.51579375 0.641721875 0.5185125 0.6403046875 0.5186843750000001 0.6414625 0.522634375 0.6413671875 0.5280625 0.63554375 0.5319921875 0.6334625 0.5363249999999999 0.6309437499999999 0.5433796875 0.6286828125 0.543503125 0.625871875
0 0.5039484375 0.637134375 0.5075046875 0.6356453125 0.511825 0.63426875 0.5090921875000001 0.6318453125 0.504709375 0.6328171874999999 0.5023453124999999 0.6340953125000001 0.5020125 0.6364124999999999 0.5039484375 0.637134375
0 0.514759375 0.6187843749999999 0.5094109375 0.6138734375 0.5043124999999999 0.6125828125 0.5037765624999999 0.614603125 0.505090625 0.6187015625 0.5090234375 0.6208609375 0.511828125 0.6208609375 0.514815625 0.6193078125 0.514759375 0.6187843749999999
0 0.4980765625 0.6116578125000001 0.5015984375 0.6129640625 0.5038640625 0.610465625 0.5043609375 0.6090296875 0.5104124999999999 0.6125875 0.513784375 0.6139171875 0.518815625 0.6129734375 0.523359375 0.6124625 0.527171875 0.6120625000000001 0.533646875 0.6106859375 0.538259375 0.6071093750000001 0.53361875 0.6038515624999999 0.52989375 0.6025890625 0.5278875000000001 0.600146875 0.524625 0.59726875 0.5190921875 0.5992828125 0.5156453125 0.6011546875 0.5143 0.60165 0.5082 0.6006859375 0.4996203125 0.60055625 0.49694843750000006 0.6007546875 0.491071875 0.60041875 0.48713749999999995 0.6005296875 0.48876093750000005 0.6061062500000001 0.49222031250000003 0.609809375 0.49541874999999996 0.6087515625 0.4955234375 0.6063953125 0.4980765625 0.6116578125000001
0 0.5848609375 0.5605921875 0.589003125 0.557003125 0.5855421875 0.55219375 0.5793390625 0.5539859375 0.5772125 0.5569875 0.57593125 0.5610078125 0.5713703125 0.5667125000000001 0.5721625 0.571265625 0.578703125 0.571553125 0.5810562499999999 0.5676578125 0.5848609375 0.5605921875
0 0.6131046875 0.5625796875 0.611153125 0.560909375 0.6079453125 0.5613765625 0.607046875 0.562675 0.6068984375 0.5659796874999999 0.6080765625 0.569109375 0.6092328124999999 0.5716140625 0.6112968750000001 0.5717234375 0.6139765625 0.57010625 0.614453125 0.5678265625 0.6137265625 0.5654656250000001 0.6131046875 0.5625796875
0 0.55739375 0.532484375 0.5481281250000001 0.53591875 0.545275 0.5380874999999999 0.539209375 0.5380874999999999 0.533353125 0.5414890625 0.5366109375 0.5450640625000001 0.541925 0.5466890624999999 0.5456203125 0.5459921875 0.5447046875 0.5496171875 0.5405984375 0.552340625 0.5528734375 0.5501234375 0.5506734375 0.551971875 0.5366500000000001 0.553328125 0.5336593749999999 0.5561421875 0.5423734375 0.5624203125 0.5492265625 0.5657078125 0.5502374999999999 0.569490625 0.5580296875 0.56745625 0.562490625 0.562184375 0.569775 0.5594453125000001 0.57410625 0.5578937500000001 0.5770875 0.55519375 0.5820140625 0.5516375 0.5888875 0.5496578125 0.5946828125 0.5503312499999999 0.5983796875 0.5502734375 0.6030203125 0.5480703124999999 0.60785 0.5442921875 0.6141796875 0.541678125 0.621634375 0.537884375 0.6229843749999999 0.5377734375000001 0.6230187500000001 0.535340625 0.6181484375 0.53423125 0.6087859375 0.5389078125 0.6072140625 0.54005625 0.60470625 0.5391 0.6041515625 0.535665625 0.6038203125 0.532296875 0.6031328125 0.5272546874999999 0.603315625 0.5240625 0.603315625 0.5192421875 0.6016781250000001 0.514903125 0.6005546875000001 0.5117171875000001 0.597846875 0.5076875000000001 0.5924203125 0.504078125 0.5862406250000001 0.500875 0.5799562500000001 0.49894531249999996 0.5768140625 0.49805 0.5727203125 0.49755781250000003 0.56740625 0.5030640625 0.5656765625 0.49989999999999996 0.5666125 0.4957671875 0.5668828125 0.492875 0.564346875 0.4930609375 0.5605546875 0.495628125 0.5572 0.49741093750000004 0.55645625 0.5002828125 0.55203125 0.5033296875 0.5516703125 0.5081890625 0.552246875 0.51003125 0.5543515625000001 0.5112281249999999 0.559115625 0.50934375 0.5610734374999999 0.5103640625 0.5603859375 0.5172171875 0.555853125 0.5215453125 0.5536390625000001 0.528290625 0.55739375 0.532484375
0 0.548828125 0.5094671875000001 0.545159375 0.5074625 0.5403265625 0.505803125 0.5374218749999999 0.5072109375 0.5366296875 0.5098453125 0.53889375 0.5134296875000001 0.5425171875 0.516053125 0.54621875 0.5175390625 0.5494921875000001 0.5186421875 0.55201875 0.5164875 0.5550890625 0.5165734375000001 0.5518265625 0.5128046875 0.548828125 0.5094671875000001
0 0.5165703125000001 0.532728125 0.5145375 0.5316062500000001 0.5116625 0.5315296875 0.5079515625 0.5350359375 0.5065625 0.53963125 0.5073984375 0.54163125 0.5132796875000001 0.53988125 0.5165421875 0.5383578124999999 0.5183796875 0.536390625 0.5165703125000001 0.532728125
0 0.45309218749999997 0.6068484375 0.44699218749999997 0.6045812500000001 0.44419375 0.6041000000000001 0.4431234375 0.6067140625 0.4450234375 0.6098640625 0.4484109375 0.61309375 0.45365625 0.6156984375000001 0.4592171875 0.6183046875 0.4635859375 0.6189281249999999 0.464353125 0.6173921874999999 0.464353125 0.614896875 0.461 0.6122156249999999 0.45686875000000005 0.609275 0.45309218749999997 0.6068484375
0 0.38130312499999997 0.614671875 0.3791890625 0.6114421875 0.36993437500000004 0.6115781250000001 0.369275 0.611715625 0.36234062499999997 0.61116875 0.362084375 0.61556875 0.3644546875 0.6197578125 0.36939687499999996 0.6216796875 0.3746359375 0.6200046875 0.3755765625 0.617890625 0.3748875 0.616346875 0.3812421875 0.617509375 0.38130312499999997 0.614671875
0 0.33133124999999997 0.6050109375 0.33008906250000003 0.6015015625 0.3257953125 0.603703125 0.32305625 0.605746875 0.329890625 0.60729375 0.33273125000000003 0.6095140625 0.3352609375 0.6088281249999999 0.33709687499999996 0.605321875 0.3370890625 0.6049515624999999 0.33381249999999996 0.6035359375 0.33133124999999997 0.6050109375
0 0.4797734375 0.5929703125 0.47694843750000004 0.5910062500000001 0.4742890625 0.593084375 0.47205624999999996 0.5969734375 0.4758671875 0.5970296875 0.478890625 0.5943171875 0.4797734375 0.5929703125
0 0.42410781249999996 0.618675 0.424715625 0.6156625 0.421334375 0.613240625 0.41734687499999995 0.61299375 0.41458593749999995 0.616421875 0.41458593749999995 0.617371875 0.42147187500000005 0.620534375 0.4242796875 0.6210109375 0.42410781249999996 0.618675
0 0.443225 0.5717265625 0.44146875 0.5730125 0.4398453125 0.5760125 0.4413296875 0.5796359375 0.449540625 0.5848625000000001 0.45735000000000003 0.5880078125 0.464059375 0.5917546875 0.47038125 0.5914046875000001 0.46902499999999997 0.5879484374999999 0.466659375 0.5846546874999999 0.4609109375 0.579334375 0.45260468749999994 0.579240625 0.452853125 0.5763703125 0.4570796875 0.5747375 0.46616875 0.5747375 0.47002812499999996 0.5716828125 0.48018593750000005 0.5638734375000001 0.4846875 0.5606453124999999 0.48844843750000005 0.5546734375 0.49128906250000004 0.5509937500000001 0.4901515625 0.549125 0.473146875 0.5567828125000001 0.4696828125 0.5606234375 0.45833593749999996 0.568565625 0.4491390625 0.57268125 0.443225 0.5717265625
0 0.4012328125 0.6131656249999999 0.405759375 0.6124968749999999 0.4083140625 0.6110640625 0.4102 0.608478125 0.41252812499999997 0.6078953125 0.4137578125 0.6082421874999999 0.41860625 0.6081578125 0.423128125 0.6099703125 0.4260359375 0.6097890625 0.43081718750000003 0.6013328125 0.4415796875 0.5991515625 0.4434984375 0.5986374999999999 0.44236875 0.5939859375000001 0.4481453125 0.59501875 0.44530624999999996 0.5922234375000001 0.44926562499999995 0.5883359375 0.44752187499999996 0.5848734375 0.44059687500000005 0.5865953125 0.43804999999999994 0.5904671875 0.43192343749999995 0.5961484375 0.4249625 0.599903125 0.419309375 0.6016781250000001 0.4157703125 0.6024421875 0.41199531250000004 0.6045828125 0.4037828125 0.6034828125 0.40069375 0.602059375 0.398221875 0.5990562500000001 0.388453125 0.6025125 0.38742187499999997 0.6020296875 0.3947515625 0.59554375 0.400453125 0.5911890625 0.402009375 0.5875125 0.400715625 0.5857703125 0.3947203125 0.5860171875 0.384753125 0.59135625 0.375390625 0.59875625 0.3744921875 0.6051453125 0.369528125 0.605315625 0.356953125 0.6057812499999999 0.3528296875 0.604040625 0.353446875 0.6113671875 0.35757500000000003 0.6115203124999999 0.36740625 0.6083984375 0.36901875 0.61165625 0.37200937500000003 0.6120421875 0.3716984375 0.6091859375 0.3747203125 0.6092640625 0.37703125000000004 0.6127609374999999 0.38015781249999997 0.611984375 0.380028125 0.6088328125 0.38895 0.6055484375 0.391546875 0.605984375 0.3954234375 0.6093531249999999 0.4012328125 0.6131656249999999
0 0.39491875 0.5839609375 0.3968953125 0.5849796875 0.4015453125 0.5861500000000001 0.41261093750000005 0.5874609375000001 0.41897343749999993 0.59230625 0.4225546875 0.5919921875 0.42444218749999996 0.590046875 0.4156625 0.5866171875 0.41795312500000004 0.5846 0.4126046875 0.579028125 0.41103281249999996 0.5774843749999999 0.4031515625 0.5741640625 0.40159374999999997 0.5733578125000001 0.40368125 0.570815625 0.40115937500000004 0.56960625 0.396934375 0.5726359375000001 0.3919828125 0.5701375 0.3902 0.567371875 0.394115625 0.5618828125 0.39993124999999996 0.5579140625 0.40150625 0.55393125 0.3961734375 0.5527875 0.3903640625 0.5543437499999999 0.378021875 0.5605609375 0.37132343749999996 0.5664265625 0.370490625 0.5717453124999999 0.36633125 0.5725015625000001 0.3547609375 0.5695781249999999 0.349875 0.569215625 0.3459421875 0.5688421875 0.3444375 0.5669390625 0.3450515625 0.564359375 0.350928125 0.5586656249999999 0.3531578125 0.555021875 0.34814218750000003 0.5540046875 0.34396875 0.5560343750000001 0.344384375 0.5592234375 0.3400859375 0.5628124999999999 0.3267296875 0.5718296875 0.32704218749999997 0.576165625 0.32935 0.575615625 0.334503125 0.571115625 0.3408296875 0.5675765625 0.3455390625 0.5691640625 0.35061875 0.574046875 0.3496640625 0.5784640624999999 0.3540140625 0.583334375 0.3615984375 0.5872484375 0.3644921875 0.5915468749999999 0.37025312499999996 0.593971875 0.37488125 0.593971875 0.37827968749999996 0.5940515625 0.3834125 0.5924328125 0.3776671875 0.58651875 0.36972031250000004 0.5841796875 0.3774265625 0.5841671875000001 0.3799734375 0.5846843749999999 0.3830390625 0.5810625 0.3874109375 0.5794312500000001 0.3916296875 0.579703125 0.39491875 0.5839609375
0 0.3462171875 0.590090625 0.348325 0.595528125 0.3542578125 0.5921421875 0.355275 0.5897671875 0.3534140625 0.5874765625 0.34903125 0.5863578125 0.346984375 0.5877953125000001 0.3462171875 0.590090625
0 0.34005312499999996 0.633528125 0.3319515625 0.63765 0.33101875000000003 0.6403671875 0.33413593750000004 0.639871875 0.3423390625 0.63654375 0.3496296875 0.6305640625 0.351575 0.625484375 0.34884375 0.62675625 0.34005312499999996 0.633528125
0 0.44781562499999994 0.544390625 0.44122500000000003 0.5401859375 0.4403015625 0.53896875 0.4460671875 0.547825 0.4495890625 0.5534984374999999 0.45345625 0.5566687499999999 0.4562953125 0.560271875 0.4647265625 0.5592984375000001 0.467371875 0.55811875 0.46402968749999995 0.5523625 0.45988125 0.5458328125 0.454203125 0.5419828125 0.44781562499999994 0.544390625
0 0.42438281250000004 0.5641640625 0.425484375 0.5665921875000001 0.4319453125 0.5638234375 0.43273124999999996 0.5608640625 0.43208437499999997 0.5593203124999999 0.42733125000000005 0.560253125 0.42474375000000003 0.5615109375 0.42438281250000004 0.5641640625
0 0.38639375 0.53766875 0.3849140625 0.5370796875 0.38695625 0.5447890625 0.387765625 0.5467390625 0.39368125 0.5467609375 0.40167656249999995 0.551021875 0.4053890625 0.5535687499999999 0.4138296875 0.5556015624999999 0.416328125 0.5540890625 0.40812968749999995 0.5476296875 0.4006234375 0.5445375 0.39752187499999997 0.54203125 0.3927953125 0.540184375 0.38639375 0.53766875
0 0.36685 0.5408765625 0.3625546875 0.5423218750000001 0.35814375 0.5436203125 0.3625171875 0.5466249999999999 0.35585468750000004 0.5456828125000001 0.3538484375 0.547309375 0.35679375 0.5485609375 0.361890625 0.5505453124999999 0.367184375 0.552728125 0.3632046875 0.553571875 0.361896875 0.555125 0.364340625 0.5586015625 0.37077031250000003 0.5591999999999999 0.37339687499999996 0.56245 0.3758921875 0.5599765624999999 0.3799578125 0.5560640625 0.3771375 0.5546671875 0.3744140625 0.5542109375 0.375021875 0.5472765625 0.373315625 0.5489859375 0.3716140625 0.5524109375 0.37064375 0.550925 0.3716078125 0.548875 0.36939375 0.5442421875 0.37219531250000004 0.5422328125 0.37886406250000004 0.5394078125 0.3827328125 0.5340296875 0.3804765625 0.534490625 0.3729921875 0.53815625 0.36685 0.5408765625
0 0.4886078125 0.44885624999999996 0.48825624999999995 0.44658749999999997 0.482984375 0.447953125 0.47851718749999994 0.44968593749999997 0.47516718750000003 0.454746875 0.4767390625 0.456675 0.47412187499999997 0.459675 0.47190468750000003 0.4623953125 0.47544062499999995 0.46343125 0.482528125 0.45767187500000006 0.4867703125 0.45374687500000005 0.4886078125 0.44885624999999996
0 0.53764375 0.47834062499999996 0.5415421874999999 0.4745328125 0.5450078125 0.4746125 0.5378093749999999 0.46793125 0.53209375 0.4650890625 0.5295984375 0.46622031249999996 0.5300234374999999 0.4716578125 0.5332765625 0.47403281249999996 0.53764375 0.47834062499999996
0 0.5242875 0.4567875 0.5191890625 0.4547078125 0.513959375 0.45172656250000004 0.5097343750000001 0.447934375 0.5051609375 0.4465265625 0.49893906250000003 0.44917968750000004 0.4996015625 0.45158437500000004 0.5038 0.45217343750000005 0.5069421875 0.454053125 0.50485 0.454984375 0.5015875000000001 0.456665625 0.5029328125 0.4587875 0.5042671875 0.4620125 0.50234375 0.46580781250000003 0.50096875 0.468290625 0.506609375 0.46995312499999997 0.515690625 0.46792187500000004 0.5221484375000001 0.4648203125 0.525 0.4623046875 0.5242875 0.4567875
0 0.5835281250000001 0.470703125 0.5936703125 0.4756921875 0.5914734375 0.47217343749999996 0.5834546875 0.46709218750000003 0.5809078125 0.46989375000000005 0.582446875 0.4745875 0.5875546875000001 0.478628125 0.5894671875 0.4779109375 0.5902546875 0.4765625 0.5835281250000001 0.470703125
0 0.63390625 0.524540625 0.626815625 0.5194671875 0.6207484375 0.517203125 0.618990625 0.5206906250000001 0.62571875 0.5233859375 0.629034375 0.5270312500000001 0.6301375 0.5313687500000001 0.6324562499999999 0.5344578125 0.6351734375 0.5349703124999999 0.644434375 0.53255 0.6547125 0.5324125000000001 0.6710125 0.5344015625 0.6836781249999999 0.537946875 0.6894890625000001 0.5387906250000001 0.693040625 0.5368640625000001 0.6941625 0.533784375 0.691415625 0.5295890625 0.68840625 0.5263515625 0.6845234375 0.52440625 0.6783984375000001 0.5212046875 0.67479375 0.5187640625000001 0.67 0.5160125 0.6659328125 0.514321875 0.6589875000000001 0.5160375 0.641446875 0.5261125 0.6385953125 0.5272328125 0.63390625 0.524540625
0 0.6340828125 0.50321875 0.631615625 0.50508125 0.6335078125 0.508309375 0.6356375 0.5105875 0.6392375 0.5115765624999999 0.643640625 0.5115765624999999 0.643928125 0.514446875 0.6458796875 0.5154 0.647021875 0.5184359374999999 0.6527875 0.5151671875 0.656053125 0.5136984375 0.6589937499999999 0.5135609375 0.6609234374999999 0.5113484374999999 0.6569359375 0.5088984375 0.64930625 0.5100781249999999 0.64671875 0.5116125 0.64318125 0.510609375 0.6412265625 0.5087890625 0.63776875 0.5077484375 0.635365625 0.5055859375 0.6384109375 0.504671875 0.6395515625 0.5027421875 0.6386140625000001 0.501278125 0.6340828125 0.50321875
0 0.48433125 0.43903437500000003 0.48829218750000003 0.43865781249999997 0.48847500000000005 0.43490312500000006 0.48454218750000005 0.43282031249999997 0.4811375 0.43201406249999996 0.4807984375 0.43500468750000004 0.48265156249999996 0.4383609375 0.48433125 0.43903437500000003
0 0.4664171875 0.4280453125 0.46266406250000003 0.4318375 0.464021875 0.433146875 0.4685625 0.43142812499999994 0.47284218750000007 0.42821875 0.4768703125 0.423496875 0.47724374999999997 0.4192578125 0.47291249999999996 0.4230703125 0.4664171875 0.4280453125
0 0.5080890625000001 0.42268906250000005 0.5059109375 0.42030781250000004 0.505725 0.4173078125 0.5012875 0.4166265625 0.49948750000000003 0.41924062500000003 0.5016625 0.42353593749999996 0.5033265625000001 0.42452500000000004 0.5047546875 0.42691093750000003 0.5075828125 0.4281171875 0.5080890625000001 0.42268906250000005
0 0.5022390624999999 0.330034375 0.5001125 0.3268828125 0.496521875 0.325021875 0.49079218750000003 0.3235375 0.48706875 0.322575 0.48713125 0.3258640625 0.4912875 0.331359375 0.49680625 0.3347765625 0.5017953125 0.3353171875 0.5037984375 0.3345296875 0.5022390624999999 0.330034375
0 0.487615625 0.2771078125 0.480434375 0.2746546875 0.477846875 0.2730828125 0.4759578125 0.27704375 0.4810875 0.28152656249999997 0.48758125 0.286628125 0.4943015625 0.2933625 0.499053125 0.29565312499999996 0.502896875 0.2960484375 0.5037484375 0.293415625 0.5014093749999999 0.2897609375 0.496259375 0.28630468750000004 0.4907515625 0.28609375 0.4858296875 0.282859375 0.487071875 0.27979375 0.4894265625 0.2807234375 0.487615625 0.2771078125
0 0.3790515625 0.3433390625 0.3835375 0.34028281250000003 0.38554374999999996 0.3377015625 0.385121875 0.3364484375 0.3797484375 0.337015625 0.3779796875 0.33871875 0.376815625 0.341234375 0.3771296875 0.34309531249999997 0.3790515625 0.3433390625
0 0.367634375 0.188 0.37310625000000003 0.19205 0.3806375 0.19523125 0.3798171875 0.197978125 0.3848828125 0.2000953125 0.3887625 0.20149218750000003 0.3890765625 0.19870156249999998 0.39165 0.1963875 0.39847968749999996 0.194228125 0.40687187500000005 0.18943125 0.40934687500000005 0.18324374999999998 0.40822343749999995 0.178121875 0.4054109375 0.1750078125 0.3976609375 0.1717515625 0.396115625 0.1704921875 0.3957046875 0.16718125 0.3928390625 0.1643640625 0.389196875 0.1643859375 0.388403125 0.1615 0.3840734375 0.157584375 0.3789515625 0.1586546875 0.3755453125 0.155784375 0.3767578125 0.15219375 0.37298593750000003 0.1494859375 0.3682859375 0.1494859375 0.364378125 0.14504999999999998 0.3716875 0.1445375 0.3838578125 0.14718124999999999 0.388540625 0.1486875 0.3923390625 0.1443625 0.39754999999999996 0.1390328125 0.407940625 0.131640625 0.40827656250000005 0.1285375 0.402228125 0.1302734375 0.39805 0.131959375 0.3993265625 0.12640625 0.39256250000000004 0.124009375 0.3871171875 0.12214218750000001 0.3801828125 0.1176671875 0.36683125 0.11565937500000001 0.36216875000000004 0.11842343749999999 0.3635953125 0.12276093749999999 0.3544421875 0.13270625 0.35218125 0.1367453125 0.35053125 0.135859375 0.3542921875 0.1293671875 0.358296875 0.1242890625 0.3461953125 0.1238140625 0.3507515625 0.119109375 0.3582765625 0.116625 0.36285781250000004 0.1138921875 0.36355312500000003 0.1088265625 0.3613984375 0.10234531250000001 0.3525015625 0.0918640625 0.34609843749999997 0.0925609375 0.33618281250000004 0.10073593750000001 0.3286265625 0.10566875 0.3244421875 0.10873124999999999 0.3263171875 0.1134640625 0.3232015625 0.11346562499999999 0.3194796875 0.11264062500000001 0.316059375 0.10909687500000001 0.311003125 0.10561406250000001 0.303859375 0.0999125 0.300515625 0.094965625 0.2981359375 0.085675 0.29307343750000003 0.08914531249999999 0.2842484375 0.098578125 0.2754234375 0.10501875000000001 0.27180468750000003 0.1064578125 0.268671875 0.11232187499999999 0.26525625 0.11075468749999999 0.266384375 0.1119265625 0.2686390625 0.115034375 0.27218749999999997 0.1186390625 0.276653125 0.12055 0.2833375 0.12500625 0.28721406250000003 0.12796875000000002 0.2913453125 0.1289703125 0.29454375 0.128490625 0.2885078125 0.13487812500000002 0.28543124999999997 0.137075 0.28625 0.1446859375 0.280625 0.1467578125 0.2747078125 0.1521671875 0.2702015625 0.155940625 0.2716953125 0.15944687500000002 0.28259375000000003 0.1685 0.28575 0.173190625 0.28803125 0.1723546875 0.29202343750000004 0.171609375 0.300996875 0.17315624999999998 0.30507343750000004 0.1725765625 0.307928125 0.1685375 0.3063890625 0.16516875 0.30883125 0.1634109375 0.314615625 0.1609328125 0.317378125 0.161359375 0.31868281249999997 0.1525984375 0.32526875 0.1567609375 0.323065625 0.159128125 0.3198453125 0.1626921875 0.317653125 0.1666515625 0.3200234375 0.1683046875 0.3248125 0.16573906249999998 0.3275078125 0.169015625 0.3396984375 0.1729234375 0.348484375 0.175278125 0.351665625 0.1771984375 0.3524109375 0.1796140625 0.3585875 0.17572656250000002 0.36090625 0.1734265625 0.36564375 0.1719359375 0.3650875 0.176965625 0.3653109375 0.1821953125 0.367634375 0.188
0 0.3426578125 0.19270156249999998 0.347375 0.1912890625 0.3498171875 0.1888203125 0.350040625 0.18742187500000002 0.34729375 0.18650781249999998 0.3461703125 0.184665625 0.343028125 0.1856875 0.33997968749999996 0.187975 0.3395796875 0.19092499999999998 0.3426578125 0.19270156249999998
0 0.2447828125 0.192371875 0.2463234375 0.18942343749999999 0.2426796875 0.1871765625 0.2410953125 0.18761250000000002 0.239815625 0.189215625 0.23920312500000002 0.1921453125 0.2402625 0.1936703125 0.24277812499999998 0.193484375 0.2447828125 0.192371875
0 0.33276249999999996 0.1821203125 0.33290312499999997 0.18001562499999998 0.33184843750000004 0.17891875 0.3280484375 0.1777515625 0.3251828125 0.1787515625 0.3220421875 0.1789109375 0.31855781250000004 0.17926718749999998 0.3170265625 0.1802875 0.3183609375 0.18203750000000002 0.322228125 0.18217343749999998 0.3271203125 0.181759375 0.331371875 0.182521875 0.33276249999999996 0.1821203125
0 0.2909921875 0.19160625 0.2874578125 0.196303125 0.2888875 0.2024546875 0.2929171875 0.2018234375 0.29328125 0.196253125 0.2917296875 0.19404531249999998 0.29701093749999996 0.19361250000000002 0.29812500000000003 0.191671875 0.29438593750000003 0.189684375 0.29386875 0.1872875 0.2959796875 0.1841625 0.29633125 0.1812546875 0.294865625 0.17851875 0.29040468750000004 0.17675625 0.2888734375 0.176975 0.2833828125 0.17549062499999998 0.27846875 0.17417968749999999 0.2761328125 0.17122500000000002 0.2746671875 0.16936875 0.2707578125 0.1689484375 0.2661640625 0.1707828125 0.263021875 0.1717546875 0.2582421875 0.1732109375 0.255215625 0.178440625 0.2561140625 0.1820953125 0.2585296875 0.184059375 0.261559375 0.189546875 0.2676609375 0.19292499999999999 0.2727 0.1928828125 0.2722984375 0.195309375 0.274396875 0.1960609375 0.27999999999999997 0.194625 0.2837609375 0.1940234375 0.28842500000000004 0.19098125 0.2909921875 0.19160625
0 0.3095 0.23988593749999998 0.3106390625 0.23785937499999998 0.3148890625 0.23853593750000002 0.316471875 0.2375234375 0.3108734375 0.23420625 0.309553125 0.23288125 0.30898593750000003 0.2303859375 0.3057125 0.22953125000000002 0.30279375000000003 0.229340625 0.299571875 0.22705625000000002 0.294778125 0.22839375 0.2937609375 0.2322171875 0.2958640625 0.23433593749999998 0.2953109375 0.2360875 0.2909421875 0.2379109375 0.2935125 0.2409296875 0.29775 0.24055624999999997 0.2945015625 0.243378125 0.28914062500000004 0.2425015625 0.28878125 0.2454515625 0.2931484375 0.2476015625 0.29563125 0.25096562499999997 0.29846093749999997 0.251640625 0.2966234375 0.2481140625 0.296159375 0.24566875000000002 0.29885 0.24436249999999998 0.3004234375 0.24548437500000003 0.29915625 0.24801718749999999 0.3006515625 0.25039375 0.3028515625 0.2517890625 0.3076875 0.2517015625 0.311334375 0.24964843750000001 0.313978125 0.24783593750000002 0.3152078125 0.2474140625 0.31851093750000004 0.24606093750000002 0.321515625 0.24323437499999997 0.3222453125 0.24136406250000003 0.3204625 0.23992968750000002 0.31609375 0.243059375 0.314153125 0.24440625 0.3115 0.24589218750000003 0.31103593749999997 0.2439578125 0.3074578125 0.243990625 0.3033390625 0.24434687500000002 0.3019921875 0.24470312500000002 0.300778125 0.243221875 0.30351875 0.2412109375 0.30724375 0.24075937500000003 0.3095 0.23988593749999998
0 0.31608437500000003 0.188825 0.3150015625 0.18839062499999998 0.3113171875 0.187140625 0.308125 0.1870140625 0.3083734375 0.19090000000000001 0.31349375 0.19456562500000002 0.317596875 0.19841875 0.3197984375 0.20016093750000002 0.3196375 0.1972375 0.3189359375 0.1938453125 0.31608437500000003 0.188825
0 0.3305421875 0.2000484375 0.3260265625 0.1992859375 0.3244234375 0.2007625 0.32604687499999996 0.2028 0.3285296875 0.20350937500000002 0.3305875 0.20409843749999998 0.331671875 0.2031765625 0.3305421875 0.2000484375
0 0.41490937499999997 0.1999625 0.416065625 0.2007546875 0.41784218749999996 0.20242187500000003 0.41948749999999996 0.20032968750000002 0.41820781250000005 0.1996328125 0.4162296875 0.199428125 0.41490937499999997 0.1999625
0 0.241915625 0.22832499999999997 0.2416484375 0.2315546875 0.2461859375 0.2305625 0.247303125 0.22994374999999997 0.24624687500000003 0.2272203125 0.2453890625 0.225996875 0.2428140625 0.227215625 0.241915625 0.22832499999999997
0 0.2570328125 0.2744421875 0.259834375 0.2712921875 0.2632140625 0.2698671875 0.2635859375 0.26723281249999997 0.262221875 0.26533125 0.2594671875 0.265528125 0.256615625 0.2661953125 0.2549203125 0.26798125 0.25289843749999996 0.271215625 0.254428125 0.2739328125 0.2570328125 0.2744421875
0 0.34507187500000003 0.24471250000000003 0.3419109375 0.248021875 0.3434515625 0.2516359375 0.3458796875 0.2561703125 0.3470109375 0.258984375 0.350565625 0.2606109375 0.3510609375 0.258146875 0.34935625 0.254578125 0.34892500000000004 0.2526625 0.350159375 0.24982031249999997 0.34993281249999997 0.24751875 0.34945624999999997 0.24521874999999999 0.34805625 0.2441359375 0.34507187500000003 0.24471250000000003
0 0.187590625 0.04778125 0.193084375 0.052940625 0.19829531250000001 0.0564359375 0.2034140625 0.0579515625 0.20594375 0.055698437499999996 0.2068484375 0.0520375 0.20794843749999997 0.05080781250000001 0.21263281250000002 0.05116875 0.215296875 0.05257968750000001 0.22266875000000003 0.0438078125 0.22371875000000002 0.0406140625 0.2224109375 0.038542187500000005 0.2251265625 0.0368015625 0.22599999999999998 0.0333203125 0.223203125 0.0324953125 0.22014062499999998 0.0343578125 0.2154921875 0.0342203125 0.2107890625 0.0342203125 0.2056625 0.0343890625 0.20039375 0.03935 0.19345 0.0382578125 0.1893578125 0.0368328125 0.18327500000000002 0.037346875 0.1834984375 0.04089375 0.187590625 0.04778125
0 0.173134375 0.0391875 0.172153125 0.03613125 0.17059531249999998 0.0356015625 0.162684375 0.0431765625 0.15936250000000002 0.04761875 0.1588703125 0.051881250000000004 0.164384375 0.0501796875 0.1673015625 0.04934375 0.1676875 0.05257968750000001 0.1732796875 0.0476703125 0.180603125 0.042121874999999996 0.18186093750000001 0.0396015625 0.180315625 0.0378484375 0.1758265625 0.0383921875 0.173134375 0.0391875
0 0.10816406249999999 0.05189375 0.10899062500000001 0.055059375 0.117359375 0.0465515625 0.11949375 0.044128125000000004 0.1142921875 0.0449328125 0.113553125 0.0449328125 0.1107515625 0.0506859375 0.10816406249999999 0.05189375
0 0.25968125 0.34521562499999997 0.257953125 0.34521406250000003 0.25525000000000003 0.347296875 0.2593671875 0.34885 0.2611421875 0.34814687499999997 0.261246875 0.3457703125 0.25968125 0.34521562499999997
0 0.356428125 0.3126796875 0.3570703125 0.3104734375 0.3563578125 0.309346875 0.3518953125 0.3096984375 0.3498890625 0.311225 0.348065625 0.3147703125 0.3469921875 0.31875 0.3485109375 0.3193640625 0.3513140625 0.3182875 0.35464843749999997 0.31565 0.356428125 0.3126796875
0 0.27314531249999996 0.4190390625 0.26946875000000003 0.41444375000000006 0.2639109375 0.4118984375 0.2605875 0.41241093749999996 0.261765625 0.41809062499999994 0.253521875 0.4148203125 0.24823125 0.412609375 0.241015625 0.41602812499999997 0.23915156249999997 0.41432343749999995 0.2357640625 0.4175375 0.2286640625 0.42342812500000004 0.21368593749999998 0.4340390625 0.210678125 0.43296718749999996 0.20789531249999998 0.436475 0.2045546875 0.437215625 0.201115625 0.4384859375 0.20316562500000002 0.4447734375 0.20222500000000002 0.4430078125 0.1956703125 0.4434703125 0.1953171875 0.44564375 0.1959640625 0.44690312499999996 0.1984609375 0.45118437499999997 0.20089218749999999 0.45590156249999997 0.20791718750000002 0.4576515625 0.2108484375 0.45786718750000005 0.21376562500000001 0.45987343750000004 0.2152703125 0.4628046875 0.218228125 0.46421875 0.224025 0.4588828125 0.227853125 0.458853125 0.2312046875 0.46058125 0.2341890625 0.459878125 0.24182968749999997 0.45908125 0.24462812500000003 0.45583437499999996 0.24901093749999997 0.4539328125 0.25313125 0.4516640625 0.25245937500000004 0.4479578125 0.2540046875 0.44706718749999996 0.2542421875 0.4456015625 0.25882031250000004 0.44839062500000004 0.26206874999999996 0.4470328125 0.2560453125 0.44100312500000005 0.26685 0.4394453125 0.2715765625 0.4370375 0.2737546875 0.433334375 0.2719578125 0.4312125 0.2683 0.43226250000000005 0.2628625 0.43107187500000005 0.254765625 0.434646875 0.246865625 0.4307796875 0.249228125 0.4250859375 0.2558546875 0.4238359375 0.2623234375 0.426096875 0.2654359375 0.429209375 0.2677078125 0.42495312500000004 0.273334375 0.42072343749999996 0.27314531249999996 0.4190390625
0 0.22800781250000002 0.503646875 0.2247203125 0.5065375000000001 0.21925625 0.50833125 0.217209375 0.5097078125000001 0.21604687500000003 0.5123421875 0.216440625 0.5157093749999999 0.2198421875 0.519640625 0.2213671875 0.5221171874999999 0.22172343749999998 0.5248 0.2248703125 0.5277406250000001 0.23003749999999998 0.5300296875 0.23398750000000001 0.5322078125 0.23525000000000001 0.533159375 0.2399734375 0.5334890624999999 0.24162499999999998 0.5308015625 0.24106875 0.5274109375 0.2418578125 0.5266453125 0.244709375 0.5260859375 0.24902968749999999 0.5260828125 0.25384843749999997 0.527303125 0.25787187500000003 0.5290859375 0.26234375 0.530096875 0.26455937500000004 0.52780625 0.26647656249999996 0.5263796875 0.269096875 0.526084375 0.2734421875 0.5277875 0.2791625 0.530771875 0.2793828125 0.5273484374999999 0.2797984375 0.524775 0.28221562499999997 0.5233109375 0.2821734375 0.5213046875 0.27781875 0.520528125 0.2746640625 0.5194984375 0.2709546875 0.5167859375 0.2713265625 0.5152453125 0.2768890625 0.5128671875 0.28013750000000004 0.51094375 0.279990625 0.5088234375 0.2772046875 0.506696875 0.28586875 0.50374375 0.28784062499999996 0.500934375 0.28224218749999996 0.49841875 0.276590625 0.5014984375 0.2708609375 0.5067765625 0.27031875 0.508103125 0.2631609375 0.5103828125 0.259253125 0.5103828125 0.2636890625 0.5083484375 0.26718281250000003 0.505903125 0.26989843750000003 0.50483125 0.26748906250000004 0.503090625 0.2635234375 0.5025859374999999 0.267178125 0.5004671875 0.269340625 0.4989859375 0.270375 0.49589999999999995 0.2674984375 0.4937625 0.264040625 0.4946140625 0.26004062499999997 0.49284375 0.259328125 0.4913125 0.2525890625 0.491459375 0.2518625 0.4908984375 0.24916875 0.49018281249999995 0.24674999999999997 0.488425 0.23877031249999997 0.49636718750000003 0.2331734375 0.497209375 0.231034375 0.49797343749999995 0.22797031250000002 0.5017859375 0.22800781250000002 0.503646875
0 0.21865625 0.5652921875 0.21454843750000002 0.5650609375 0.215125 0.5692 0.215309375 0.572784375 0.2178765625 0.5757859375 0.223109375 0.5745234375 0.22625 0.5768109375 0.22873125 0.580096875 0.2313453125 0.5796125 0.2344484375 0.577871875 0.23708281250000002 0.5759265625000001 0.23853749999999999 0.5743437499999999 0.23900625 0.5708359375 0.23995937500000003 0.5680625 0.23858593749999998 0.56591875 0.23168906250000001 0.5677421875 0.22908750000000003 0.5660078125 0.2283859375 0.5625203125 0.22503281249999998 0.56145 0.2188421875 0.5635296875 0.21865625 0.5652921875
0 0.0427390625 0.56655625 0.0359046875 0.5644234375 0.0316515625 0.565534375 0.026971875 0.5686765625 0.02705 0.572378125 0.029596875 0.5749609375 0.0337984375 0.5749828124999999 0.0376578125 0.574159375 0.042303125000000004 0.5761000000000001 0.0469078125 0.5737703125 0.0506390625 0.575740625 0.0541 0.5732671875 0.058148437500000004 0.5700624999999999 0.0599265625 0.567590625 0.055453125000000006 0.5669828125 0.058892187500000005 0.5644 0.058309375 0.5620375 0.049659375 0.565971875 0.047228124999999996 0.56779375 0.0427390625 0.56655625
0 0.196965625 0.5652999999999999 0.195975 0.569140625 0.1993875 0.5687375 0.20213437500000003 0.5680390625 0.20337968750000002 0.564775 0.196965625 0.5652999999999999
0 0.11260624999999999 0.5440390625 0.1094921875 0.5451671874999999 0.109278125 0.54639375 0.1125734375 0.549025 0.1159890625 0.5463671875 0.11260624999999999 0.5440390625
0 0.21054374999999997 0.6466578125 0.215346875 0.6459609375 0.21876250000000003 0.6455921874999999 0.22830937499999998 0.6519203124999999 0.2177484375 0.652090625 0.2162953125 0.652509375 0.22215625 0.6535984375 0.23024375 0.653353125 0.23547968749999998 0.6536046875 0.22032968749999998 0.6430390625 0.21587968750000003 0.6394796875 0.21895937499999998 0.6387859375 0.21614687500000002 0.6321953125 0.2115515625 0.6295234375 0.20190000000000002 0.635678125 0.1961171875 0.6395484375 0.19593125 0.6416078125 0.19818750000000002 0.643021875 0.2033875 0.640578125 0.20255625 0.6461234375 0.20207812500000003 0.6484203125 0.21054374999999997 0.6466578125
0 0.0522578125 0.655940625 0.0475703125 0.6546640625 0.04144375 0.6552984375 0.0369484375 0.6560546875 0.028981249999999997 0.65475 0.026546874999999998 0.657265625 0.0323078125 0.6592859375 0.038415624999999995 0.660296875 0.0427 0.6632296875 0.0535453125 0.6596031250000001 0.05232656249999999 0.6576703125 0.0522578125 0.655940625
0 0.1442328125 0.6583890625000001 0.145903125 0.6583109375 0.14950000000000002 0.6573249999999999 0.1469390625 0.6550578125000001 0.1442453125 0.6550921875 0.142265625 0.656478125 0.1442328125 0.6583890625000001
0 0.224253125 0.6385 0.22894687500000002 0.6395500000000001 0.23195937500000002 0.6414718749999999 0.23457656249999997 0.6440359375 0.24335625 0.6451156250000001 0.24709374999999997 0.647284375 0.25160781249999997 0.647384375 0.255359375 0.6448015625 0.2560609375 0.6430859375 0.2593859375 0.639715625 0.26342656249999996 0.6405484375 0.26258906249999997 0.6368796875 0.26129531250000004 0.6351843749999999 0.26208125 0.6337515625 0.260071875 0.6309390625 0.25789375 0.629234375 0.2573921875 0.6291265625 0.24982500000000002 0.6318328125 0.246 0.635953125 0.243090625 0.6316296875 0.2416875 0.6293046875 0.233303125 0.6296390625 0.2325109375 0.632421875 0.2284421875 0.63308125 0.22691093750000002 0.6329734375 0.221678125 0.6332328125 0.2212234375 0.63624375 0.224253125 0.6385
0 0.284584375 0.568265625 0.28538437499999997 0.56930625 0.284509375 0.5718671875 0.28668125 0.5725546875 0.2885171875 0.5710703125000001 0.28970625 0.5692375000000001 0.2886859375 0.5676640625 0.284584375 0.568265625
0 0.023990624999999998 0.538346875 0.0245921875 0.537178125 0.023575 0.534596875 0.01968125 0.533971875 0.017224999999999997 0.534378125 0.015509375 0.534290625 0.014359374999999999 0.5371234375 0.0177609375 0.5397203125 0.0199734375 0.539478125 0.023990624999999998 0.538346875
0 0.054121875 0.8147921874999999 0.05785 0.8127875 0.0596484375 0.8106484375 0.0581953125 0.808053125 0.0539171875 0.8083609375 0.0501953125 0.8095000000000001 0.048584375 0.8105390625 0.04908125 0.8133312500000001 0.050154687499999996 0.8148140625 0.054121875 0.8147921874999999
0 0.035848437500000004 0.9017781250000001 0.030959375 0.90295 0.026510937499999998 0.905228125 0.0254546875 0.9078203125 0.027881250000000003 0.909653125 0.0326140625 0.9100781250000001 0.034875 0.91241875 0.037115625 0.913884375 0.0396828125 0.9117484375 0.0440390625 0.9090234374999999 0.0429421875 0.90565625 0.04231875 0.9026234375 0.04066875 0.9002812499999999 0.035848437500000004 0.9017781250000001
0 0.0387703125 0.9800359375 0.0361078125 0.9751843750000001 0.033725 0.9718078125 0.030310937500000003 0.9707296875000001 0.0296296875 0.9663125000000001 0.028371875 0.9628656250000001 0.01911875 0.9611171875 0.0128578125 0.9617578124999999 0.0075328125 0.966415625 0.001378125 0.9710640625 0.0018375 0.97180625 0.0087296875 0.9698234375 0.0013078125 0.9729328125000001 0.0036859375 0.9771296875000001 0.0064328125 0.9790390625000001 0.0114234375 0.9807234375 0.0154109375 0.9824015625 0.018975 0.9831890624999999 0.025734374999999997 0.9834078125 0.030699999999999998 0.9826937499999999 0.0357421875 0.9829062499999999 0.0430859375 0.9841562500000001 0.0387703125 0.9800359375
0 0.1444640625 0.9940031250000001 0.1362671875 0.992528125 0.1292671875 0.9927578125000001 0.1261796875 0.9928968749999999 0.1230109375 0.9941156250000001 0.116409375 0.9959578125 0.1137953125 0.9964234375000001 0.11185 0.9993828125 0.11215781250000001 0.99979375 0.15282656249999998 1 0.14957343750000002 0.996478125 0.1444640625 0.9940031250000001
0 0.2501375 0.9512078125000001 0.24801250000000002 0.9488937500000001 0.24414375000000002 0.94760625 0.2425875 0.947528125 0.2372515625 0.947528125 0.22985000000000003 0.9479562500000001 0.226259375 0.948371875 0.22290625 0.9497187500000001 0.2232140625 0.9525453125000001 0.224934375 0.957609375 0.2324203125 0.960803125 0.23418437499999997 0.9611109375 0.2410703125 0.9602703125 0.24431093750000002 0.9597953125 0.25150625 0.9575531249999999 0.2526625 0.9570125 0.2516828125 0.9538828125000001 0.2501375 0.9512078125000001
0 0.24440468750000002 0.9362984375 0.24264999999999998 0.9346671875 0.23898125 0.9347578125 0.2368546875 0.9362234375 0.2341625 0.9387000000000001 0.2311625 0.9411859375 0.233371875 0.9426203125000001 0.23611875000000002 0.9431062499999999 0.2404109375 0.9418749999999999 0.2443828125 0.9379078125 0.24480156250000001 0.937359375 0.24440468750000002 0.9362984375
0 0.1852265625 0.6815 0.1839375 0.6829531249999999 0.1876765625 0.6833515625000001 0.188759375 0.6829156249999999 0.19155781249999998 0.6815765625 0.190828125 0.679696875 0.18845 0.679646875 0.1865359375 0.68020625 0.1852265625 0.6815
0 0.8354125 0.4184421875 0.8367140624999999 0.42290625000000004 0.8418765625000001 0.42439687499999995 0.8429515625 0.4195515625 0.8403234375 0.41678437500000004 0.835809375 0.4164515625 0.8354125 0.4184421875
0 0.78290625 0.43366249999999995 0.7820046875 0.43505000000000005 0.785384375 0.4357640625 0.7887671875 0.434690625 0.7874078124999999 0.43305625000000003 0.784171875 0.4329515625 0.78290625 0.43366249999999995
0 1 0.6280296875 0.99291875 0.6270328125 0.9881640624999999 0.6283109375 0.9849015624999999 0.6313015625 0.9820874999999999 0.635025 0.982521875 0.639025 0.9903453125 0.6417015625 0.9960812499999999 0.6435546875 0.9997796875 0.6416171875 1 0.6280296875
0 0.9930328125000001 0.604125 0.9894031249999999 0.6058890625 0.988396875 0.6085328125 0.9895265625 0.61205625 0.9921 0.6167890625 0.9950875 0.6199375 0.9958734375 0.62263125 0.99784375 0.6234124999999999 1 0.6269421875 0.9996328125 0.6030265625 0.995725 0.603215625 0.9930328125000001 0.604125
0 0.7612328125000001 0.59899375 0.7580640625 0.59919375 0.75330625 0.6049609375 0.74884375 0.607890625 0.7442171875 0.6096453125 0.736 0.6164765625 0.7369953125 0.6180609375 0.74180625 0.616359375 0.7427984375000001 0.6147578125 0.74598125 0.6139218750000001 0.7496546875 0.61165 0.7535671875000001 0.60911875 0.7553734375000001 0.6071234375000001 0.758609375 0.604321875 0.7605515625 0.6012187499999999 0.7612328125000001 0.59899375
0 0.7255265625 0.591315625 0.7235828125 0.5954796875 0.7232093749999999 0.5993203125 0.7263 0.601728125 0.7302140625 0.604371875 0.734609375 0.6069359375000001 0.7388609374999999 0.608975 0.7412796875 0.6100359375 0.74110625 0.60698125 0.7372953125 0.6026609374999999 0.7391828125 0.600840625 0.73613125 0.5967203125 0.7310859375 0.591596875 0.726425 0.5890984375 0.7255265625 0.591315625
0 0.7138890625000001 0.5402812499999999 0.7161921875 0.5380078125 0.71375 0.5364671875 0.7079156249999999 0.53770625 0.7055390625 0.5389953125 0.701034375 0.54139375 0.6970875000000001 0.5445234375 0.70134375 0.5465625000000001 0.7057765625 0.5498515625 0.708853125 0.5465578125 0.7087078124999999 0.5440796875 0.711753125 0.542034375 0.7138890625000001 0.5402812499999999
0 0.7351125 0.563196875 0.7327296875 0.5607015625 0.7297109374999999 0.5578593749999999 0.7255359375 0.556075 0.7228609374999999 0.5564046874999999 0.7233765625 0.557921875 0.7245781250000001 0.5606625000000001 0.72745625 0.5620203125 0.731140625 0.5638687499999999 0.733609375 0.5655593750000001 0.7351125 0.563196875
0 0.735665625 0.553015625 0.7365578125 0.5542328125 0.737678125 0.5547078125 0.7410265625 0.5529140625 0.739059375 0.5516859375000001 0.7369203125 0.5515203125 0.735665625 0.553015625
0 0.6757796875000001 0.4882375 0.6790453125 0.4886734375 0.675215625 0.48554375 0.6715734375 0.48405156250000003 0.66700625 0.48186093750000003 0.667125 0.4838078125 0.67246875 0.4868015625 0.6757796875000001 0.4882375
0 0.679871875 0.5143015625 0.688653125 0.5060953125000001 0.6872281250000001 0.5051296875 0.682421875 0.5076375 0.6787765625 0.5059390625 0.67816875 0.507425 0.6798984375 0.5096234374999999 0.6772296875 0.5127234374999999 0.679871875 0.5143015625
0 0.6447265625 0.5014000000000001 0.6474546875 0.5007578125000001 0.6445515625 0.496396875 0.6422171875 0.4958828125 0.6381171875 0.49186874999999997 0.633840625 0.49026249999999993 0.6346421875 0.49296562499999996 0.6371625 0.4949109375 0.6403796875000001 0.49606874999999995 0.6423265625 0.500315625 0.6447265625 0.5014000000000001
0 0.7082375 0.32992656249999996 0.7099234375 0.3284515625 0.713459375 0.3278765625 0.7117921875000001 0.32203750000000003 0.7051937500000001 0.327415625 0.7054421875 0.329271875 0.7082375 0.32992656249999996
0 0.6975718750000001 0.3074046875 0.6951343750000001 0.30953437500000003 0.6986859375 0.3126375 0.703125 0.313615625 0.70173125 0.30865468749999997 0.6975718750000001 0.3074046875
0 0.716146875 0.2412578125 0.708625 0.24135 0.70426875 0.2417953125 0.7003265625 0.24470625 0.6926015624999999 0.24840625 0.6923843749999999 0.2512578125 0.6942734374999999 0.2546875 0.697259375 0.25808906249999997 0.7005625 0.258025 0.7076640624999999 0.2544953125 0.7135812500000001 0.2510171875 0.7154484375 0.24912968750000003 0.7163875 0.2476296875 0.717096875 0.2428765625 0.716146875 0.2412578125
0 0.9675750000000001 0.9425546875 0.9661578125 0.9480578124999999 0.96258125 0.951365625 0.987103125 0.9500875000000001 0.9776046875000001 0.9422593750000001 0.97235625 0.93940625 0.9675750000000001 0.9425546875
0 0.542253125 0.7884671875 0.537790625 0.7944875 0.5395953125 0.797128125 0.5452984375 0.7931874999999999 0.544440625 0.7919953125 0.5504734375 0.789721875 0.5549234375000001 0.78589375 0.5490437499999999 0.78683125 0.551928125 0.7834390625000001 0.5615765625 0.7796078125 0.5652390625 0.7762749999999999 0.5622890625 0.772753125 0.55489375 0.776221875 0.5513640625 0.7798546875000001 0.542253125 0.7884671875
0 0.48438593750000003 0.79661875 0.4819703125 0.7984828125 0.48078281250000005 0.8010359375 0.4833078125 0.8011296874999999 0.48507656250000003 0.800159375 0.4880171875 0.7986796875 0.4875765625 0.7972671874999999 0.48438593750000003 0.79661875
0 0.593453125 0.8775421874999999 0.5938671875 0.8806171875000001 0.5959625 0.8792875 0.597390625 0.8765921875 0.59698125 0.8714765625 0.5947515625 0.8710015625 0.5929359375 0.8719453125 0.59215 0.8743874999999999 0.593453125 0.8775421874999999
0 0.603125 0.43359375 0.609375 0.00078125 0.21015625 0 0.209375 0.01484375 0.21875 0.02734375 0.190625 0.03984375 0.21484375 0.0546875 0.24453125 0.0515625 0.28046875 0.075 0.30390625 0.0734375 0.31015625 0.0671875 0.33828125 0.078125 0.42421875 0.071875 0.44375 0.09765625 0.4390625 0.10078125 0.44140625 0.1171875 0.4765625 0.12421875 0.47421875 0.1375 0.4546875 0.14140625 0.4546875 0.15546875 0.4703125 0.16953125 0.46875 0.18359375 0.4984375 0.20703125 0.4984375 0.21484375 0.4859375 0.22109375 0.484375 0.26328125 0.5 0.27265625 0.51875 0.30859375 0.5484375 0.33359375 0.54921875 0.340625 0.5359375 0.34296875 0.540625 0.36796875 0.5265625 0.39140625 0.5375 0.40390625 0.534375 0.43828125 0.55546875 0.45 0.57578125 0.4484375 0.58359375 0.4390625 0.59765625 0.44375 0.603125 0.43359375
0 0.4087195765625 0.321115346875 0.42603947499999995 0.2945556640625 0.4373450640625 0.29692195 0.4504206734375 0.277587890625 0.4582801234375 0.26025390625 0.47595684374999997 0.253173828125 0.4713745109375 0.24362417343749998 0.45499830937499997 0.23997145468749997 0.46144925625 0.21712083125 0.478750375 0.20285738437499998 0.4762056796875 0.1939227765625 0.47090970624999995 0.1846689078125 0.45133150468750005 0.1918663609375 0.4331336390625 0.193077675 0.42161677500000005 0.19010573125000002 0.4228703421875 0.19356126093749998 0.4232083828125 0.20876840468750002 0.40978534375000003 0.22714468124999998 0.3992450421875 0.2281869734375 0.38224440312499997 0.21620530312500003 0.3665208078125 0.21049616875 0.3593233546875 0.21556678125 0.350623496875 0.2462627703125 0.3627084578125 0.261756309375 0.3589148890625 0.2776724015625 0.38927753125 0.292959359375 0.4061279296875 0.3040301984375 0.3957895125 0.3245474015625 0.4087195765625 0.321115346875