0 0.63260625 0.97088125 0.6314109375 0.9669046874999999 0.6234328125 0.9660187499999999 0.6125015625 0.9683781249999999 0.6050546875 0.9667515625 0.6006484375000001 0.9706515625 0.60275 0.9728109375 0.6094296875 0.9738015624999999 0.6156312500000001 0.9751984374999999 0.63260625 0.97088125
0 0.459503125 1 0.4706796875 0.9991734375 0.46920624999999994 0.994934375 0.46170625000000004 0.992865625 0.45283125 0.9944734375 0.447971875 0.9964734375000001 0.444140625 1 0.45298437500000005 1 0.459503125 1
0 0.48577812500000006 0.9333359375000001 0.48556718749999994 0.9333359375000001 0.48002031250000005 0.935575 0.476565625 0.9390984375 0.49282031249999997 0.9422578125 0.49935 0.9438640625 0.5090359375 0.946184375 0.5156015625 0.9456312499999999 0.518340625 0.942984375 0.527490625 0.9400734375 0.5273203125 0.9380499999999999 0.5185531250000001 0.934765625 0.5084609375 0.93313125 0.49699687499999995 0.9313546875000001 0.48577812500000006 0.9333359375000001
0 0.2458796875 0.9436015624999999 0.24096718749999999 0.946534375 0.2368984375 0.951821875 0.24058125000000002 0.9572515625 0.2504609375 0.9562109375000001 0.25503906249999997 0.955959375 0.2644125 0.9563984375000001 0.268428125 0.9545328124999999 0.2795578125 0.9512046875 0.2836546875 0.948784375 0.2810875 0.9449640625000001 0.270840625 0.9454812499999999 0.27347343749999997 0.9412734374999999 0.26838281249999996 0.9410624999999999 0.26230937499999996 0.9431234375 0.25206093749999997 0.942175 0.2458796875 0.9436015624999999
0 0.21018281249999998 0.93273125 0.1993265625 0.9303171875 0.19497031250000002 0.9299546875000001 0.1900078125 0.931203125 0.18643749999999998 0.9339765625 0.1948 0.9354437499999999 0.20265624999999998 0.9383328125 0.20800625 0.9370953125 0.209084375 0.9371140625000001 0.21278125 0.9349343749999999 0.21018281249999998 0.93273125
0 0.27434375 0.8352812500000001 0.2829875 0.8382734375 0.28521874999999997 0.8433624999999999 0.28674218749999997 0.8456609374999999 0.292365625 0.8492843750000001 0.30336093750000004 0.852871875 0.3092171875 0.8533671875 0.3161171875 0.8540421874999999 0.319665625 0.8524312500000001 0.3346234375 0.8491109375000001 0.3422109375 0.8466453125 0.3275484375 0.84143125 0.32263593749999997 0.8393609375000001 0.3083078125 0.837509375 0.296159375 0.83728125 0.28575625 0.836140625 0.27434375 0.8352812500000001
0 0.146821875 0.8509640624999999 0.143734375 0.8527859375 0.1469625 0.8545093749999999 0.164265625 0.8593703125 0.1669484375 0.8603624999999999 0.18467499999999998 0.8614359374999999 0.1899296875 0.8615937499999999 0.2014546875 0.8600937500000001 0.212190625 0.856978125 0.221925 0.8541859374999999 0.2087171875 0.8485906249999999 0.191971875 0.8475484375000001 0.190525 0.8447140624999999 0.1854546875 0.8434140625 0.173359375 0.8430921874999999 0.15883750000000002 0.839003125 0.15231406249999999 0.8443296874999999 0.15130625 0.8460109375 0.137315625 0.8444359374999999 0.139078125 0.8479203125 0.146821875 0.8509640624999999
0 0.261115625 0.7840390625 0.2744703125 0.787946875 0.2859890625 0.778609375 0.2803921875 0.773471875 0.270940625 0.772178125 0.26566093749999997 0.773840625 0.2617515625 0.7790484375 0.261115625 0.7840390625
0 0.3011890625 0.7459515624999999 0.298628125 0.7440484374999999 0.293453125 0.739796875 0.2908359375 0.734578125 0.28536875 0.7335546875000001 0.276815625 0.733990625 0.2713234375 0.7346234375 0.26894687500000003 0.7392578125 0.27061250000000003 0.745784375 0.3046640625 0.7495484375 0.3011890625 0.7459515624999999
0 0.50215 0.7713296875 0.4918984375 0.7688484375 0.48065468750000007 0.7695937500000001 0.4601515625 0.7688484375 0.45519218749999996 0.7678578125 0.44460937500000003 0.7686015625 0.43931875 0.7676093749999999 0.42443749999999997 0.7591765625 0.4148484375 0.7564484375 0.4047625 0.755084375 0.397321875 0.7549609375 0.3874015625 0.7584328124999999 0.38525156250000003 0.760540625 0.3926921875 0.7626484375 0.40228125 0.7638890625 0.40591875 0.7676093749999999 0.41315156249999996 0.763428125 0.4055890625 0.769840625 0.4037703125 0.77195 0.40509218750000003 0.7766609375 0.402446875 0.78038125 0.40310781249999994 0.78360625 0.4085640625 0.78819375 0.4184859375 0.7911703125 0.429728125 0.7916671875 0.433696875 0.7938984375 0.44460937500000003 0.7916671875 0.4609859375 0.7950328125 0.4718078125 0.792021875 0.47602500000000003 0.7948906250000001 0.48627656249999995 0.7991078125 0.49520468749999996 0.7993546874999999 0.5028109374999999 0.7978671875 0.5142203125 0.7920390625 0.5178578125 0.78831875 0.5178578125 0.786334375 0.51636875 0.784721875 0.511409375 0.783978125 0.52066875 0.7837296874999999 0.5231484375 0.7828625 0.524140625 0.7811265625 0.5226515625 0.7795140625 0.507771875 0.7762890625 0.50215 0.7713296875
0 0.5075515625 0.755575 0.5063328125 0.757534375 0.5083249999999999 0.75925625 0.5115234375 0.7603859374999999 0.5163921874999999 0.7586734374999999 0.526040625 0.7596890625 0.5339171875 0.7610953125 0.54064375 0.7600140625 0.5461859375 0.7585984375 0.533053125 0.7522453125 0.5240781250000001 0.753553125 0.5154703125 0.7539296875 0.5075515625 0.755575
0 0.48985312499999994 0.717853125 0.48356875 0.7214765625 0.4857234375 0.7259921874999999 0.48987187499999996 0.7278953125000001 0.4995578125 0.7291046875 0.5046625 0.7294421875 0.5096468749999999 0.7288515624999999 0.5152234375 0.726321875 0.516975 0.725115625 0.514428125 0.721940625 0.5102562500000001 0.7203890625 0.502809375 0.7181296875000001 0.48985312499999994 0.717853125
0 0.49129531249999997 0.7136703125 0.4944453125 0.7164234375 0.5011734375 0.71485 0.5039703125 0.7120375 0.499665625 0.7083625 0.49129531249999997 0.7136703125
0 0.27032500000000004 0.6877625 0.2610046875 0.694259375 0.2681390625 0.69594375 0.27887968750000003 0.69618125 0.2800390625 0.6915953125 0.27032500000000004 0.6877625
0 0.044092187500000005 1 0.0438203125 0.9960796875 0.015096875000000001 0.9935296875 0.013800000000000002 0.995765625 0.024370312499999998 0.9990921875 0.0214125 1 0.029331249999999996 1 0.044092187500000005 1
0 0.029593750000000002 0.880590625 0.020825 0.881740625 0.015387500000000002 0.884809375 0.019959374999999998 0.8895031250000001 0.039659375000000004 0.893509375 0.0520140625 0.8981515625000001 0.0499375 0.8948515625000001 0.0609125 0.8952875 0.0710984375 0.89500625 0.073859375 0.8892890625 0.065353125 0.8872 0.051301562499999995 0.88366875 0.0401046875 0.881575 0.029593750000000002 0.880590625
0 0.09139375 0.34588125000000003 0.0859546875 0.3501171875 0.0708984375 0.3455609375 0.0598515625 0.3509921875 0.06460625 0.357846875 0.0712140625 0.35891562499999996 0.07683593749999999 0.3587 0.09325 0.357225 0.09645000000000001 0.358465625 0.09939375 0.3478453125 0.09139375 0.34588125000000003
0 0.0424375 0.391534375 0.044515624999999996 0.3878078125 0.038209375000000004 0.385721875 0.0330359375 0.38791875 0.0424375 0.391534375
0 0.0196859375 0.314634375 0.025074999999999997 0.3137453125 0.030509375 0.3111671875 0.0319984375 0.30908437499999997 0.025662499999999998 0.3060375 0.0174796875 0.30825468749999996 0.0172140625 0.3104328125 0.0196859375 0.314634375
0 0.157628125 0.313409375 0.158796875 0.30699375 0.150296875 0.3061890625 0.1499484375 0.3095140625 0.157628125 0.313409375
0 0.33959843749999996 0.3189203125 0.31744531249999997 0.31070625 0.3140390625 0.3171046875 0.310471875 0.32649531249999997 0.312209375 0.32768281250000003 0.31725625 0.3293671875 0.326128125 0.3321796875 0.3355390625 0.3347953125 0.3389546875 0.337796875 0.346509375 0.33241718750000004 0.3463671875 0.32698125 0.3464921875 0.323328125 0.3420546875 0.32016093749999996 0.33959843749999996 0.3189203125
0 0.284609375 0.32513125 0.2860453125 0.3295296875 0.2968375 0.32559375 0.29598749999999996 0.3225328125 0.2950640625 0.321784375 0.2882 0.322596875 0.2869859375 0.32313125 0.284609375 0.32513125
0 0.29436874999999996 0.212325 0.29175 0.219715625 0.29742812500000004 0.22185937500000003 0.282615625 0.2303734375 0.2810140625 0.2389296875 0.28323125 0.2428609375 0.2882796875 0.2528109375 0.2956296875 0.25646874999999997 0.30196718749999996 0.259284375 0.3132703125 0.2624609375 0.31988906250000004 0.2628578125 0.3196 0.267115625 0.320184375 0.268334375 0.326071875 0.26623437499999997 0.32742031250000003 0.2620359375 0.322346875 0.2589265625 0.3191609375 0.255459375 0.3250515625 0.2521109375 0.33571875 0.252165625 0.33949375000000004 0.25558749999999997 0.34963125 0.2558609375 0.35845 0.25883124999999996 0.36172499999999996 0.255125 0.370096875 0.25166093749999996 0.3733171875 0.251225 0.37770156250000003 0.24769843749999998 0.373578125 0.2413796875 0.362890625 0.23565624999999998 0.363315625 0.232171875 0.3631109375 0.22650781250000002 0.35508281249999996 0.223340625 0.345990625 0.225309375 0.3496609375 0.2198828125 0.35238281250000003 0.21521249999999997 0.346521875 0.2123203125 0.34876874999999996 0.20716874999999998 0.35206875000000004 0.20192187499999997 0.343325 0.195321875 0.33005625 0.193934375 0.3161734375 0.193934375 0.305203125 0.2008375 0.3015671875 0.2101453125 0.2988203125 0.2115796875 0.29436874999999996 0.212325
0 0.28224218749999996 0.1302078125 0.29133593750000003 0.12140312499999999 0.290675 0.11768281249999998 0.2962625 0.11171562500000001 0.27606406250000004 0.09843437499999999 0.2655421875 0.0958578125 0.2579359375 0.0881703125 0.2529765625 0.0822171875 0.2513234375 0.07651250000000001 0.24669375 0.0752734375 0.24057499999999998 0.0751484375 0.23710312500000003 0.0782484375 0.22486718749999998 0.098090625 0.21759218749999998 0.10404218750000001 0.2142859375 0.10875468749999999 0.213625 0.11371562500000001 0.2106484375 0.1174359375 0.2103171875 0.12239531249999999 0.2119703125 0.125371875 0.2071765625 0.12698437499999998 0.20568749999999997 0.12884374999999998 0.22007343750000002 0.13715312500000001 0.24090625000000002 0.1431046875 0.246528125 0.1431046875 0.2511578125 0.14136875 0.2681265625 0.14698125 0.277425 0.13872656249999998 0.275296875 0.1349203125 0.28224218749999996 0.1302078125
0 0.27365 0.067075 0.280065625 0.0666265625 0.28900156250000003 0.06076406250000001 0.276771875 0.0571421875 0.2709125 0.0563609375 0.2669421875 0.0591953125 0.270553125 0.06434218750000001 0.27365 0.067075
0 0.305303125 0.09278125000000001 0.30738906250000003 0.0901265625 0.311771875 0.085096875 0.29957968749999997 0.0787578125 0.2964859375 0.09344843750000001 0.305303125 0.09278125000000001
0 0.79445 0 0.76860625 0.001553125 0.7599984375 0 0.7508578124999999 0.011392187500000001 0.7418015625 0.0214953125 0.760246875 0.018096875000000002 0.7727375000000001 0.011159375000000001 0.7816390625 0.0055828125 0.777590625 0.0183359375 0.7820015625 0.025348437499999998 0.7829890625 0.0279421875 0.7635828124999999 0.029512500000000004 0.7552046875 0.031871875 0.75335 0.0372578125 0.7459828125 0.041378125 0.7385859375 0.0501921875 0.7412421874999999 0.059384375 0.7518796875 0.07190625 0.75179375 0.0757875 0.7460625000000001 0.0905109375 0.7548984375 0.09614062500000001 0.7679109375000001 0.092553125 0.782553125 0.0804046875 0.7939328125 0.072890625 0.7956140625 0.06271875 0.788959375 0.059903125 0.7796671875000001 0.055281250000000004 0.7703203125 0.053490625 0.7616265624999999 0.048248437500000005 0.7543124999999999 0.04379375 0.76204375 0.039554687500000005 0.7673421874999999 0.0393984375 0.7803484375 0.0402921875 0.7941 0.038440625 0.8056703125 0.0347625 0.811134375 0.033092187499999995 0.80968125 0.027273437499999997 0.81155625 0.021825 0.8152234375 0.0214859375 0.8606624999999999 0.0403421875 0.8682968750000001 0.0383390625 0.8794484375 0.037232812500000004 0.8897046874999999 0.034612500000000004 0.9008421875 0.029159374999999998 0.9078781250000001 0.024810937499999998 0.90750625 0.0183640625 0.9082125 0.0115890625 0.9096046875000001 0.0052046875 0.90443125 0.0009093749999999999 0.8405046875 0 0.79445 0
0 0.824534375 0.0954421875 0.8333390625 0.087128125 0.8198453125 0.0782203125 0.8078796875 0.0731046875 0.803334375 0.07788125 0.8089625 0.0873078125 0.8150328124999999 0.09346875 0.8201453125 0.095946875 0.824534375 0.0954421875
0 0.7151468750000001 0.0631125 0.7160124999999999 0.0550453125 0.71258125 0.0537921875 0.7006453125000001 0.0573609375 0.69456875 0.061757812499999995 0.6903406249999999 0.0695609375 0.6923125 0.07487031250000001 0.7006171875 0.073690625 0.7082234374999999 0.07159375 0.7151468750000001 0.0631125
0 0.7082828125 0.0318671875 0.7155015625 0.030517187499999997 0.7120359374999999 0.019759375000000003 0.7017640625 0.0158828125 0.6961109375000001 0.0223953125 0.6995765625 0.027665625 0.7063375 0.03105625 0.7082828125 0.0318671875
0 0.87285 0.141171875 0.8776359375 0.1384 0.8792078125 0.131778125 0.8796234374999999 0.1271859375 0.8764031250000001 0.1251859375 0.8686624999999999 0.131403125 0.8655968749999999 0.1357609375 0.8650656250000001 0.14059531249999999 0.87285 0.141171875
0 0.8332421875 0.158346875 0.82645625 0.1592796875 0.8247125000000001 0.16351875 0.8252421875 0.1695875 0.8279828124999999 0.17353125 0.8363468749999999 0.1780421875 0.841815625 0.175934375 0.8531093750000001 0.1750125 0.8542 0.17706093750000002 0.8548171874999999 0.1710546875 0.8492203125 0.16558124999999999 0.8407421875000001 0.16064375 0.8332421875 0.158346875
0 0.788690625 0.22040312499999998 0.7871812499999999 0.213484375 0.78530625 0.21088125 0.779075 0.2134375 0.7753484375 0.220290625 0.7750578124999999 0.221715625 0.7783828125000001 0.2248453125 0.7844218749999999 0.22317499999999998 0.788690625 0.22040312499999998
0 0.6680609375000001 0.24278593750000002 0.666425 0.2431625 0.6655453125 0.25065 0.669778125 0.2584359375 0.674975 0.262203125 0.68686875 0.26651250000000004 0.6911265625 0.2694828125 0.6988218749999999 0.267571875 0.702396875 0.266059375 0.69888125 0.25911093749999997 0.68625625 0.2504484375 0.6807890624999999 0.2467640625 0.6680609375000001 0.24278593750000002
0 0.7070671875000001 0.287015625 0.7367171875 0.2557625 0.7299765625 0.255184375 0.7148796875000001 0.2647625 0.705471875 0.2734609375 0.70008125 0.2804703125 0.6971125 0.2894609375 0.702265625 0.288809375 0.7070671875000001 0.287015625
0 0.67090625 0.29436874999999996 0.6668937500000001 0.294925 0.66419375 0.302690625 0.671925 0.30749218749999996 0.6859453125 0.31360625 0.699684375 0.3184828125 0.7037109375 0.3189 0.7118156250000001 0.317265625 0.71143125 0.3156375 0.7028953125 0.307503125 0.682790625 0.3040875 0.681365625 0.3040875 0.683640625 0.296790625 0.67090625 0.29436874999999996
0 0.6353140625 0.286765625 0.63995625 0.28440468750000003 0.64394375 0.2826953125 0.6428859375 0.2761625 0.63655 0.276940625 0.630396875 0.2808046875 0.630396875 0.2809625 0.6308921875 0.28421093750000004 0.6353140625 0.286765625
0 0.605425 0.2648078125 0.5928046874999999 0.2598984375 0.58108125 0.25539999999999996 0.5784921875 0.2544375 0.5806281249999999 0.257928125 0.591565625 0.2664328125 0.59940625 0.2710703125 0.6102562500000001 0.2732328125 0.6128750000000001 0.271659375 0.605425 0.2648078125
0 0.5367953125 0.28542968750000003 0.54405 0.286009375 0.5478390625 0.28364687499999997 0.536415625 0.27748125 0.5334578125 0.277978125 0.5323218749999999 0.2815640625 0.5367953125 0.28542968750000003
0 0.5018234374999999 0.28971874999999997 0.48586718749999996 0.31455625 0.5117546875000001 0.2852296875 0.5081640625 0.2809390625 0.5016421875 0.2841890625 0.4996875 0.28721718749999997 0.49973437499999995 0.2903453125 0.5018234374999999 0.28971874999999997
0 0.5107015625 0.3093484375 0.5188328125 0.3103328125 0.5256734375 0.3143796875 0.5175453125 0.31998125 0.518628125 0.3221625 0.5258625 0.3242671875 0.5414718749999999 0.3297984375 0.5421328125 0.3322453125 0.5517125 0.3362171875 0.5616187499999999 0.3349046875 0.5651859375 0.3323421875 0.5545734375 0.32713281250000004 0.55848125 0.325803125 0.5695703125 0.3220765625 0.5789171875 0.3193421875 0.587153125 0.3195328125 0.5958953124999999 0.3238421875 0.5874937499999999 0.32785156249999997 0.5814234375 0.33343124999999996 0.5741609375000001 0.3393140625 0.5695265625 0.34587500000000004 0.5695625 0.34913906250000004 0.565453125 0.35336875 0.5629765625 0.36028906250000003 0.5703421875 0.359978125 0.579584375 0.3578765625 0.5870390624999999 0.3572 0.5988749999999999 0.3574765625 0.608553125 0.360446875 0.6185109375 0.35878125 0.6193828124999999 0.3546421875 0.613515625 0.3518296875 0.607478125 0.35085937500000003 0.60488125 0.344521875 0.5967390625 0.34486875 0.58011875 0.3494125 0.5858109375 0.3440609375 0.5919921875 0.3421765625 0.5983031249999999 0.3350828125 0.6033484375 0.325103125 0.605725 0.32330156250000003 0.6186640625 0.3226859375 0.6276437500000001 0.3197125 0.6085890625 0.309015625 0.59379375 0.2998171875 0.5915171875 0.30741406250000003 0.576865625 0.2990359375 0.5781734375 0.2898484375 0.5864734375 0.28119218749999997 0.5847765625 0.272171875 0.5739109375 0.2765875 0.5525609375 0.28830625 0.5451046875000001 0.3006375 0.547559375 0.302565625 0.55105 0.3072625 0.543509375 0.31229687500000003 0.5405171875 0.3104484375 0.539603125 0.305853125 0.5208890625 0.30465624999999996 0.5107015625 0.3093484375
0 0.5658421875 0.379246875 0.5687828125000001 0.376653125 0.5664687500000001 0.36990781250000004 0.5543203125 0.3683703125 0.5512046875000001 0.3683703125 0.5496421875 0.37324375 0.5587078125 0.3770859375 0.5658421875 0.379246875
0 0.974190625 0.36505624999999997 0.9644453125 0.3614671875 0.947790625 0.35934374999999996 0.9279984375 0.361615625 0.9197843750000001 0.36212656249999997 0.9046828124999999 0.36265000000000003 0.9073781249999999 0.36922968749999996 0.9143796875 0.3802296875 0.9011703125 0.38426875 0.9917984375 0.379121875 0.99158125 0.374371875 0.984503125 0.3696546875 0.98055625 0.367671875 0.974190625 0.36505624999999997
0 0.9109390625 0.43151093749999997 0.898684375 0.4277578125 0.89108125 0.42705000000000004 0.8935015625 0.4306140625 0.9006921875 0.4368578125 0.9075328125000001 0.440840625 0.9102015625 0.441375 0.9127734375 0.4404125 0.9160046875000001 0.4374171875 0.9109390625 0.43151093749999997
0 0.783528125 0.3878765625 0.7747703125000001 0.38458281250000004 0.766384375 0.3804578125 0.7578859375 0.3755421875 0.74620625 0.375575 0.7517953125 0.383546875 0.763834375 0.39001562500000003 0.762740625 0.393365625 0.752346875 0.401184375 0.8329515625000001 0.39192499999999997 0.8409140624999999 0.3890828125 0.8355296875 0.38436875000000004 0.8311093749999999 0.381534375 0.8216468750000001 0.38081875 0.8149359374999999 0.3803046875 0.818690625 0.3746421875 0.822203125 0.37175156249999997 0.8169234375000001 0.36469999999999997 0.8099187499999999 0.3708828125 0.7996171875 0.37894218749999997 0.8058484375000001 0.3845640625 0.793784375 0.39091875 0.783528125 0.3878765625
0 0.8822390625000001 0.358275 0.89043125 0.352840625 0.9010624999999999 0.348640625 0.9092234375 0.34325625 0.9110531249999999 0.3412921875 0.9228171875 0.350603125 0.9284281249999999 0.3500171875 0.9298359375 0.3485484375 0.9198640625 0.33945156249999997 0.9100078125 0.3249953125 0.9018265624999999 0.3087578125 0.89841875 0.3032734375 0.8913265625 0.310796875 0.8791046874999999 0.3231953125 0.8692437500000001 0.328653125 0.8551359375 0.3339515625 0.8429874999999999 0.3400375 0.834215625 0.3449140625 0.8259000000000001 0.349809375 0.8269578125000001 0.35926562500000003 0.8429874999999999 0.3600984375 0.8613406250000001 0.36186250000000003 0.8774531250000001 0.3606390625 0.8822390625000001 0.358275
0 0.802125 0.3213921875 0.7998015625 0.3213921875 0.782515625 0.330775 0.7822250000000001 0.3339078125 0.785465625 0.3479359375 0.8097828125 0.34436875 0.8238265625000001 0.33945156249999997 0.8278921875 0.337271875 0.8261390625 0.33728437499999997 0.8277749999999999 0.330771875 0.825503125 0.3258390625 0.802125 0.3213921875
0 0.7865015625 0.3561921875 0.7934953124999999 0.356771875 0.7936515625 0.355159375 0.7767484375 0.345509375 0.77494375 0.349178125 0.782440625 0.35569687499999997 0.7865015625 0.3561921875
0 0.8277156250000001 0.2713390625 0.8278921875 0.2787875 0.8437468750000001 0.2872671875 0.85191875 0.2914734375 0.8612343750000001 0.29591406249999996 0.8671015625 0.29710312499999997 0.8768312500000001 0.2991453125 0.8854531250000001 0.30069218750000004 0.8876593749999999 0.301853125 0.8951234375 0.29743437500000003 0.898528125 0.2920203125 0.896334375 0.28669218750000003 0.8937156249999999 0.2798359375 0.8875624999999999 0.2767421875 0.8815953125 0.2760328125 0.8725609375 0.27738593749999996 0.86685625 0.279309375 0.86194375 0.2852890625 0.847725 0.278196875 0.8437906249999999 0.27602812499999996 0.8277156250000001 0.2713390625
0 0.8352875 0.2376234375 0.830478125 0.24449375 0.8298171875 0.2498421875 0.8334109375000001 0.258078125 0.8384578125000001 0.25998125 0.85060625 0.2634296875 0.860240625 0.2661046875 0.8627609375 0.266978125 0.8684171875000001 0.2609 0.8747906249999999 0.2490453125 0.8705093749999999 0.24286249999999998 0.8635640625000001 0.2388765625 0.8634421874999999 0.23221250000000002 0.866765625 0.228440625 0.8675734374999999 0.21952031249999998 0.873625 0.21652187500000003 0.8930265625 0.21918125000000002 0.8987109375 0.21993281250000002 0.90565 0.2255390625 0.9067734375000001 0.226609375 0.922321875 0.225346875 0.9363046875000001 0.2274703125 0.9465078124999999 0.22131249999999997 0.9489000000000001 0.21129531250000003 0.9478687499999999 0.1992 0.9492609375000001 0.183640625 0.9498562500000001 0.16831093749999998 0.9475093749999999 0.1500578125 0.9284046874999999 0.1391984375 0.91379375 0.1322921875 0.9056640625 0.13288906250000002 0.8995921875 0.13530781249999999 0.8824828124999999 0.13677343749999998 0.87589375 0.1446046875 0.8660875000000001 0.154984375 0.8668390625000001 0.16040937500000002 0.8697546875000001 0.171659375 0.8659484375 0.1777203125 0.858359375 0.1857421875 0.856771875 0.193909375 0.8635390624999999 0.20389062500000002 0.854396875 0.20666250000000003 0.8463687500000001 0.2135171875 0.8475531249999999 0.21779687499999997 0.8256718749999999 0.2160828125 0.8232765625 0.22606406250000002 0.8272578125000001 0.23038281249999998 0.8359796875000001 0.2313140625 0.8415984375000001 0.23431562499999997 0.8352875 0.2376234375
0 0.9668359375 0.2599734375 0.9737890625000001 0.26091406250000004 0.9752812499999999 0.2563109375 0.9731156249999999 0.2504515625 0.9674109375000001 0.24759375 0.9635828125 0.2499890625 0.9623406250000001 0.25525625 0.9668359375 0.2599734375
0 0.691940625 0.345034375 0.6753078125 0.3452265625 0.6758296875 0.349309375 0.6804265625 0.3533890625 0.6873484375000001 0.3577703125 0.6959046875 0.36019375 0.7042890625 0.36260781249999996 0.705334375 0.36260781249999996 0.7112203125 0.358975 0.7025546874999999 0.3510203125 0.691940625 0.345034375
0 0.5706109374999999 0.40958125 0.56641875 0.413653125 0.5521546875000001 0.41682499999999995 0.5350921875 0.41968281249999995 0.535828125 0.42200625 0.5685156250000001 0.4183609375 0.5740109375 0.4160828125 0.5802953125 0.4181515625 0.591884375 0.4177515625 0.6542109375 0.41078593750000003 0.6532609375 0.40496718749999994 0.6372828125 0.399 0.6250640625 0.395175 0.6145671875 0.3947859375 0.6146859375 0.3997890625 0.6087390625 0.40230625 0.6022265625000001 0.4011125 0.6023125 0.3906984375 0.6196953125 0.3682984375 0.6191203125 0.3679234375 0.6107375 0.369259375 0.60360625 0.372959375 0.5954796875 0.3792015625 0.6004437499999999 0.3828046875 0.5856250000000001 0.39408125 0.5802328125 0.4015375 0.5985859375 0.404484375 0.588278125 0.4050140625 0.5797140625 0.4108890625 0.5706109374999999 0.40958125
0 0.6921296875 0.3896765625 0.688828125 0.3895609375 0.6968125 0.3945328125 0.7068640625 0.39845625 0.7101734375000001 0.399921875 0.696409375 0.3995515625 0.6934265625 0.40139531249999993 0.6922125 0.40208750000000004 0.6790125 0.40830625 0.750928125 0.40268125 0.734209375 0.3990265625 0.7261765625 0.3975484375 0.7201046875 0.3984203125 0.7173578125 0.3982625 0.7041234375000001 0.3924375 0.6921296875 0.3896765625
0 0.6575624999999999 0.329684375 0.6548953125 0.3338234375 0.6466546875 0.3403578125 0.6428234374999999 0.3427953125 0.6364859375 0.3458640625 0.634109375 0.34841875 0.6357328125 0.3535078125 0.6398765625 0.3541046875 0.6431875 0.3520890625 0.64635 0.34525 0.6536984375 0.3416734375 0.6623828125 0.33883593749999996 0.6683234375 0.33354218750000003 0.6722828125 0.32296874999999997 0.67256875 0.316834375 0.6686328125000001 0.31518437499999996 0.660628125 0.323265625 0.6575624999999999 0.329684375
0 0.6364359375 0.35905312500000003 0.6312484375 0.36586562499999997 0.6386125 0.3697296875 0.644521875 0.3706203125 0.6453781249999999 0.36343749999999997 0.6364359375 0.35905312500000003
0 0.44939999999999997 0.4522515625 0.45812187499999996 0.45259218749999997 0.463409375 0.45115937500000003 0.468675 0.44605937500000004 0.477815625 0.4410265625 0.48546562499999996 0.4372453125 0.4960140625 0.4327546875 0.50305 0.43104531250000006 0.50760625 0.427496875 0.498275 0.4226875 0.4913171875 0.41065781250000005 0.47493281249999997 0.4079171875 0.46941249999999995 0.40515937500000004 0.472184375 0.4004 0.4766109375 0.3933484375 0.47457656249999997 0.387428125 0.4723296875 0.3831734375 0.4645671875 0.3848390625 0.45263125000000004 0.384821875 0.4522046875 0.38357968750000004 0.4531421875 0.3752859375 0.445403125 0.37078125 0.4399640625 0.3694453125 0.433625 0.37116875 0.4303484375 0.37604375 0.43408749999999996 0.3854109375 0.424834375 0.3828140625 0.4153765625 0.375409375 0.41368906250000004 0.375409375 0.4125546875 0.3764796875 0.40869687499999996 0.3840859375 0.4204 0.3904453125 0.42684375 0.394565625 0.4244625 0.4027265625 0.429221875 0.412746875 0.43966874999999994 0.414334375 0.4498234375 0.420675 0.450840625 0.4280421875 0.44056562499999996 0.42948906249999996 0.43734375 0.4274046875 0.4297890625 0.43249531250000006 0.4142015625 0.438690625 0.43440625 0.44720624999999997 0.44350781250000004 0.45076406249999995 0.44939999999999997 0.4522515625
0 0.41543125 0.4117921875 0.41168125 0.4030046875 0.401546875 0.4054421875 0.395553125 0.40865 0.391484375 0.4138796875 0.3906375 0.420453125 0.39195156249999996 0.4243734375 0.399553125 0.42572187499999997 0.40640625 0.4236375 0.41092500000000004 0.4218078125 0.41401875 0.41529999999999995 0.41543125 0.4117921875
0 0.3865015625 0.410434375 0.3872875 0.409290625 0.3864875 0.40740156250000004 0.374978125 0.4070609375 0.3709125 0.40850625 0.37088125 0.41458593749999995 0.376534375 0.418784375 0.37737031249999997 0.4189421875 0.3865015625 0.410434375
0 0.36186875 0.4151953125 0.363821875 0.4171171875 0.36709843750000004 0.417978125 0.36996562499999996 0.4154640625 0.37046718749999996 0.41471093750000004 0.3674296875 0.41152187500000004 0.364809375 0.41226874999999996 0.36186875 0.4151953125
0 0.3334890625 0.4147578125 0.33566562499999997 0.42192656250000005 0.3391140625 0.4271140625 0.34633125 0.4311359375 0.3516859375 0.43011406250000006 0.3577234375 0.4309484375 0.36462812499999997 0.43659375 0.36724843749999997 0.43734687499999997 0.3833984375 0.43535 0.35302812499999997 0.4245828125 0.35054375000000004 0.4150359375 0.3444171875 0.41123125 0.337978125 0.41210312499999996 0.3334890625 0.4147578125
0 0.8630453125 0.5606765625000001 0.873828125 0.5560031249999999 0.8777109375000001 0.5534171875 0.8819640625 0.5504781249999999 0.8812015625 0.5483421875000001 0.86996875 0.5511203124999999 0.8653375000000001 0.553603125 0.8648359375 0.556546875 0.8630453125 0.5606765625000001
0 0.988446875 0.48284374999999996 0.9931656249999999 0.47999375000000005 0.961096875 0.40095937499999995 0.951696875 0.402478125 0.9605046875 0.42579374999999997 0.970371875 0.44978281249999996 0.9834625000000001 0.47103124999999996 0.988446875 0.48284374999999996
0 0.8095609375 0.35795468750000003 0.81383125 0.3589546875 0.8163578125000001 0.35758125 0.819315625 0.355509375 0.818028125 0.3538296875 0.81376875 0.35409999999999997 0.810178125 0.3550375 0.8095609375 0.35795468750000003