0 0.720403125 0.40625 0.726190625 0.39930625000000003 0.7400796875 0.3943453125 0.76058125 0.383928125 0.76124375 0.3834328125 0.7800921875 0.37214843750000004 0.777446875 0.3671875 0.7748015625 0.3649546875 0.773809375 0.361234375 0.7748015625 0.356275 0.773478125 0.352803125 0.7761250000000001 0.3493296875 0.7764546875 0.34089843750000004 0.7652109375 0.33829375 0.7544640625000001 0.3422625 0.7485125 0.3420140625 0.7435515625 0.34300625 0.7364421875 0.34957812499999996 0.727678125 0.3623515625 0.7227187500000001 0.3630953125 0.7197421875 0.36036718749999996 0.709490625 0.356646875 0.7071765625 0.3546625 0.710978125 0.3616078125 0.7328046875 0.3764875 0.7294968749999999 0.37698437500000004 0.714946875 0.3685515625 0.7053578125 0.373140625 0.7020500000000001 0.380084375 0.692790625 0.3860359375 0.6917984374999999 0.39645312499999996 0.694609375 0.400296875 0.7071765625 0.4057546875 0.7167656250000001 0.4067453125 0.720403125 0.40625
0 0.2615734375 0.6452140625 0.2475203125 0.6498015625 0.24603125 0.6509171874999999 0.24603125 0.6546375 0.25628281249999996 0.6650546875 0.26273124999999997 0.6671625 0.2708328125 0.662821875 0.2744703125 0.65389375 0.2728171875 0.6504218749999999 0.2676921875 0.6453375 0.2615734375 0.6452140625
0 0.4442796875 0.5952375 0.4457671875 0.5908984375 0.4441140625 0.587425 0.44097187499999996 0.585565625 0.43452343750000005 0.58519375 0.4295640625 0.5879218749999999 0.43353125 0.5958578125 0.4360125 0.5969734375 0.4442796875 0.5952375
0 0.46412031249999997 0.5897812499999999 0.47172656249999995 0.5905265625 0.4748671875 0.5881703125 0.472553125 0.5849453125 0.45568749999999997 0.57576875 0.452215625 0.576884375 0.44907343749999995 0.5802328125 0.45072812500000003 0.58519375 0.46412031249999997 0.5897812499999999
0 0.57308125 0.5716765625 0.57374375 0.5672125 0.5605156250000001 0.5634921875 0.5674609375 0.568453125 0.57308125 0.5716765625
0 0.615409375 0.563740625 0.6213625 0.5674609375 0.6240078125 0.5647328125 0.6200390625 0.5625 0.615409375 0.563740625
0 0.5651453125 0.6702625 0.562334375 0.674603125 0.5744046875000001 0.6744796875 0.5725859375 0.6703875 0.5651453125 0.6702625
0 0.6483421875000001 0.8524312500000001 0.65065625 0.8546625000000001 0.6552859375 0.85540625 0.6612390625 0.855903125 0.6645453125 0.8541671875000001 0.66156875 0.8534218750000001 0.6589234375 0.8497031249999999 0.652446875 0.8498265625 0.6478171875000001 0.85081875 0.6483421875000001 0.8524312500000001
0 0.47142343750000004 0.9667656250000001 0.47737656250000005 0.9665171875 0.48398906249999996 0.9655265625 0.472415625 0.96255 0.4780375 0.9598218749999999 0.4661046875 0.9583328124999999 0.45767187500000006 0.9579609375 0.4456015625 0.9588296875 0.44212968750000003 0.9609375 0.44596093750000004 0.9618062500000001 0.4519125 0.9632937500000001 0.449928125 0.9662703125000001 0.4601796875 0.96478125 0.47142343750000004 0.9667656250000001
0 0.519140625 0.979575 0.5166125 0.9785546875 0.5117484375 0.9784078125000001 0.5136937500000001 0.9797203124999999 0.5117484375 0.9813265624999999 0.5123328125 0.9819093750000001 0.5131109375 0.9820546875 0.5193359375 0.98045 0.519140625 0.979575
0 0.5041625 0.980159375 0.5039687500000001 0.9784078125000001 0.49696562499999997 0.9776781250000001 0.497159375 0.9791375 0.5041625 0.980159375
0 0.23073749999999998 0.465215625 0.2377640625 0.454365625 0.2158375 0.4708109375 0.2195765625 0.47110624999999995 0.22205625 0.4732765625 0.2328046875 0.46583593749999996 0.23073749999999998 0.465215625
0 0.1687328125 0.5774421875 0.160053125 0.5845734375 0.1625328125 0.5864328125 0.17534687499999999 0.5796125 0.1687328125 0.5774421875
0 0.19958437499999998 0.6645015625 0.19342187500000002 0.664728125 0.19252031249999998 0.6661937499999999 0.19342187500000002 0.6674328125 0.196278125 0.6686734375000001 0.20138906250000002 0.668278125 0.2010578125 0.6660468749999999 0.19958437499999998 0.6645015625
0 0.19176875 0.7659625 0.1922203125 0.7708109375000001 0.193271875 0.7714875 0.1988328125 0.7710359375 0.2030421875 0.7723890625000001 0.19808125000000001 0.7754328125 0.19973593750000002 0.776221875 0.20634843749999998 0.7737421875 0.21371406249999997 0.7700218750000001 0.2142859375 0.7684765625 0.2074015625 0.7626937500000001 0.2068453125 0.76016875 0.20379375 0.7589734375 0.196428125 0.7619046875000001 0.193271875 0.7603265625 0.19131718749999999 0.7612281249999999 0.1937234375 0.76246875 0.1908671875 0.763821875 0.19176875 0.7659625
0 0.2481359375 0.8434125 0.2527953125 0.8418328125000001 0.26322812500000003 0.8389140625 0.25975468749999997 0.8377968750000001 0.2412375 0.8382937500000001 0.2306546875 0.8355656249999999 0.22056874999999998 0.8312250000000001 0.22423593749999998 0.8352953125000001 0.2302484375 0.8384515625000001 0.229496875 0.842509375 0.23325468749999997 0.8443140625 0.2434765625 0.8473578125 0.24558125 0.845215625 0.2481359375 0.8434125
0 0.2030421875 0.8372109375000001 0.20364374999999998 0.835971875 0.1986828125 0.8355203124999999 0.1958265625 0.8372109375000001 0.1970296875 0.8386765625000001 0.2057484375 0.8411578125 0.2072515625 0.8400296875000001 0.20665 0.8386765625000001 0.2030421875 0.8372109375000001
0 0.2317515625 0.9483671875 0.22844531250000003 0.94893125 0.2254390625 0.9487062500000001 0.22438750000000002 0.9522 0.22558906250000002 0.953328125 0.23535937499999998 0.9502843750000001 0.2317515625 0.9483671875
0 0.265571875 0.9574984375 0.26542187500000003 0.9554703124999999 0.2539984375 0.95795 0.25475 0.9587390625 0.2570046875 0.9589640625 0.2603109375 0.9580624999999999 0.26286718750000004 0.9580624999999999 0.265571875 0.9574984375
0 0.2693296875 0.9624593750000001 0.26963125 0.9608812500000001 0.2597109375 0.9641500000000001 0.2616640625 0.9644890625 0.26406874999999996 0.9641500000000001 0.2643703125 0.9630234375000001 0.2687296875 0.9635875 0.2693296875 0.9624593750000001
0 0.21085781250000002 0.980159375 0.21251250000000002 0.9812859375 0.21446562500000002 0.9817375 0.2164203125 0.9815109375000001 0.2177734375 0.980496875 0.219878125 0.9797078125 0.22002812500000002 0.97869375 0.2168703125 0.9783546875000001 0.2149171875 0.97869375 0.2122109375 0.97903125 0.21085781250000002 0.980159375
0 0.2750421875 0.97903125 0.277146875 0.9789187500000001 0.280603125 0.9782421875 0.27940156250000003 0.9775656250000001 0.277596875 0.9775656250000001 0.27414062499999997 0.9782421875 0.2750421875 0.97903125
0 0.2693296875 0.9859078125 0.2708328125 0.9843296875 0.2657234375 0.9824140625 0.2603109375 0.9829765625 0.26016093749999997 0.9841046875 0.26497187499999997 0.9856828125 0.26211562499999996 0.9875984375 0.266625 0.9875984375 0.2693296875 0.9859078125
0 0.27233593749999996 0.9874859375 0.2748921875 0.9875984375 0.2763953125 0.9854578125 0.2763953125 0.983653125 0.27218593750000003 0.98489375 0.270984375 0.987825 0.27233593749999996 0.9874859375
0 0.21010625 0.9703515625 0.21010625 0.9693359375 0.2004875 0.971365625 0.1998859375 0.9720421874999999 0.20349374999999997 0.9723796874999999 0.2065 0.9708015624999999 0.2092046875 0.9706890625 0.21010625 0.9703515625
0 0.1641109375 0.9531031249999999 0.1621578125 0.9528765625 0.160203125 0.9526515625 0.1606296875 0.9537718749999999 0.15809843750000002 0.9569359375 0.1653140625 0.95524375 0.16741875 0.95479375 0.1698234375 0.953665625 0.1641109375 0.9531031249999999
0 0.17388125000000001 0.965278125 0.170425 0.96663125 0.17297968749999998 0.96708125 0.1747828125 0.9671937500000001 0.175534375 0.9656156250000001 0.17388125000000001 0.965278125
0 0.18245 0.9492687500000001 0.1806453125 0.94881875 0.178540625 0.9502843750000001 0.178540625 0.9514109375 0.17989375000000002 0.9515234375 0.1819984375 0.9512984375 0.18305 0.9502843750000001 0.18245 0.9492687500000001
0 0.20544687499999997 0.9543421875 0.2074015625 0.9554703124999999 0.21251250000000002 0.9553578125 0.2057484375 0.9570484374999999 0.2074015625 0.9580624999999999 0.21311249999999998 0.9571609375 0.21657031249999997 0.956146875 0.2177734375 0.9540046875 0.20830312499999998 0.9515234375 0.2122109375 0.9499453125 0.208003125 0.947578125 0.2051921875 0.9484125000000001 0.199134375 0.9467890625000001 0.1982328125 0.950171875 0.198984375 0.9524265625 0.20259062499999997 0.9525390625 0.20544687499999997 0.9543421875
0 0.16275781250000002 0.9588515624999999 0.15479218749999998 0.9584015625 0.15118437499999998 0.9555828125 0.1456234375 0.9554703124999999 0.1429171875 0.9527640625 0.1357015625 0.953440625 0.13149375000000002 0.9571609375 0.1341984375 0.9572734374999999 0.13660468750000002 0.9580624999999999 0.13976093750000002 0.9582875 0.1415640625 0.9593031249999999 0.1414140625 0.9611062499999999 0.14246562499999998 0.9614453125000001 0.1502828125 0.9589640625 0.1564453125 0.9606562500000001 0.16275781250000002 0.9612187499999999 0.1657640625 0.962684375 0.1741828125 0.9590781249999999 0.16275781250000002 0.9588515624999999
0 0.102784375 0.9564843749999999 0.10458750000000001 0.9572734374999999 0.1068421875 0.956596875 0.1106 0.95524375 0.11480937499999999 0.95490625 0.1191671875 0.953778125 0.1232265625 0.9518625000000001 0.1188671875 0.9510734375000001 0.1116515625 0.9510734375000001 0.1099984375 0.9510734375000001 0.1051890625 0.9510734375000001 0.106240625 0.9478046875 0.10248281249999999 0.9496078125 0.10188124999999999 0.9509609375 0.1020328125 0.9524265625 0.10323437499999999 0.95490625 0.10323437499999999 0.9556953125 0.102784375 0.9564843749999999
0 0.1262328125 0.9558078125 0.130440625 0.9558078125 0.13134375 0.9555828125 0.133146875 0.95479375 0.130440625 0.95479375 0.1296890625 0.9541171875 0.127284375 0.953328125 0.12548125000000002 0.953553125 0.1217234375 0.95456875 0.1262328125 0.9558078125
0 0.1408125 0.9476906250000001 0.1414140625 0.9437453124999999 0.1337484375 0.9439703125 0.13465 0.9462249999999999 0.1408125 0.9476906250000001
0 0.2251390625 0.9712531249999999 0.223184375 0.9728312499999999 0.2245375 0.9728312499999999 0.2267921875 0.9728312499999999 0.22859531249999998 0.9712531249999999 0.2251390625 0.9712531249999999
0 0 0.922340625 0.0015296875 0.925440625 0.00215 0.9217203125 0.0079359375 0.922340625 0.008970312499999999 0.9242000000000001 0.016203125 0.9260609375 0.0209578125 0.9232703125 0.0141375 0.9209453125 0.0093828125 0.9184640625 0 0.9178453125000001 0 0.922340625
0 0.0312796875 0.84375 0.037309375 0.846521875 0.042270312500000004 0.8460109375 0.0440203125 0.8444796875 0.049953125 0.840540625 0.0457703125 0.8393734374999999 0.0432421875 0.838425 0.036045312499999996 0.839228125 0.0305984375 0.8393734374999999 0.0260265625 0.83820625 0.0202890625 0.8379875 0.0180515625 0.8406859375 0.018537500000000002 0.8411234375 0.0218453125 0.842728125 0.026221875 0.8440421875 0.0312796875 0.84375
0 0.06815625 0.8000203125 0.064153125 0.8036765625 0.06815625 0.8045890625000001 0.068853125 0.80850625 0.07146406250000001 0.8092890625000001 0.07407343749999999 0.81059375 0.0817328125 0.8119 0.08695312499999999 0.8112468749999999 0.0754671875 0.809028125 0.0822546875 0.8092890625000001 0.081209375 0.8036765625 0.06815625 0.8000203125
0 0.081209375 0.79349375 0.0739 0.7925796875 0.0770328125 0.7957124999999999 0.07407343749999999 0.79819375 0.0786 0.7983234375 0.08016562499999999 0.7984546875 0.0808625 0.7992375 0.0839953125 0.800934375 0.08677968750000001 0.8018484375 0.0906078125 0.8015874999999999 0.0900859375 0.799759375 0.0897375 0.7992375 0.0873015625 0.79701875 0.08155781250000001 0.79584375 0.081209375 0.79349375
0 0.2208171875 0.43359375 0.20345624999999998 0.44196406250000003 0.208003125 0.4416546875 0.2104828125 0.44475468749999997 0.208415625 0.447234375 0.20138906250000002 0.447234375 0.2001484375 0.4497140625 0.2059359375 0.45343437499999995 0.21585625 0.45684531249999993 0.22660312500000002 0.4602546875 0.2328046875 0.455915625 0.2224703125 0.44940468750000007 0.2303234375 0.445375 0.22825781250000002 0.43793437500000004 0.2208171875 0.43359375
0 0.01124375 0.4016609375 0.0108296875 0.39918125 0.006696875 0.3951515625 0.0000828125 0.400421875 0.0013234375 0.41840312500000004 0.004215625 0.42026250000000004 0.0141375 0.42243281250000003 0.0203375 0.4236734375 0.0258078125 0.4225796875 0.026537500000000002 0.4221234375 0.028190625000000004 0.42243281250000003 0.0314984375 0.4218125 0.02943125 0.4171625 0.029017187500000003 0.416853125 0.029017187500000003 0.4115828125 0.01124375 0.4016609375
0 0.026537500000000002 0.315165625 0.009590625 0.323846875 0.023643749999999998 0.34368750000000003 0.0137234375 0.3421375 0.00835 0.3359375 0.0050437500000000005 0.334078125 0 0.3359375 0.0000828125 0.356709375 0 0.366009375 0.0133109375 0.374690625 0.019096875 0.3756203125 0.023231250000000002 0.373140625 0.045965624999999996 0.3830609375 0.0467921875 0.3864703125 0.027778124999999997 0.3787203125 0.0244703125 0.38988125 0.0153765625 0.3874015625 0.012482812499999999 0.3908109375 0.014549999999999999 0.3979421875 0.0211640625 0.4047625 0.0273640625 0.4069328125 0.0513390625 0.415303125 0.0496859375 0.4087921875 0.0558859375 0.4063125 0.0604328125 0.401971875 0.069940625 0.3967015625 0.0811015625 0.3849203125 0.0811015625 0.3998015625 0.093915625 0.40507187499999997 0.0935015625 0.4087921875 0.1079703125 0.4140625 0.1112765625 0.412821875 0.11251718749999999 0.4094125 0.12698437499999998 0.393290625 0.1174765625 0.38833125 0.086475 0.3743796875 0.07986093749999999 0.3694203125 0.091021875 0.3719 0.092675 0.367559375 0.0963953125 0.3650796875 0.10590312500000001 0.3520578125 0.096809375 0.34616875 0.08275468750000001 0.34275781250000004 0.06870000000000001 0.3439984375 0.06539375 0.352678125 0.051753125 0.3514390625 0.0364578125 0.357328125 0.0422453125 0.3517484375 0.0571265625 0.34368750000000003 0.05919375 0.3393484375 0.0513390625 0.323846875 0.038525 0.31950625 0.026537500000000002 0.315165625
0 0.2416921875 1 0.24334531250000002 0.999534375 0.24871875000000002 0.9993796875 0.252025 0.9998453125 0.25636562500000004 1 0.26194687499999997 0.9962796875000001 0.25450625 0.9981406249999999 0.24355156249999999 0.9962796875000001 0.2328046875 0.9978296875 0.23673125 0.9986046875 0.2392109375 0.9976749999999999 0.23755781250000002 0.9990703125 0.238178125 1 0.2416921875 1
0 0.289021875 0.9903890625 0.293775 0.9900796875 0.29088125 0.991475 0.293775 0.9913187499999999 0.2977015625 0.9907 0.2974953125 0.98899375 0.29274062500000003 0.9883749999999999 0.29088125 0.9885296875 0.289640625 0.9893046875 0.29005468749999996 0.989925 0.289021875 0.9903890625
0 0.2557453125 0.976903125 0.2609125 0.9751984374999999 0.26277343750000004 0.9756640624999999 0.2667 0.976903125 0.2704203125 0.9747328124999999 0.2733140625 0.9741140625 0.27868750000000003 0.97194375 0.27310625 0.97271875 0.268559375 0.9710125 0.2640125 0.97039375 0.25181875 0.9682234375000001 0.2526453125 0.9662078125000001 0.23962500000000003 0.9683781249999999 0.23714375 0.9696187500000001 0.2416921875 0.97194375 0.24582500000000002 0.9731828124999999 0.2462390625 0.9744234374999999 0.24727187499999997 0.9747328124999999 0.2516125 0.9745781250000001 0.253471875 0.97504375 0.2557453125 0.976903125
0 0.3435015625 0.9911953125 0.3411046875 0.9929937499999999 0.3420140625 0.9932421874999999 0.346809375 0.9940468750000001 0.3511078125 0.9944203125 0.3516859375 0.99460625 0.3557375 0.9947296874999999 0.356646875 0.9952875000000001 0.35838281250000004 0.9958453125 0.3605328125 0.9958453125 0.3616078125 0.9963421875 0.36350937499999997 0.9967140625 0.3598703125 0.99758125 0.36276406250000004 0.998759375 0.3664015625 0.9975203125000001 0.3654921875 0.9962171874999999 0.3651625 0.9952875000000001 0.37318125 0.9951015625 0.3709484375 0.993365625 0.364253125 0.993428125 0.3645828125 0.991753125 0.3612765625 0.9918156249999999 0.353753125 0.9923734375000001 0.3435015625 0.9911953125
0 0.3391203125 0.99615625 0.3406078125 0.9970234375 0.3418484375 0.997271875 0.34375 0.9973953124999999 0.34375 0.99615625 0.3396984375 0.99609375 0.3391203125 0.99615625
0 0.505290625 0.8979421875 0.5049609375 0.8939734375 0.5031421875000001 0.8926093749999999 0.495865625 0.89136875 0.4933859375 0.8900046875 0.496196875 0.8859125000000001 0.5011578125 0.8849203125 0.5036375 0.8828125 0.5029765625 0.8781000000000001 0.4985125 0.87425625 0.49882499999999996 0.8688265625 0.48963906250000006 0.8699296875 0.48726875 0.8732640625 0.48522968750000006 0.8660718749999999 0.47172656249999995 0.8650796875 0.46114375 0.8650796875 0.4381984375 0.8572531250000001 0.4350203125 0.8643359374999999 0.4313828125 0.8650796875 0.4128640625 0.8623515625 0.40591875 0.8625984375 0.40443125 0.86644375 0.4070765625 0.8704109375 0.40310781249999994 0.8736359374999999 0.40079374999999995 0.8783484375 0.4039359375 0.8809531249999999 0.4088953125 0.8824406249999999 0.4141859375 0.8859125000000001 0.4293984375 0.889384375 0.4459328125 0.8876484375 0.4608140625 0.8938484375 0.4770171875 0.890625 0.4788359375 0.89446875 0.48197812500000003 0.896825 0.49057500000000004 0.8993062500000001 0.492559375 0.9017859375 0.49818125 0.902034375 0.505290625 0.8979421875
0 0.7359218750000001 0.8852046874999999 0.7328515624999999 0.8832546875 0.72978125 0.8832546875 0.7285999999999999 0.8844953125 0.733796875 0.886621875 0.7399375 0.8846718750000001 0.7427718750000001 0.88538125 0.739465625 0.8875078125 0.7411187499999999 0.8889250000000001 0.7474968750000001 0.8883921875 0.7522203125 0.8906953124999999 0.7526921875 0.8908734375 0.75481875 0.8908734375 0.7583609375 0.8901640625 0.761196875 0.8889250000000001 0.763321875 0.8880390625000001 0.7663921874999999 0.8873296875 0.7654484375 0.88538125 0.7602515624999999 0.8829015625000001 0.7583609375 0.8816609375000001 0.7545828125 0.8818374999999999 0.7526921875 0.8809531249999999 0.74915 0.8816609375000001 0.74915 0.8825468750000001 0.7448984375000001 0.882015625 0.7411187499999999 0.8807750000000001 0.7356859375 0.8818374999999999 0.7359218750000001 0.883609375 0.7378125 0.88431875 0.7359218750000001 0.8852046874999999
0 0.8542609375 0.884140625 0.8518984375 0.8821921875 0.8537890625 0.8805984375 0.8516625 0.8800671875000001 0.8462296874999999 0.87865 0.8410343749999999 0.8804203125000001 0.8445765625 0.8829015625000001 0.8478843749999999 0.8832546875 0.8514265625 0.88538125 0.8542609375 0.884140625
0 1 0.8600484375 0.9896062499999999 0.8625281250000001 0.9900796875 0.8660718749999999 0.9855921875 0.8664249999999999 0.9787421875 0.8648312499999999 0.97378125 0.8701453125 0.9808671875 0.86996875 0.9891343750000001 0.8701453125 0.97614375 0.8726265625 0.9636250000000001 0.8747515625 0.9676390625 0.8747515625 0.973309375 0.8756375000000001 0.9827562500000001 0.87510625 0.9922046874999999 0.8795343750000001 0.9891343750000001 0.88130625 0.9855921875 0.8811296875 0.9858281249999999 0.8821921875 0.9905515625 0.883609375 0.9952765625 0.8848499999999999 1 0.8837875000000001 1 0.879003125 1 0.8690828125 1 0.8600484375
0 0.9629156249999999 0.6752765625 0.9581921875000001 0.6750984375 0.952759375 0.6770484375 0.9522859374999999 0.6784656250000001 0.95323125 0.6798828125 0.9565374999999999 0.6804140624999999 0.9593718750000001 0.6797046875 0.9633875 0.67881875 0.9629156249999999 0.6752765625
0 0.9215796875000001 0.9837015625 0.922525 0.983346875 0.9241781250000001 0.9813984375 0.918509375 0.9812218749999999 0.9170921875 0.9764390625000001 0.9085890624999999 0.9767921875000001 0.9064625 0.97484375 0.8913453125 0.9760843749999999 0.8908734375 0.9782093749999999 0.8868578125000001 0.9757296875 0.8861484374999999 0.9785640624999999 0.8932343749999999 0.9821078125 0.8986671875000001 0.98299375 0.9017390625000001 0.9821078125 0.9048093749999999 0.9819296874999999 0.9074078125 0.9840562500000001 0.9144937499999999 0.98299375 0.9215796875000001 0.9837015625
0 1 0.9197671875 0.9985125 0.9193953125000001 0.9829703125 0.9198906250000001 0.9773484375000001 0.9186515625 0.9680890625 0.918403125 0.952546875 0.9198906250000001 0.9472546875000001 0.9169140625000001 0.9336968750000001 0.9139390625000001 0.9214609375 0.909721875 0.9105484374999999 0.9082343749999999 0.890046875 0.9112109374999999 0.8834328125 0.9139390625000001 0.875165625 0.9201390625 0.8659062499999999 0.9223703125 0.8543312500000001 0.924603125 0.8298609375 0.9263390625 0.821925 0.9283234374999999 0.798115625 0.9270828124999999 0.790840625 0.928075 0.77364375 0.9275796875 0.7551249999999999 0.9285718749999999 0.7415671875000001 0.9310515625000001 0.7227187500000001 0.9327875000000001 0.7174265625 0.9322921875000001 0.6817124999999999 0.92261875 0.65955625 0.9213796875 0.632109375 0.918403125 0.6092921875 0.9213796875 0.59341875 0.9196421875 0.565971875 0.9201390625 0.559028125 0.9238593749999999 0.5431546875000001 0.9290671875 0.5395171875 0.9313 0.52794375 0.9337796875000001 0.5213296875 0.9322921875000001 0.5190140624999999 0.9290671875 0.515046875 0.9278281249999999 0.5084328124999999 0.9233625 0.49289062499999997 0.9201390625 0.484953125 0.9174109375 0.474703125 0.9159218750000001 0.4601515625 0.9164187500000001 0.4293984375 0.91245 0.41352500000000003 0.9114578124999999 0.41071406250000003 0.909846875 0.413690625 0.9031499999999999 0.4126984375 0.899925 0.3979828125 0.894840625 0.39302187499999997 0.8916171875 0.38806250000000003 0.890625 0.382771875 0.887153125 0.34573437500000004 0.8874015625 0.3358140625 0.8859125000000001 0.330853125 0.8836812500000001 0.3249015625 0.8831843750000001 0.3149796875 0.8841765625000001 0.3060515625 0.8787203124999999 0.2895171875 0.87425625 0.28224218749999996 0.87425625 0.2733140625 0.876240625 0.26306250000000003 0.8752484375 0.253803125 0.8725203125000001 0.246196875 0.8673109374999999 0.22139531250000002 0.8625984375 0.21081406249999998 0.85863125 0.20486093749999998 0.8583828125 0.1942796875 0.86011875 0.18816093750000001 0.8585062499999999 0.18683906249999999 0.8627234375 0.1888234375 0.86644375 0.194775 0.8728921875 0.20039687499999997 0.8828125 0.2032078125 0.8854171875000001 0.2217265625 0.894096875 0.2309859375 0.8955859374999999 0.2415671875 0.8990578125 0.2471890625 0.8988093750000001 0.2726515625 0.9045140625 0.273809375 0.9058781249999999 0.2688484375 0.9095984375 0.2671953125 0.9135671875 0.2633921875 0.9149312500000001 0.2514875 0.9141859374999999 0.2415671875 0.9171625000000001 0.2290015625 0.9146828125 0.22139531250000002 0.9149312500000001 0.2157734375 0.9169140625000001 0.20386875 0.9171625000000001 0.1956015625 0.92113125 0.191303125 0.9255953124999999 0.1777453125 0.926090625 0.1714609375 0.925346875 0.16021875000000002 0.9174109375 0.1463296875 0.9114578124999999 0.1238421875 0.908978125 0.1089609375 0.9042656250000001 0.086475 0.90228125 0.0709328125 0.9030265625 0.0580359375 0.902034375 0.033234375 0.9072421875 0.023643749999999998 0.9064984375 0.015046875000000001 0.907490625 0.0087625 0.9094734375 0.0013234375 0.9135671875 0.0009921875 0.9187749999999999 0.0117390625 0.9255953124999999 0.022982812499999998 0.924603125 0.04183125 0.9270828124999999 0.069609375 0.9283234374999999 0.08316875 0.9352671875 0.0901125 0.93675625 0.106646875 0.9379953125 0.1152453125 0.940228125 0.12681875 0.9399796874999999 0.1317796875 0.941715625 0.1374015625 0.9456843750000001 0.14302187500000002 0.9466765625000001 0.1787375 0.9441968749999999 0.194609375 0.941715625 0.1999015625 0.93824375 0.2412375 0.9384921875 0.25545625 0.9404765625 0.2670296875 0.9441968749999999 0.282903125 0.9456843750000001 0.2987765625 0.9446921875 0.3149796875 0.9459328125 0.330853125 0.9449406249999999 0.3632609375 0.9494046875000001 0.3725203125 0.951884375 0.3887234375 0.9516375 0.4036046875 0.9533734375 0.41881562499999997 0.9568453124999999 0.44097187499999996 0.9585812499999999 0.4479171875 0.9608140625000001 0.452215625 0.964534375 0.4548609375 0.965278125 0.4603171875 0.964409375 0.4584984375 0.956596875 0.46974218749999996 0.9553578125 0.48230781250000004 0.9561015625 0.4918984375 0.954365625 0.5292656250000001 0.9563484375 0.5507609375 0.955853125 0.5593578124999999 0.9546125 0.5871359375 0.9551093749999999 0.599703125 0.95709375 0.61590625 0.9563484375 0.654596875 0.9608140625000001 0.6602187500000001 0.9623015625000001 0.6767531250000001 0.9627968750000001 0.6919640625000001 0.964534375 0.712796875 0.9620531250000001 0.7382609375 0.95709375 0.7587625 0.9548609375 0.775296875 0.9563484375 0.7842265625 0.9546125 0.8113421875 0.9548609375 0.8206015624999999 0.9533734375 0.84375 0.954365625 0.8533406250000001 0.9568453124999999 0.8583000000000001 0.9610609374999999 0.87715 0.9627968750000001 0.8847546875000001 0.96255 0.90625 0.959325 0.926753125 0.9608140625000001 0.9379953125 0.9632937500000001 0.9581687499999999 0.964534375 0.9631281250000001 0.9657734375 0.9723875 0.96478125 0.9955359375 0.9655265625 1 0.9639140625 1 0.9197671875
0 1 0.0663578125 0.9856703124999999 0.0625 0.9595828125000001 0.0647046875 0.9401093749999999 0.0660828125 0.9312906249999999 0.0660828125 0.9155093750000001 0.06930625 0.9105484374999999 0.0683140625 0.900059375 0.061948437499999995 0.8583000000000001 0.0702984375 0.8407734375 0.0695546875 0.7898484375 0.0707953125 0.7858796875 0.0695546875 0.78158125 0.0695546875 0.764715625 0.0722828125 0.6830359374999999 0.07401875 0.6744375 0.0757546875 0.6698875 0.055334375000000005 0.6390234375 0.07186875000000001 0.5917656250000001 0.07749062500000001 0.5755625 0.0769953125 0.5709328124999999 0.0784828125 0.5560515625 0.0784828125 0.5500984375 0.07972343750000001 0.5395171875 0.07897968749999999 0.49652812500000004 0.07972343750000001 0.47172656249999995 0.082946875 0.46577343750000005 0.0819546875 0.4621359375 0.08344375000000001 0.45519218749999996 0.0809640625 0.445271875 0.0747625 0.43535 0.0747625 0.4287375 0.07625156250000001 0.422784375 0.08344375000000001 0.4036046875 0.090140625 0.3979828125 0.0898921875 0.39302187499999997 0.0871640625 0.38773124999999997 0.0879078125 0.3831015625 0.085428125 0.3668984375 0.0864203125 0.3625984375 0.085675 0.33647499999999997 0.085675 0.30836562500000003 0.08666718749999999 0.2891859375 0.090140625 0.279596875 0.0889 0.272321875 0.0891484375 0.2670296875 0.0879078125 0.24289062499999997 0.0891484375 0.22337968749999998 0.088403125 0.2045296875 0.08964375 0.18931875 0.092371875 0.1787375 0.0903875 0.150628125 0.091628125 0.12549531249999998 0.0913796875 0.12119687500000001 0.0926203125 0.1096234375 0.0921234375 0.1000328125 0.0936125 0.088128125 0.09311562500000001 0.06497968750000001 0.09509999999999999 0.047784375000000004 0.09534843750000001 0.027778124999999997 0.094190625 0.022265625 0.094190625 0.0160203125 0.09584375 0.004996875 0.0961203125 0 0.0961203125 0.0006609375 0.22096875 0 0.2245375 0.0105078125 0.2330796875 0.0006609375 0.22989687499999997 0.0026453125 0.23188124999999998 0.00033125 0.23510468750000002 0.001653125 0.2559390625 0.008928125 0.26561093750000003 0.01636875 0.2679671875 0.0325734375 0.2811125 0.041740624999999996 0.2846125 0.0630515625 0.2573296875 0.06782812499999999 0.2567796875 0.07297187499999999 0.2507171875 0.074809375 0.253471875 0.0498234375 0.2807546875 0.0505578125 0.2851625 0.052909375 0.2871890625 0.058365625 0.28731249999999997 0.07039999999999999 0.2848875 0.0663578125 0.278825 0.052028125 0.2791 0.05680468749999999 0.27358906250000004 0.0674609375 0.27469062499999997 0.07039999999999999 0.2810296875 0.0751765625 0.28213125 0.084490625 0.2863203125 0.0901125 0.2870640625 0.0924453125 0.29370625 0.09318125000000001 0.30114687500000004 0.0891390625 0.304728125 0.0967265625 0.3108734375 0.1003640625 0.306409375 0.10416718750000001 0.31074999999999997 0.1126546875 0.31768125 0.15380625 0.33586875 0.15380625 0.34275781250000004 0.121840625 0.3264984375 0.1146390625 0.3339390625 0.119046875 0.3449625 0.1249265625 0.34137968750000003 0.126028125 0.3449625 0.116475 0.3565359375 0.1172109375 0.3637015625 0.1249265625 0.3639765625 0.1337453125 0.37031562500000004 0.1420296875 0.37560625000000003 0.145503125 0.38490625 0.145171875 0.3891234375 0.1421953125 0.39401406250000004 0.1501328125 0.40310781249999994 0.160053125 0.4075171875 0.1644625 0.406415625 0.1732796875 0.4099984375 0.1776890625 0.4091703125 0.17952656250000001 0.4075171875 0.18246562500000002 0.40173125 0.18907968749999998 0.39759687499999996 0.193121875 0.3967703125 0.194959375 0.39263593750000003 0.200103125 0.391534375 0.194959375 0.397871875 0.18430312499999998 0.4075171875 0.1846703125 0.415784375 0.1953265625 0.42019375 0.192790625 0.42458906250000006 0.186140625 0.42901249999999996 0.1960609375 0.43838125000000006 0.2045296875 0.4356265625 0.20601875 0.436246875 0.22582343749999997 0.42295 0.2285421875 0.435075 0.2430921875 0.44141250000000004 0.2552171875 0.44279062500000005 0.266240625 0.44168906249999995 0.281671875 0.43149218749999996 0.2832890625 0.4281859375 0.288065625 0.42074531249999997 0.28475937500000004 0.41357968749999996 0.2967375 0.4133046875 0.2987765625 0.41677656250000006 0.309596875 0.4171625 0.3153109375 0.42148906249999996 0.3249015625 0.425209375 0.3295296875 0.4257046875 0.3351515625 0.428434375 0.34573437500000004 0.42719375 0.349040625 0.424465625 0.3523484375 0.42396874999999995 0.3571421875 0.429053125 0.36276406250000004 0.43202968750000004 0.36441875 0.4372375 0.3718578125 0.4413296875 0.3650796875 0.44389375 0.3731625 0.44857812499999994 0.3907078125 0.4497625 0.397321875 0.4505078125 0.400353125 0.45519218749999996 0.4084359375 0.45546718750000004 0.42239843749999995 0.451884375 0.4257046875 0.4460984375 0.4192390625 0.44031093749999994 0.4065984375 0.43727968749999996 0.40196875 0.43865781249999997 0.38984375 0.44168906249999995 0.40601093749999995 0.435075 0.41262499999999996 0.427359375 0.4236484375 0.418265625 0.42879218750000003 0.4163359375 0.428425 0.412203125 0.4041734375 0.391534375 0.3887421875 0.400628125 0.39168125 0.39649531250000003 0.3794640625 0.39023906249999996 0.3756609375 0.3891234375 0.3703703125 0.385746875 0.3531015625 0.38988125 0.35163125 0.40007656249999995 0.36045 0.40806875 0.3685328125 0.4119265625 0.3622875 0.412203125 0.34942656250000004 0.4039359375 0.34979375 0.3951171875 0.3373015625 0.3909828125 0.34612031249999997 0.382715625 0.3586125 0.37830625 0.3586125 0.3741734375 0.3726859375 0.3655609375 0.37599218749999996 0.3613453125 0.3835984375 0.3504734375 0.3736765625 0.34413593750000004 0.35383593750000003 0.33449062500000004 0.359715625 0.33311250000000003 0.356646875 0.32773906249999996 0.3558203125 0.32687187500000003 0.3561515625 0.32215937499999997 0.3596234375 0.321290625 0.3616078125 0.31856249999999997 0.364859375 0.3160265625 0.36743125 0.3138234375 0.372575 0.31189374999999997 0.37698437500000004 0.3062859375 0.38045625 0.3051703125 0.38210937500000003 0.3026890625 0.3854171875 0.30219375 0.3865734375 0.29909375 0.390046875 0.29748125000000003 0.3938484375 0.2936375 0.39715625 0.28669218750000003 0.40079374999999995 0.28346875 0.3978171875 0.2792515625 0.3979828125 0.2741671875 0.4036046875 0.2754078125 0.406084375 0.2792515625 0.40922656249999995 0.28086406249999996 0.4210765625 0.2884703125 0.424015625 0.28158125 0.42807500000000004 0.2796234375 0.4289015625 0.27528437499999997 0.42790937500000004 0.271315625 0.4295640625 0.2685875 0.4399796875 0.264990625 0.4479171875 0.2637515625 0.45023125 0.259534375 0.45552187499999997 0.258790625 0.45598124999999995 0.2658734375 0.47104687500000003 0.2675265625 0.4765578125 0.2733140625 0.488315625 0.2727625 0.49786875 0.2807546875 0.49345937500000003 0.2837859375 0.4995046875 0.2875609375 0.50909375 0.2902890625 0.5133921875 0.2952484375 0.52066875 0.29648906249999996 0.5224875 0.298596875 0.52364375 0.3051703125 0.5289359375 0.30368125 0.5342265625 0.3051703125 0.5448078125 0.3026890625 0.5505953124999999 0.30578906250000004 0.5539015625 0.3117421875 0.5585312499999999 0.31471875 0.556546875 0.3186859375 0.5689484375 0.3264984375 0.5758921875 0.3279875 0.586475 0.32724375 0.5917656250000001 0.3289796875 0.6036890625 0.3325625 0.6080984375 0.3295296875 0.61801875 0.32346718750000003 0.619046875 0.3132296875 0.6243390625 0.31074999999999997 0.6230156250000001 0.30678125 0.6269843749999999 0.30455 0.6269843749999999 0.2988453125 0.6281421875000001 0.298225 0.632771875 0.29896875 0.6441796875 0.298596875 0.6440140624999999 0.30169687500000003 0.6377312500000001 0.30045781250000003 0.6316140625 0.30678125 0.6387234375 0.311865625 0.6441796875 0.311990625 0.6441796875 0.31025468749999996 0.6408734375 0.30727812499999996 0.6440140624999999 0.3039296875 0.657903125 0.3098828125 0.665178125 0.3098828125 0.6698265625000001 0.307484375 0.705834375 0.2870921875 0.7117140625 0.2705578125 0.721634375 0.26642343749999997 0.74669375 0.2636265625 0.7506609375 0.25815625 0.7543359374999999 0.26063749999999997 0.7591125 0.25925937499999996 0.7642562500000001 0.256503125 0.7778515625 0.24961406249999998 0.7848328125 0.2388671875 0.8070984375 0.22756875000000001 0.8170187500000001 0.223159375 0.8379625 0.231978125 0.843475 0.2283953125 0.860009375 0.23996875 0.8813203125 0.230875 0.8827890625 0.23390624999999998 0.89500625 0.23721406250000002 0.8966593749999999 0.2394453125 0.8974875000000001 0.2463078125 0.906671875 0.2463078125 0.9158578125 0.24796093749999998 0.9196421875 0.24700937500000003 0.9401093749999999 0.24796093749999998 0.9514984375 0.24520468750000002 0.9610515625 0.23996875 0.9599500000000001 0.2363859375 0.96693125 0.232253125 0.9772187499999999 0.22646562499999998 0.98363125 0.22654843750000003 0.99239375 0.22096875 1 0.214065625 1 0.1716265625 1 0.07958593750000001 1 0.0693890625 1 0.0663578125