0 0.54381875 0.388753125 0.5493921875 0.3743578125 0.551090625 0.366209375 0.5516578125 0.3499140625 0.5492328125 0.34867499999999996 0.5492125 0.342840625 0.5479499999999999 0.33371093749999997 0.5487656249999999 0.32705625 0.5436515625 0.3195859375 0.542434375 0.332921875 0.5412796875 0.349471875 0.5426140625 0.3583125 0.5432484375 0.3751953125 0.54381875 0.388753125
0 0.549590625 0.5529640625 0.5502015625000001 0.5478390625 0.5502015625000001 0.5313046875 0.5487609375 0.5121234375 0.5487609375 0.49826875 0.54689375 0.4894078125 0.5498828125 0.48324531249999997 0.5498828125 0.47672968750000005 0.5422328125 0.4747734375 0.54134375 0.5028625 0.54085 0.505528125 0.52551875 0.5039640624999999 0.525409375 0.5066609375 0.5343046874999999 0.51135625 0.5396890625 0.5127875000000001 0.5373953124999999 0.5182109374999999 0.54001875 0.5232640625 0.5408125 0.528759375 0.532771875 0.5312234375 0.5217265624999999 0.53621875 0.5121578125 0.5372734375 0.49912812500000003 0.5374890625 0.4895609375 0.53899375 0.45874531249999995 0.534671875 0.4518484375 0.5321078124999999 0.4410375 0.5360828125 0.42911875000000005 0.5318359375 0.42076874999999997 0.5361171875 0.42412031250000004 0.5399890625 0.44763125 0.541571875 0.46085312500000003 0.5432921875 0.4796421875 0.5448078125 0.49836562500000003 0.5456000000000001 0.50166875 0.5425296875 0.518825 0.5450015625 0.5368046875 0.5351484375 0.5341171874999999 0.5429671875000001 0.5317406250000001 0.549953125 0.5402312499999999 0.5642343750000001 0.541090625 0.5640484375 0.5472812499999999 0.559396875 0.549590625 0.5529640625
0 0.5169796875 0.6155484375 0.5250453125 0.61465625 0.5360921875 0.5622874999999999 0.5312078125 0.5598234375 0.528715625 0.5754734375 0.5227375000000001 0.5888484375 0.5205140625 0.6086578125 0.5169796875 0.6155484375
0 0.5177390625 0.6133625 0.5089796875 0.6194671875 0.52039375 0.621359375 0.5402828125 0.6193296875 0.5460546875000001 0.6186015625 0.5493375 0.6102171875 0.549453125 0.5975515625 0.5488234375000001 0.585328125 0.5441234374999999 0.5757515625 0.5408828125 0.582859375 0.5399359375 0.5959796875000001 0.5399484375 0.6141609375 0.5177390625 0.6133625
0 0.5408453125 0.7042640625 0.5458921875 0.7049328125 0.548496875 0.6956953125 0.5490625 0.6841203124999999 0.5488859374999999 0.6680921875 0.54755625 0.655971875 0.5497328125000001 0.6408546875 0.5495187500000001 0.6315546875 0.5477046875 0.6244500000000001 0.5311859375 0.6349796875 0.5348578125000001 0.6466203125 0.5374609375 0.6436640625 0.5378046875 0.6698546875 0.5383546875 0.67918125 0.538740625 0.6910265625 0.5408453125 0.7042640625
0 0.657428125 0.6706015625 0.658278125 0.661321875 0.6556124999999999 0.6508640625 0.6528328125 0.6538203125 0.6518359375 0.6612843749999999 0.6518359375 0.6707921875 0.6539906249999999 0.676221875 0.657428125 0.6706015625
0 0.5433828125 0.7119015625 0.5406015625 0.71745 0.5381109375 0.73418125 0.5466624999999999 0.7343140625 0.5500875 0.7289828125 0.547915625 0.7202578125 0.548053125 0.7098671875 0.5433828125 0.7119015625
0 0.5417921875 0.7782312499999999 0.5400046875 0.7850390625 0.542221875 0.789390625 0.5450999999999999 0.7886703125000001 0.545734375 0.7819828125 0.549446875 0.775428125 0.549696875 0.7651421875 0.547965625 0.7540265625 0.54889375 0.7480859375 0.54889375 0.7385109375 0.549571875 0.7319921875000001 0.5483703125 0.7225765625 0.5470390625 0.7344828125 0.54270625 0.7369609374999999 0.5397609375 0.7469296875 0.5385671875 0.7595734375000001 0.541825 0.768484375 0.541859375 0.7739265625 0.5417921875 0.7782312499999999
0 0.5356875 0.840828125 0.5397140625 0.8431515624999999 0.5460515625 0.842571875 0.547184375 0.8361218750000001 0.5475015625 0.82563125 0.5449359375 0.8165015625 0.5468390624999999 0.8072640625 0.544478125 0.8009812500000001 0.5415046875 0.8026031250000001 0.5388546875 0.821509375 0.5341781250000001 0.8269578125000001 0.536353125 0.83195625 0.5345796875 0.8364796875 0.5356875 0.840828125
0 0.48954062499999995 0.5826015625000001 0.47972656249999995 0.5846421875 0.493896875 0.5867218750000001 0.504034375 0.5864843750000001 0.50704375 0.590790625 0.5034078125 0.5938671875 0.500665625 0.594959375 0.4964765625 0.5911562499999999 0.49284999999999995 0.58988125 0.4868453125 0.5948562500000001 0.4869875 0.5994531249999999 0.49540625 0.6006671875 0.5113749999999999 0.5964140625 0.5129390625 0.587553125 0.5041875 0.581253125 0.48954062499999995 0.5826015625000001
0 0.6865515624999999 0.051556250000000005 0.6830125 0.048540625 0.679271875 0.0548625 0.678009375 0.06078750000000001 0.68271875 0.0664484375 0.6860453125 0.06313437499999999 0.6879265625000001 0.05654843750000001 0.6865515624999999 0.051556250000000005
0 0.6774375 0.14518124999999998 0.67626875 0.149240625 0.675775 0.15565625 0.6778796875 0.16244375 0.6804390625 0.156584375 0.6838124999999999 0.14621718749999998 0.6839609375 0.1464859375 0.6822765625 0.1390859375 0.6771125 0.1360125 0.6759875 0.1388203125 0.6774375 0.14518124999999998
0 0.5452281250000001 0.0798203125 0.5448500000000001 0.10269375 0.54433125 0.10695468749999999 0.5501265625 0.09864062500000001 0.54624375 0.0816203125 0.5513421875 0.0659 0.5507109375 0.058806250000000004 0.5507109375 0.0513390625 0.5462546875000001 0.041990625 0.541784375 0.0505421875 0.541403125 0.05736718750000001 0.5429421875 0.0625453125 0.5444375 0.0679046875 0.5452281250000001 0.0716875 0.5452281250000001 0.0798203125
0 0.547021875 0.8837640625000001 0.5488109375 0.8805390624999999 0.5460109375 0.8705265624999999 0.5440859375 0.8806984375000001 0.538896875 0.8806453125000001 0.540821875 0.88385625 0.547021875 0.8837640625000001
0 0.075028125 0.5649078125 0.0795484375 0.5852890625 0.0804921875 0.578609375 0.078415625 0.5684953125 0.0767609375 0.560865625 0.075765625 0.5540812500000001 0.07757968750000001 0.55101875 0.07642499999999999 0.5474281249999999 0.0744421875 0.539296875 0.07310625 0.5413296875 0.0727328125 0.54551875 0.0728203125 0.5502703125 0.07353125 0.5563421875000001 0.075028125 0.5649078125
0 0.1012703125 0.697978125 0.10093749999999999 0.696078125 0.100178125 0.6939671875 0.10013593750000001 0.6897593750000001 0.098425 0.6879062499999999 0.0993296875 0.68459375 0.09843125 0.6816859375 0.09700625 0.6791828125 0.095665625 0.6781046875000001 0.09443281249999999 0.678671875 0.0949953125 0.6817828125000001 0.09600468749999999 0.685884375 0.0964796875 0.6896375 0.0976515625 0.6957234375 0.09768125 0.6991875000000001 0.099871875 0.7011999999999999 0.10089062499999998 0.7107203125 0.1015109375 0.7153562499999999 0.1030328125 0.721134375 0.10417343750000001 0.71936875 0.1033375 0.710334375 0.102990625 0.703275 0.101678125 0.70084375 0.1012703125 0.697978125