0 0.4563484375 0.3195859375 0.451234375 0.32705625 0.45205 0.33371093749999997 0.4507875 0.342840625 0.4507671875 0.34867499999999996 0.44834218750000004 0.3499140625 0.44890937500000005 0.366209375 0.45060781250000004 0.3743578125 0.45618125000000004 0.388753125 0.45675156250000004 0.3751953125 0.45738593749999995 0.3583125 0.4587203125 0.349471875 0.457565625 0.332921875 0.4563484375 0.3195859375
0 0.4658828125 0.5429671875000001 0.4631953125 0.5351484375 0.481175 0.5450015625 0.49833125 0.5425296875 0.501634375 0.5456000000000001 0.5203578125 0.5448078125 0.5391468749999999 0.5432921875 0.5523687500000001 0.541571875 0.5758796875 0.5399890625 0.5792312500000001 0.5361171875 0.57088125 0.5318359375 0.5589625 0.5360828125 0.5481515625 0.5321078124999999 0.5412546875 0.534671875 0.5104390624999999 0.53899375 0.500871875 0.5374890625 0.48784218749999997 0.5372734375 0.47827343750000006 0.53621875 0.467228125 0.5312234375 0.45918749999999997 0.528759375 0.45998124999999995 0.5232640625 0.4626046875 0.5182109374999999 0.46031093749999996 0.5127875000000001 0.4656953125 0.51135625 0.474590625 0.5066609375 0.47448125 0.5039640624999999 0.45915 0.505528125 0.45865625000000004 0.5028625 0.4577671875 0.4747734375 0.45011718749999996 0.47672968750000005 0.45011718749999996 0.48324531249999997 0.45310625 0.4894078125 0.4512390625 0.49826875 0.4512390625 0.5121234375 0.4497984375 0.5313046875 0.4497984375 0.5478390625 0.450409375 0.5529640625 0.45271875 0.559396875 0.458909375 0.5640484375 0.45976875 0.5642343750000001 0.468259375 0.549953125 0.4658828125 0.5429671875000001
0 0.4639078125 0.5622874999999999 0.47495468750000003 0.61465625 0.4830203125 0.6155484375 0.47948593749999996 0.6086578125 0.4772625 0.5888484375 0.47128437500000003 0.5754734375 0.46879218749999996 0.5598234375 0.4639078125 0.5622874999999999
0 0.4511765625 0.585328125 0.450546875 0.5975515625 0.45066249999999997 0.6102171875 0.4539453125 0.6186015625 0.4597171875 0.6193296875 0.47960624999999996 0.621359375 0.4910203125 0.6194671875 0.4822609375 0.6133625 0.4600515625 0.6141609375 0.4600640625 0.5959796875000001 0.45911718749999997 0.582859375 0.4558765625 0.5757515625 0.4511765625 0.585328125
0 0.46514218749999997 0.6466203125 0.4688140625 0.6349796875 0.4522953125 0.6244500000000001 0.45048125 0.6315546875 0.4502671875 0.6408546875 0.45244375000000003 0.655971875 0.4511140625 0.6680921875 0.45093750000000005 0.6841203124999999 0.451503125 0.6956953125 0.45410781250000004 0.7049328125 0.4591546875 0.7042640625 0.461259375 0.6910265625 0.46164531249999996 0.67918125 0.4621953125 0.6698546875 0.4625390625 0.6436640625 0.46514218749999997 0.6466203125
0 0.34438749999999996 0.6508640625 0.341721875 0.661321875 0.342571875 0.6706015625 0.346009375 0.676221875 0.3481640625 0.6707921875 0.3481640625 0.6612843749999999 0.34716718750000003 0.6538203125 0.34438749999999996 0.6508640625
0 0.46188906249999995 0.73418125 0.4593984375 0.71745 0.4566171875 0.7119015625 0.45194687499999997 0.7098671875 0.452084375 0.7202578125 0.44991250000000005 0.7289828125 0.45333750000000006 0.7343140625 0.46188906249999995 0.73418125
0 0.45729375 0.7369609374999999 0.4529609375 0.7344828125 0.4516296875 0.7225765625 0.450428125 0.7319921875000001 0.45110625000000004 0.7385109375 0.45110625000000004 0.7480859375 0.45203437500000004 0.7540265625 0.450303125 0.7651421875 0.450553125 0.775428125 0.454265625 0.7819828125 0.4549 0.7886703125000001 0.45777812500000004 0.789390625 0.4599953125 0.7850390625 0.4582078125 0.7782312499999999 0.45814062499999997 0.7739265625 0.45817500000000005 0.768484375 0.4614328125 0.7595734375000001 0.4602390625 0.7469296875 0.45729375 0.7369609374999999
0 0.45849531250000003 0.8026031250000001 0.45552187499999997 0.8009812500000001 0.4531609375 0.8072640625 0.4550640625 0.8165015625 0.45249843749999996 0.82563125 0.45281562500000005 0.8361218750000001 0.45394843749999997 0.842571875 0.4602859375 0.8431515624999999 0.4643125 0.840828125 0.46542031250000004 0.8364796875 0.46364687499999996 0.83195625 0.46582187499999994 0.8269578125000001 0.46114531249999996 0.821509375 0.45849531250000003 0.8026031250000001
0 0.5130125 0.5994531249999999 0.5131546874999999 0.5948562500000001 0.50715 0.58988125 0.5035234375 0.5911562499999999 0.499334375 0.594959375 0.4965921875 0.5938671875 0.49295625000000004 0.590790625 0.495965625 0.5864843750000001 0.506103125 0.5867218750000001 0.5202734375 0.5846421875 0.510459375 0.5826015625000001 0.4958125 0.581253125 0.4870609375 0.587553125 0.48862500000000003 0.5964140625 0.50459375 0.6006671875 0.5130125 0.5994531249999999
0 0.320728125 0.0548625 0.31698750000000003 0.048540625 0.3134484375 0.051556250000000005 0.3120734375 0.05654843750000001 0.3139546875 0.06313437499999999 0.31728125 0.0664484375 0.32199062500000003 0.06078750000000001 0.320728125 0.0548625
0 0.3161875 0.14621718749999998 0.31956093750000003 0.156584375 0.3221203125 0.16244375 0.324225 0.15565625 0.32373124999999997 0.149240625 0.3225625 0.14518124999999998 0.3240125 0.1388203125 0.3228875 0.1360125 0.3177234375 0.1390859375 0.31603906249999997 0.1464859375 0.3161875 0.14621718749999998
0 0.45821562499999996 0.0505421875 0.4537453125 0.041990625 0.4492890625 0.0513390625 0.4492890625 0.058806250000000004 0.44865781250000003 0.0659 0.45375624999999997 0.0816203125 0.4498734375 0.09864062500000001 0.45566874999999996 0.10695468749999999 0.45515 0.10269375 0.45477187499999994 0.0798203125 0.45477187499999994 0.0716875 0.4555625 0.0679046875 0.4570578125 0.0625453125 0.458596875 0.05736718750000001 0.45821562499999996 0.0505421875
0 0.4511890625 0.8805390624999999 0.452978125 0.8837640625000001 0.45917812500000005 0.88385625 0.461103125 0.8806453125000001 0.45591406250000005 0.8806984375000001 0.4539890625 0.8705265624999999 0.4511890625 0.8805390624999999
0 0.9255578124999999 0.539296875 0.9235749999999999 0.5474281249999999 0.9224203125000001 0.55101875 0.9242343749999999 0.5540812500000001 0.9232390625000001 0.560865625 0.9215843749999999 0.5684953125 0.9195078125 0.578609375 0.9204515625 0.5852890625 0.924971875 0.5649078125 0.9264687500000001 0.5563421875000001 0.9271796875 0.5502703125 0.9272671875 0.54551875 0.92689375 0.5413296875 0.9255578124999999 0.539296875
0 0.8969671874999999 0.721134375 0.8984890625 0.7153562499999999 0.8991093749999999 0.7107203125 0.900128125 0.7011999999999999 0.9023187500000001 0.6991875000000001 0.9023484375 0.6957234375 0.9035203125000001 0.6896375 0.9039953125 0.685884375 0.9050046875 0.6817828125000001 0.9055671875 0.678671875 0.904334375 0.6781046875000001 0.90299375 0.6791828125 0.90156875 0.6816859375 0.9006703125 0.68459375 0.901575 0.6879062499999999 0.8998640625000001 0.6897593750000001 0.899821875 0.6939671875 0.8990625 0.696078125 0.8987296875 0.697978125 0.898321875 0.70084375 0.897009375 0.703275 0.8966625 0.710334375 0.8958265624999999 0.71936875 0.8969671874999999 0.721134375