0 0.5042875 0.5192187500000001 0.48953281249999997 0.5198484375 0.477290625 0.520346875 0.4794953125 0.520996875 0.48684374999999996 0.5247625 0.4921578125 0.527353125 0.497609375 0.5275546875 0.505225 0.5217046875 0.5042875 0.5192187500000001
0 0.4814421875 0.48632656250000006 0.48602656250000004 0.4853171875 0.49038281250000004 0.48351249999999996 0.4926796875 0.48266093750000005 0.4967984375 0.4809046875 0.5009046875000001 0.48087656250000005 0.503803125 0.4837546875 0.507746875 0.490859375 0.52009375 0.49287656249999995 0.5203640625 0.491290625 0.5149343749999999 0.48705468749999997 0.5118640625 0.48417656249999996 0.5144015625 0.47771406250000004 0.5150828125 0.4766609375 0.5091875 0.472875 0.5079703125 0.475265625 0.504015625 0.477921875 0.5020203125 0.4756046875 0.49100312500000004 0.4716453125 0.4852234375 0.47050625 0.4772609375 0.47335000000000005 0.47564531250000003 0.47636406249999996 0.4792375 0.47766562500000004 0.4715625 0.48091875 0.46891249999999995 0.48579375 0.47100625 0.48840781250000004 0.47702656250000003 0.48766875 0.4814421875 0.48632656250000006
0 0.3602390625 0.527440625 0.3679171875 0.526990625 0.37854375 0.523809375 0.38052031249999996 0.5210640625 0.38356093750000003 0.5176671875000001 0.3900484375 0.51039375 0.38191875 0.5113921875 0.37815781249999997 0.5128781250000001 0.3742875 0.5170921875000001 0.36910937499999996 0.5148875 0.3659171875 0.5149796875 0.3602328125 0.518971875 0.3550359375 0.52120625 0.345409375 0.5218046875 0.33637968749999997 0.5233656250000001 0.33001874999999997 0.5254578125 0.31939375000000003 0.5278734375 0.3262859375 0.5286171875 0.3304046875 0.528684375 0.3409234375 0.528684375 0.3511078125 0.5283 0.3602390625 0.527440625
0 0.3121515625 0.5215515625 0.3023734375 0.520909375 0.3006375 0.5210734375 0.2975609375 0.5178609375 0.29371562500000004 0.5163625 0.287984375 0.5160750000000001 0.2827078125 0.518159375 0.2752296875 0.5254640625 0.2731734375 0.5266437500000001 0.2689921875 0.527146875 0.2795125 0.5270546875 0.2871765625 0.5271484375 0.29264375 0.5275515625 0.3101203125 0.5255859375 0.3183515625 0.5240750000000001 0.3157828125 0.5221843749999999 0.3121515625 0.5215515625
0 0.3047890625 0.029885937499999998 0.2947171875 0.031192187500000003 0.28328125000000004 0.0343328125 0.27340624999999996 0.0363953125 0.2703859375 0.0360921875 0.2656703125 0.0355984375 0.2604078125 0.038565625 0.26221875 0.0455671875 0.264609375 0.05091875 0.26904374999999997 0.05711406249999999 0.274703125 0.056437499999999995 0.2795015625 0.056028125 0.28470625 0.0572125 0.2889609375 0.05998125 0.29324218750000003 0.0553125 0.29733437500000004 0.055018750000000005 0.31071875000000004 0.05828124999999999 0.3166171875 0.0547828125 0.3195171875 0.051871875 0.3238109375 0.047064062499999997 0.327396875 0.045540625 0.3304875 0.0443953125 0.334415625 0.042253125 0.336228125 0.037637500000000004 0.33646875 0.0355984375 0.338290625 0.032510937499999996 0.3391984375 0.027084375 0.3352421875 0.0250578125 0.32868906249999996 0.0320453125 0.3247671875 0.034125 0.315271875 0.0312796875 0.31115312500000003 0.028815625 0.3047890625 0.029885937499999998
0 0.21723125 0 0.21583125 0.00356875 0.2190171875 0.007656250000000001 0.21166718750000002 0.0058453125 0.2090046875 0.0049578125 0.20718125 0.0042921875 0.21004218749999998 0.0085265625 0.2037109375 0.0057046875 0.19965468749999998 0.004446875 0.1934703125 0.0021203125 0.1920515625 0.0011453125 0.19139843750000002 0.00578125 0.1899765625 0.01061875 0.18892031250000002 0.0128109375 0.18934062499999998 0.0174828125 0.1904734375 0.0191890625 0.1997421875 0.0193875 0.20538281249999998 0.0194921875 0.20957343750000001 0.0201125 0.21503437500000003 0.0210078125 0.2193625 0.022673437499999997 0.22379687499999998 0.025303125 0.22813124999999998 0.027825 0.234109375 0.0294921875 0.2363390625 0.0283875 0.23479062499999998 0.025228125 0.23353281250000002 0.02261875 0.2347453125 0.020315625 0.2387515625 0.018070312499999998 0.24145625 0.016846875 0.243571875 0.015296874999999998 0.24489531250000002 0.012501562499999999 0.2464234375 0.011065624999999999 0.255346875 0.0144625 0.2630734375 0.0126296875 0.2650078125 0.007753125 0.26216249999999997 0.002890625 0.251946875 0 0.22598124999999997 0 0.21723125 0
0 0.1438921875 0.056799999999999996 0.14873281249999998 0.058021875 0.150034375 0.058340625 0.151846875 0.055618749999999995 0.150340625 0.0520609375 0.14553906249999998 0.052626562499999995 0.1428796875 0.055570312499999996 0.1438921875 0.056799999999999996
0 0.286671875 0.240975 0.288878125 0.2389546875 0.28843593749999996 0.23720625 0.28585625000000003 0.2371125 0.284553125 0.2396484375 0.285940625 0.24089375 0.286671875 0.240975
0 0.2170375 0.3365984375 0.2178265625 0.34123281250000004 0.225059375 0.3414625 0.22511874999999998 0.33945781249999996 0.2246875 0.33799687500000003 0.2230359375 0.3368015625 0.219709375 0.33573125 0.2170375 0.3365984375
0 0.165875 0.53085625 0.1701078125 0.52945625 0.1766171875 0.5300640624999999 0.1780484375 0.5317265625 0.181859375 0.5329421875 0.1827828125 0.5327546875 0.19177187499999998 0.531190625 0.18174375 0.52744375 0.17324062499999998 0.5258921875 0.164825 0.52566875 0.15690781250000002 0.526328125 0.14745312500000002 0.5312234375 0.153046875 0.530878125 0.15671718750000002 0.5320328125 0.160228125 0.53208125 0.165875 0.53085625
0 0.51665625 0.0380203125 0.5203515624999999 0.0356828125 0.523621875 0.03274375 0.5255687499999999 0.029340625 0.52275625 0.029340625 0.5184515625 0.030165625 0.5147390625 0.0330265625 0.5140609375 0.0355265625 0.5146109375 0.036843749999999995 0.51665625 0.0380203125
0 1 0.4084359375 0.9979093750000001 0.4117921875 0.99219375 0.4156328125 0.9880140624999999 0.42072656249999996 0.98615625 0.42362968749999996 0.9871125 0.4253453125 0.9873937500000001 0.42937343749999995 0.9885546875 0.4324859375 0.9929703125 0.437053125 0.9970203124999999 0.442265625 1 0.442265625 1 0.435696875 1 0.42944375 1 0.41415625 1 0.4084359375
0 0.9408562500000001 0.53355625 0.9452 0.5362109375 0.9487546874999999 0.5374828125 0.9528421874999999 0.537109375 0.95765625 0.5333546874999999 0.9539078125 0.528334375 0.9430937500000001 0.5233203125 0.9384937499999999 0.522865625 0.93359375 0.525425 0.9349921875 0.5295578125 0.9408562500000001 0.53355625
0 0.8756828125 0.600271875 0.8730125 0.5966703125 0.8688 0.5950234375 0.860359375 0.5959859375 0.8590203125 0.598659375 0.860346875 0.6013921875 0.8633953125 0.6042468750000001 0.86605625 0.6063609375000001 0.8688921875 0.608521875 0.871903125 0.6073421875 0.8720218750000001 0.6047390625 0.87083125 0.603515625 0.8729640625 0.6025968749999999 0.8747296875 0.602159375 0.8756828125 0.600271875
0 0.87056875 0.523425 0.8695234375 0.5176265625 0.8808875 0.5134875 0.882721875 0.5093578125 0.8729140624999999 0.509265625 0.8642937500000001 0.5070171875 0.8567031249999999 0.5062671875 0.8445953125000001 0.509934375 0.8424781250000001 0.5128234375 0.8433453125 0.51405625 0.8469984374999999 0.514959375 0.850609375 0.518040625 0.854325 0.5217921875 0.8583421875000001 0.5240515625 0.8609578125 0.5243296875000001 0.8667578125000001 0.52513125 0.87056875 0.523425
0 0.8175593750000001 0.769 0.81165 0.77183125 0.8095437499999999 0.7743484375 0.8082203124999999 0.777046875 0.8116406250000001 0.7773109375 0.8154671875 0.7772 0.81880625 0.7756546875 0.8211265624999999 0.7734640625 0.8208062500000001 0.771325 0.8204328125 0.77025625 0.8178296875 0.7689328125 0.8175593750000001 0.769
0 0.6861328125 0.9352953125000001 0.6808921875 0.9383359375 0.674628125 0.9376796875 0.6714578125 0.9366859375000001 0.6652484375000001 0.9363843749999999 0.6606421874999999 0.9387656249999999 0.6550609374999999 0.9432812500000001 0.6530671875 0.9465234375 0.6515953125 0.95081875 0.6506328124999999 0.9546421875 0.648140625 0.9559359374999999 0.6404171875 0.9565015625 0.640953125 0.9588828125 0.6431250000000001 0.9616906249999999 0.647284375 0.9639359375 0.652396875 0.9671406250000001 0.6587546875 0.9706531249999999 0.6639 0.9725140624999999 0.6651640624999999 0.9741500000000001 0.6716703125000001 0.9734468749999999 0.6823390625 0.9750390624999999 0.6878437500000001 0.9759921874999999 0.697303125 0.9746359375000001 0.7016312499999999 0.9739046874999999 0.709075 0.973453125 0.7179359375 0.9725859375000001 0.7268546875 0.9735171875 0.7323578125 0.9750703125 0.738621875 0.9764359375 0.7486703125 0.9743484375 0.743559375 0.9663421874999999 0.7349953124999999 0.9572953125 0.728009375 0.95141875 0.7052562499999999 0.9409796874999999 0.6976 0.937346875 0.6914343749999999 0.9336390625 0.6861328125 0.9352953125000001
0 0.6379640625 0.8085812499999999 0.6430265625 0.805240625 0.6464531250000001 0.80126875 0.65925625 0.8077265625000001 0.660021875 0.807640625 0.6569109375 0.8009046874999999 0.653875 0.7989515625 0.659203125 0.8008234375000001 0.6658078125 0.800540625 0.6706890624999999 0.7978140625 0.6685156250000001 0.7932125 0.66153125 0.7902812499999999 0.654796875 0.792203125 0.650203125 0.7927015625 0.6467359375 0.7903140625 0.644571875 0.7869625 0.6495546875 0.7836421875 0.6573828125000001 0.777915625 0.6585453125 0.7763203125 0.659253125 0.7725171875 0.6632765625 0.76735625 0.668771875 0.762321875 0.6638531249999999 0.7617953125 0.6588625 0.76551875 0.6544359375 0.7685859374999999 0.649734375 0.7756578125 0.6411671875 0.7713546874999999 0.6361640625 0.7721296875 0.6326031249999999 0.776228125 0.6237171874999999 0.771240625 0.627159375 0.7705859375 0.6296421875 0.7668171874999999 0.627675 0.7609828125 0.6226703125 0.7608374999999999 0.6174875 0.7619921875 0.617021875 0.7652203125 0.6188015625000001 0.769465625 0.6161187499999999 0.7683171875 0.612353125 0.763278125 0.6111109375 0.757240625 0.6118328125 0.7538437499999999 0.6129156250000001 0.7496640625000001 0.6134796875 0.7463203125 0.6103765625 0.74424375 0.601825 0.7501 0.5711453125 0.7753671875 0.5674890625 0.7788125 0.565215625 0.7804546875 0.56303125 0.7828421875 0.558515625 0.7841828125 0.5526515625 0.7839703124999999 0.5463140625 0.7814046875 0.5391734375 0.7792921875000001 0.5371828125 0.7811874999999999 0.5418375 0.7836859375 0.5447437500000001 0.78573125 0.5475296875 0.78861875 0.54884375 0.791353125 0.5481984375 0.7934078125 0.549815625 0.7959296874999999 0.5514812499999999 0.7965953125 0.5539890625 0.7981546875000001 0.559634375 0.799121875 0.5640296874999999 0.798909375 0.5642078125000001 0.8005875 0.5652734374999999 0.8023796875 0.5726 0.80389375 0.5731843750000001 0.80251875 0.5674578125 0.7952359375 0.578503125 0.7945890624999999 0.5832015625 0.79543125 0.5826 0.7990625 0.5822828125 0.802421875 0.582134375 0.8044874999999999 0.57175625 0.8044062500000001 0.5756625 0.80889375 0.5790828125 0.81220625 0.5808609375 0.8164546874999999 0.5800234375 0.8193265625 0.5708359375 0.8317375 0.5727296875000001 0.8301484374999999 0.5897296875 0.8203875 0.5978421875000001 0.8189265625000001 0.6009203125 0.8193906249999999 0.6021124999999999 0.8192031249999999 0.6047859375 0.8227953125 0.607884375 0.8236609375 0.6134000000000001 0.8196578125 0.6217515625 0.8133437499999999 0.6281890625 0.809675 0.63 0.8106609375 0.6314390624999999 0.8104640625 0.6379640625 0.8085812499999999
0 0.547171875 0.9492703125 0.549521875 0.950590625 0.552996875 0.950878125 0.5520328125 0.9483484375 0.551059375 0.9474328125 0.5495765625 0.9466015625 0.54643125 0.947178125 0.547171875 0.9492703125
0 0.7585671875 0.49372187500000003 0.76533125 0.49380468750000006 0.77300625 0.49184687499999996 0.777196875 0.4905734375 0.7800484375 0.48835468750000005 0.7818078125000001 0.48608906249999995 0.7807953125 0.4832546875 0.75771875 0.4712296875 0.7529375 0.4735953125 0.7481453124999999 0.47578906249999997 0.7450625 0.4789703125 0.741471875 0.48186249999999997 0.742028125 0.4865046875 0.7457234374999999 0.48834062500000003 0.7523359375 0.4915015625 0.7544140625 0.492915625 0.7585671875 0.49372187500000003
0 0.5879484374999999 0.1905859375 0.5870328125000001 0.1945265625 0.5865921875 0.1983828125 0.5841984375 0.20179687500000001 0.5820515625 0.20439218750000002 0.5782125 0.2072265625 0.565940625 0.208034375 0.567203125 0.2086515625 0.578228125 0.21331562499999998 0.5817593750000001 0.218228125 0.5853671874999999 0.220725 0.5894999999999999 0.22404843749999998 0.5912296875 0.229303125 0.5983859375 0.23187031249999998 0.6026328125 0.23393281250000003 0.6094609375 0.23736562499999997 0.614934375 0.23820625 0.6142984375 0.2468 0.61629375 0.24871249999999998 0.622321875 0.24770468750000002 0.6423281249999999 0.22569218750000003 0.6434124999999999 0.21969687499999999 0.6474921874999999 0.2082234375 0.6590734375 0.21159843750000001 0.6751890625 0.2192453125 0.6837546875 0.21402656250000002 0.656575 0.18872031250000001 0.6448203125 0.183403125 0.6345734375000001 0.1829984375 0.6291125 0.1724609375 0.6228046875000001 0.169159375 0.6155328124999999 0.1680359375 0.6134890625 0.16375937499999998 0.60253125 0.17001093750000001 0.596453125 0.179803125 0.5903625 0.1849859375 0.5879484374999999 0.1905859375