0 0.0654046875 0 0.0632015625 0.0285515625 0.060040625 0.03763125 0.066203125 0.056196875 0.0673453125 0.06215468750000001 0.07348281250000001 0.063046875 0.078034375 0.0663 0.0900640625 0.059048437499999995 0.1014609375 0.048615625 0.10587031250000001 0.039221875 0.10319687500000001 0.035421875000000005 0.097565625 0.033723437499999995 0.09439375 0.02479375 0.0926609375 0.0201265625 0.0892015625 0.018157812500000002 0.0876671875 0.00335 0.08597656249999999 0 0.0654046875 0
0 0.079890625 0.12440625000000001 0.07828281249999999 0.10901406250000001 0.0739046875 0.0933640625 0.070171875 0.08299375 0.0751546875 0.08673125000000001 0.0825078125 0.08842968749999999 0.07960468750000001 0.0798015625 0.0782421875 0.072175 0.0705234375 0.06505 0.066940625 0.06555156250000001 0.066971875 0.0693359375 0.0654765625 0.07313906249999999 0.0620375 0.080215625 0.06046875 0.08704062500000001 0.061278125 0.0942375 0.060071875 0.1163703125 0.0595859375 0.13663281249999998 0.058287500000000006 0.159846875 0.0573328125 0.1744453125 0.0626765625 0.178096875 0.0651234375 0.19065000000000001 0.06825 0.197475 0.07098750000000001 0.19027812500000002 0.07040625 0.1827046875 0.0762 0.17701875 0.08798125 0.1654375 0.09216250000000001 0.1582828125 0.0963703125 0.1476515625 0.0948046875 0.1442015625 0.085221875 0.1419828125 0.0836515625 0.1355984375 0.079890625 0.12440625000000001
0 0.1002390625 0.240803125 0.0967203125 0.2392890625 0.0846078125 0.249246875 0.0742203125 0.2381453125 0.07645625 0.2245921875 0.07353125 0.214646875 0.06977968749999999 0.20476875 0.068721875 0.20100156249999998 0.06131875 0.199475 0.05869375 0.2039984375 0.05796249999999999 0.21020937499999998 0.058403125 0.22443906249999998 0.0575140625 0.2682703125 0.05733437500000001 0.2845703125 0.05676875 0.2913265625 0.061248437499999996 0.2929015625 0.0661828125 0.28780937500000003 0.0705734375 0.285196875 0.07722812500000001 0.27935625000000003 0.08508750000000001 0.268609375 0.0903875 0.2598828125 0.0952125 0.24996875 0.1002390625 0.240803125
0 0.0787203125 0.35659375 0.0843546875 0.344853125 0.08375 0.33935312500000003 0.074259375 0.344396875 0.07275781249999999 0.345575 0.07059375 0.34109218750000003 0.073103125 0.33418125 0.068115625 0.32426875 0.06131875 0.314271875 0.0569265625 0.3185640625 0.055857812500000006 0.3295734375 0.055725000000000004 0.33897343750000003 0.054303124999999994 0.3685359375 0.052878125 0.400953125 0.0523859375 0.4115421875 0.057818749999999995 0.41820781250000005 0.060603125 0.42416875000000004 0.0654890625 0.4274828125 0.0698328125 0.42734375 0.077828125 0.41963437499999995 0.0799171875 0.40575 0.08080156250000001 0.3965484375 0.0767546875 0.3895203125 0.0683265625 0.38844218750000004 0.0781265625 0.37846250000000003 0.08399218750000001 0.3671203125 0.0912671875 0.352940625 0.0816515625 0.360565625 0.0787203125 0.35659375
0 0.098375 0.41886718749999996 0.1037375 0.42388750000000003 0.11118125000000001 0.43187499999999995 0.11369218750000001 0.433290625 0.11266406250000001 0.42547968750000004 0.10690625000000001 0.41288281250000003 0.10053281249999999 0.3996453125 0.0971140625 0.392178125 0.091553125 0.39328281249999997 0.0886296875 0.39466718749999996 0.0890171875 0.3978390625 0.0901953125 0.39959687499999996 0.0949890625 0.40004999999999996 0.0987 0.4016484375 0.10094218749999999 0.40988281249999997 0.10059218750000001 0.4155421875 0.098375 0.41886718749999996
0 0.12699218750000002 0.456028125 0.1265671875 0.452940625 0.12368281249999999 0.45172187499999994 0.1207671875 0.45529843750000004 0.12423124999999999 0.4577265625 0.125453125 0.45791250000000006 0.12699218750000002 0.456028125
0 0.06369375000000001 0.489971875 0.06603125 0.48090781250000003 0.06231875 0.47488125 0.06582656249999999 0.468040625 0.07268593749999999 0.456853125 0.07257812500000001 0.44999687499999996 0.0673640625 0.44403750000000003 0.06441406250000001 0.432353125 0.0580125 0.4262328125 0.05037343749999999 0.43729218750000004 0.0510765625 0.44682656249999997 0.0510203125 0.477284375 0.04995 0.5036546875 0.056810937500000006 0.49681406250000004 0.06369375000000001 0.489971875
0 0.07148750000000001 0.5605515624999999 0.05884374999999999 0.579228125 0.05544687499999999 0.584746875 0.057095312499999995 0.5807171875 0.06851093750000001 0.55903125 0.0594921875 0.5487953125 0.062390625 0.5425984374999999 0.0582171875 0.527253125 0.0546484375 0.532725 0.0484140625 0.548828125 0.0476984375 0.5741968749999999 0.046815625 0.5952484375 0.047103125 0.611803125 0.0529421875 0.6043000000000001 0.0574515625 0.595028125 0.0662390625 0.5822453125 0.0749578125 0.5651359375 0.07148750000000001 0.5605515624999999
0 0.048034375000000004 0.6585015624999999 0.04891875 0.651103125 0.0527671875 0.6446015625 0.057137499999999994 0.6500781250000001 0.0606015625 0.6461734375 0.06091875 0.6408437499999999 0.05743125 0.630015625 0.052646875 0.621903125 0.046675 0.618621875 0.0471375 0.6279609374999999 0.049428125 0.6345421875 0.049434375 0.6446453125 0.043782812500000004 0.6537609375 0.0350546875 0.65395625 0.0331890625 0.6602375 0.042603125 0.6621 0.048034375000000004 0.6585015624999999
0 0.0515609375 0.7242140625 0.042421875 0.72208125 0.041368749999999996 0.7313390625 0.0483390625 0.736565625 0.05255 0.742853125 0.058571874999999995 0.7377765625 0.056414062499999994 0.731665625 0.0515609375 0.7242140625
0 0.039125 0.9005640625 0.041845312499999995 0.8894296875000001 0.0459671875 0.8776125 0.0501078125 0.8592281249999999 0.0531453125 0.845640625 0.0503828125 0.8333453125 0.058401562500000004 0.8290328125 0.051398437500000005 0.8204265625 0.039332812499999995 0.8184953125 0.0387765625 0.82766875 0.040203125 0.8309453124999999 0.042490625 0.8388312499999999 0.043556250000000005 0.8449765625 0.0409203125 0.8544453125 0.03756875 0.8626531249999999 0.035207812500000005 0.8688359374999999 0.039125 0.9005640625
0 0.036506250000000004 0.938640625 0.0421 0.946334375 0.049215625 0.9358015625 0.053542187500000005 0.9257859375 0.053445312499999995 0.9168062499999999 0.0487359375 0.91740625 0.044854687500000004 0.9210640625 0.04215625 0.9158375 0.0365234375 0.9154578125 0.0338578125 0.9305406250000001 0.036506250000000004 0.938640625
0 0.2779875 0.94545625 0.272865625 0.9452999999999999 0.26960937500000004 0.950834375 0.274159375 0.9547078125 0.282896875 0.956140625 0.2857015625 0.9552234374999999 0.28428906249999997 0.94748125 0.2814125 0.9449343750000001 0.2779875 0.94545625
0 0.9662218749999999 0.319846875 0.970321875 0.3124796875 0.973153125 0.301953125 0.9700390625 0.28816875 0.9724859374999999 0.2827375 0.9696109375 0.275065625 0.9642937500000001 0.273859375 0.9574187500000001 0.27340156250000003 0.9495812499999999 0.27481875 0.9383781250000001 0.279915625 0.9275546875 0.290925 0.926990625 0.2979671875 0.9086265625 0.2808671875 0.9015375000000001 0.2711546875 0.8859765625 0.26390156249999996 0.87084375 0.2566171875 0.8624328125 0.259165625 0.8444765625 0.2673828125 0.8299875 0.2728375 0.8222078125 0.27957031250000003 0.8195109374999999 0.2870390625 0.823859375 0.295115625 0.828725 0.301140625 0.8366250000000001 0.3107609375 0.8464703124999999 0.31939687499999997 0.855684375 0.319525 0.8582906250000001 0.32232343750000003 0.8563812499999999 0.330721875 0.8470453125 0.33799843749999997 0.823853125 0.352828125 0.818690625 0.3580625 0.8107843750000001 0.363121875 0.8120140625 0.36963124999999997 0.82823125 0.38613125 0.8340359375 0.382615625 0.8375453125 0.3871 0.8531625 0.39191875 0.8607437499999999 0.38970781250000003 0.8756359375 0.3851421875 0.88319375 0.3849546875 0.8929281250000001 0.382628125 0.8958703124999999 0.37930156249999997 0.9028859375 0.37948593750000004 0.907865625 0.3745984375 0.9168515625 0.381034375 0.9223734374999999 0.38903125 0.9327390624999999 0.395453125 0.948221875 0.39715781250000004 0.953653125 0.3906546875 0.9614203124999999 0.37799218749999997 0.9619265625000001 0.3642765625 0.95796875 0.353515625 0.9469015625000001 0.35175 0.935821875 0.35278125 0.946784375 0.3458515625 0.9483515625000001 0.34211718750000003 0.9592921875 0.333053125 0.9601515624999999 0.327078125 0.9662218749999999 0.319846875
0 0.8142375 0.39108125 0.8148031250000001 0.39401406250000004 0.816053125 0.4023515625 0.8227515625 0.40153125 0.83348125 0.39809843749999996 0.829034375 0.389053125 0.8200734375 0.3813109375 0.8139312500000001 0.37214375 0.8054765625 0.37130312499999996 0.8058062500000001 0.3764140625 0.805025 0.38035 0.807809375 0.3865265625 0.8142375 0.39108125
0 0.70228125 0.27935625000000003 0.6985625 0.2751984375 0.6929328124999999 0.2717546875 0.693975 0.2786 0.6958765625 0.2821546875 0.7010359375 0.28316093750000004 0.70228125 0.27935625000000003
0 0.681646875 0.299509375 0.6827421874999999 0.2946109375 0.68710625 0.28961562500000004 0.6953015625 0.28594375 0.6951796875 0.2819859375 0.6917609375 0.2756015625 0.6848328125 0.2668015625 0.6784515625 0.26144218750000003 0.6726593750000001 0.2590703125 0.651325 0.2555734375 0.6473 0.2547703125 0.62604375 0.25927656250000003 0.6194140625 0.2641296875 0.6129609375 0.2694796875 0.6015453125 0.2565890625 0.5849953125 0.2500828125 0.579403125 0.2434921875 0.573253125 0.2406421875 0.5751671875000001 0.2349890625 0.57911875 0.23082656250000003 0.581021875 0.225059375 0.5833140625000001 0.22014999999999998 0.5850265625 0.21383281250000002 0.584503125 0.2092359375 0.57576875 0.21208906249999998 0.5650640625000001 0.21616718750000002 0.545825 0.22966406250000002 0.5449125 0.22418906249999998 0.544046875 0.21753593750000003 0.537303125 0.2168453125 0.535025 0.2134078125 0.5272375 0.20937031250000002 0.51770625 0.20746250000000002 0.5034921875 0.2020796875 0.49448593750000003 0.2004921875 0.48407656250000003 0.20044374999999998 0.46330312500000004 0.2100234375 0.44556250000000003 0.2224171875 0.4284265625 0.236115625 0.41785468750000004 0.24570781249999998 0.4058140625 0.24235 0.39956875 0.24176718749999998 0.3932109375 0.24453437500000003 0.3889796875 0.24630000000000002 0.3902171875 0.25149374999999996 0.386909375 0.2552609375 0.38156875 0.25706093750000003 0.382378125 0.26361093750000003 0.37651406249999997 0.2691125 0.36996875 0.2690984375 0.3663046875 0.27088125 0.37341875 0.2767953125 0.356259375 0.28413125 0.352140625 0.289325 0.3565484375 0.2913453125 0.3596265625 0.2975890625 0.3559828125 0.303478125 0.357715625 0.31251406249999997 0.3648203125 0.31748750000000003 0.367709375 0.3222390625 0.363046875 0.324665625 0.3664125 0.33289375 0.3854609375 0.3520671875 0.4063140625 0.369178125 0.4109 0.3764015625 0.408046875 0.38358125 0.414009375 0.3908421875 0.4218453125 0.393575 0.42337187500000006 0.39601875 0.42739843750000006 0.40348750000000005 0.440103125 0.4017328125 0.45955625 0.40735625000000003 0.45936875 0.409784375 0.4679953125 0.40796875000000005 0.4757359375 0.41187500000000005 0.4874421875 0.4266109375 0.49765 0.42304375 0.5051453125 0.41759375 0.5148171875 0.41298124999999997 0.5237390625 0.40952031250000004 0.5399390625 0.3990859375 0.556321875 0.3919359375 0.5696375 0.39816875 0.57985625 0.3987796875 0.590275 0.3957921875 0.60020625 0.3915640625 0.6111203125 0.3845921875 0.620575 0.3880578125 0.629734375 0.38611249999999997 0.6347953125 0.3927 0.6294984375 0.3994046875 0.618290625 0.40777343750000006 0.6179703125 0.41351250000000006 0.6256468749999999 0.41622812500000006 0.6343921875 0.4138171875 0.6398546875 0.40961406250000004 0.6481234375 0.4102125 0.65693125 0.40696093749999995 0.64490625 0.40499062500000005 0.648596875 0.4028359375 0.6640375 0.3901578125 0.662384375 0.38805 0.655775 0.3867515625 0.65368125 0.390103125 0.6497437500000001 0.38682500000000003 0.6724359375 0.3723609375 0.6805765625 0.367025 0.6808265625 0.35935937500000004 0.679015625 0.3536890625 0.6766609375 0.34788437499999997 0.6703234375 0.3435875 0.6793750000000001 0.340246875 0.678265625 0.334790625 0.6809859375 0.3287078125 0.6789468750000001 0.3233375 0.6747359375 0.31684843749999997 0.6706328125 0.3162296875 0.675640625 0.3096625 0.6797640625 0.30315 0.6713875 0.3012953125 0.681646875 0.299509375
0 0.5164359375 0.8898234374999999 0.523946875 0.8871921875 0.5383453125 0.8815203125 0.532303125 0.8681625000000001 0.5181828125 0.856209375 0.505790625 0.8522015625 0.4958875 0.8519640624999999 0.48077500000000006 0.85481875 0.46273749999999997 0.8613234375 0.45846406249999994 0.8662765625000001 0.44286875 0.8585375000000001 0.43386250000000004 0.8570765625 0.4306265625 0.8572140625 0.421646875 0.8533453124999999 0.4137375 0.8537156250000001 0.40337187500000005 0.8599500000000001 0.400653125 0.8661031250000001 0.398 0.8707625 0.40248437499999995 0.8820984375 0.4086609375 0.8871390625 0.40691249999999995 0.8898671874999999 0.4023171875 0.8939281250000001 0.39166093750000003 0.9013406249999999 0.394628125 0.9063515625 0.39892812499999997 0.9098140625 0.40410781250000005 0.9149218749999999 0.4149265625 0.9153343749999999 0.4214640625 0.9164296875 0.4303828125 0.92214375 0.423765625 0.9238500000000001 0.4258484375 0.926546875 0.43053437499999997 0.9292109375000001 0.43569375 0.9295828125 0.443028125 0.934228125 0.44993437500000005 0.9412734374999999 0.46091249999999995 0.9504859375000001 0.4723890625 0.9577875 0.481940625 0.964203125 0.5053078125 0.956703125 0.5141015624999999 0.9511609375000001 0.5185640625 0.9418218749999999 0.51941875 0.934728125 0.5124921875 0.92805625 0.505325 0.9228296874999999 0.49040937500000004 0.9187687499999999 0.494278125 0.9130453125000001 0.49347343749999995 0.9036421875 0.498590625 0.9015718749999999 0.50278125 0.9078859375 0.512859375 0.9000734375 0.5115234375 0.8955109374999999 0.5164359375 0.8898234374999999
0 0.833653125 0.727359375 0.8325906249999999 0.723940625 0.8281078125000001 0.722371875 0.82601875 0.722371875 0.8207578124999999 0.723821875 0.8204578124999999 0.7257703125 0.8229593749999999 0.7312593749999999 0.8266640625000001 0.735490625 0.83511875 0.7335828125 0.833675 0.7291640625 0.833653125 0.727359375