0 0.105503125 0.22211093750000002 0.1170515625 0.23301249999999998 0.11772968749999999 0.2372046875 0.10794375 0.242078125 0.1059984375 0.2470421875 0.12373125 0.244225 0.1268328125 0.2471640625 0.13711875 0.24658750000000002 0.14073906249999998 0.24547500000000003 0.14900156250000002 0.2416578125 0.157965625 0.23716718750000002 0.165165625 0.23397968750000003 0.170325 0.23022187500000002 0.17494375 0.2313609375 0.1841296875 0.23141250000000002 0.1950578125 0.23288125 0.205515625 0.230625 0.20970312500000002 0.22517187500000002 0.20672968749999998 0.22077968750000002 0.198109375 0.213821875 0.1871296875 0.2023 0.18267031250000001 0.197465625 0.1738609375 0.1888390625 0.1683828125 0.18253124999999998 0.15718749999999998 0.17621875 0.1459953125 0.1724 0.1410625 0.1717578125 0.1277609375 0.17575156249999999 0.1172484375 0.1782828125 0.10769843750000001 0.176271875 0.09957031250000001 0.17625625 0.0814609375 0.1746875 0.0584984375 0.17009375 0.08344531250000001 0.1928703125 0.08933593749999999 0.1977109375 0.09451875 0.20272031250000003 0.095721875 0.2069625 0.0915 0.21248125 0.105503125 0.22211093750000002
0 0.40906562500000004 0.7296734375 0.41358281249999995 0.73260625 0.41696875 0.7345796874999999 0.42543593749999997 0.7307750000000001 0.4317046875 0.7319390625 0.4308875 0.734975 0.4217640625 0.7427421875 0.41489843750000005 0.752709375 0.41022968750000005 0.76086875 0.4064453125 0.76861875 0.4095453125 0.770890625 0.418375 0.7738890625 0.4307953125 0.7764953125 0.45185624999999996 0.7754078125 0.4594703125 0.7773875 0.46873125 0.7804828125000001 0.478315625 0.7863156250000001 0.4923671875 0.794146875 0.5002625 0.80006875 0.5073296875 0.8019578125000001 0.5136828125 0.791634375 0.5059140625 0.7852125 0.500721875 0.7863875 0.4958484375 0.7901828125 0.48441718749999996 0.7824890625 0.47174375 0.7722546875 0.4790265625 0.7736046875 0.48668281249999995 0.7767296875 0.492165625 0.779796875 0.4973140625 0.77846875 0.49875781249999995 0.7757875000000001 0.5087921875 0.7714890624999999 0.51249375 0.7649515625000001 0.51294375 0.7557796875 0.5195984375 0.7459546875 0.5344921874999999 0.7336921875 0.5354171875 0.7267328125 0.5117140625000001 0.7468953125 0.512315625 0.7418015625 0.524865625 0.731121875 0.5303921875000001 0.72385625 0.526046875 0.7166421875 0.52195 0.7132468750000001 0.515159375 0.7107671875 0.5092296875 0.7091671875000001 0.50158125 0.7126859375000001 0.49583125 0.708559375 0.48751875 0.701665625 0.4800484375 0.6977578125 0.47135625000000003 0.6954125 0.4663984375 0.691184375 0.45485625 0.6846484375 0.4591578125 0.69170625 0.45077656250000003 0.6963390625 0.44882968749999996 0.696946875 0.4354671875 0.690978125 0.420684375 0.68208125 0.41418437499999994 0.6830093749999999 0.40784843750000005 0.6877796875 0.3987015625 0.6902 0.391809375 0.695165625 0.39435 0.7006375 0.4005453125 0.7055421875000001 0.407396875 0.7136484375000001 0.40901718750000005 0.7176750000000001 0.40939375 0.7206812499999999 0.40310468750000006 0.718796875 0.3990109375 0.7168953124999999 0.402584375 0.7233734375 0.40906562500000004 0.7296734375
0 0.461209375 0.8023296875 0.46747812499999997 0.79948125 0.46940312500000003 0.7954625 0.47071874999999996 0.7908015625 0.465828125 0.7898515625 0.46427500000000005 0.79053125 0.46144375000000004 0.7952828125 0.4596703125 0.8013953125000001 0.461209375 0.8023296875
0 0.9952343750000001 0.08413125 0.9989671875000001 0.0817046875 0.9953703125000001 0.07475937499999999 0.9942796875000001 0.074915625 0.9897203125 0.07712187499999999 0.9952343750000001 0.08413125
0 0.8892359375 0.0645203125 0.888878125 0.0671328125 0.888878125 0.07300625 0.8910500000000001 0.073915625 0.894309375 0.069546875 0.902778125 0.065546875 0.903334375 0.062185937499999996 0.8981609374999999 0.061735937500000004 0.8927609375 0.062534375 0.8892359375 0.0645203125
0 0.8481296875 0.29095781249999997 0.8505968749999999 0.29226562500000003 0.8539015624999999 0.29375 0.8550234375000001 0.2922125 0.8551828125000001 0.289559375 0.8530046875 0.2864015625 0.8518828125000001 0.28505156249999997 0.8474984375 0.2826 0.8457734374999999 0.28450625 0.8465328124999999 0.2884453125 0.8481296875 0.29095781249999997
0 0.8841812499999999 0.3177859375 0.8835109375 0.3141703125 0.8829796875 0.313253125 0.8809968749999999 0.31077499999999997 0.87435625 0.3057515625 0.8781484374999999 0.312465625 0.8791625 0.31754375 0.88173125 0.3200015625 0.8827640625000001 0.31972187500000004 0.8841812499999999 0.3177859375
0 0.9398515625 0.27975 0.9374109374999999 0.27887343750000004 0.935365625 0.27951875 0.9326265625 0.28174375 0.9303015625000001 0.28568125 0.9303015625000001 0.288125 0.932421875 0.2931890625 0.9337578125 0.29324218750000003 0.9372765624999999 0.2911625 0.9371671875 0.2895609375 0.9380953125 0.287959375 0.941425 0.2838453125 0.94255 0.282221875 0.9398515625 0.27975
0 0.969571875 0.3145828125 0.9667890625 0.3114375 0.9662859375 0.3107625 0.96454375 0.3103921875 0.9619015624999999 0.310790625 0.9602031249999999 0.3127609375 0.960115625 0.31533125 0.96104375 0.31498593750000003 0.9659359375 0.3156171875 0.966671875 0.31616875 0.9677234374999999 0.3171203125 0.9690828125 0.319071875 0.96969375 0.3184984375 0.9700671875 0.31679375 0.969571875 0.3145828125
0 0.9550812499999999 0.394790625 0.954525 0.39656250000000004 0.9576359374999999 0.39592499999999997 0.96135 0.39458125 0.9642546875000001 0.39518906249999997 0.9679515625 0.394671875 0.9695609375 0.3924640625 0.9686999999999999 0.39179375 0.967059375 0.3909109375 0.964684375 0.3902828125 0.9650890625 0.3887890625 0.9661546875000001 0.385903125 0.9644281250000001 0.3835390625 0.9550812499999999 0.394790625
0 0.9717578124999999 0.43479999999999996 0.9690406250000001 0.435640625 0.96916875 0.4392921875 0.9709687499999999 0.44188124999999995 0.9733218750000001 0.44228125 0.9765578125 0.442146875 0.977371875 0.441103125 0.9767187500000001 0.4382140625 0.9755828125000001 0.436778125 0.9720484375 0.435075 0.9746265624999999 0.43519687500000004 0.9717578124999999 0.43479999999999996
0 0.9395312499999999 0.389578125 0.9372187500000001 0.39108125 0.9371515625000001 0.3925234375 0.9397781249999999 0.39401875 0.9426515625 0.394553125 0.9447234375000001 0.393609375 0.9458546875 0.3928609375 0.9475421875000001 0.3908875 0.9451124999999999 0.3898953125 0.942103125 0.38920468750000003 0.9395312499999999 0.389578125
0 1 0.5162171875 0.9859203125 0.5301390625 0.9891187499999999 0.531734375 0.9925328125 0.52949375 0.994953125 0.5292640625 1 0.5284828125 1 0.5230265625 1 0.5188921875 1 0.5162171875
0 0.88125 0.38359375 0.875 0.36328125 0.84453125 0.3375 0.8546875 0.36484375 0.87265625 0.3828125 0.88125 0.38359375
0 0.9420875000000001 0.5041734375 0.9404640625 0.5073296875 0.9420046875000001 0.5103578125 0.9454125 0.5081078125 0.949984375 0.5042015625 0.9523734375 0.50096875 0.9513515625 0.5000203125 0.9488937500000001 0.50058125 0.9453796875 0.5021609375 0.9420875000000001 0.5041734375
0 0.8498515624999999 0.4913171875 0.8488843749999999 0.49405 0.8470015625 0.497240625 0.84734375 0.5006359375 0.8506500000000001 0.5019625 0.8511468750000001 0.5026843750000001 0.8545703124999999 0.5067875 0.8561984375 0.5064015625 0.8569000000000001 0.5034359375 0.8544859375 0.50001875 0.8535375000000001 0.4980375 0.8512515625000001 0.49270781250000006 0.8498515624999999 0.4913171875
0 0.892765625 0.5147734374999999 0.893828125 0.5153328125 0.8973812499999999 0.5151328125 0.89845625 0.514265625 0.8989687500000001 0.5119374999999999 0.8968453125 0.5103484375 0.892765625 0.5147734374999999
0 0.9306093750000001 0.646371875 0.9337203125 0.6454125000000001 0.935103125 0.64373125 0.935475 0.641915625 0.9349171875 0.639659375 0.92771875 0.646290625 0.9306093750000001 0.646371875
0 0.8705546875 0.6396546875 0.87149375 0.63893125 0.87258125 0.6356234374999999 0.87146875 0.6335437500000001 0.8700078124999999 0.6322796875 0.866828125 0.63230625 0.8661734375 0.63571875 0.8669328125 0.6384875 0.8705546875 0.6396546875
0 0.863584375 0.6761999999999999 0.8614578125 0.676221875 0.8576328125 0.6757296875 0.8551546875 0.6748375 0.8522296875 0.6767296875000001 0.8620140624999999 0.6883546875000001 0.8631390624999999 0.6843984375 0.8630156250000001 0.6819375 0.8643671875000001 0.6784234375 0.863584375 0.6761999999999999
0 0.904928125 0.6760484375 0.9055671875 0.6745390625 0.9038921875 0.67211875 0.9018328125 0.67289375 0.899240625 0.6730437499999999 0.8989968749999999 0.6755640625 0.9001187500000001 0.6771140625000001 0.9026171875 0.6771953125 0.904928125 0.6760484375
0 0.9438015625 0.67574375 0.9399046875 0.67598125 0.9386234375000001 0.6762359375 0.933834375 0.6773921875 0.9320875 0.6798296875000001 0.9316609375 0.6812203125 0.9298015625 0.68145 0.9294234375 0.6832140625 0.9304343749999999 0.685125 0.9338953125 0.68555 0.9341671874999999 0.6854828125 0.9376312499999999 0.6828531250000001 0.940834375 0.68053125 0.9438015625 0.67574375
0 0.9927953125 0.7094984375 0.996959375 0.709603125 0.9977515625000001 0.7079156249999999 0.9963703125000001 0.7051968750000001 0.9928343749999999 0.7041046875 0.9911046875 0.703625 0.9906437499999999 0.704634375 0.9912093750000001 0.707859375 0.9927953125 0.7094984375
0 0.9516609375 0.7605484375 0.9497390625 0.7613640625 0.94921875 0.7633171875 0.950428125 0.7655234375 0.9533671874999999 0.7650375 0.9546468750000001 0.763671875 0.953253125 0.7614296875 0.9516609375 0.7605484375
0 0.9913546875 0.7506015625 0.9895531249999999 0.75169375 0.9905078125 0.7544109375 0.993353125 0.7562125 0.9943640625000001 0.7549140624999999 0.9937421875 0.7532687499999999 0.9922812499999999 0.75165625 0.9913546875 0.7506015625
0 0.9309406250000001 0.765559375 0.9353999999999999 0.7652687499999999 0.9369046875 0.7631593750000001 0.9384546874999999 0.761459375 0.936396875 0.7593953124999999 0.9342625 0.7592359375 0.9320890625 0.760875 0.9309406250000001 0.762725 0.9309406250000001 0.765559375
0 0.8821203125 0.8182265624999999 0.886753125 0.8182484375 0.8886796875 0.8164843749999999 0.886359375 0.812528125 0.8862687499999999 0.8124593750000001 0.8814359375 0.8128171875 0.8815765624999999 0.8093296875 0.8777484375 0.813259375 0.877203125 0.815825 0.8791437500000001 0.8171062499999999 0.8821203125 0.8182265624999999
0 0.8912140624999999 0.8364968749999999 0.8897421874999999 0.83478125 0.886878125 0.833421875 0.885228125 0.8355359375000001 0.8975250000000001 0.845490625 0.89994375 0.8414828125 0.8977171875 0.8397078125 0.8964921875 0.838415625 0.8935734375 0.837575 0.8912140624999999 0.8364968749999999
0 0.9835984375000001 0.8594109375000001 0.9814437500000001 0.8613703125000001 0.9860484375 0.863153125 0.9856031249999999 0.858509375 0.9835984375000001 0.8594109375000001
0 0.930515625 0.9192765625 0.9275703125 0.9247781249999999 0.9292453125 0.9245921875 0.9325953124999999 0.9230750000000001 0.9358437500000001 0.92058125 0.9338140625 0.9165890624999999 0.930515625 0.9192765625
0 0.9525375 0.9846234375 0.950046875 0.9863890625 0.9502390625 0.989190625 0.9517890625 0.98969375 0.9546531249999999 0.9873937500000001 0.9543421875 0.9848750000000001 0.9525375 0.9846234375
0 0.7414968749999999 0.9692546875 0.7385703125 0.9707156250000001 0.7352265625000001 0.9731859375 0.7331203125 0.9757078124999999 0.7322890625 0.9805609375 0.7337609375 0.981415625 0.737003125 0.98016875 0.742465625 0.9814796875 0.7445484375 0.9842140625000001 0.74746875 0.9852671875000001 0.7486671874999999 0.9847203125 0.7481546875 0.9819734375 0.75959375 0.9842281249999999 0.763721875 0.9861531250000001 0.77104375 0.989878125 0.7722796875 0.9911109375 0.7752390625000001 0.9953156249999999 0.7800546875000001 0.9986703125 0.7829421875 0.9973906250000001 0.7768515625 0.99166875 0.7697765624999999 0.9869578125 0.764503125 0.9799484375 0.764334375 0.976140625 0.7670421875 0.9722796875 0.7682890625 0.9703171875000001 0.770371875 0.9676625 0.7701265625 0.9655828124999999 0.77451875 0.9601749999999999 0.7738609375000001 0.9591875 0.7737375 0.9545984375 0.7715 0.9517374999999999 0.76728125 0.9489015625 0.7603796875 0.9462781250000001 0.7576421875 0.9480796874999999 0.7544828125 0.9549234375 0.7512671875 0.957021875 0.7460078125 0.9591031250000001 0.7434828125 0.9624828125 0.7434171875 0.963603125 0.7433203125000001 0.9666828125 0.7414968749999999 0.9692546875
0 0.6854515625000001 0.9081484375000001 0.6823734375 0.9110921875000001 0.682034375 0.9121874999999999 0.6836875 0.9126921875 0.6874078124999999 0.9112234375 0.688453125 0.9099171875 0.68931875 0.9083546874999999 0.6901843750000001 0.9054 0.6893125 0.9015453125 0.6876921874999999 0.9047062499999999 0.6870140625000001 0.9059203124999999 0.6854515625000001 0.9081484375000001
0 0.6995359375 0.8844406250000001 0.7015171875 0.8823124999999999 0.7015359375 0.8792078125 0.6962609375000001 0.87604375 0.6948640625 0.8755484375 0.6911937499999999 0.875765625 0.6924953125 0.879584375 0.694725 0.882571875 0.6995359375 0.8844406250000001
0 0.7112953125 0.7036015625 0.7098078125 0.7051640625 0.7098984374999999 0.7073359375 0.7110078125 0.7084312500000001 0.7130203125000001 0.7087640625 0.7143671875 0.7081234375000001 0.7151375 0.7062999999999999 0.7146765625 0.704584375 0.714409375 0.7038109375 0.7127343749999999 0.7033046875 0.7112953125 0.7036015625
0 0.685834375 0.65420625 0.6901109375 0.6549109375 0.6922171875 0.654525 0.6929640625 0.652634375 0.6918875 0.6486203125000001 0.6923859375 0.64638125 0.6891953125 0.6484265625 0.6871031249999999 0.650353125 0.6858109375 0.6526109375 0.685834375 0.65420625
0 0.7315421875 0.607059375 0.7330687499999999 0.6054015625 0.73223125 0.6034109375 0.7287328125 0.6022015625 0.7256234375 0.6055875000000001 0.726428125 0.608421875 0.7271078125 0.6088375 0.7291671875 0.609265625 0.7315421875 0.607059375
0 0.23217343750000002 0.5787515625 0.2342453125 0.5799984375 0.238715625 0.5815375 0.24077500000000002 0.5813765625 0.243425 0.5796484375000001 0.2428390625 0.5786359375 0.2404015625 0.577253125 0.23769374999999998 0.5758656249999999 0.2344421875 0.5749078125 0.23328593749999998 0.5760359375 0.23217343750000002 0.5787515625
0 0.2586234375 0.814971875 0.25889375000000003 0.816940625 0.262575 0.8176375 0.26469062499999996 0.8169984375 0.2662296875 0.8151078125 0.2676234375 0.8113328125000001 0.2665765625 0.810696875 0.26473749999999996 0.8102421874999999 0.2602796875 0.8115937499999999 0.2586234375 0.814971875