0 0.6763015625000001 0.578565625 0.68825625 0.5626375 0.6898671875 0.572196875 0.6977140625 0.5804968749999999 0.7074953125000001 0.5831937500000001 0.71384375 0.58200625 0.712015625 0.5757875 0.7014328125 0.5716281249999999 0.703290625 0.5665578124999999 0.7060671875 0.5595109375 0.717196875 0.5529328125 0.74644375 0.5487296875000001 0.767865625 0.5382796875 0.79125 0.5366500000000001 0.79459375 0.5385640625 0.810675 0.5360375000000001 0.8085296874999999 0.5280828125 0.8233390625 0.531809375 0.83585 0.5294703125 0.8423187499999999 0.5227765625 0.8447796875 0.5161828125000001 0.8403953124999999 0.50945 0.8220000000000001 0.5087953125 0.8078984374999999 0.5080765625 0.8252515624999999 0.5032640625 0.8381562499999999 0.49235625 0.8542015624999999 0.4840375 0.8611437499999999 0.47966406250000004 0.8668125 0.47540468750000003 0.8870953125 0.47229374999999996 0.9035718749999999 0.4718140625 0.9169375000000001 0.46911718750000003 0.893728125 0.4552609375 0.8689921875 0.43893125 0.8597515625 0.43671249999999995 0.8640765625 0.42877187499999997 0.8663671875000001 0.40940468750000003 0.8590265625000001 0.40453124999999995 0.8632140625 0.39505 0.8736015625 0.38706406250000003 0.8710046874999999 0.3658671875 0.8922046874999999 0.358875 0.8932296875000001 0.35026875 0.864528125 0.35090625000000003 0.8509546875 0.34848124999999996 0.8738296875 0.3418828125 0.8542156249999999 0.334253125 0.8069906250000001 0.33812031249999996 0.7860140624999999 0.33928437499999997 0.7823156250000001 0.3341953125 0.777609375 0.3190234375 0.7680171875 0.3107640625 0.7755875 0.29764843750000003 0.813865625 0.2995203125 0.810065625 0.28704375 0.7650375 0.285578125 0.7171953125 0.2904546875 0.7057328125 0.2878546875 0.741684375 0.28250156249999997 0.75243125 0.2745 0.70308125 0.278453125 0.675078125 0.2810484375 0.675096875 0.29655624999999997 0.6405125 0.2768328125 0.6287359375 0.2782234375 0.62258125 0.29420156249999996 0.60440625 0.3035625 0.5785234375 0.30939375 0.5471921875 0.314903125 0.5252734375 0.31968125000000003 0.5076046875 0.3330046875 0.517434375 0.35180625 0.527525 0.37760781250000003 0.5054624999999999 0.3895796875 0.4894859375 0.39730468750000003 0.476021875 0.399459375 0.43762656250000004 0.40487031250000005 0.4549703125 0.42798749999999997 0.4788453125 0.4639421875 0.4776453125 0.47408593750000005 0.4869328125 0.48860937499999996 0.5004296874999999 0.49878125000000006 0.531915625 0.5044906250000001 0.5614343749999999 0.4942921875 0.564378125 0.4958453125 0.568396875 0.5066515625 0.56749375 0.517240625 0.5641640625 0.5235671875000001 0.565346875 0.5303546875 0.5947640625 0.5440671874999999 0.609065625 0.5472671874999999 0.6420250000000001 0.5441874999999999 0.6472796875 0.54645 0.6528390625 0.5510546875 0.65790625 0.5601640625 0.6629578125 0.571209375 0.6738906250000001 0.579634375 0.6763015625000001 0.578565625
0 0.546909375 0.537590625 0.5378796875 0.5366921875 0.5332296875 0.5431125 0.5398125 0.5487015625 0.5447968750000001 0.5487015625 0.5491484375 0.5470765625 0.5510046875 0.5408203125 0.546909375 0.537590625
0 0.932121875 0.4445 0.929921875 0.44816406249999996 0.9278046874999999 0.45287499999999997 0.9289671875 0.454440625 0.9339328124999999 0.4581640625 0.9357796875 0.45885625 0.943540625 0.459075 0.9501375 0.45922343750000005 0.9567390625 0.4556703125 0.9595453125000001 0.45030937499999996 0.9579234375000001 0.44196093750000004 0.9483453125000001 0.4399375 0.9464656250000001 0.43978124999999996 0.9431546875000001 0.44079375 0.9440312499999999 0.44550625000000005 0.9405953125 0.44982187500000004 0.937928125 0.44982187500000004 0.9346015624999999 0.44801562500000003 0.93869375 0.444353125 0.9403812500000001 0.44372656250000003 0.932121875 0.4445
0 0.9410796875 0.5787687499999999 0.9444874999999999 0.5776390625000001 0.947853125 0.5714796875 0.9456625000000001 0.567125 0.9453687499999999 0.5647484375 0.948690625 0.559165625 0.9416390625 0.55534375 0.938390625 0.5623296875 0.9376734375 0.57729375 0.9410796875 0.5787687499999999
0 0.85785 0.612021875 0.856421875 0.6090078125 0.849821875 0.6103140625 0.8466531249999999 0.60655 0.8417390625 0.613609375 0.8463625 0.620609375 0.85313125 0.6206953125 0.8558296875 0.61903125 0.85785 0.612021875
0 0.868675 0.5835625 0.8610734375 0.5869078125 0.865821875 0.5912359375 0.8711249999999999 0.5917015625000001 0.8765375000000001 0.58839375 0.8853125000000001 0.5870765625 0.886503125 0.583034375 0.88304375 0.5797265625 0.8729546875 0.5781031249999999 0.8688109374999999 0.580065625 0.868675 0.5835625
0 0.8456328125000001 0.5055953125 0.8481703125 0.5104265625 0.8520953125 0.5199046875 0.855503125 0.5101609375 0.8603624999999999 0.5126578125 0.8614453125000001 0.5140046875000001 0.8675312500000001 0.508621875 0.872084375 0.5036125 0.86100625 0.4990765625 0.8557328125 0.4966203125 0.8503031249999999 0.49935625000000006 0.8456328125000001 0.5055953125
0 1 0.39203125 0.9879203125 0.39370625000000004 0.9874140625000001 0.3956203125 0.9801390624999999 0.4038765625 0.9805515625 0.4084171875 0.98656875 0.40552656249999997 1 0.4027953125 1 0.39203125
0 0.948753125 0.378534375 0.949325 0.3720765625 0.9415859375 0.3703578125 0.9380671875000001 0.37415 0.933946875 0.379334375 0.9358062500000001 0.3822515625 0.94398125 0.38194062500000003 0.948753125 0.378534375
0 0.7516140625000001 0.5697703125 0.748946875 0.5700875 0.7463734375 0.570621875 0.7446703125 0.5731765625 0.7504921875 0.5778078125 0.7565937500000001 0.5722031249999999 0.7516140625000001 0.5697703125
0 0.8533546875000001 0.64674375 0.8526390625 0.6525015625 0.8572390625 0.6515703125 0.8610640625 0.6496515625 0.8586874999999999 0.6468 0.8533546875000001 0.64674375
0 0.9859609375 0.527184375 0.989840625 0.5266265625 0.9946828125 0.525690625 0.994125 0.5206609375 0.9903796874999999 0.520440625 0.98465 0.5235234375 0.9859609375 0.527184375
0 0.9599 0.5076875000000001 0.9552546875000001 0.5101625000000001 0.95491875 0.512815625 0.956925 0.514678125 0.960509375 0.5148875 0.965209375 0.5129625 0.9655078125 0.5101203125 0.962103125 0.5072515625 0.9599 0.5076875000000001
0 0.8636390625000001 0.2804234375 0.8647937499999999 0.27475937500000003 0.8629171875000001 0.2698875 0.859275 0.26778749999999996 0.8560546875 0.27445624999999996 0.8610921875 0.2853015625 0.8636390625000001 0.2804234375
0 0.9816312500000001 0.2149828125 0.9878921875 0.2129015625 0.990575 0.2079890625 0.987059375 0.20179062499999997 0.98495625 0.1966796875 0.973003125 0.2003796875 0.969571875 0.205225 0.967165625 0.2105875 0.9704109375 0.2152890625 0.9816312500000001 0.2149828125
0 0.9202140625 0.2403265625 0.9242265625 0.2350390625 0.9226296875 0.23030625 0.9185625 0.2284046875 0.9111953125 0.23014843749999997 0.9096078125 0.2345796875 0.9087406250000001 0.23764218750000002 0.9108140625000001 0.240196875 0.9202140625 0.2403265625
0 0.989084375 0.37739218750000003 0.9925734374999999 0.37598125 0.9953515625 0.37229999999999996 0.99426875 0.3697265625 0.990575 0.368815625 0.9812421875 0.3745859375 0.989084375 0.37739218750000003
0 0.5447453125 0.0645859375 0.5388843750000001 0.0637734375 0.5328140625 0.0656015625 0.5319421875 0.0687453125 0.53025 0.075803125 0.5276328125 0.083734375 0.5327359375 0.0870875 0.535309375 0.0858 0.5444046874999999 0.0830859375 0.5476046875 0.081640625 0.5527796875 0.07611562499999999 0.5499484375 0.067796875 0.5447453125 0.0645859375
0 0.5563234375 0.1679578125 0.564453125 0.16790624999999998 0.5694171875 0.16844375 0.57134375 0.1647328125 0.5702703125 0.160128125 0.5656328125 0.15392343749999998 0.558328125 0.15339687500000002 0.555309375 0.1549625 0.5529015625 0.15781406250000002 0.5504156250000001 0.16343593750000002 0.5563234375 0.1679578125
0 0.73655 0.1351046875 0.738121875 0.143778125 0.7415046875 0.13791562500000001 0.7485296875 0.13772500000000001 0.75035 0.13816875 0.7551187500000001 0.131396875 0.75298125 0.129259375 0.7475953125 0.12684375 0.7433703125 0.1258734375 0.7370609375 0.12795625 0.7355562499999999 0.13129531249999998 0.73655 0.1351046875
0 0.7455703125 0.0329421875 0.7475562499999999 0.0463796875 0.7529125 0.046700000000000005 0.7549812499999999 0.0423046875 0.759909375 0.0370984375 0.7635 0.028421875000000003 0.76104375 0.0218859375 0.7540984374999999 0.0180234375 0.7506671875 0.0200484375 0.747025 0.024773437500000002 0.7455703125 0.0329421875
0 0.6626796875000001 0.027625 0.6591953125 0.023546875000000002 0.6533875 0.0233890625 0.649059375 0.0247609375 0.646471875 0.0284125 0.6511046875 0.0364578125 0.6572859375 0.0362578125 0.6614453124999999 0.033684375 0.6626796875000001 0.027625
0 0.684925 0.24278125 0.6805984375 0.242934375 0.6781109375 0.24727187499999997 0.6816187499999999 0.249671875 0.6862796875 0.24909374999999997 0.6871953125 0.24568906250000003 0.6865625 0.24363281250000002 0.684925 0.24278125
0 0.822740625 0.8050328125 0.8186187500000001 0.8095375 0.8231859375000001 0.8105968750000001 0.8279421875 0.8115734375000001 0.8313499999999999 0.8100687499999999 0.8321359375 0.80613125 0.826696875 0.804190625 0.822740625 0.8050328125
0 0.9401109375000001 0.76383125 0.934728125 0.7635109375 0.9313765625 0.768153125 0.9352390625 0.769240625 0.9380671875000001 0.7697703125 0.9405265625 0.7692359375 0.9441234375 0.7653359375 0.9401109375000001 0.76383125
0 0.8414125 0.69958125 0.8453328125 0.6996749999999999 0.8467953125 0.6999875 0.8464078125000001 0.69635 0.8443484375000001 0.6951828124999999 0.8419203124999999 0.6956156250000001 0.84070625 0.6977375 0.8414125 0.69958125
0 0.848690625 0.6837640625 0.8473171875000001 0.689271875 0.851171875 0.6928734375000001 0.8543109375 0.69118125 0.855434375 0.689834375 0.8569546875 0.6843296875 0.8537078125 0.6829234375000001 0.848690625 0.6837640625
0 0.63680625 0.881009375 0.6428375 0.887153125 0.64699375 0.885909375 0.6504265625000001 0.8821406250000001 0.6492640625 0.8762000000000001 0.6477593749999999 0.873428125 0.6436671875 0.8690125 0.6387828125 0.8665078125000001 0.6345578125 0.87233125 0.6313609375 0.8771156250000001 0.63680625 0.881009375
0 0.793490625 0.9358124999999999 0.7938734375000001 0.9334359375 0.79006875 0.93179375 0.7842796875 0.9307984375 0.7839046875 0.9333937499999999 0.7856921875 0.935840625 0.7879078125000001 0.9357515624999999 0.790571875 0.9361375000000001 0.793490625 0.9358124999999999
0 0.4522375 0.8359640625000001 0.45629687499999994 0.8359640625000001 0.46193906250000005 0.8360921875 0.46844374999999994 0.83671875 0.4721390625 0.8375125000000001 0.4765390625 0.8403906250000001 0.48096562499999995 0.843578125 0.487884375 0.8470875 0.4915984375 0.8485046875 0.497846875 0.8495453124999999 0.5002578125 0.84581875 0.51365625 0.8494015625 0.520253125 0.8535 0.5269203124999999 0.8552390624999999 0.53148125 0.8468984374999999 0.5299234375 0.83976875 0.5176421875 0.8305203125 0.5125968750000001 0.8240812500000001 0.5110671875 0.8165796875 0.5093203125 0.8134890625000001 0.5071015625 0.8096 0.5013687499999999 0.8065187500000001 0.5069984375 0.8051999999999999 0.516478125 0.800584375 0.511853125 0.79909375 0.5021453124999999 0.7973953125000001 0.50423125 0.797715625 0.5050671875 0.7940953125 0.496615625 0.7896140625 0.4885125 0.7887484375 0.48937187499999996 0.791871875 0.487425 0.795190625 0.47943125000000003 0.7966375 0.46691093749999996 0.795521875 0.45508125 0.794015625 0.45092968750000006 0.798340625 0.443525 0.7957890625 0.4342546875 0.789053125 0.432778125 0.7850890625 0.44035624999999995 0.78256875 0.4452328125 0.7769078125 0.4414515625 0.7763546875 0.424203125 0.77566875 0.413340625 0.77643125 0.39454218750000003 0.7788453125 0.40111875 0.78208125 0.412815625 0.7815765625 0.42083906249999997 0.78238125 0.4118734375 0.7862484375000001 0.40645468749999997 0.79236875 0.40208750000000004 0.8014796875 0.393384375 0.8023765624999999 0.3682203125 0.7989515625 0.3452375 0.7955 0.3422578125 0.7974984375 0.35969531250000003 0.802434375 0.3659 0.8052718750000001 0.36984374999999997 0.807709375 0.3749203125 0.8094093750000001 0.3805703125 0.809246875 0.4086796875 0.8169046874999999 0.4183375 0.8201484375 0.418378125 0.8209843749999999 0.42048125000000003 0.8239468750000001 0.423934375 0.8253265624999999 0.4295234375 0.8268593750000001 0.43460312500000003 0.827409375 0.435828125 0.8283093750000001 0.43887968749999995 0.8305828125 0.44016406249999995 0.8285421875000001 0.44503906249999997 0.8315171875 0.4485984375 0.8339140625000001 0.4522375 0.8359640625000001
0 0.202034375 0.7568125 0.20464218750000002 0.75829375 0.20827187500000002 0.7596546875 0.212734375 0.7591140625 0.2168703125 0.7589734375 0.21024062500000001 0.7552015625 0.2017359375 0.7539171875 0.19751093749999998 0.7536484375 0.202034375 0.7568125
0 0.017556250000000002 0.6954109374999999 0.0136671875 0.6946984375 0.006467187500000001 0.6937359375 0.0026234375 0.6946359375 0.007989062500000001 0.696203125 0.015737499999999998 0.7013 0.01603125 0.69916875 0.017056250000000002 0.6977875 0.017556250000000002 0.6954109374999999
0 0.071421875 0.7152328125 0.0657984375 0.7092968749999999 0.0508703125 0.704975 0.03466875 0.7046828125 0.068471875 0.715028125 0.071421875 0.7152328125
0 0.193846875 0.34900312499999997 0.18686562499999998 0.353315625 0.1868765625 0.35410624999999996 0.18996249999999998 0.35621562500000004 0.19309062500000002 0.3580359375 0.2012921875 0.359290625 0.208196875 0.359290625 0.210103125 0.3595765625 0.20830156249999998 0.3563015625 0.203575 0.3515921875 0.193846875 0.34900312499999997
0 0.206703125 0.1263078125 0.2007921875 0.12268125 0.194378125 0.121940625 0.191109375 0.12339843749999999 0.1894296875 0.12748125 0.192325 0.1301078125 0.1971359375 0.12993593750000001 0.2013109375 0.13017499999999999 0.20615 0.1302640625 0.20698750000000002 0.127234375 0.206703125 0.1263078125