0 0.522434375 0.9421890625 0.547475 0.9399796874999999 0.570209375 0.9475265625 0.5905796875 0.9389671875 0.578425 0.9261890625 0.5711906250000001 0.924221875 0.5550437500000001 0.9154890625000001 0.5430890625 0.9063968750000001 0.5370375000000001 0.8916171875 0.505446875 0.9050734374999999 0.4861671875 0.9201874999999999 0.4680515625 0.922821875 0.45184687500000004 0.9226281249999999 0.4409953125 0.9278656249999999 0.44337187499999997 0.9370499999999999 0.46349062500000004 0.942353125 0.4905859375 0.9488453124999999 0.522434375 0.9421890625
0 0.76950625 0.9514703125 0.7913703125 0.9557234375 0.828546875 0.95130625 0.8759281250000001 0.9563875 0.9168109375 0.9601031250000001 0.9193046875 0.949459375 0.9017171875000001 0.9433953125000001 0.885809375 0.938521875 0.8796671875 0.928959375 0.8167390625 0.925734375 0.7323296874999999 0.9336343749999999 0.7128828125 0.9342828125 0.6756609375 0.9313874999999999 0.6390984375000001 0.9287078125000001 0.606359375 0.9259124999999999 0.604646875 0.9379890625 0.6360359375 0.946965625 0.7015156250000001 0.94656875 0.73526875 0.94656875 0.76950625 0.9514703125
0 0 0.9340953125 0.0680671875 0.9310859375 0.0865265625 0.9338859375 0.07603750000000001 0.9437093750000001 0.0771296875 0.9653390625 0.0442671875 0.9816437499999999 0.0106625 0.9993640625 0.0425421875 0.9972515625 0.093915625 0.972221875 0.14727812499999998 0.94684375 0.1516046875 0.9546875 0.16864375 0.9776812500000001 0.22296718750000002 0.9773765624999999 0.20490312500000002 0.9749593750000001 0.1997484375 0.968778125 0.19513750000000002 0.9464656250000001 0.213725 0.9441171875000001 0.2281921875 0.9441171875000001 0.264175 0.9465 0.27676249999999997 0.950540625 0.2763484375 0.9610562500000001 0.2688953125 0.9775124999999999 0.29079062499999997 0.9734859374999999 0.3071375 0.97171875 0.3199515625 0.980684375 0.347621875 0.9965546875 0.35003125 0.9776812500000001 0.31817656250000004 0.941903125 0.3342265625 0.9409000000000001 0.35890468750000004 0.9530828124999999 0.3655953125 0.9461906250000001 0.3877046875 0.9422953125 0.41771874999999997 0.9365656250000001 0.42068281250000006 0.920803125 0.3772671875 0.9183953125000001 0.344934375 0.9150046875 0.3862375 0.8826703124999999 0.3945640625 0.8708453125 0.3839328125 0.8521093750000001 0.327309375 0.8494109375000001 0.3079 0.832271875 0.28048281249999996 0.805015625 0.236725 0.7999328125 0.230071875 0.8018468750000001 0.24541093749999998 0.8365500000000001 0.1769625 0.8620921875 0.2058125 0.8697796875 0.163425 0.8884640625 0.1326875 0.8907203125 0.10702031249999999 0.907059375 0.0819859375 0.914025 0.04046875 0.904221875 0 0.9085468750000001 0 0.9340953125
0 0.1604203125 1 0.181340625 0.9965203125000001 0.17502500000000001 0.9882031250000001 0.1517859375 0.980903125 0.14908593750000002 0.9934921875 0.1604203125 1
0 0.6521796875 0.365978125 0.6552687500000001 0.36300781249999997 0.656084375 0.3596234375 0.644325 0.36041406249999997 0.645103125 0.3650640625 0.64610625 0.3667515625 0.6521796875 0.365978125
0 0.848825 0.33850156249999996 0.8555046875000001 0.3429578125 0.8617265625 0.343775 0.8638671875 0.337715625 0.8589671875 0.33871562499999996 0.8555343750000001 0.33834375 0.848825 0.33850156249999996
0 0.8521640625 0.3139421875 0.8448203124999999 0.3121 0.8382125 0.312965625 0.8365921875 0.31779999999999997 0.8385984375 0.32169375 0.8510140625 0.3225 0.856084375 0.3209140625 0.8576703125 0.3165953125 0.8521640625 0.3139421875
0 0.50323125 0.3214625 0.50061875 0.320325 0.4956015625 0.322840625 0.4935609375 0.326553125 0.49736250000000004 0.3294578125 0.5048375 0.33020312500000004 0.508228125 0.3225171875 0.50323125 0.3214625
0 0.47435937499999997 0.32608281250000004 0.47018750000000004 0.3215515625 0.4652140625 0.32250625 0.4629171875 0.3240109375 0.46090937500000007 0.3266453125 0.462325 0.33015 0.4652 0.32999375 0.47415 0.32909375 0.47435937499999997 0.32608281250000004
0 0.5281234375 0.23391718749999998 0.520215625 0.2351890625 0.5146453125 0.23621093750000002 0.5176937500000001 0.24208124999999997 0.5119875 0.2433578125 0.4930203125 0.241990625 0.4825640625 0.23780937500000002 0.47928437500000004 0.235928125 0.472553125 0.23272187500000002 0.4636984375 0.2557796875 0.47506250000000005 0.25464375 0.4892890625 0.2525578125 0.49832187499999997 0.2531109375 0.5148531249999999 0.255575 0.5249484375 0.25416249999999996 0.5299109375 0.2533453125 0.537146875 0.25611875 0.54274375 0.25417812500000003 0.5452265625 0.252809375 0.560721875 0.251334375 0.5643125 0.24942812499999997 0.5576078125 0.2430890625 0.54485625 0.24281250000000001 0.537971875 0.24086875000000002 0.5382734375 0.2362546875 0.534775 0.2348875 0.5281234375 0.23391718749999998
0 0.6032671875 0.2501265625 0.6071453124999999 0.24605625 0.596571875 0.24574687499999998 0.588759375 0.2452796875 0.5843359375 0.2473375 0.592603125 0.251834375 0.6032671875 0.2501265625
0 0.642903125 0.24685625 0.650403125 0.24190312500000002 0.6417375 0.239446875 0.6345875000000001 0.24102031249999997 0.6268484375 0.23701875 0.6143484375 0.23695624999999998 0.61125 0.23825781250000003 0.6116718750000001 0.24199687499999997 0.61439375 0.2430125 0.6190203125 0.24995781250000002 0.6279453125 0.2500515625 0.642903125 0.24685625
0 0.740334375 0.2689625 0.7358171875 0.27159218749999997 0.7355296874999999 0.27498125 0.7402546875 0.2761609375 0.7479640625 0.2748328125 0.7480984375 0.270396875 0.7447874999999999 0.26800156249999996 0.740334375 0.2689625
0 0.774575 0.286134375 0.773734375 0.28924531249999996 0.7746593749999999 0.2910890625 0.7813140625 0.2931703125 0.7867531249999999 0.28988281250000003 0.7841828125 0.2864765625 0.776615625 0.2856046875 0.774575 0.286134375
0 0.7099671875 0.3078953125 0.7087421875000001 0.3082375 0.7074890625 0.3117828125 0.7082828125 0.313553125 0.7144609375 0.315165625 0.7147875 0.3102140625 0.7130062500000001 0.308490625 0.7099671875 0.3078953125
0 1 0.1240078125 0.9767921875000001 0.1250375 0.9783265625 0.1298140625 1 0.12806562500000002 1 0.1240078125
0 1 0.1674109375 0.9835015625000001 0.1721734375 0.9650890625 0.17148593750000002 0.9361859375 0.1716046875 0.9243015625 0.17001875 0.908159375 0.1732421875 0.9121203124999999 0.1684890625 0.9369953125 0.16767343750000002 0.9357203125 0.163259375 0.920628125 0.161634375 0.9163125000000001 0.16194843750000001 0.9197203125 0.16564375 0.8991203125 0.1674296875 0.8936453125 0.1687515625 0.8898093749999999 0.1676609375 0.8804578125000001 0.1692546875 0.8725453125 0.168015625 0.8631828125000001 0.1643703125 0.8775328124999999 0.16287968749999998 0.865940625 0.1603609375 0.8542828124999999 0.1615796875 0.8604765625 0.1676484375 0.8546390625000001 0.171296875 0.8456359375 0.1724578125 0.832903125 0.17496406250000002 0.81376875 0.1713078125 0.8098203125 0.175425 0.8141234374999999 0.17884687500000002 0.8166171875 0.1816421875 0.8257609374999999 0.18668437499999999 0.8309875 0.1866796875 0.84679375 0.1822953125 0.8662281249999999 0.1825109375 0.8784468750000001 0.1894734375 0.8931828124999999 0.19144375 0.9037515624999999 0.18999375000000002 0.9038515625000001 0.1951890625 0.9116125 0.1948484375 0.9220984375000001 0.19072499999999998 0.9180734375 0.18139687499999999 0.8808421875000001 0.1859140625 0.8783234375 0.180684375 0.8900890625000001 0.1788796875 0.904103125 0.180296875 0.912128125 0.1794234375 0.9314828125 0.17914687499999998 0.9506484374999999 0.179540625 0.9767609374999999 0.1810046875 1 0.182575 1 0.1674109375
0 0.9301484375 0.2526234375 0.9480328124999999 0.254875 0.961659375 0.25526875000000004 0.9690796875000001 0.2514859375 0.9687328125000001 0.24746562499999997 0.97853125 0.2509296875 0.9900453125 0.2516984375 1 0.25179375 0.9984796875 0.2404375 0.9909281249999999 0.240496875 0.98040625 0.2422875 0.9729374999999999 0.2422875 0.964334375 0.24119687500000003 0.9644999999999999 0.23935468750000002 0.96693125 0.23216718749999998 0.963378125 0.22715000000000002 0.9570578125000001 0.23281093749999998 0.9550390625 0.23845 0.9502421875 0.23834062500000003 0.9345812499999999 0.2386140625 0.93140625 0.24137499999999998 0.928034375 0.2423015625 0.9045765625 0.2419640625 0.8834687499999999 0.241565625 0.8660484374999999 0.24223750000000002 0.849825 0.24239375000000002 0.8355625 0.24300625 0.8170453125 0.24462968749999997 0.810725 0.24579374999999998 0.786390625 0.2441125 0.7776578125 0.24349531249999998 0.7746734375 0.24774687499999998 0.7889984375 0.250996875 0.8180531249999999 0.2517296875 0.8298187499999999 0.24967812500000003 0.8342015625 0.24967812500000003 0.8456625000000001 0.2508421875 0.8567625 0.2508734375 0.8685875 0.250596875 0.87455625 0.251028125 0.89248125 0.2543703125 0.9045375 0.25268125 0.9170562500000001 0.252696875 0.9200671874999999 0.2529125 0.9301484375 0.2526234375
0 0.77195 0.233240625 0.7673359375000001 0.23301406249999998 0.7637671874999999 0.23428906249999998 0.7672546875 0.23981093750000002 0.77793125 0.242553125 0.7827453125 0.2367875 0.7774578125 0.2337953125 0.77195 0.233240625
0 0.8049203125 0.2149265625 0.80345 0.21764531250000002 0.805484375 0.22052343749999997 0.81108125 0.22154687499999998 0.8197453124999999 0.2200796875 0.816309375 0.215803125 0.811278125 0.21505000000000002 0.8049203125 0.2149265625
0 0.7626890625 0.1861171875 0.756775 0.186525 0.7563625 0.1881765625 0.7665296875000001 0.1928359375 0.7802156250000001 0.19332812500000002 0.7851234375 0.19164375 0.7848375 0.1891875 0.7805640625 0.186909375 0.777584375 0.1856875 0.7722859375 0.1861203125 0.7669984375000001 0.186334375 0.7626890625 0.1861171875
0 0.77135 0.174778125 0.769196875 0.17686249999999998 0.7718390625 0.17882499999999998 0.7813453124999999 0.1814703125 0.7918609375 0.18239531250000002 0.801315625 0.1809890625 0.7974796875 0.176590625 0.79269375 0.17603437500000002 0.788209375 0.17700312499999998 0.7826875 0.175953125 0.774853125 0.174465625 0.77135 0.174778125
0 0.7705203125 0.1645921875 0.7646859375 0.1645921875 0.763596875 0.1674609375 0.7704093750000001 0.1724 0.7780671875 0.171778125 0.7813953125 0.1669671875 0.7782921875000001 0.164153125 0.7753687499999999 0.164153125 0.7705203125 0.1645921875
0 0.6866187499999999 0.17639375 0.67790625 0.17726718749999998 0.6725203125 0.177209375 0.6767640625 0.1851515625 0.6856578125 0.1834078125 0.7151953125 0.1822296875 0.718453125 0.1825078125 0.7241734375 0.182353125 0.7392296875000001 0.178928125 0.7426999999999999 0.1787125 0.7488265625 0.1787984375 0.7624515625 0.1774046875 0.7561625000000001 0.1761625 0.7371390625 0.17548906250000001 0.7299562500000001 0.174996875 0.716903125 0.1746 0.715265625 0.174975 0.697575 0.1727296875 0.6921375000000001 0.1740765625 0.6866187499999999 0.17639375
0 0.6240421875 0.1822796875 0.6335625 0.18348906250000002 0.6394562500000001 0.18348906250000002 0.6536109375 0.183240625 0.655678125 0.1763671875 0.6642046875000001 0.175165625 0.6674671875 0.1681421875 0.6550515625 0.1707640625 0.6471312499999999 0.1726484375 0.646715625 0.17650468749999998 0.6404828124999999 0.1761390625 0.632821875 0.1759828125 0.6315375000000001 0.171959375 0.6257796875 0.1738015625 0.6202859375 0.174515625 0.6175046875 0.179190625 0.6240421875 0.1822796875
0 0.81775 0.13814375 0.8260421875 0.1383 0.8396609375 0.138296875 0.8435515625000001 0.133659375 0.8394046875000001 0.1306875 0.8302421875 0.1289046875 0.822553125 0.1289046875 0.8133578124999999 0.131046875 0.8079124999999999 0.134171875 0.81775 0.13814375
0 0.9247562500000001 0.1272265625 0.8977187499999999 0.128359375 0.9002687500000001 0.130028125 0.9082015625000001 0.1312375 0.9190531249999999 0.1315140625 0.9245281249999999 0.13327968750000002 0.9479124999999999 0.1366859375 0.9619703124999999 0.13038125 0.9540203125 0.129334375 0.93661875 0.1264875 0.9247562500000001 0.1272265625
0 0.7512328125 0.1360390625 0.7490328125 0.1305578125 0.681625 0.1315875 0.6893671875 0.13827499999999998 0.6956 0.1399875 0.7257296875 0.138853125 0.7413093749999999 0.138853125 0.7512328125 0.1360390625
0 0.6248390625 0.14110781249999998 0.6264609375 0.13945625 0.631115625 0.1346625 0.6067875 0.1337984375 0.606175 0.13623125 0.6106843750000001 0.139440625 0.6248390625 0.14110781249999998
0 0.5795265625 0.1812171875 0.5763765624999999 0.179 0.5723109375 0.178984375 0.5698296875 0.1803921875 0.5753765625 0.18290937499999999 0.5803359375 0.1838125 0.5795265625 0.1812171875
0 0.6387578125 0.1895796875 0.63451875 0.1877171875 0.6334875 0.1872515625 0.630625 0.18930625 0.633053125 0.1908609375 0.6387015625 0.19235312499999999 0.6387578125 0.1895796875