0 0.42747343750000005 0.5027265625 0.42575312500000007 0.502215625 0.4070828125 0.5019359375 0.3987046875 0.5049359375 0.3943140625 0.5115578125 0.3787859375 0.511825 0.3736890625 0.5029984375 0.3748296875 0.5723046875 0.3761734375 0.5786687500000001 0.3857984375 0.5781546875 0.40555312499999996 0.5699 0.418428125 0.5552328125 0.40991718749999995 0.5428499999999999 0.4298296875 0.5387953125 0.42705937499999996 0.52815 0.4309671875 0.5238890625 0.401209375 0.5215671875 0.42444218749999996 0.5177937499999999 0.4369375 0.518709375 0.44447656249999995 0.5106640625 0.4542578125 0.514378125 0.47043437499999996 0.5174609375 0.4833796875 0.5099359375 0.46987968750000003 0.506184375 0.4451875 0.5035296875 0.43120156249999997 0.4875109375 0.43205312500000004 0.4940390625 0.42747343750000005 0.5027265625
0 0.68723125 0.48235312500000005 0.6818015625 0.484915625 0.6841796875 0.48728906250000004 0.6863546875 0.48659375000000005 0.6914140625 0.48372656249999996 0.68723125 0.48235312500000005
0 0.703975 0.5593296875 0.7099390624999999 0.5595953125 0.707184375 0.5573609375 0.703975 0.5593296875
0 0.7048734375000001 0.55144375 0.7000078125 0.55429375 0.70238125 0.5578234375 0.7048734375000001 0.55144375
0 0.699609375 0.5448609375 0.6968234375 0.5471796875 0.70001875 0.54825625 0.699609375 0.5448609375
0 0.8031984375000001 0.418971875 0.7971390625 0.41515781250000006 0.8106671875 0.4028953125 0.8035109374999999 0.3921140625 0.8086578125000001 0.38673437499999996 0.82595625 0.37909375 0.8237765625 0.372 0.8149031250000001 0.3705203125 0.8025437500000001 0.370325 0.7929484375 0.36614843750000003 0.7828999999999999 0.36595625 0.7761578124999999 0.3649046875 0.7832250000000001 0.360134375 0.792828125 0.3585375 0.799421875 0.3535109375 0.8056625000000001 0.3525421875 0.81116875 0.347821875 0.8180859375 0.3486203125 0.8172921875 0.34597500000000003 0.8143062499999999 0.34373437500000004 0.8086265625 0.34514999999999996 0.806159375 0.3482703125 0.8000031249999999 0.3473875 0.7973343749999999 0.347840625 0.792584375 0.3515078125 0.7898234375000001 0.35145312500000003 0.7861578125 0.3456828125 0.7825578125 0.3401328125 0.7778968749999999 0.329675 0.76943125 0.3205234375 0.758240625 0.3154265625 0.7404453125 0.3086609375 0.7274546875000001 0.30466875 0.709209375 0.3087515625 0.6829578125 0.31696875 0.6723874999999999 0.32 0.6679875 0.32387343749999997 0.6679234375 0.33159218749999997 0.67316875 0.3363421875 0.6780453125 0.340534375 0.6749234375000001 0.3418953125 0.6712578125 0.3444875 0.670146875 0.3503984375 0.67039375 0.3552 0.6691484375 0.35897812500000004 0.666203125 0.3676953125 0.6637125 0.374140625 0.6641171875 0.3910328125 0.6637890625 0.3970046875 0.66378125 0.404090625 0.66988125 0.4107234375 0.6748046875 0.419678125 0.6831515625 0.42223437500000005 0.7037984374999999 0.44160937499999997 0.7111515625 0.439234375 0.7159875 0.44219687499999993 0.7184781250000001 0.4447078125 0.7189046875 0.44786875000000004 0.7207874999999999 0.45227812500000003 0.7283609375 0.4520171875 0.7390531250000001 0.45023437499999996 0.75043125 0.44685781249999995 0.75535625 0.44603125 0.7566765625 0.44085156249999996 0.7603484375 0.44166875 0.7690984375000001 0.4369328125 0.771053125 0.44008437499999997 0.7790843749999999 0.43957499999999994 0.784053125 0.43658906249999996 0.7887109375 0.430359375 0.7939765624999999 0.42938906250000003 0.7995015624999999 0.426471875 0.8031984375000001 0.418971875
0 0.6775421875000001 0.31381562500000004 0.679178125 0.3114734375 0.6785625 0.307825 0.674628125 0.30755468750000003 0.6713250000000001 0.30975312499999996 0.6738859374999999 0.31370468749999997 0.6775421875000001 0.31381562500000004
0 0.6747124999999999 0.30360468749999997 0.6752640624999999 0.3017640625 0.6751375000000001 0.30079687499999996 0.6717671875 0.3003828125 0.670815625 0.302828125 0.6721468749999999 0.304846875 0.6747124999999999 0.30360468749999997
0 0.6553109375 0.256096875 0.6524828125 0.2557890625 0.6514765625 0.2572609375 0.652103125 0.2575296875 0.6533828125000001 0.2585578125 0.6553765625 0.2589640625 0.6565109375 0.258353125 0.6566 0.25706406249999997 0.6553109375 0.256096875
0 0.82964375 0.3657 0.8294828125 0.36850937500000003 0.83091875 0.37153125 0.830275 0.37361875 0.83019375 0.3770046875 0.83019375 0.38045 0.83143125 0.384096875 0.832015625 0.3870171875 0.8318546874999999 0.39051874999999997 0.8327953125 0.393834375 0.8341640625 0.3964796875 0.8353453125 0.40066875 0.8349359375000001 0.403534375 0.8364078125000001 0.41133437500000003 0.83585625 0.40470937500000004 0.8368874999999999 0.402740625 0.8376171875 0.400840625 0.836009375 0.39609218749999997 0.8354203124999999 0.39453125 0.8354171875 0.3919359375 0.83486875 0.38800625 0.83403125 0.38544375 0.8330343750000001 0.3832390625 0.8332843750000001 0.3818125 0.83420625 0.3795984375 0.8337765625 0.37775 0.83361875 0.376240625 0.8330296875000001 0.37457656250000004 0.8321125 0.37286406250000004 0.8322015625000001 0.3701828125 0.832325 0.367315625 0.8308765625 0.364609375 0.82964375 0.3657
0 0.820884375 0.2885578125 0.820240625 0.2866578125 0.8187125 0.2889859375 0.8179093749999999 0.2923921875 0.8180328125 0.2936515625 0.8209593749999999 0.2958046875 0.8223015625000001 0.2939796875 0.8214640624999999 0.29159375 0.820884375 0.2885578125
0 0.7326796875 0.081 0.7309375 0.08181406249999999 0.7304890625 0.0844671875 0.7313015625 0.08608281250000001 0.7347734375 0.0859890625 0.7361421874999999 0.08391875 0.7350328125 0.08184843750000001 0.7326796875 0.081
0 0.8460578125 0.5078234375 0.8468562500000001 0.510809375 0.8493046874999999 0.5093421874999999 0.8489265625 0.503859375 0.8483031249999999 0.5014000000000001 0.8472171875000001 0.49713906249999995 0.8459265625000001 0.4987265625 0.844625 0.501784375 0.8475796875 0.5023828124999999 0.845846875 0.5058484375 0.8460578125 0.5078234375
0 0.841203125 0.477034375 0.8443406250000001 0.4784578125 0.8445078125000001 0.476196875 0.84298125 0.474203125 0.8414203125 0.475871875 0.841203125 0.477034375
0 0.9197265625 0.8527968749999999 0.9229734374999999 0.8541124999999999 0.9267749999999999 0.8542062500000001 0.9305312499999999 0.8539937500000001 0.935509375 0.8542703125 0.9298984375 0.8515671875 0.926503125 0.850625 0.9203453125 0.850946875 0.9197265625 0.8527968749999999
0 0.58943125 0.7288015624999999 0.58583125 0.7264265625 0.5815296875 0.728309375 0.5790953125 0.7313734375000001 0.582559375 0.732475 0.5870828125 0.7336625 0.58928125 0.7315234375 0.58943125 0.7288015624999999
0 0.5536140625 0.7443765625000001 0.551453125 0.74895625 0.5531843750000001 0.7501140625 0.554584375 0.7481046874999999 0.55498125 0.7428656250000001 0.5536140625 0.7443765625000001
0 0.3789296875 0.8482859375 0.381075 0.8495078125 0.3819109375 0.8430156249999999 0.3821140625 0.837525 0.384053125 0.832021875 0.3795703125 0.8262921875 0.37880156249999997 0.8209171874999999 0.37934375 0.8096249999999999 0.37862968750000003 0.7575078125 0.381928125 0.7528265625 0.381859375 0.75023125 0.3792140625 0.7477328125 0.378759375 0.7473062500000001 0.3787328125 0.741140625 0.38130156249999997 0.7369328125 0.3755125 0.7379 0.37606562499999996 0.7637359375 0.3763203125 0.8031796874999999 0.37677499999999997 0.8171375 0.3771328125 0.8438968750000001 0.3789296875 0.8482859375