0 0.5687984375 0.5124890625 0.567946875 0.5059609375 0.5725265625 0.49727343749999997 0.5742468749999999 0.497784375 0.5929171875 0.4980640625 0.6012953125 0.4950640625 0.6056859375 0.4884421875 0.6212140625 0.488175 0.6263109375 0.49700156250000005 0.6251703125 0.42769531250000004 0.6238265625 0.42133125 0.6142015625 0.4218453125 0.594446875 0.43010000000000004 0.5815718750000001 0.4447671875 0.5900828125 0.45715000000000006 0.5701703124999999 0.4612046875 0.572940625 0.47185 0.5690328124999999 0.4761109375 0.598790625 0.4784328125 0.5755578125 0.48220625000000006 0.5630625 0.481290625 0.5555234375 0.48933593750000004 0.5457421874999999 0.485621875 0.529565625 0.4825390625 0.5166203125 0.4900640625 0.5301203125 0.493815625 0.5548124999999999 0.49647031249999996 0.5687984375 0.5124890625
0 0.3136453125 0.51340625 0.3085859375 0.5162734375 0.31276875 0.517646875 0.3181984375 0.515084375 0.3158203125 0.5127109375 0.3136453125 0.51340625
0 0.2900609375 0.44040468749999995 0.29281562499999997 0.44263906249999996 0.296025 0.4406703125 0.2900609375 0.44040468749999995
0 0.2999921875 0.44570625 0.29761875 0.4421765625 0.2951265625 0.44855625000000005 0.2999921875 0.44570625
0 0.30317656249999997 0.4528203125 0.29998125 0.45174375 0.300390625 0.45513906249999997 0.30317656249999997 0.4528203125
0 0.2060234375 0.5706109374999999 0.2004984375 0.5735281249999999 0.1968015625 0.581028125 0.20286093749999998 0.5848421874999999 0.1893328125 0.5971046875 0.1964890625 0.6078859375000001 0.1913421875 0.613265625 0.17404375 0.62090625 0.1762234375 0.628 0.185096875 0.6294796875 0.19745625 0.629675 0.2070515625 0.6338515625000001 0.2171 0.63404375 0.22384218749999998 0.6350953125000001 0.216775 0.639865625 0.207171875 0.6414625 0.200578125 0.6464890624999999 0.1943375 0.6474578125 0.18883125 0.652178125 0.1819140625 0.6513796875 0.1827078125 0.6540250000000001 0.18569375 0.656265625 0.1913734375 0.6548499999999999 0.19384062500000002 0.6517296875 0.19999687500000002 0.6526125 0.202665625 0.652159375 0.20741562500000002 0.6484921875 0.2101765625 0.648546875 0.2138421875 0.6543171875 0.21744218750000002 0.6598671875 0.22210312499999998 0.670325 0.23056875 0.6794765625 0.241759375 0.6845734375 0.2595546875 0.6913390625 0.2725453125 0.69533125 0.29079062499999997 0.6912484375 0.3170421875 0.68303125 0.3276125 0.6799999999999999 0.3320125 0.6761265625 0.3320765625 0.6684078125 0.32683125 0.6636578125 0.3219546875 0.6594656249999999 0.3250765625 0.6581046875000001 0.3287421875 0.6555125 0.32985312499999997 0.6496015625 0.32960625 0.6448 0.33085156250000003 0.6410218750000001 0.333796875 0.6323046875 0.33628749999999996 0.625859375 0.3358828125 0.6089671875 0.33621093750000003 0.6029953124999999 0.33621875 0.595909375 0.33011875 0.5892765625 0.3251953125 0.580321875 0.31684843749999997 0.577765625 0.29620156249999996 0.558390625 0.2888484375 0.5607656249999999 0.2840125 0.5578031250000001 0.28152187500000003 0.5552921875 0.2810953125 0.55213125 0.2792125 0.5477218749999999 0.2716390625 0.5479828125 0.260946875 0.549765625 0.24956874999999998 0.5531421875 0.24464375 0.55396875 0.24332343750000002 0.5591484375 0.23965156250000003 0.55833125 0.2309015625 0.5630671875 0.22894687500000002 0.559915625 0.220915625 0.5604250000000001 0.21594687499999998 0.5634109375 0.21128906249999999 0.569640625 0.2060234375 0.5706109374999999
0 0.328675 0.6902468749999999 0.32611406249999997 0.6862953125 0.3224578125 0.6861843750000001 0.320821875 0.6885265625 0.3214375 0.692175 0.325371875 0.6924453125000001 0.328675 0.6902468749999999
0 0.329184375 0.697171875 0.32785312499999997 0.695153125 0.3252875 0.6963953125 0.32473593749999996 0.6982359375 0.3248625 0.699203125 0.32823281249999997 0.6996171875 0.329184375 0.697171875
0 0.3434890625 0.741646875 0.34340000000000004 0.7429359375 0.3446890625 0.743903125 0.3475171875 0.7442109375 0.34852343750000003 0.7427390625 0.347896875 0.7424703125 0.34661718750000003 0.7414421875 0.3446234375 0.7410359375 0.3434890625 0.741646875
0 0.167675 0.632684375 0.1691234375 0.635390625 0.17035625000000001 0.6343 0.1705171875 0.631490625 0.16908125000000002 0.62846875 0.169725 0.62638125 0.16980625 0.6229953125 0.16980625 0.61955 0.16856875 0.615903125 0.16798437500000002 0.6129828125000001 0.1681453125 0.60948125 0.1672046875 0.606165625 0.1658359375 0.6035203124999999 0.1646546875 0.59933125 0.1650640625 0.596465625 0.16359218749999999 0.588665625 0.16414375 0.595290625 0.1631125 0.5972593749999999 0.1623828125 0.5991593749999999 0.163990625 0.6039078124999999 0.16457968750000002 0.60546875 0.1645828125 0.6080640625 0.16513125 0.61199375 0.16596875 0.6145562499999999 0.166965625 0.6167609374999999 0.16671562499999998 0.6181875 0.16579375000000002 0.6204015625 0.1662234375 0.62225 0.16638124999999998 0.623759375 0.1669703125 0.6254234375000001 0.1678875 0.6271359375000001 0.1677984375 0.6298171875 0.167675 0.632684375
0 0.1776984375 0.7060203125 0.17853593750000002 0.70840625 0.179115625 0.7114421875 0.179759375 0.7133421875 0.1812875 0.7110140625 0.182090625 0.7076078125 0.18196718750000002 0.7063484375 0.179040625 0.7041953125 0.1776984375 0.7060203125
0 0.2638578125 0.9160812500000001 0.26496718750000003 0.9181515625 0.2673203125 0.9189999999999999 0.2690625 0.9181859375 0.2695109375 0.9155328125000001 0.2686984375 0.9139171875000001 0.2652265625 0.9140109375 0.2638578125 0.9160812500000001
0 0.15242031250000002 0.49761718750000006 0.154153125 0.49415156250000003 0.1539421875 0.49217656249999997 0.15314375 0.489190625 0.15069531249999998 0.4906578125 0.1510734375 0.49614062499999995 0.151696875 0.4986 0.1527828125 0.5028609375 0.1540734375 0.5012734375 0.15537499999999999 0.498215625 0.15242031250000002 0.49761718750000006
0 0.15701875 0.5257968749999999 0.1585796875 0.5241281250000001 0.158796875 0.522965625 0.155659375 0.5215421874999999 0.1554921875 0.5238031249999999 0.15701875 0.5257968749999999
0 0.07349687499999999 0.14937499999999998 0.0796546875 0.149053125 0.0802734375 0.147203125 0.07702656249999999 0.1458875 0.073225 0.14579375 0.06946875 0.14600625 0.064490625 0.14572968749999998 0.0701015625 0.1484328125 0.07349687499999999 0.14937499999999998
0 0.4129171875 0.2663375 0.41071875 0.26847656249999996 0.41056875000000004 0.2711984375 0.41416875 0.27357343749999996 0.41847031250000005 0.271690625 0.42090468750000004 0.2686265625 0.41744062499999995 0.267525 0.4129171875 0.2663375
0 0.445415625 0.25189531249999997 0.44501875 0.257134375 0.4463859375 0.2556234375 0.448546875 0.25104375 0.446815625 0.2498859375 0.445415625 0.25189531249999997
0 0.6232249999999999 0.18286249999999998 0.6228671875 0.156103125 0.6210703125 0.1517140625 0.6189250000000001 0.15049218749999999 0.6180890625 0.156984375 0.6178859375 0.16247499999999998 0.615946875 0.167978125 0.6204296874999999 0.1737078125 0.6211984375 0.1790828125 0.62065625 0.19037500000000002 0.6213703125000001 0.24249218749999998 0.6180718749999999 0.2471734375 0.618140625 0.24976875 0.6207859375 0.2522671875 0.621240625 0.25269375 0.6212671875 0.258859375 0.6186984375 0.2630671875 0.6244875000000001 0.2621 0.6239343749999999 0.2362640625 0.6236796874999999 0.1968203125 0.6232249999999999 0.18286249999999998