0 0.3885578125 0.5969734375 0.38723593749999996 0.59920625 0.40079374999999995 0.605159375 0.406084375 0.6111109375 0.40906093749999994 0.6125984375 0.4150125 0.6125984375 0.4216265625 0.6096234375 0.4163359375 0.6056546875000001 0.41567499999999996 0.6021828124999999 0.4126984375 0.6021828124999999 0.406415625 0.59995 0.4163359375 0.5927578125 0.41798906249999995 0.5947421875 0.4265875 0.5952375 0.4292328125 0.5977187500000001 0.43452343750000005 0.5984625 0.4586640625 0.5905265625 0.46693125 0.5845734375 0.4672625 0.5811015625 0.464615625 0.5786203125 0.4619703125 0.57738125 0.45932500000000004 0.5783734375 0.4527109375 0.5749015625 0.4375 0.5744046875000001 0.42824062500000004 0.5756453125000001 0.42625624999999995 0.5749015625 0.40343906250000006 0.5749015625 0.39351875000000003 0.573909375 0.3945109375 0.575396875 0.3925265625 0.576884375 0.3945109375 0.5801093749999999 0.39715625 0.580853125 0.3958328125 0.584078125 0.3908734375 0.5791171875 0.38558125 0.579365625 0.38723593749999996 0.582340625 0.391865625 0.5853171875000001 0.3945109375 0.5887890625 0.3938484375 0.5905265625 0.3885578125 0.5920140625 0.3885578125 0.5969734375
0 0.5489421875 0.5942453125 0.54761875 0.592509375 0.5446421875 0.5920140625 0.54761875 0.58829375 0.5363749999999999 0.58680625 0.5337296874999999 0.5887890625 0.527446875 0.5887890625 0.52579375 0.5900296875000001 0.52579375 0.5920140625 0.5224875 0.59375 0.5195109375 0.5932546875 0.5178578125 0.596478125 0.508928125 0.6014390625 0.5185187499999999 0.5984625 0.5287703125000001 0.5907734375 0.5320765625 0.5962296874999999 0.5373671875 0.5987109375 0.5489421875 0.5942453125
0 0.2671953125 0.6210312499999999 0.2767859375 0.613590625 0.27711562500000003 0.6113593749999999 0.27149531250000003 0.61011875 0.26455 0.6130953124999999 0.2652109375 0.6165671875000001 0.2619046875 0.6192953125 0.262896875 0.6220234375 0.2671953125 0.6210312499999999
0 0.546296875 0.2991078125 0.538359375 0.295634375 0.5515875 0.293403125 0.5502640624999999 0.292659375 0.55125625 0.290675 0.5489421875 0.28993125000000003 0.531084375 0.2891859375 0.5205031250000001 0.290675 0.5099203125 0.2884421875 0.4890875 0.2921625 0.48875624999999995 0.2938984375 0.491071875 0.29588281250000004 0.494046875 0.29613125 0.49272499999999997 0.29885937500000004 0.49669375000000004 0.300346875 0.5036375 0.299603125 0.5026453125 0.30183593750000004 0.5171953125 0.302828125 0.531084375 0.30084374999999997 0.5410046875 0.30183593750000004 0.545965625 0.3000984375 0.546296875 0.2991078125
0 0.12830625 0.325396875 0.1292984375 0.324653125 0.126653125 0.32316406249999996 0.12698437499999998 0.3224203125 0.1392203125 0.3196921875 0.1405421875 0.3177078125 0.14351875 0.3162203125 0.141865625 0.31448437500000004 0.1445109375 0.31349218749999996 0.13822812499999998 0.3107640625 0.12896875000000002 0.3095234375 0.11805625 0.31150781250000004 0.1183859375 0.31349218749999996 0.11045 0.3122515625 0.10548906250000001 0.3139875 0.08895468749999999 0.3169640625 0.0856484375 0.318453125 0.0856484375 0.319940625 0.0909390625 0.3201890625 0.088625 0.321925 0.088625 0.3234125 0.09920625 0.32738125 0.11706406250000001 0.3251484375 0.12830625 0.325396875
0 0.20932499999999998 0.30753906249999996 0.21759218749999998 0.3077875 0.2255296875 0.306546875 0.2271828125 0.304315625 0.22519843750000001 0.302828125 0.211309375 0.3020828125 0.200728125 0.303571875 0.1974203125 0.306546875 0.1994046875 0.3087796875 0.20932499999999998 0.30753906249999996
0 0.37830625 0.3201890625 0.3905421875 0.319196875 0.3885578125 0.3162203125 0.3829359375 0.3162203125 0.37896874999999997 0.313740625 0.3703703125 0.3125 0.366071875 0.3149796875 0.3574734375 0.3169640625 0.36772499999999997 0.3172125 0.37830625 0.3201890625
0 0.1402109375 0.207340625 0.1517859375 0.20709375 0.18088593749999998 0.2036203125 0.182209375 0.2021328125 0.181878125 0.20138906250000002 0.1610453125 0.20138906250000002 0.15575468750000002 0.1999015625 0.13723593750000002 0.19965312500000001 0.12962968749999998 0.20287656250000002 0.130953125 0.2061015625 0.1402109375 0.207340625
0 0.22784374999999998 0.1999015625 0.2142859375 0.1999015625 0.19444375 0.20138906250000002 0.19709062500000002 0.2026296875 0.2099875 0.20287656250000002 0.22420625 0.2021328125 0.229496875 0.2006453125 0.22784374999999998 0.1999015625
0 0.3005953125 0.1986609375 0.3005953125 0.1974203125 0.2843921875 0.19766875 0.2824078125 0.196925 0.258928125 0.19915624999999998 0.25760625 0.2001484375 0.258928125 0.20089218749999999 0.2843921875 0.20039687499999997 0.3005953125 0.1986609375
0 0.33961562500000003 0.194940625 0.32374375 0.194196875 0.31448437500000004 0.1951890625 0.31349218749999996 0.19618125 0.31679843750000003 0.1974203125 0.3260578125 0.196925 0.328703125 0.1999015625 0.3416 0.198909375 0.3449078125 0.2001484375 0.351190625 0.2001484375 0.3558203125 0.1984125 0.36474843749999997 0.1984125 0.36474843749999997 0.197171875 0.36828125 0.196209375 0.3449078125 0.196925 0.33961562500000003 0.194940625
0 0.46759218750000003 0.2083328125 0.46527812500000004 0.2083328125 0.464615625 0.209078125 0.45601875 0.209821875 0.44510625 0.209821875 0.4441140625 0.21106093750000002 0.44940468750000007 0.212796875 0.45601875 0.212796875 0.45767187500000006 0.21180625000000003 0.46164062499999997 0.21255000000000002 0.47056875 0.212053125 0.47056875 0.21106093750000002 0.4672625 0.2103171875 0.4682546875 0.20957343750000001 0.46759218750000003 0.2083328125
0 0.8971562499999999 0.3229171875 0.9100531249999999 0.323909375 0.915675 0.321428125 0.9143515624999999 0.3204359375 0.9041 0.319196875 0.9057546875 0.3172125 0.9100531249999999 0.316715625 0.9186515625 0.313740625 0.9199734375 0.311259375 0.9143515624999999 0.3095234375 0.913359375 0.30753906249999996 0.90443125 0.308284375 0.9037703125000001 0.3067953125 0.8971562499999999 0.306546875 0.8935187499999999 0.30753906249999996 0.8869046875000001 0.306546875 0.8845906250000001 0.305059375 0.8743390625 0.305059375 0.87103125 0.303571875 0.873346875 0.30183593750000004 0.87103125 0.30183593750000004 0.8578046875 0.3063 0.8429234375 0.3095234375 0.8346562499999999 0.3127484375 0.8445765625 0.3154765625 0.8535046875000001 0.3147328125 0.8561515625 0.31795625 0.8657406249999999 0.3196921875 0.86375625 0.321428125 0.8644187499999999 0.32266875 0.87830625 0.3251484375 0.88624375 0.32415625000000003 0.8941796875 0.3216765625 0.8971562499999999 0.3229171875
0 0.7797625 0.28621093750000004 0.784721875 0.287203125 0.7863749999999999 0.288690625 0.8191140625 0.28819374999999997 0.8167984374999999 0.28621093750000004 0.8105156250000001 0.2857140625 0.8088625 0.28224218749999996 0.7910046875 0.280009375 0.785384375 0.2817453125 0.78306875 0.284721875 0.7797625 0.28621093750000004
0 0.69510625 0.2943953125 0.6914687500000001 0.2938984375 0.6828703125 0.2951390625 0.6666671875 0.2924109375 0.6646828124999999 0.2916671875 0.6673281249999999 0.289434375 0.6663359375 0.2884421875 0.6531078124999999 0.287203125 0.6445109375 0.28993125000000003 0.63558125 0.28993125000000003 0.62169375 0.2938984375 0.6263234375 0.295634375 0.6369046875000001 0.29588281250000004 0.634590625 0.2971234375 0.6349203125 0.298115625 0.646825 0.2983625 0.65806875 0.301090625 0.670634375 0.2998515625 0.6686515625 0.29761875 0.67989375 0.298115625 0.69510625 0.2943953125
0 0.63988125 0.2790171875 0.6478171875000001 0.2807546875 0.6650125 0.2795140625 0.6732796875 0.28025781250000004 0.674603125 0.28125 0.6845234375 0.2790171875 0.6838625 0.2780265625 0.6623671875 0.27505 0.6590609374999999 0.2760421875 0.6435187499999999 0.2765375 0.63988125 0.2790171875
0 0.744046875 0.29191406249999996 0.7420640625 0.28993125000000003 0.7318125 0.2891859375 0.7321421875 0.2921625 0.722553125 0.29141875 0.7209 0.290675 0.7215609374999999 0.28993125000000003 0.715278125 0.28993125000000003 0.7020500000000001 0.2924109375 0.7089953125 0.2946421875 0.72056875 0.2936515625 0.7199078125 0.2951390625 0.722221875 0.29613125 0.7314812500000001 0.2963796875 0.74669375 0.292659375 0.744046875 0.29191406249999996
0 0.74239375 0.2537203125 0.7308203125 0.2584328125 0.7347890625 0.26016875 0.7450390625 0.2591765625 0.7457015625000001 0.2599203125 0.7433859375 0.261409375 0.7460312499999999 0.2611609375 0.7526453125 0.2631453125 0.7619046875000001 0.2633921875 0.7566140625 0.2591765625 0.7526453125 0.2584328125 0.7566140625 0.257440625 0.755621875 0.2557046875 0.74239375 0.2537203125
0 0.5036375 0.1937 0.567790625 0.1912203125 0.6164015625 0.1904765625 0.6369046875000001 0.1912203125 0.6749343750000001 0.18973281250000001 0.7139546875 0.18973281250000001 0.7414015625 0.193453125 0.7609125 0.194196875 0.7919968749999999 0.1899796875 0.795634375 0.18849218750000002 0.7969578125 0.1845234375 0.7999343750000001 0.18253906250000002 0.7999343750000001 0.1810515625 0.7939812500000001 0.1775796875 0.7701718750000001 0.1763390625 0.733796875 0.1798109375 0.7076718750000001 0.1790671875 0.6868390625 0.1813 0.6570765625 0.1822921875 0.6236765625 0.18700468750000002 0.556546875 0.1860125 0.5307546875 0.1907234375 0.468584375 0.1927078125 0.4603171875 0.1954359375 0.45932500000000004 0.197171875 0.468915625 0.1979171875 0.48181250000000003 0.1954359375 0.5036375 0.1937
0 0.51761875 0.1678875 0.5296640625 0.1673171875 0.535525 0.168009375 0.5461859375 0.16534374999999998 0.5443265625 0.1638234375 0.5400828125 0.1619203125 0.5271265625 0.16200625 0.51479375 0.1651546875 0.51761875 0.1678875
0 0.9001468750000001 0.1891921875 0.9033390625 0.175471875 0.8905 0.1752234375 0.8826828125 0.1739546875 0.8757093749999999 0.175353125 0.8678890625 0.17585937499999998 0.8530796875 0.1769734375 0.8371328124999999 0.1765234375 0.82503125 0.1765234375 0.816734375 0.1765234375 0.8129406250000001 0.17650468749999998 0.80715625 0.1792359375 0.8066000000000001 0.181828125 0.8134234375 0.1828046875 0.8105125 0.1830703125 0.8087171874999999 0.18586562499999998 0.8135484375 0.1886328125 0.822540625 0.18943749999999998 0.8303640624999999 0.190028125 0.8447156250000001 0.1894328125 0.8487500000000001 0.188621875 0.8657656250000001 0.187253125 0.8759265624999999 0.187253125 0.883234375 0.187253125 0.8965609375 0.1879625 0.9001468750000001 0.1891921875
0 0.9415640625 0.1804703125 0.9528703125 0.183778125 0.9579953124999999 0.184115625 0.9758515624999999 0.184115625 0.9890328125 0.1723265625 0.9375 0.17526406249999998 0.9415640625 0.1804703125
0 0.9436656250000001 0.2837015625 0.9488937500000001 0.2845734375 0.9566140624999999 0.28469687499999996 0.9627671875000001 0.28347968749999997 0.9621890625 0.2795140625 0.9630124999999999 0.2746359375 0.9590249999999999 0.2718640625 0.9627281249999999 0.26199531249999997 0.9595140625 0.25971875 0.9513093749999999 0.261821875 0.9495234375000001 0.26503125 0.95018125 0.271665625 0.9469828124999999 0.2689546875 0.94208125 0.2660890625 0.933459375 0.2681703125 0.9364250000000001 0.2691015625 0.9411015624999999 0.2735984375 0.9430046875 0.2774828125 0.943375 0.28164218750000003 0.9436656250000001 0.2837015625
0 0.8612703125 0.24165625 0.868559375 0.2401390625 0.8689375 0.237175 0.8647484375 0.2364421875 0.8621343749999999 0.23579374999999997 0.8608828125000001 0.23579374999999997 0.8547765625 0.2379734375 0.8566234375 0.24036875000000002 0.8612703125 0.24165625
0 0.9658515624999999 0.217078125 0.9708015624999999 0.2161078125 0.9628937499999999 0.211865625 0.961890625 0.21133125000000003 0.9529265625000001 0.21219843749999998 0.9461546875 0.2130375 0.9416062500000001 0.21649687499999998 0.9462984375 0.2185203125 0.9561781249999999 0.2164984375 0.9605640624999999 0.21564687500000002 0.9658515624999999 0.217078125
0 0.8919765625 0.217015625 0.8955671875 0.2143046875 0.8974421875 0.2104359375 0.8973953124999999 0.2085453125 0.894809375 0.2086703125 0.8862390625 0.2101578125 0.8801484374999999 0.21174374999999998 0.8834234375 0.2149734375 0.8919765625 0.217015625
0 0.824359375 0.20525000000000002 0.8160562499999999 0.20695468749999998 0.8131625 0.2120453125 0.8156421875 0.21368749999999997 0.8216078124999999 0.21422500000000003 0.8264531249999999 0.21123124999999998 0.838003125 0.21145312500000002 0.8406421875 0.209584375 0.8344015625000001 0.2087921875 0.8308203125 0.20703749999999999 0.824359375 0.20525000000000002
0 0.736921875 0.213709375 0.7399312499999999 0.2167984375 0.7494359375 0.21556250000000002 0.75065 0.2145625 0.7544531250000001 0.21366093749999998 0.7557359375 0.2126609375 0.7499859375 0.20979375 0.7434968750000001 0.20915937499999998 0.7396734375 0.20978593750000002 0.7352578125 0.21109375 0.736921875 0.213709375
0 0.035975 0.1752328125 0.038509375 0.17636093749999998 0.0465328125 0.1779078125 0.0555640625 0.1776921875 0.0620578125 0.1769265625 0.072828125 0.1769265625 0.0767390625 0.1739984375 0.075021875 0.171915625 0.0657375 0.17120625 0.0597453125 0.171703125 0.0476671875 0.1729328125 0.0398296875 0.1750140625 0.035975 0.1752328125
0 0.0132921875 0.20015468749999998 0.0188890625 0.19885625 0.028242187499999998 0.19848749999999998 0.0300828125 0.19729375 0.0273359375 0.19497031250000002 0.018921874999999998 0.19481718750000002 0.012831249999999999 0.19481718750000002 0.0029874999999999997 0.19630468750000002 0.0022046875 0.2000921875 0.0038406250000000003 0.20046875000000003 0.0132921875 0.20015468749999998
0 0.0269 0.20787031250000002 0.0307046875 0.20598125 0.03715 0.204153125 0.0040328125 0.2037734375 0.0012828124999999999 0.2068125 0.0038703124999999996 0.207940625 0.014221875 0.206634375 0.016176562499999998 0.206578125 0.0269 0.20787031250000002
0 0.2760203125 0.28239843750000004 0.274609375 0.280146875 0.2705265625 0.2794609375 0.26501562500000003 0.279678125 0.2565046875 0.2803703125 0.257721875 0.281340625 0.26706875 0.2836015625 0.274253125 0.28471250000000003 0.2760203125 0.28239843750000004
0 0.1987921875 0.759003125 0.20367656250000002 0.7628046875 0.208315625 0.757296875 0.2149171875 0.7535828125 0.2135046875 0.7504890625 0.2102578125 0.7504890625 0.2012078125 0.7518359375 0.1989484375 0.7572609375 0.1987921875 0.759003125
0 0.9489078125000001 0.6491265625 0.9436249999999999 0.6500015625 0.9403671875 0.65546875 0.945253125 0.6581625 0.949253125 0.6621859375 0.9553515625 0.6643656250000001 0.9654921875 0.6679515625 0.9769500000000001 0.6704515625 0.9820718749999999 0.6708296875 0.9846359375 0.668328125 0.9782875000000001 0.6648109375 0.9746750000000001 0.6612921875 0.9733906250000001 0.6570125 0.9699031250000001 0.6548328125 0.9674625000000001 0.6517234375000001 0.9618046874999999 0.65023125 0.9489078125000001 0.6491265625
0 0.812528125 0.578809375 0.8072234375 0.5748328125 0.8044781249999999 0.5772375000000001 0.802696875 0.5811171875000001 0.8043328125 0.583375 0.8129406250000001 0.5864484375 0.8176953125 0.58556875 0.812528125 0.578809375