0 0.38723593749999996 0.41765937500000005 0.38558125 0.420634375 0.3908734375 0.42088281250000004 0.3958328125 0.415921875 0.39715625 0.41914687500000003 0.3945109375 0.419890625 0.3925265625 0.423115625 0.3945109375 0.42460312499999997 0.39351875000000003 0.42609062499999995 0.40343906250000006 0.4250984375 0.42625624999999995 0.4250984375 0.42824062500000004 0.4243546875 0.4375 0.42559531249999993 0.4527109375 0.4250984375 0.45932500000000004 0.4216265625 0.4619703125 0.42261875 0.464615625 0.4213796875 0.4672625 0.41889843750000005 0.46693125 0.4154265625 0.4586640625 0.4094734375 0.43452343750000005 0.4015375 0.4292328125 0.40228125 0.4265875 0.4047625 0.41798906249999995 0.40525781250000004 0.4163359375 0.40724218749999996 0.406415625 0.40004999999999996 0.4126984375 0.3978171875 0.41567499999999996 0.3978171875 0.4163359375 0.3943453125 0.4216265625 0.3903765625 0.4150125 0.3874015625 0.40906093749999994 0.3874015625 0.406084375 0.3888890625 0.40079374999999995 0.394840625 0.38723593749999996 0.40079374999999995 0.3885578125 0.4030265625 0.3885578125 0.4079859375 0.3938484375 0.4094734375 0.3945109375 0.41121093750000004 0.391865625 0.4146828125 0.38723593749999996 0.41765937500000005
0 0.508928125 0.3985609375 0.5178578125 0.40352187500000003 0.5195109375 0.4067453125 0.5224875 0.40625 0.52579375 0.4079859375 0.52579375 0.40997031249999993 0.527446875 0.41121093750000004 0.5337296874999999 0.41121093750000004 0.5363749999999999 0.41319375 0.54761875 0.41170625000000005 0.5446421875 0.4079859375 0.54761875 0.407490625 0.5489421875 0.4057546875 0.5373671875 0.40128906249999996 0.5320765625 0.4037703125 0.5287703125000001 0.40922656249999995 0.5185187499999999 0.4015375 0.508928125 0.3985609375
0 0.27149531250000003 0.38988125 0.27711562500000003 0.38864062499999996 0.2767859375 0.386409375 0.2671953125 0.37896874999999997 0.262896875 0.3779765625 0.2619046875 0.3807046875 0.2652109375 0.3834328125 0.26455 0.3869046875 0.27149531250000003 0.38988125
0 0.5026453125 0.6981640625 0.5036375 0.700396875 0.49669375000000004 0.699653125 0.49272499999999997 0.7011406250000001 0.494046875 0.70386875 0.491071875 0.7041171875 0.48875624999999995 0.7061015625 0.4890875 0.7078375 0.5099203125 0.7115578124999999 0.5205031250000001 0.709325 0.531084375 0.7108140625 0.5489421875 0.71006875 0.55125625 0.709325 0.5502640624999999 0.707340625 0.5515875 0.706596875 0.538359375 0.704365625 0.546296875 0.7008921875 0.545965625 0.6999015625 0.5410046875 0.6981640625 0.531084375 0.6991562499999999 0.5171953125 0.697171875 0.5026453125 0.6981640625
0 0.0909390625 0.6798109375 0.0856484375 0.680059375 0.0856484375 0.681546875 0.08895468749999999 0.6830359374999999 0.10548906250000001 0.6860125 0.11045 0.6877484375 0.1183859375 0.6865078125 0.11805625 0.6884921875 0.12896875000000002 0.6904765625 0.13822812499999998 0.6892359375 0.1445109375 0.6865078125 0.141865625 0.6855156250000001 0.14351875 0.6837796875000001 0.1405421875 0.6822921875 0.1392203125 0.6803078124999999 0.12698437499999998 0.6775796875 0.126653125 0.6768359375 0.1292984375 0.675346875 0.12830625 0.674603125 0.11706406250000001 0.6748515625 0.09920625 0.67261875 0.088625 0.6765875 0.088625 0.678075 0.0909390625 0.6798109375
0 0.22519843750000001 0.697171875 0.2271828125 0.695684375 0.2255296875 0.693453125 0.21759218749999998 0.6922125 0.20932499999999998 0.6924609375 0.1994046875 0.6912203124999999 0.1974203125 0.693453125 0.200728125 0.696428125 0.211309375 0.6979171875 0.22519843750000001 0.697171875
0 0.37896874999999997 0.686259375 0.3829359375 0.6837796875000001 0.3885578125 0.6837796875000001 0.3905421875 0.680803125 0.37830625 0.6798109375 0.36772499999999997 0.6827875 0.3574734375 0.6830359374999999 0.366071875 0.6850203125000001 0.3703703125 0.6875 0.37896874999999997 0.686259375
0 0.1610453125 0.7986109375 0.181878125 0.7986109375 0.182209375 0.7978671875 0.18088593749999998 0.7963796875 0.1517859375 0.7929062499999999 0.1402109375 0.792659375 0.130953125 0.7938984375 0.12962968749999998 0.7971234375 0.13723593750000002 0.800346875 0.15575468750000002 0.8000984375 0.1610453125 0.7986109375
0 0.19444375 0.7986109375 0.2142859375 0.8000984375 0.22784374999999998 0.8000984375 0.229496875 0.7993546874999999 0.22420625 0.7978671875 0.2099875 0.7971234375 0.19709062500000002 0.7973703125 0.19444375 0.7986109375
0 0.2824078125 0.803075 0.2843921875 0.8023312499999999 0.3005953125 0.8025796875 0.3005953125 0.8013390625 0.2843921875 0.799603125 0.258928125 0.7991078125 0.25760625 0.7998515625 0.258928125 0.80084375 0.2824078125 0.803075
0 0.3558203125 0.8015874999999999 0.351190625 0.7998515625 0.3449078125 0.7998515625 0.3416 0.801090625 0.328703125 0.8000984375 0.3260578125 0.803075 0.31679843750000003 0.8025796875 0.31349218749999996 0.8038187499999999 0.31448437500000004 0.8048109374999999 0.32374375 0.8058031250000001 0.33961562500000003 0.8050593750000001 0.3449078125 0.803075 0.36828125 0.8037906250000001 0.36474843749999997 0.8028281249999999 0.36474843749999997 0.8015874999999999 0.3558203125 0.8015874999999999
0 0.46164062499999997 0.78745 0.45767187500000006 0.78819375 0.45601875 0.787203125 0.44940468750000007 0.787203125 0.4441140625 0.7889390625 0.44510625 0.790178125 0.45601875 0.790178125 0.464615625 0.790921875 0.46527812500000004 0.7916671875 0.46759218750000003 0.7916671875 0.4682546875 0.7904265625 0.4672625 0.7896828124999999 0.47056875 0.7889390625 0.47056875 0.787946875 0.46164062499999997 0.78745
0 0.86375625 0.678571875 0.8657406249999999 0.6803078124999999 0.8561515625 0.68204375 0.8535046875000001 0.6852671875 0.8445765625 0.6845234375 0.8346562499999999 0.6872515625 0.8429234375 0.6904765625 0.8578046875 0.6937 0.87103125 0.6981640625 0.873346875 0.6981640625 0.87103125 0.696428125 0.8743390625 0.694940625 0.8845906250000001 0.694940625 0.8869046875000001 0.693453125 0.8935187499999999 0.6924609375 0.8971562499999999 0.693453125 0.9037703125000001 0.6932046875 0.90443125 0.691715625 0.913359375 0.6924609375 0.9143515624999999 0.6904765625 0.9199734375 0.688740625 0.9186515625 0.686259375 0.9100531249999999 0.683284375 0.9057546875 0.6827875 0.9041 0.680803125 0.9143515624999999 0.6795640625 0.915675 0.678571875 0.9100531249999999 0.676090625 0.8971562499999999 0.6770828125 0.8941796875 0.6783234375 0.88624375 0.6758437500000001 0.87830625 0.6748515625 0.8644187499999999 0.67733125 0.86375625 0.678571875
0 0.8105156250000001 0.7142859374999999 0.8167984374999999 0.7137890625 0.8191140625 0.71180625 0.7863749999999999 0.711309375 0.784721875 0.712796875 0.7797625 0.7137890625 0.78306875 0.715278125 0.785384375 0.7182546875 0.7910046875 0.719990625 0.8088625 0.7177578125 0.8105156250000001 0.7142859374999999
0 0.646825 0.7016375 0.6349203125 0.701884375 0.634590625 0.7028765625 0.6369046875000001 0.7041171875 0.6263234375 0.704365625 0.62169375 0.7061015625 0.63558125 0.71006875 0.6445109375 0.71006875 0.6531078124999999 0.712796875 0.6663359375 0.7115578124999999 0.6673281249999999 0.710565625 0.6646828124999999 0.7083328125 0.6666671875 0.7075890625000001 0.6828703125 0.7048609375 0.6914687500000001 0.7061015625 0.69510625 0.7056046874999999 0.67989375 0.701884375 0.6686515625 0.70238125 0.670634375 0.7001484375 0.65806875 0.698909375 0.646825 0.7016375
0 0.6845234375 0.7209828125 0.674603125 0.71875 0.6732796875 0.7197421875 0.6650125 0.7204859375 0.6478171875000001 0.7192453125 0.63988125 0.7209828125 0.6435187499999999 0.7234625 0.6590609374999999 0.7239578125 0.6623671875 0.72495 0.6838625 0.7219734375 0.6845234375 0.7209828125
0 0.72056875 0.7063484375 0.7089953125 0.7053578125 0.7020500000000001 0.7075890625000001 0.715278125 0.71006875 0.7215609374999999 0.71006875 0.7209 0.709325 0.722553125 0.70858125 0.7321421875 0.7078375 0.7318125 0.7108140625 0.7420640625 0.71006875 0.744046875 0.7080859375 0.74669375 0.707340625 0.7314812500000001 0.7036203125 0.722221875 0.70386875 0.7199078125 0.7048609375 0.72056875 0.7063484375
0 0.7619046875000001 0.7366078125 0.7526453125 0.7368546874999999 0.7460312499999999 0.7388390625000001 0.7433859375 0.738590625 0.7457015625000001 0.7400796875 0.7450390625 0.7408234375 0.7347890625 0.73983125 0.7308203125 0.7415671875000001 0.74239375 0.7462796875000001 0.755621875 0.7442953125 0.7566140625 0.742559375 0.7526453125 0.7415671875000001 0.7566140625 0.7408234375 0.7619046875000001 0.7366078125
0 0.468584375 0.8072921875000001 0.5307546875 0.8092765625 0.556546875 0.8139875 0.6236765625 0.8129953125 0.6570765625 0.8177078124999999 0.6868390625 0.8187 0.7076718750000001 0.8209328125 0.733796875 0.8201890625000001 0.7701718750000001 0.8236609375 0.7939812500000001 0.8224203125 0.7999343750000001 0.8189484374999999 0.7999343750000001 0.8174609374999999 0.7969578125 0.8154765625 0.795634375 0.8115078125 0.7919968749999999 0.8100203125000001 0.7609125 0.8058031250000001 0.7414015625 0.8065468750000001 0.7139546875 0.8102671875 0.6749343750000001 0.8102671875 0.6369046875000001 0.8087796875000001 0.6164015625 0.8095234375 0.567790625 0.8087796875000001 0.5036375 0.8063 0.48181250000000003 0.8045640625000001 0.468915625 0.8020828124999999 0.45932500000000004 0.8028281249999999 0.4603171875 0.8045640625000001 0.468584375 0.8072921875000001
0 0.5461859375 0.8346562499999999 0.535525 0.8319906250000001 0.5296640625 0.8326828125000001 0.51761875 0.8321125 0.51479375 0.8348453125 0.5271265625 0.8379937500000001 0.5400828125 0.8380796875 0.5443265625 0.8361765625 0.5461859375 0.8346562499999999
0 0.8487500000000001 0.8113781250000001 0.8447156250000001 0.8105671875 0.8303640624999999 0.8099718749999999 0.822540625 0.8105625 0.8135484375 0.8113671874999999 0.8087171874999999 0.8141343750000001 0.8105125 0.8169296875000001 0.8134234375 0.8171953125 0.8066000000000001 0.818171875 0.80715625 0.8207640625 0.8129406250000001 0.8234953125000001 0.816734375 0.8234765625 0.82503125 0.8234765625 0.8371328124999999 0.8234765625 0.8530796875 0.8230265625 0.8678890625 0.8241406250000001 0.8757093749999999 0.824646875 0.8826828125 0.8260453125 0.8905 0.8247765625 0.9033390625 0.824528125 0.9001468750000001 0.8108078125 0.8965609375 0.8120375 0.883234375 0.812746875 0.8759265624999999 0.812746875 0.8657656250000001 0.812746875 0.8487500000000001 0.8113781250000001
0 0.9528703125 0.8162218749999999 0.9415640625 0.8195296875 0.9375 0.8247359375000001 0.9890328125 0.8276734375 0.9758515624999999 0.8158843750000001 0.9579953124999999 0.8158843750000001 0.9528703125 0.8162218749999999
0 0.933459375 0.7318296875 0.94208125 0.7339109374999999 0.9469828124999999 0.7310453125 0.95018125 0.728334375 0.9495234375000001 0.73496875 0.9513093749999999 0.738178125 0.9595140625 0.74028125 0.9627281249999999 0.7380046874999999 0.9590249999999999 0.7281359375 0.9630124999999999 0.7253640625 0.9621890625 0.7204859375 0.9627671875000001 0.7165203124999999 0.9566140624999999 0.7153031249999999 0.9488937500000001 0.7154265625 0.9436656250000001 0.7162984375 0.943375 0.7183578125000001 0.9430046875 0.7225171875 0.9411015624999999 0.7264015625 0.9364250000000001 0.7308984374999999 0.933459375 0.7318296875
0 0.8647484375 0.7635578125 0.8689375 0.7628250000000001 0.868559375 0.7598609374999999 0.8612703125 0.75834375 0.8566234375 0.75963125 0.8547765625 0.7620265625 0.8608828125000001 0.76420625 0.8621343749999999 0.76420625 0.8647484375 0.7635578125
0 0.9461546875 0.7869625 0.9529265625000001 0.7878015625 0.961890625 0.78866875 0.9628937499999999 0.788134375 0.9708015624999999 0.7838921875 0.9658515624999999 0.782921875 0.9605640624999999 0.784353125 0.9561781249999999 0.7835015624999999 0.9462984375 0.7814796875 0.9416062500000001 0.783503125 0.9461546875 0.7869625
0 0.8973953124999999 0.7914546875 0.8974421875 0.7895640625 0.8955671875 0.7856953125 0.8919765625 0.7829843750000001 0.8834234375 0.7850265624999999 0.8801484374999999 0.78825625 0.8862390625 0.7898421875 0.894809375 0.7913296875 0.8973953124999999 0.7914546875
0 0.8264531249999999 0.78876875 0.8216078124999999 0.785775 0.8156421875 0.7863125 0.8131625 0.7879546875 0.8160562499999999 0.7930453125 0.824359375 0.79475 0.8308203125 0.7929625 0.8344015625000001 0.7912078124999999 0.8406421875 0.790415625 0.838003125 0.788546875 0.8264531249999999 0.78876875
0 0.7557359375 0.7873390625 0.7544531250000001 0.7863390625 0.75065 0.7854375 0.7494359375 0.7844375 0.7399312499999999 0.7832015625000001 0.736921875 0.786290625 0.7352578125 0.7889062499999999 0.7396734375 0.7902140625 0.7434968750000001 0.790840625 0.7499859375 0.79020625 0.7557359375 0.7873390625
0 0.075021875 0.8280843750000001 0.0767390625 0.8260015624999999 0.072828125 0.8230734375000001 0.0620578125 0.8230734375000001 0.0555640625 0.8223078125000001 0.0465328125 0.8220921875 0.038509375 0.8236390625000001 0.035975 0.8247671875 0.0398296875 0.8249859374999999 0.0476671875 0.8270671875 0.0597453125 0.828296875 0.0657375 0.82879375 0.075021875 0.8280843750000001
0 0.018921874999999998 0.8051828125 0.0273359375 0.8050296875 0.0300828125 0.80270625 0.028242187499999998 0.8015125 0.0188890625 0.8011437499999999 0.0132921875 0.7998453125 0.0038406250000000003 0.79953125 0.0022046875 0.7999078125 0.0029874999999999997 0.8036953125 0.012831249999999999 0.8051828125 0.018921874999999998 0.8051828125
0 0.0040328125 0.7962265625 0.03715 0.795846875 0.0307046875 0.79401875 0.0269 0.7921296875 0.016176562499999998 0.793421875 0.014221875 0.7933656250000001 0.0038703124999999996 0.792059375 0.0012828124999999999 0.7931874999999999 0.0040328125 0.7962265625
0 0.26501562500000003 0.720321875 0.2705265625 0.7205390625 0.274609375 0.719853125 0.2760203125 0.7176015625 0.274253125 0.7152875 0.26706875 0.7163984375 0.257721875 0.718659375 0.2565046875 0.7196296875 0.26501562500000003 0.720321875
0 0.2149171875 0.2464171875 0.208315625 0.24270312500000002 0.20367656250000002 0.2371953125 0.1987921875 0.240996875 0.1989484375 0.24273906250000002 0.2012078125 0.24816406249999998 0.2102578125 0.24951093750000003 0.2135046875 0.24951093750000003 0.2149171875 0.2464171875
0 0.9746750000000001 0.3387078125 0.9782875000000001 0.33518906249999997 0.9846359375 0.331671875 0.9820718749999999 0.3291703125 0.9769500000000001 0.3295484375 0.9654921875 0.3320484375 0.9553515625 0.33563437500000004 0.949253125 0.3378140625 0.945253125 0.3418375 0.9403671875 0.34453125 0.9436249999999999 0.3499984375 0.9489078125000001 0.3508734375 0.9618046874999999 0.34976875 0.9674625000000001 0.3482765625 0.9699031250000001 0.34516718750000003 0.9733906250000001 0.3429875 0.9746750000000001 0.3387078125
0 0.8044781249999999 0.4227625 0.8072234375 0.42516718750000004 0.812528125 0.42119062500000004 0.8176953125 0.41443125 0.8129406250000001 0.4135515625 0.8043328125 0.41662499999999997 0.802696875 0.4188828125 0.8044781249999999 0.4227625