0 0.5911046875 0.3923609375 0.5828375 0.3928578125 0.5755625 0.3950890625 0.569940625 0.3901296875 0.5638234375 0.3880203125 0.5747359375000001 0.38355625 0.575396875 0.380084375 0.579365625 0.3763640625 0.5778765625 0.372271875 0.57010625 0.3694203125 0.56465 0.3697921875 0.5596890625000001 0.371528125 0.55555625 0.376859375 0.5451390625 0.384425 0.5363749999999999 0.38826875 0.5360453125 0.3919890625 0.538690625 0.39918125 0.544478125 0.400296875 0.5466265625 0.4016609375 0.54761875 0.40389375000000005 0.545965625 0.4083578125 0.549603125 0.40910156249999996 0.552909375 0.41679062499999997 0.5577046875 0.41964218750000004 0.5709328124999999 0.420634375 0.6059859375000001 0.41815468750000007 0.6337625 0.41790625 0.6387234375 0.4166671875 0.650296875 0.41121093750000004 0.6607140625000001 0.40389375000000005 0.663690625 0.399925 0.6588953125 0.3990578125 0.6539359375 0.4010421875 0.6483140625 0.400296875 0.6380625 0.39608125 0.632771875 0.3923609375 0.609953125 0.3861609375 0.606646875 0.3841765625 0.5960640625 0.38864062499999996 0.5911046875 0.3923609375
0 0.744378125 0.3939734375 0.7468578124999999 0.39608125 0.7524796874999999 0.398065625 0.764715625 0.3978171875 0.77000625 0.396578125 0.771825 0.3947171875 0.773809375 0.38826875 0.7731484375 0.3865328125 0.77000625 0.384425 0.7585984375 0.3810765625 0.7531421875000001 0.380953125 0.7463625 0.3852921875 0.7433859375 0.39149375000000003 0.744378125 0.3939734375
0 0.355159375 0.37214843750000004 0.360284375 0.3802078125 0.367559375 0.3826890625 0.3743390625 0.379340625 0.3756609375 0.3763640625 0.3662375 0.36954375 0.360615625 0.366071875 0.35069374999999997 0.362103125 0.3460640625 0.3618546875 0.34556875 0.3607390625 0.34556875 0.364459375 0.3495375 0.3666921875 0.355159375 0.37214843750000004
0 0.44965 0.38143125 0.44203593750000003 0.379875 0.4385796875 0.38037187499999997 0.43104531250000006 0.383571875 0.4305125 0.38696406250000004 0.430146875 0.38925312500000003 0.42621875 0.391978125 0.43134843749999996 0.39373749999999996 0.4362078125 0.388753125 0.44965 0.38143125
0 0.490953125 0.38411249999999997 0.48263437500000006 0.3832625 0.4817984375 0.387484375 0.48370625 0.39010625 0.493359375 0.3852953125 0.490953125 0.38411249999999997
0 0.42192187499999995 0.4228703125 0.4266078125 0.42390937500000003 0.4301953125 0.42370156249999996 0.430821875 0.4203796875 0.42808437499999996 0.41972812499999995 0.4240515625 0.421240625 0.42192187499999995 0.4228703125
0 0.3817078125 0.387228125 0.37782187500000003 0.390615625 0.381615625 0.392996875 0.3862203125 0.39209218749999997 0.39493125 0.39407187499999996 0.4027125 0.396596875 0.41307343750000003 0.40149375000000004 0.42121250000000005 0.405446875 0.4229796875 0.40295781249999996 0.418378125 0.397775 0.40657812499999996 0.393665625 0.40399062499999994 0.3907875 0.40771875 0.3844578125 0.41664375 0.3802234375 0.419253125 0.3770984375 0.4198109375 0.3726140625 0.417646875 0.37164687500000004 0.40249218750000004 0.3822609375 0.39860625 0.3873890625 0.39725 0.38456875 0.3942828125 0.3815421875 0.3817078125 0.387228125
0 0.3330296875 0.41957500000000003 0.32970781250000003 0.41839531250000006 0.3223921875 0.421334375 0.31801406249999997 0.4261203125 0.325 0.42622031250000003 0.32976875 0.42290312500000005 0.3330296875 0.41957500000000003
0 0.34140156250000003 0.3970609375 0.34571874999999996 0.397321875 0.3471171875 0.3966171875 0.35218906250000004 0.39579375 0.3524203125 0.39523281250000003 0.3481984375 0.39178437499999996 0.3387265625 0.39215468750000004 0.33274375 0.3953375 0.34140156250000003 0.3970609375
0 0.70660625 0.37884687499999997 0.711278125 0.37379843749999997 0.7129328125 0.37185625 0.712034375 0.36901875 0.7106515625000001 0.36775 0.702640625 0.3719015625 0.6925171875 0.3771140625 0.6940640625000001 0.3802921875 0.6992546875000001 0.3813125 0.70660625 0.37884687499999997
0 0.696115625 0.3908953125 0.68925 0.38958906249999997 0.6830234374999999 0.38885000000000003 0.6742671875 0.38663125 0.6710328125 0.3854296875 0.6695453125 0.388025 0.6723984375 0.3897 0.6777703125000001 0.39233281249999996 0.683090625 0.3954375 0.6914374999999999 0.397771875 0.6944390625 0.3964296875 0.6968890625 0.3941703125 0.696115625 0.3908953125
0 0.6556546875 0.3796671875 0.660303125 0.374690625 0.6536375 0.37530625 0.6419374999999999 0.38368281249999997 0.646153125 0.38339375000000003 0.6556546875 0.3796671875
0 0.904815625 0.384728125 0.8939843749999999 0.381678125 0.8854124999999999 0.3776046875 0.8827453125 0.37835 0.8912640625 0.3867421875 0.9040437499999999 0.39138125 0.9115015625 0.39339375 0.9165953124999999 0.3937953125 0.9163921875 0.3909078125 0.904815625 0.384728125
0 0.7598578125000001 0.404759375 0.7664046875 0.40631874999999995 0.7685296875 0.40632812500000004 0.7717796875 0.40307812500000006 0.7707124999999999 0.40099999999999997 0.7609843749999999 0.40184375 0.7598578125000001 0.404759375
0 0.2529765625 0.484003125 0.2658859375 0.486696875 0.2703375 0.4890875 0.2786046875 0.48809531249999993 0.2807546875 0.4869796875 0.2804234375 0.484746875 0.2776125 0.482390625 0.2710296875 0.48135625 0.26589843750000003 0.480196875 0.26223593749999996 0.477803125 0.2561171875 0.4786703125 0.25198437500000004 0.48201875000000005 0.2529765625 0.484003125
0 0.1923453125 0.4012703125 0.19706875 0.407334375 0.2030203125 0.40934375 0.20713125 0.40972187499999996 0.201765625 0.402959375 0.1923453125 0.4012703125
0 0.28508125 0.385578125 0.277471875 0.3903421875 0.28021562499999997 0.39288124999999996 0.295171875 0.384628125 0.2956984375 0.38251875 0.2897328125 0.38325312500000003 0.28508125 0.385578125
0 0.07545625 0.42640625 0.08123749999999999 0.42140625 0.0752015625 0.4192703125 0.06938125 0.42149843750000004 0.06583750000000001 0.4229140625 0.0643984375 0.4257453125 0.067434375 0.42835 0.0690390625 0.42846875000000006 0.07545625 0.42640625
0 0.158359375 0.4156359375 0.16384062500000002 0.4171625 0.162 0.4087859375 0.15655468749999998 0.406415625 0.15154218749999998 0.40746562500000005 0.1526578125 0.411721875 0.156753125 0.4146640625 0.158359375 0.4156359375
0 0.15261249999999998 0.8077875000000001 0.1671625 0.809771875 0.180059375 0.8070437500000001 0.18716875 0.8036953125 0.1843578125 0.7993546874999999 0.1737765625 0.7946421875 0.157903125 0.7921625 0.15128906250000002 0.792659375 0.1420296875 0.7896828124999999 0.1365734375 0.7890625 0.12549531249999998 0.78993125 0.11921250000000001 0.7921625 0.11359062499999999 0.795634375 0.1059859375 0.796875 0.10416718750000001 0.799975 0.1152453125 0.803075 0.12847187499999999 0.8048109374999999 0.1410390625 0.8077875000000001 0.15261249999999998 0.8077875000000001
0 0.2604171875 0.80853125 0.25760625 0.8098953124999999 0.25694374999999997 0.8121281249999999 0.260746875 0.8144843749999999 0.275628125 0.8157234375 0.29150156250000003 0.8144843749999999 0.2972890625 0.8116312499999999 0.2969578125 0.8098953124999999 0.29447812500000003 0.809028125 0.2804234375 0.80865625 0.2604171875 0.80853125
0 0.3403109375 0.8352109375 0.3354828125 0.8350687499999999 0.3361140625 0.8355921875 0.3351515625 0.83725625 0.34437656250000004 0.8392234375 0.3488984375 0.8391703125 0.3513109375 0.838540625 0.35681250000000003 0.83519375 0.3556546875 0.8338296875 0.351190625 0.8327140625 0.34805 0.833509375 0.3403109375 0.8352109375
0 0.5014875 0.78670625 0.47635625 0.7919140625 0.476190625 0.795759375 0.48131562499999997 0.796875 0.48660781249999996 0.7998515625 0.4918984375 0.8000984375 0.5170296875 0.7943953125000001 0.5195109375 0.7920390625 0.5181875 0.7880703125 0.51124375 0.7868296875 0.5014875 0.78670625
0 0.3880546875 0.9265281249999999 0.40155624999999995 0.9272015625 0.4092703125 0.9268484375 0.41494687499999994 0.926978125 0.4232265625 0.924953125 0.43650625 0.9249671875000001 0.4520328125 0.9251375 0.45932500000000004 0.925471875 0.45122343750000005 0.92261875 0.42324062500000004 0.9207796874999999 0.4036046875 0.92261875 0.38558125 0.92571875 0.3880546875 0.9265281249999999
0 0.3210984375 0.9252234375 0.3246859375 0.924034375 0.3319140625 0.9249734374999999 0.34484375 0.9258546875 0.351775 0.9251343750000001 0.3638484375 0.9248203125 0.3683859375 0.925471875 0.36950781250000003 0.9221171874999999 0.362590625 0.922703125 0.357896875 0.9209968749999999 0.3464828125 0.9208796875 0.3278140625 0.9210328125 0.3202890625 0.9224734375000001 0.3210984375 0.9252234375
0 0.250071875 0.9211921875 0.2432 0.922046875 0.24176718749999998 0.9239171875000001 0.2544984375 0.9247890625 0.2671484375 0.9241984375 0.27935937499999997 0.9247109375000001 0.28306875 0.9252234375 0.288840625 0.9227109375 0.27821562499999997 0.920778125 0.273478125 0.9219984374999999 0.262321875 0.9209015624999999 0.250071875 0.9211921875
0 0.1586265625 0.9243937499999999 0.162453125 0.925040625 0.17258125 0.9246546875 0.1999765625 0.9244656250000001 0.216603125 0.924415625 0.2269390625 0.9235828125 0.2209359375 0.9208515625 0.20834999999999998 0.920565625 0.205771875 0.9191375 0.20271093750000002 0.9205109374999999 0.1880265625 0.91900625 0.16584062500000002 0.9213796875 0.162203125 0.9223703125 0.1586265625 0.9243937499999999
0 0.31878281249999996 0.965903125 0.317028125 0.9655609374999999 0.3118015625 0.9660390624999999 0.315496875 0.9676171874999999 0.3172609375 0.9680562500000001 0.31985625 0.96783125 0.327890625 0.9671218749999999 0.3327921875 0.9676453125 0.3342484375 0.9676625 0.33175468750000003 0.9658203125 0.31819375 0.9672062499999999 0.31878281249999996 0.965903125
0 0.5352296875 0.9238015624999999 0.5266171875000001 0.9228781250000001 0.5170421875 0.9220515625000001 0.51189375 0.9235734375 0.51504375 0.9249562499999999 0.520065625 0.925359375 0.527334375 0.9265281249999999 0.53091875 0.9265703125 0.5296859375 0.9251609375 0.5370828125 0.925209375 0.5352296875 0.9238015624999999
0 0.5653734375 0.9048546875 0.559928125 0.9044281249999999 0.5556109375 0.9048125 0.5525515624999999 0.9061984375 0.5510625 0.908009375 0.554259375 0.908878125 0.556509375 0.9091125 0.5606640625 0.9091125 0.5633140625 0.9085203125 0.5702796875 0.909353125 0.5804046875 0.909515625 0.579275 0.9078625 0.5817187500000001 0.9055312499999999 0.579928125 0.904821875 0.5688171875 0.9055453124999999 0.5653734375 0.9048546875
0 0.6340453125 0.9490546875 0.6268703125 0.949359375 0.62384375 0.949359375 0.61973125 0.9495953125 0.6192140625 0.9511578125 0.6224265625000001 0.95235 0.628065625 0.95224375 0.6361296875 0.95185625 0.637421875 0.95211875 0.6386093749999999 0.9525499999999999 0.6401 0.9523125 0.64409375 0.9520312499999999 0.6470234375 0.9521234375000001 0.65085625 0.950978125 0.6503796875 0.9502546875 0.6461812499999999 0.9489546875 0.6423390625 0.9483921875 0.6372046874999999 0.9489000000000001 0.6340453125 0.9490546875
0 0.56555 0.9232828124999999 0.57098125 0.923453125 0.5714578125 0.9242796875 0.5679359374999999 0.9245734375 0.564790625 0.9256500000000001 0.57458125 0.9252328125 0.5824890625 0.9258984375000001 0.5905109375 0.9250875000000001 0.59231875 0.9253640624999999 0.6047171875 0.9256078125 0.6113515625 0.925690625 0.6285875 0.9259140625000001 0.6564859375000001 0.92603125 0.6547984375 0.9268875 0.6593625000000001 0.9281874999999999 0.6666609375 0.9290499999999999 0.674290625 0.9293265625 0.682634375 0.9298562499999999 0.6936328125 0.92949375 0.70431875 0.9295921875 0.717259375 0.929446875 0.727884375 0.9294546875 0.7408734375 0.9289296874999999 0.742040625 0.9287390625 0.744846875 0.9274296874999999 0.7444531249999999 0.9258109375 0.7418921875 0.9248734375 0.7362515625 0.9252625 0.733096875 0.9251140625 0.7295546875000001 0.9239140625 0.7220046875 0.9234203125 0.7156125 0.92413125 0.7093984375 0.924984375 0.7031359375 0.9246015625 0.6964796875 0.9242687500000001 0.6911203125000001 0.9240328124999999 0.6818109375 0.92350625 0.6765015625 0.9232781250000001 0.6704890625 0.9232015625000001 0.664953125 0.92266875 0.656659375 0.9232828124999999 0.6492609375 0.9227812500000001 0.641928125 0.922659375 0.637215625 0.9232671874999999 0.6310359375 0.9227421874999999 0.62356875 0.92216875 0.617546875 0.9229453124999999 0.61165 0.92116875 0.600640625 0.921090625 0.59365625 0.922009375 0.5879546875 0.9222421875 0.580753125 0.9203125 0.575321875 0.9196687499999999 0.5668734375 0.920446875 0.5629625 0.9218421875 0.56555 0.9232828124999999
0 0.6596968750000001 0.9120109375000001 0.664378125 0.9127078125000001 0.6697109375 0.9123890625 0.6714796875 0.9116500000000001 0.673803125 0.9103625 0.6684703125 0.9103828125 0.661365625 0.9114718749999999 0.6596968750000001 0.9120109375000001
0 0.8305999999999999 0.8977499999999999 0.832315625 0.897359375 0.8313437499999999 0.896596875 0.837525 0.8957859375 0.8284015625000001 0.8942828125 0.8253859374999999 0.8958203125 0.8272296875 0.8968718750000001 0.8305999999999999 0.8977499999999999
0 0.7454828124999999 0.8894765625 0.740034375 0.8901453125 0.7431578125 0.89129375 0.7437218750000001 0.8917796875 0.7522562500000001 0.8905875 0.7454828124999999 0.8894765625
0 0.793484375 0.9177984374999999 0.7849875 0.918471875 0.7873015624999999 0.9190625000000001 0.7922140625 0.919290625 0.7955062500000001 0.9202703124999999 0.7996234375 0.921359375 0.8017 0.9205593750000001 0.8050984375000001 0.9201375 0.8078953125 0.9197765625000001 0.8144750000000001 0.9190765624999999 0.8113203125 0.9182218750000001 0.8065828125 0.918321875 0.8021843750000001 0.9190421875 0.7968390624999999 0.918128125 0.793484375 0.9177984374999999
0 0.9226671874999999 0.897590625 0.932828125 0.89895625 0.9327624999999999 0.8993359375000001 0.9241109375000001 0.8982796875 0.922515625 0.8983578124999999 0.9192890625000001 0.9000859374999999 0.9243062500000001 0.9016 0.9284796875 0.9011171875 0.9381859374999999 0.8997265625 0.9453859375 0.898790625 0.9469156249999999 0.8980874999999999 0.946496875 0.8967078125000001 0.9409140624999999 0.8968281250000001 0.935675 0.8973375000000001 0.9335421875 0.8961703125 0.92801875 0.8959843749999999 0.925896875 0.8961671875 0.9226671874999999 0.897590625
0 0.9484015625 0.848340625 0.9453906249999999 0.8492234375000001 0.9478640625000001 0.8510328125 0.9548578125 0.8522375 0.9620015625 0.8539562500000001 0.9676328125 0.8540296875 0.9712421875 0.8536546875000001 0.976865625 0.8525578125 0.9772203125000001 0.8523703125000001 0.977178125 0.8506750000000001 0.9751265625000001 0.8503328124999999 0.964121875 0.8505171875 0.973421875 0.8499765625 0.9819375000000001 0.8490265625 0.9849343749999999 0.8470437499999999 0.9862859374999999 0.844509375 0.9819453125000001 0.8437984374999999 0.97596875 0.845634375 0.9736390625 0.8440703125000001 0.9718953125 0.8439796875000001 0.9678906250000001 0.8452890625 0.9614578125 0.845125 0.9573828125 0.8456203125 0.9651671875 0.848209375 0.9616906249999999 0.8483828125 0.9561546875 0.8470187499999999 0.9484015625 0.848340625
0 0.9573203124999999 0.8536453125 0.954559375 0.852446875 0.9472875000000001 0.8524749999999999 0.94681875 0.8530953125 0.9490609375 0.8550531250000001 0.9526749999999999 0.8553421875 0.9541437500000001 0.8555484375000001 0.9565828125 0.855309375 0.957340625 0.85500625 0.9573203124999999 0.8536453125
0 0.8561546874999999 0.825278125 0.8506828125 0.8252124999999999 0.8442796875 0.8265125 0.8385046875000001 0.8278734375000001 0.8350359375 0.8298671875 0.8370124999999999 0.8312890625 0.8413265624999999 0.83231875 0.84333125 0.8326437500000001 0.8451734375 0.832534375 0.8498359375 0.8316734374999999 0.86075625 0.832309375 0.85635 0.8339078125 0.8611281249999999 0.833771875 0.8708843749999999 0.8332890624999999 0.8778046875 0.8321109375000001 0.8813078125 0.8315890625 0.8828328125 0.8309890624999999 0.889740625 0.8315984375 0.8891890625000001 0.8312265625 0.8914109375000001 0.8291953124999999 0.8941000000000001 0.829109375 0.89848125 0.8285953125000001 0.8993484374999999 0.8275890625000001 0.89341875 0.8263265625 0.8917421875 0.8255953125 0.8872687499999999 0.8247375 0.8843671875 0.8255343749999999 0.88024375 0.8264515625 0.867765625 0.8269984375 0.863425 0.8256406249999999 0.8561546874999999 0.825278125
0 0.8235625000000001 0.8129781250000001 0.8270031250000001 0.813725 0.8311609375 0.8144640624999999 0.8353234374999999 0.8151015625 0.8375015625 0.817428125 0.846425 0.8164515625 0.849909375 0.8161671875 0.852371875 0.8168578125 0.8563515625000001 0.8182281250000001 0.8609703124999999 0.8194421875 0.8666562499999999 0.8181234375 0.8693390624999999 0.8176703125 0.8758374999999999 0.8174718750000001 0.8803765625000001 0.8162734374999999 0.8830828125 0.8143 0.8767093750000001 0.8128500000000001 0.8941109375 0.812259375 0.8989046875 0.8111828125 0.9056171875000001 0.8117703125 0.90894375 0.8126203125 0.914309375 0.8124078125 0.9199640625000001 0.811615625 0.9235953125 0.8106 0.9228890625 0.8089000000000001 0.9175375000000001 0.80865625 0.9080109375 0.8064828125 0.920815625 0.8074078124999999 0.9252156250000001 0.8058453125 0.926765625 0.8032406249999999 0.9238265625000001 0.8022796874999999 0.920528125 0.8012593750000001 0.9177515625 0.80051875 0.9112312499999999 0.8012015625 0.9086140625000001 0.8020734375 0.9054984375 0.8035671875 0.898934375 0.8042046875000001 0.9001468750000001 0.8027984375000001 0.8880328125 0.800871875 0.881415625 0.80136875 0.8745109375 0.8027625 0.8630093750000001 0.8050078125000001 0.855271875 0.8058687499999999 0.8491203125 0.8055265625000001 0.8475125 0.8054296875 0.846725 0.8038546875 0.8407375 0.8044281249999999 0.8383156250000001 0.8061140625000001 0.8457125 0.8089828125 0.8432984375 0.80884375 0.8352718749999999 0.8066531250000001 0.8359140625 0.8083671875 0.833196875 0.8088640625 0.8268109375 0.8093734375 0.8257046875 0.8107296875 0.8242375 0.8117109375 0.8235625000000001 0.8129781250000001
0 0.9355109374999999 0.8119421875 0.9410953125000001 0.8128921874999999 0.9474984375 0.8128921874999999 0.95870625 0.8126125 0.9680937500000001 0.81250625 0.973575 0.81235 0.9762640625 0.8120749999999999 0.9791296875000001 0.8133703125 0.9813984375 0.8132875 0.985740625 0.8130671875000001 0.9884625 0.8122390625 0.9943921874999999 0.8109875000000001 0.9967390625 0.8095140625000001 0.9969187500000001 0.8082890624999999 0.9868703125 0.8070812500000001 0.982065625 0.8056578125 0.9812296875 0.8051859374999999 0.9688234375 0.8048921874999999 0.961275 0.8066015625 0.96020625 0.808459375 0.9532796875 0.8084890625 0.9478140625 0.8082546875000001 0.9396015625 0.8092484375 0.933578125 0.8106359375000001 0.9355109374999999 0.8119421875
0 0.26962031249999996 0.13889374999999998 0.26789375 0.1419453125 0.26849218750000003 0.1493703125 0.2712703125 0.1556734375 0.2749421875 0.1590953125 0.279490625 0.16350625000000002 0.283271875 0.16487968749999998 0.2865609375 0.1646078125 0.2852375 0.162784375 0.2873140625 0.164871875 0.29214375000000004 0.16164375 0.29633906250000003 0.156365625 0.2962609375 0.1526828125 0.2920890625 0.153334375 0.28800625 0.1531671875 0.2813515625 0.1507765625 0.2795203125 0.1448640625 0.27511874999999997 0.145028125 0.27180624999999997 0.1463921875 0.26962031249999996 0.13889374999999998
0 0.2822078125 0.131084375 0.28850937499999996 0.1348234375 0.2928421875 0.139384375 0.2945328125 0.1349578125 0.29014843749999997 0.130709375 0.2869453125 0.130053125 0.2822078125 0.131084375
0 0.280015625 0.4114359375 0.28262343749999996 0.4156359375 0.28549375 0.4163359375 0.29295 0.41294531250000005 0.2956328125 0.40914375 0.28538437499999997 0.4074859375 0.280015625 0.4114359375
0 0.236559375 0.39470312500000004 0.251628125 0.400371875 0.2490453125 0.397071875 0.25338125 0.3957234375 0.2604765625 0.391865625 0.2547453125 0.391865625 0.24255 0.3935421875 0.2379046875 0.391096875 0.236559375 0.39470312500000004
0 0.081696875 0.9539140625 0.10067656250000001 0.953703125 0.1019625 0.9516296875 0.092028125 0.9500578125000001 0.0830515625 0.9489703125 0.06850625 0.9493609375000001 0.059726562500000004 0.9508046875 0.065640625 0.952825 0.081696875 0.9539140625
0 0.0319875 0.93430625 0.0418875 0.9338984375000001 0.0498421875 0.9326812500000001 0.049703125 0.9317140625 0.04333125 0.9304 0.0305859375 0.9287593749999999 0.0267484375 0.9287593749999999 0.0191796875 0.928575 0.0157078125 0.9319328125 0.0319875 0.93430625
0 0.0486515625 0.9235265625 0.046009375000000005 0.9235265625 0.045665625 0.9220984375000001 0.0371 0.921534375 0.032946875 0.9222765624999999 0.028775000000000002 0.9206640625 0.02215625 0.9206640625 0.016489062500000002 0.9214953124999999 0.013715625 0.9244078124999999 0.02601875 0.926090625 0.0434953125 0.926090625 0.0555515625 0.925346875 0.0486515625 0.9235265625
0 0.63924375 0.816465625 0.6413078125 0.81908125 0.6520921875 0.8207484375 0.664515625 0.8220984375 0.666478125 0.822890625 0.673875 0.8228671875 0.68028125 0.8210859375 0.6849296875 0.820509375 0.6878140625 0.8203515625 0.7033859375 0.821028125 0.71323125 0.8211734375 0.7208593750000001 0.8201375000000001 0.727025 0.8187359375 0.7334375 0.8173328124999999 0.73121875 0.8160390625 0.7284921875 0.8144656250000001 0.7216265625 0.8128781249999999 0.7121578125 0.812078125 0.721096875 0.8104906250000001 0.726140625 0.8094812499999999 0.7228640625 0.8067187499999999 0.71705625 0.8050265624999999 0.708325 0.8055765625 0.701125 0.8053078125 0.6943671874999999 0.8044671875 0.6899124999999999 0.8021078125000001 0.68216875 0.8032984375 0.6712281250000001 0.80555 0.663734375 0.8076671875000001 0.664171875 0.8087234375 0.6588203125 0.8081328125 0.654878125 0.8086078125 0.6475890625 0.811209375 0.642871875 0.8133609375 0.63924375 0.816465625
0 0.9565686671875 0.9205225890625 0.9396298062499999 0.9185052171875 0.9169793374999999 0.9192280015625001 0.893808465625 0.9210815437500001 0.8632683999999999 0.9251162875000001 0.8337916328125001 0.9256399046875 0.8111475890625 0.9229607828124999 0.7671573031250001 0.923192075 0.7640625 0.92890625 0.798246684375 0.9342426500000001 0.8238139906249999 0.9317562703125001 0.8643734578125001 0.9363467562500001 0.881607859375 0.93084395625 0.9265682828124999 0.9373843546874999 0.94296875 0.9375 0.95491108125 0.9399092828125 0.9642173359375 0.9309146281249999 1 0.93359375 0.99921875 0.9265625 0.9759521484375 0.929459421875 0.9565686671875 0.9205225890625