0 0.6380625 0.60391875 0.6483140625 0.599703125 0.6539359375 0.5989578125 0.6588953125 0.6009421875000001 0.663690625 0.600075 0.6607140625000001 0.59610625 0.650296875 0.5887890625 0.6387234375 0.5833328125 0.6337625 0.5820937500000001 0.6059859375000001 0.5818453124999999 0.5709328124999999 0.579365625 0.5577046875 0.5803578125 0.552909375 0.583209375 0.549603125 0.5908984375 0.545965625 0.5916421875 0.54761875 0.59610625 0.5466265625 0.5983390625 0.544478125 0.599703125 0.538690625 0.60081875 0.5360453125 0.6080109375 0.5363749999999999 0.61173125 0.5451390625 0.615575 0.55555625 0.623140625 0.5596890625000001 0.628471875 0.56465 0.6302078125 0.57010625 0.6305796875 0.5778765625 0.627728125 0.579365625 0.6236359375 0.575396875 0.619915625 0.5747359375000001 0.61644375 0.5638234375 0.6119796875 0.569940625 0.6098703125 0.5755625 0.6049109374999999 0.5828375 0.6071421875 0.5911046875 0.6076390625 0.5960640625 0.6113593749999999 0.606646875 0.6158234375 0.609953125 0.6138390625000001 0.632771875 0.6076390625 0.6380625 0.60391875
0 0.77000625 0.615575 0.7731484375 0.6134671875000001 0.773809375 0.61173125 0.771825 0.6052828124999999 0.77000625 0.603421875 0.764715625 0.6021828124999999 0.7524796874999999 0.601934375 0.7468578124999999 0.60391875 0.744378125 0.6060265625000001 0.7433859375 0.60850625 0.7463625 0.6147078125000001 0.7531421875000001 0.619046875 0.7585984375 0.6189234375 0.77000625 0.615575
0 0.35069374999999997 0.637896875 0.360615625 0.633928125 0.3662375 0.63045625 0.3756609375 0.6236359375 0.3743390625 0.620659375 0.367559375 0.6173109375 0.360284375 0.6197921875 0.355159375 0.6278515625 0.3495375 0.6333078125 0.34556875 0.635540625 0.34556875 0.6392609375 0.3460640625 0.6381453125000001 0.35069374999999997 0.637896875
0 0.4305125 0.6130359375000001 0.43104531250000006 0.616428125 0.4385796875 0.619628125 0.44203593750000003 0.620125 0.44965 0.61856875 0.4362078125 0.611246875 0.43134843749999996 0.6062624999999999 0.42621875 0.608021875 0.430146875 0.610746875 0.4305125 0.6130359375000001
0 0.490953125 0.6158875 0.493359375 0.6147046875 0.48370625 0.60989375 0.4817984375 0.612515625 0.48263437500000006 0.6167374999999999 0.490953125 0.6158875
0 0.4266078125 0.576090625 0.42192187499999995 0.5771296875 0.4240515625 0.578759375 0.42808437499999996 0.580271875 0.430821875 0.5796203125 0.4301953125 0.5762984375 0.4266078125 0.576090625
0 0.417646875 0.6283531250000001 0.4198109375 0.6273859374999999 0.419253125 0.6229015625 0.41664375 0.6197765625 0.40771875 0.6155421875 0.40399062499999994 0.6092125 0.40657812499999996 0.606334375 0.418378125 0.602225 0.4229796875 0.5970421875 0.42121250000000005 0.594553125 0.41307343750000003 0.59850625 0.4027125 0.603403125 0.39493125 0.6059281249999999 0.3862203125 0.6079078124999999 0.381615625 0.6070031250000001 0.37782187500000003 0.609384375 0.3817078125 0.612771875 0.3942828125 0.6184578125 0.39725 0.61543125 0.39860625 0.6126109375000001 0.40249218750000004 0.6177390625 0.417646875 0.6283531250000001
0 0.32970781250000003 0.5816046874999999 0.3330296875 0.580425 0.32976875 0.577096875 0.325 0.5737796875 0.31801406249999997 0.5738796875000001 0.3223921875 0.578665625 0.32970781250000003 0.5816046874999999
0 0.35218906250000004 0.6042062500000001 0.3471171875 0.6033828125 0.34571874999999996 0.602678125 0.34140156250000003 0.6029390625 0.33274375 0.6046625 0.3387265625 0.6078453125000001 0.3481984375 0.6082156249999999 0.3524203125 0.6047671875 0.35218906250000004 0.6042062500000001
0 0.7106515625000001 0.63225 0.712034375 0.6309812499999999 0.7129328125 0.62814375 0.711278125 0.6262015625 0.70660625 0.621153125 0.6992546875000001 0.6186875 0.6940640625000001 0.6197078125 0.6925171875 0.6228859375 0.702640625 0.6280984375 0.7106515625000001 0.63225
0 0.6777703125000001 0.6076671874999999 0.6723984375 0.6103 0.6695453125 0.6119749999999999 0.6710328125 0.6145703124999999 0.6742671875 0.61336875 0.6830234374999999 0.6111500000000001 0.68925 0.6104109375 0.696115625 0.6091046875 0.6968890625 0.6058296875 0.6944390625 0.6035703125 0.6914374999999999 0.602228125 0.683090625 0.6045625 0.6777703125000001 0.6076671874999999
0 0.6556546875 0.6203328124999999 0.646153125 0.61660625 0.6419374999999999 0.6163171875 0.6536375 0.6246937499999999 0.660303125 0.625309375 0.6556546875 0.6203328124999999
0 0.8912640625 0.6132578125 0.8827453125 0.62165 0.8854124999999999 0.6223953125 0.8939843749999999 0.618321875 0.904815625 0.615271875 0.9163921875 0.6090921875 0.9165953124999999 0.6062046875 0.9115015625 0.60660625 0.9040437499999999 0.60861875 0.8912640625 0.6132578125
0 0.7664046875 0.59368125 0.7598578125000001 0.595240625 0.7609843749999999 0.59815625 0.7707124999999999 0.599 0.7717796875 0.5969218749999999 0.7685296875 0.593671875 0.7664046875 0.59368125
0 0.2710296875 0.5186437500000001 0.2776125 0.5176093749999999 0.2804234375 0.515253125 0.2807546875 0.5130203125 0.2786046875 0.5119046875000001 0.2703375 0.5109125 0.2658859375 0.513303125 0.2529765625 0.515996875 0.25198437500000004 0.51798125 0.2561171875 0.5213296875 0.26223593749999996 0.522196875 0.26589843750000003 0.5198031249999999 0.2710296875 0.5186437500000001
0 0.1923453125 0.5987296875 0.201765625 0.597040625 0.20713125 0.590278125 0.2030203125 0.59065625 0.19706875 0.592665625 0.1923453125 0.5987296875
0 0.277471875 0.6096578125 0.28508125 0.614421875 0.2897328125 0.616746875 0.2956984375 0.61748125 0.295171875 0.615371875 0.28021562499999997 0.6071187499999999 0.277471875 0.6096578125
0 0.06938125 0.5785015625 0.0752015625 0.5807296875 0.08123749999999999 0.57859375 0.07545625 0.57359375 0.0690390625 0.5715312499999999 0.067434375 0.57165 0.0643984375 0.5742546875000001 0.06583750000000001 0.5770859374999999 0.06938125 0.5785015625
0 0.162 0.5912140625 0.16384062500000002 0.5828375 0.158359375 0.5843640625 0.156753125 0.5853359375 0.1526578125 0.588278125 0.15154218749999998 0.592534375 0.15655468749999998 0.593584375 0.162 0.5912140625
0 0.1059859375 0.203125 0.11359062499999999 0.20436562500000002 0.11921250000000001 0.20783749999999998 0.12549531249999998 0.21006874999999997 0.1365734375 0.2109375 0.1420296875 0.2103171875 0.15128906250000002 0.207340625 0.157903125 0.20783749999999998 0.1737765625 0.20535781250000001 0.1843578125 0.2006453125 0.18716875 0.19630468750000002 0.180059375 0.19295625 0.1671625 0.190228125 0.15261249999999998 0.1922125 0.1410390625 0.1922125 0.12847187499999999 0.1951890625 0.1152453125 0.196925 0.10416718750000001 0.20002499999999998 0.1059859375 0.203125
0 0.29150156250000003 0.18551562500000002 0.275628125 0.1842765625 0.260746875 0.18551562500000002 0.25694374999999997 0.187871875 0.25760625 0.1901046875 0.2604171875 0.19146875000000002 0.2804234375 0.19134374999999998 0.29447812500000003 0.19097187499999999 0.2969578125 0.1901046875 0.2972890625 0.18836875 0.29150156250000003 0.18551562500000002
0 0.3513109375 0.16145937500000002 0.3488984375 0.16082968749999998 0.34437656250000004 0.1607765625 0.3351515625 0.16274375000000002 0.3361140625 0.1644078125 0.3354828125 0.16493125 0.3403109375 0.1647890625 0.34805 0.166490625 0.351190625 0.1672859375 0.3556546875 0.1661703125 0.35681250000000003 0.16480625 0.3513109375 0.16145937500000002
0 0.4918984375 0.1999015625 0.48660781249999996 0.2001484375 0.48131562499999997 0.203125 0.476190625 0.204240625 0.47635625 0.2080859375 0.5014875 0.21329375 0.51124375 0.21317031250000001 0.5181875 0.2119296875 0.5195109375 0.2079609375 0.5170296875 0.2056046875 0.4918984375 0.1999015625
0 0.45932500000000004 0.074528125 0.4520328125 0.0748625 0.43650625 0.0750328125 0.4232265625 0.075046875 0.41494687499999994 0.073021875 0.4092703125 0.0731515625 0.40155624999999995 0.07279843750000001 0.3880546875 0.07347187499999999 0.38558125 0.07428125 0.4036046875 0.07738125 0.42324062500000004 0.0792203125 0.45122343750000005 0.07738125 0.45932500000000004 0.074528125
0 0.362590625 0.077296875 0.36950781250000003 0.0778828125 0.3683859375 0.074528125 0.3638484375 0.07517968750000001 0.351775 0.074865625 0.34484375 0.0741453125 0.3319140625 0.0750265625 0.3246859375 0.07596562500000001 0.3210984375 0.0747765625 0.3202890625 0.07752656249999999 0.3278140625 0.07896718750000001 0.3464828125 0.0791203125 0.357896875 0.079003125 0.362590625 0.077296875
0 0.28306875 0.0747765625 0.27935937499999997 0.0752890625 0.2671484375 0.0758015625 0.2544984375 0.07521093749999999 0.24176718749999998 0.0760828125 0.2432 0.077953125 0.250071875 0.07880781249999999 0.262321875 0.0790984375 0.273478125 0.0780015625 0.27821562499999997 0.079221875 0.288840625 0.0772890625 0.28306875 0.0747765625
0 0.205771875 0.0808625 0.20834999999999998 0.079434375 0.2209359375 0.0791484375 0.2269390625 0.0764171875 0.216603125 0.07558437500000001 0.1999765625 0.075534375 0.17258125 0.0753453125 0.162453125 0.074959375 0.1586265625 0.07560625 0.162203125 0.0776296875 0.16584062500000002 0.0786203125 0.1880265625 0.08099375 0.20271093750000002 0.0794890625 0.205771875 0.0808625
0 0.327890625 0.032878125 0.31985625 0.03216875 0.3172609375 0.03194375 0.315496875 0.032382812500000004 0.3118015625 0.033960937499999996 0.317028125 0.0344390625 0.31878281249999996 0.034096875 0.31819375 0.032793749999999997 0.33175468750000003 0.0341796875 0.3342484375 0.032337500000000005 0.3327921875 0.0323546875 0.327890625 0.032878125
0 0.520065625 0.074640625 0.51504375 0.07504374999999999 0.51189375 0.07642656249999999 0.5170421875 0.0779484375 0.5266171875000001 0.07712187499999999 0.5352296875 0.07619843750000001 0.5370828125 0.074790625 0.5296859375 0.0748390625 0.53091875 0.0734296875 0.527334375 0.07347187499999999 0.520065625 0.074640625
0 0.5804046875 0.09048437499999999 0.5702796875 0.090646875 0.5633140625 0.09147968749999999 0.5606640625 0.0908875 0.556509375 0.0908875 0.554259375 0.09112187499999999 0.5510625 0.091990625 0.5525515624999999 0.0938015625 0.5556109375 0.09518750000000001 0.559928125 0.095571875 0.5653734375 0.0951453125 0.5688171875 0.0944546875 0.579928125 0.095178125 0.5817187500000001 0.09446875 0.579275 0.09213750000000001 0.5804046875 0.09048437499999999
0 0.65085625 0.049021875 0.6470234375 0.0478765625 0.64409375 0.04796875 0.6401 0.0476875 0.6386093749999999 0.04745 0.637421875 0.04788125 0.6361296875 0.04814375 0.628065625 0.04775625 0.6224265625000001 0.04765 0.6192140625 0.0488421875 0.61973125 0.0504046875 0.62384375 0.050640624999999995 0.6268703125 0.050640624999999995 0.6340453125 0.05094531249999999 0.6372046874999999 0.0511 0.6423390625 0.0516078125 0.6461812499999999 0.051045312499999995 0.6503796875 0.0497453125 0.65085625 0.049021875
0 0.5879546875 0.0777578125 0.59365625 0.07799062500000001 0.600640625 0.078909375 0.61165 0.07883124999999999 0.617546875 0.0770546875 0.62356875 0.07783124999999999 0.6310359375 0.0772578125 0.637215625 0.0767328125 0.641928125 0.077340625 0.6492609375 0.07721875 0.656659375 0.07671718749999999 0.664953125 0.07733124999999999 0.6704890625 0.07679843750000001 0.6765015625 0.076721875 0.6818109375 0.07649375 0.6911203125000001 0.0759671875 0.6964796875 0.07573125 0.7031359375 0.0753984375 0.7093984375 0.075015625 0.7156125 0.07586875 0.7220046875 0.07657968750000001 0.7295546875000001 0.0760859375 0.733096875 0.0748859375 0.7362515625 0.0747375 0.7418921875 0.07512656250000001 0.7444531249999999 0.0741890625 0.744846875 0.0725703125 0.742040625 0.0712609375 0.7408734375 0.0710703125 0.727884375 0.0705453125 0.717259375 0.07055312500000001 0.70431875 0.0704078125 0.6936328125 0.07050625 0.682634375 0.07014375 0.674290625 0.0706734375 0.6666609375 0.07095 0.6593625000000001 0.0718125 0.6547984375 0.0731125 0.6564859375000001 0.07396875 0.6285875 0.0740859375 0.6113515625 0.074309375 0.6047171875 0.0743921875 0.59231875 0.0746359375 0.5905109375 0.0749125 0.5824890625 0.0741015625 0.57458125 0.0747671875 0.564790625 0.07435 0.5679359374999999 0.0754265625 0.5714578125 0.0757203125 0.57098125 0.076546875 0.56555 0.07671718749999999 0.5629625 0.0781578125 0.5668734375 0.079553125 0.575321875 0.08033124999999999 0.580753125 0.0796875 0.5879546875 0.0777578125
0 0.6697109375 0.0876109375 0.664378125 0.08729218749999999 0.6596968750000001 0.0879890625 0.661365625 0.088528125 0.6684703125 0.0896171875 0.673803125 0.08963750000000001 0.6714796875 0.08835 0.6697109375 0.0876109375
0 0.8313437499999999 0.103403125 0.832315625 0.102640625 0.8305999999999999 0.10225 0.8272296875 0.10312812499999999 0.8253859374999999 0.10417968749999999 0.8284015625000001 0.1057171875 0.837525 0.10421406250000001 0.8313437499999999 0.103403125
0 0.7454828124999999 0.1105234375 0.7522562500000001 0.1094125 0.7437218750000001 0.1082203125 0.7431578125 0.10870625 0.740034375 0.1098546875 0.7454828124999999 0.1105234375
0 0.8144750000000001 0.0809234375 0.8078953125 0.08022343750000001 0.8050984375000001 0.0798625 0.8017 0.079440625 0.7996234375 0.07864062499999999 0.7955062500000001 0.07972968750000001 0.7922140625 0.080709375 0.7873015624999999 0.0809375 0.7849875 0.08152812499999999 0.793484375 0.0822015625 0.7968390624999999 0.08187187500000001 0.8021843750000001 0.0809578125 0.8065828125 0.081678125 0.8113203125 0.08177812500000001 0.8144750000000001 0.0809234375
0 0.9409140624999999 0.103171875 0.946496875 0.1032921875 0.9469156249999999 0.1019125 0.9453859375 0.101209375 0.9381859374999999 0.10027343749999999 0.9284796875 0.0988828125 0.9243062500000001 0.0984 0.9192890625000001 0.0999140625 0.922515625 0.10164218750000001 0.9241109375000001 0.10172031249999999 0.9327624999999999 0.1006640625 0.932828125 0.10104375000000002 0.9226671874999999 0.102409375 0.925896875 0.10383281250000001 0.92801875 0.10401562499999999 0.9335421875 0.10382968749999999 0.935675 0.10266249999999999 0.9409140624999999 0.103171875
0 0.9614578125 0.154875 0.9678906250000001 0.1547109375 0.9718953125 0.15602031249999998 0.9736390625 0.1559296875 0.97596875 0.154365625 0.9819453125000001 0.1562015625 0.9862859374999999 0.155490625 0.9849343749999999 0.15295625 0.9819375000000001 0.1509734375 0.973421875 0.1500234375 0.964121875 0.1494828125 0.9751265625000001 0.14966718750000002 0.977178125 0.14932499999999999 0.9772203125000001 0.1476296875 0.976865625 0.1474421875 0.9712421875 0.1463453125 0.9676328125 0.1459703125 0.9620015625 0.14604375 0.9548578125 0.1477625 0.9478640625000001 0.1489671875 0.9453906249999999 0.1507765625 0.9484015625 0.15165937499999999 0.9561546875 0.15298125 0.9616906249999999 0.1516171875 0.9651671875 0.151790625 0.9573828125 0.1543796875 0.9614578125 0.154875
0 0.9490609375 0.144946875 0.94681875 0.14690468750000002 0.9472875000000001 0.147525 0.954559375 0.147553125 0.9573203124999999 0.1463546875 0.957340625 0.14499375 0.9565828125 0.14469062500000002 0.9541437500000001 0.1444515625 0.9526749999999999 0.1446578125 0.9490609375 0.144946875
0 0.8872687499999999 0.17526250000000002 0.8917421875 0.1744046875 0.89341875 0.1736734375 0.8993484374999999 0.1724109375 0.89848125 0.17140468749999999 0.8941000000000001 0.17089062500000002 0.8914109375000001 0.1708046875 0.8891890625000001 0.1687734375 0.889740625 0.1684015625 0.8828328125 0.1690109375 0.8813078125 0.1684109375 0.8778046875 0.1678890625 0.8708843749999999 0.1667109375 0.8611281249999999 0.166228125 0.85635 0.16609218750000002 0.86075625 0.167690625 0.8498359375 0.1683265625 0.8451734375 0.167465625 0.84333125 0.16735625 0.8413265624999999 0.16768125 0.8370124999999999 0.1687109375 0.8350359375 0.1701328125 0.8385046875000001 0.1721265625 0.8442796875 0.1734875 0.8506828125 0.1747875 0.8561546874999999 0.174721875 0.863425 0.174359375 0.867765625 0.1730015625 0.88024375 0.17354843749999999 0.8843671875 0.174465625 0.8872687499999999 0.17526250000000002
0 0.8359140625 0.1916328125 0.8352718749999999 0.193346875 0.8432984375 0.19115625 0.8457125 0.19101718750000002 0.8383156250000001 0.1938859375 0.8407375 0.195571875 0.846725 0.1961453125 0.8475125 0.1945703125 0.8491203125 0.19447343749999998 0.855271875 0.19413125 0.8630093750000001 0.1949921875 0.8745109375 0.1972375 0.881415625 0.19863124999999998 0.8880328125 0.199128125 0.9001468750000001 0.1972015625 0.898934375 0.19579531249999998 0.9054984375 0.1964328125 0.9086140625000001 0.19792656250000001 0.9112312499999999 0.19879843749999998 0.9177515625 0.19948125 0.920528125 0.198740625 0.9238265625000001 0.1977203125 0.926765625 0.19675937500000001 0.9252156250000001 0.1941546875 0.920815625 0.1925921875 0.9080109375 0.1935171875 0.9175375000000001 0.19134374999999998 0.9228890625 0.1911 0.9235953125 0.18939999999999999 0.9199640625000001 0.188384375 0.914309375 0.1875921875 0.90894375 0.1873796875 0.9056171875000001 0.1882296875 0.8989046875 0.1888171875 0.8941109375 0.187740625 0.8767093750000001 0.18714999999999998 0.8830828125 0.1857 0.8803765625000001 0.1837265625 0.8758374999999999 0.18252812499999999 0.8693390624999999 0.1823296875 0.8666562499999999 0.1818765625 0.8609703124999999 0.1805578125 0.8563515625000001 0.181771875 0.852371875 0.1831421875 0.849909375 0.1838328125 0.846425 0.1835484375 0.8375015625 0.182571875 0.8353234374999999 0.18489843749999998 0.8311609375 0.1855359375 0.8270031250000001 0.186275 0.8235625000000001 0.187021875 0.8242375 0.1882890625 0.8257046875 0.18927031249999998 0.8268109375 0.1906265625 0.833196875 0.1911359375 0.8359140625 0.1916328125
0 0.96020625 0.191540625 0.961275 0.19339843750000002 0.9688234375 0.1951078125 0.9812296875 0.1948140625 0.982065625 0.1943421875 0.9868703125 0.19291875 0.9969187500000001 0.19171093749999998 0.9967390625 0.1904859375 0.9943921874999999 0.1890125 0.9884625 0.1877609375 0.985740625 0.1869328125 0.9813984375 0.1867125 0.9791296875000001 0.1866296875 0.9762640625 0.187925 0.973575 0.18765 0.9680937500000001 0.18749375 0.95870625 0.18738749999999998 0.9474984375 0.1871078125 0.9410953125000001 0.1871078125 0.9355109374999999 0.1880578125 0.933578125 0.18936406249999999 0.9396015625 0.1907515625 0.9478140625 0.1917453125 0.9532796875 0.19151093749999998 0.96020625 0.191540625
0 0.28800625 0.8468328125 0.2920890625 0.846665625 0.2962609375 0.8473171875000001 0.29633906250000003 0.843634375 0.29214375000000004 0.83835625 0.2873140625 0.835128125 0.2852375 0.837215625 0.2865609375 0.8353921874999999 0.283271875 0.8351203125 0.279490625 0.83649375 0.2749421875 0.8409046874999999 0.2712703125 0.8443265625 0.26849218750000003 0.8506296875 0.26789375 0.8580546874999999 0.26962031249999996 0.86110625 0.27180624999999997 0.8536078125 0.27511874999999997 0.854971875 0.2795203125 0.8551359375 0.2813515625 0.8492234375000001 0.28800625 0.8468328125
0 0.28850937499999996 0.8651765625 0.2822078125 0.868915625 0.2869453125 0.8699468749999999 0.29014843749999997 0.869290625 0.2945328125 0.8650421875 0.2928421875 0.860615625 0.28850937499999996 0.8651765625
0 0.28262343749999996 0.5843640625 0.280015625 0.5885640624999999 0.28538437499999997 0.5925140625 0.2956328125 0.5908562500000001 0.29295 0.5870546875 0.28549375 0.5836640625 0.28262343749999996 0.5843640625
0 0.25338125 0.6042765625000001 0.2490453125 0.602928125 0.251628125 0.599628125 0.236559375 0.605296875 0.2379046875 0.608903125 0.24255 0.6064578125 0.2547453125 0.608134375 0.2604765625 0.608134375 0.25338125 0.6042765625000001
0 0.092028125 0.0499421875 0.1019625 0.0483703125 0.10067656250000001 0.046296875 0.081696875 0.0460859375 0.065640625 0.047175 0.059726562500000004 0.0491953125 0.06850625 0.0506390625 0.0830515625 0.0510296875 0.092028125 0.0499421875
0 0.04333125 0.0696 0.049703125 0.0682859375 0.0498421875 0.06731875000000001 0.0418875 0.0661015625 0.0319875 0.06569375 0.0157078125 0.0680671875 0.0191796875 0.071425 0.0267484375 0.071240625 0.0305859375 0.071240625 0.04333125 0.0696
0 0.016489062500000002 0.0785046875 0.02215625 0.0793359375 0.028775000000000002 0.0793359375 0.032946875 0.0777234375 0.0371 0.07846562500000001 0.045665625 0.0779015625 0.046009375000000005 0.07647343749999999 0.0486515625 0.07647343749999999 0.0555515625 0.074653125 0.0434953125 0.073909375 0.02601875 0.073909375 0.013715625 0.07559218749999999 0.016489062500000002 0.0785046875
0 0.664171875 0.1912765625 0.663734375 0.1923328125 0.6712281250000001 0.19444999999999998 0.68216875 0.19670156249999998 0.6899124999999999 0.19789218749999998 0.6943671874999999 0.19553281250000001 0.701125 0.1946921875 0.708325 0.1944234375 0.71705625 0.1949734375 0.7228640625 0.19328125000000002 0.726140625 0.19051875000000001 0.721096875 0.189509375 0.7121578125 0.187921875 0.7216265625 0.187121875 0.7284921875 0.185534375 0.73121875 0.1839609375 0.7334375 0.1826671875 0.727025 0.1812640625 0.7208593750000001 0.17986249999999998 0.71323125 0.1788265625 0.7033859375 0.178971875 0.6878140625 0.17964843749999998 0.6849296875 0.179490625 0.68028125 0.1789140625 0.673875 0.1771328125 0.666478125 0.17710937499999999 0.664515625 0.1779015625 0.6520921875 0.17925156250000002 0.6413078125 0.18091875 0.63924375 0.183534375 0.642871875 0.1866390625 0.6475890625 0.188790625 0.654878125 0.1913921875 0.6588203125 0.1918671875 0.664171875 0.1912765625
0 0.95491108125 0.060090717187499997 0.94296875 0.0625 0.9265682828124999 0.0626156453125 0.881607859375 0.06915604374999999 0.8643734578125001 0.06365324375 0.8238139906249999 0.0682437296875 0.798246684375 0.06575735 0.7640625 0.07109375 0.7671573031250001 0.076807925 0.8111475890625 0.0770392171875 0.8337916328125001 0.0743600953125 0.8632683999999999 0.0748837125 0.893808465625 0.07891845625 0.9169793374999999 0.0807719984375 0.9396298062499999 0.0814947828125 0.9565686671875 0.0794774109375 0.9759521484375 0.070540578125 0.99921875 0.0734375 1 0.06640625 0.9642173359375 0.069085371875 0.95491108125 0.060090717187499997