0 0.564540625 0.596375 0.553059375 0.5930515625 0.5377046875 0.591715625 0.5325484375 0.5969296875000001 0.521528125 0.6000953124999999 0.51844375 0.6054921875 0.5277328125 0.61374375 0.5291640625 0.6192078125 0.5297484375 0.6248734375 0.5258703125 0.6311515625 0.5300109375 0.631046875 0.5410515625000001 0.6264234375 0.5507734375 0.6289906249999999 0.5363156250000001 0.6439828125 0.5255359375 0.639203125 0.5141015624999999 0.6412046874999999 0.5062140625 0.6393671875 0.49984687499999997 0.629915625 0.476103125 0.6328875 0.4664484375 0.6332953125 0.4550734375 0.639084375 0.44491250000000004 0.63880625 0.441990625 0.64110625 0.437778125 0.6501 0.427790625 0.655959375 0.42375625 0.6603796875 0.416225 0.6646375 0.4069296875 0.665396875 0.3947828125 0.66035 0.387946875 0.6627734375000001 0.386784375 0.668059375 0.3969203125 0.6760453125 0.41086406249999996 0.6873234375 0.42124531249999997 0.6935859375 0.42669218750000004 0.692153125 0.43060468749999997 0.6963546875 0.41696406250000007 0.7012640625000001 0.4474421875 0.698215625 0.47420937500000004 0.7002078125 0.49048749999999997 0.69330625 0.5163625 0.695265625 0.5338234374999999 0.6992453125 0.5679015625 0.6990734375 0.58174375 0.6892046875 0.5790484375 0.6843734375 0.57885 0.6755734375 0.5958453125000001 0.6873390625 0.6036890625 0.6886375 0.6051734375 0.682009375 0.599909375 0.6775984375 0.5928296875 0.6710328125 0.589184375 0.6687609375 0.585609375 0.6617109375 0.5851609375 0.6554265625 0.5950562500000001 0.6552015625000001 0.5979234375 0.6501453125000001 0.599034375 0.640521875 0.6042609375 0.6316484375 0.5864515625 0.6238421875 0.5661031249999999 0.6039171875 0.5642750000000001 0.6012609375 0.564540625 0.596375
0 0.6681015625 0.6183156249999999 0.6833750000000001 0.6298984375 0.6844296875 0.6210078125 0.679425 0.6157921875000001 0.6681015625 0.6183156249999999
0 0.489528125 0.6079343749999999 0.500990625 0.615721875 0.5107578125 0.6215734375 0.5130765625 0.6184125 0.5039015625000001 0.60984375 0.4894953125 0.6032203125 0.485975 0.603884375 0.489528125 0.6079343749999999
0 0.33277812500000004 0.6521125 0.335171875 0.6582640625 0.33790156250000003 0.6613921875 0.335259375 0.6688156249999999 0.33494999999999997 0.683090625 0.342803125 0.666640625 0.3443359375 0.6631218750000001 0.35798125000000003 0.659878125 0.36768125 0.6512796875 0.37870781249999996 0.6416265625 0.381471875 0.638934375 0.380909375 0.63459375 0.3927 0.6275937500000001 0.39500625 0.6240078125 0.3778359375 0.6277109375000001 0.36599375 0.6382531250000001 0.3561015625 0.6435640625 0.3500421875 0.64240625 0.346490625 0.637215625 0.34207187499999997 0.6318328125 0.33714218749999997 0.6308609374999999 0.34085156250000004 0.64106875 0.3440390625 0.6458734374999999 0.32718437499999997 0.6505953124999999 0.33277812500000004 0.6521125
0 0.38730937499999996 0.6079749999999999 0.40071874999999996 0.615503125 0.406790625 0.6246734375 0.4243984375 0.631946875 0.4268375 0.626246875 0.42716875 0.6209390625 0.43014843750000004 0.608575 0.437778125 0.5992375 0.43336406250000004 0.589515625 0.42807812500000003 0.5953828125 0.4240421875 0.604815625 0.421825 0.6141796875 0.4017390625 0.6022953125 0.391375 0.599309375 0.3934859375 0.6053875 0.4176984375 0.6195609375 0.39878281250000003 0.61126875 0.38730937499999996 0.6079749999999999
0 0.3304375 0.6281328125 0.3385203125 0.6225265624999999 0.3319 0.617703125 0.3052546875 0.5990984375 0.301028125 0.5983734375 0.3044484375 0.6099453125000001 0.3095953125 0.617275 0.284959375 0.6354796875 0.285578125 0.6375 0.27282656250000004 0.6463 0.2761015625 0.6503671875 0.2841984375 0.6469015625 0.2844484375 0.64304375 0.28571562500000003 0.64115625 0.2953828125 0.6339328125 0.30503281250000003 0.63035 0.3104203125 0.6279984375 0.31260468750000003 0.6216375000000001 0.3178796875 0.6213656249999999 0.3215515625 0.6285296875 0.3304375 0.6281328125
0 0.3248828125 0.69150625 0.3248828125 0.6949265625 0.3312046875 0.69621875 0.3403703125 0.6961015625 0.339715625 0.6910046875 0.336121875 0.6883234375 0.32763749999999997 0.6863812499999999 0.3260875 0.6880515625 0.32613125 0.6932875000000001 0.3248828125 0.69150625
0 0.218628125 0.6652125 0.23009374999999999 0.6667109375 0.2363328125 0.667303125 0.24311875 0.6658375000000001 0.24812812499999998 0.6630765625 0.25133125 0.6630765625 0.2547484375 0.6632859375 0.25671093749999996 0.6637625 0.260825 0.66273125 0.2644296875 0.65759375 0.26508906250000003 0.653184375 0.2581546875 0.6533359375 0.2566390625 0.6499312500000001 0.254875 0.6398171875 0.250046875 0.6350234375 0.2401875 0.6335015625 0.2287109375 0.6352578125 0.22307031249999998 0.638403125 0.21031875000000003 0.6436484375 0.2068265625 0.646465625 0.209896875 0.650321875 0.2135796875 0.6534500000000001 0.2112734375 0.6551921875 0.2052359375 0.66095625 0.2073234375 0.6625859375 0.218628125 0.6652125
0 0.2209953125 0.687390625 0.2219765625 0.6842484375 0.225909375 0.684703125 0.22896718749999997 0.6796859375000001 0.22555312500000002 0.6783921875 0.2192140625 0.6766875 0.21125 0.6759515625 0.2109421875 0.681940625 0.21818749999999998 0.6864734375 0.2209953125 0.687390625
0 0.18604062500000002 0.647725 0.18209843750000002 0.6533296875 0.1835140625 0.653490625 0.187853125 0.6543015624999999 0.1928953125 0.6536546875 0.19835624999999998 0.6506703125 0.20063124999999998 0.6450453125 0.19934687499999998 0.641309375 0.1975875 0.6415578125 0.191496875 0.6441734375 0.18604062500000002 0.647725
0 0.14945312500000002 0.6662921875000001 0.1497890625 0.6733453125 0.161703125 0.6696156249999999 0.16492500000000002 0.665584375 0.1645078125 0.6638015625 0.16367343750000002 0.6631750000000001 0.16400781250000002 0.6613187500000001 0.1707828125 0.6563140625 0.174990625 0.651990625 0.1633375 0.653578125 0.1556640625 0.66090625 0.14945312500000002 0.6662921875000001
0 0.1378828125 0.681278125 0.13150937499999998 0.6793890625000001 0.12709062499999998 0.6813953125000001 0.1246421875 0.6864359375 0.12785312499999998 0.6901734375 0.133965625 0.6941140625 0.1393625 0.6923359375 0.14154843749999999 0.6855875 0.1378828125 0.681278125
0 0.06473124999999999 0.660253125 0.0546 0.671240625 0.0620078125 0.6707124999999999 0.06931875 0.66550625 0.085903125 0.6538468749999999 0.09320625 0.6506546875 0.08950781249999999 0.6493218749999999 0.100171875 0.6397484375 0.087178125 0.6444859375 0.07410781250000001 0.6511875 0.06473124999999999 0.660253125
0 0 0.70528125 0.0023984375 0.7083062499999999 0.01726875 0.7038390625 0.0234328125 0.6992703125 0.028934375000000002 0.695665625 0.0392359375 0.6949765625000001 0.0460671875 0.6975156250000001 0.0535734375 0.6914734375 0.042889062500000005 0.6814015625 0.034187499999999996 0.67455 0.024415625 0.6831546875 0.0208125 0.6766593750000001 0.0283125 0.6711265625 0.0166125 0.664371875 0.0138703125 0.665440625 0.015867187499999998 0.6543609375 0.0204984375 0.6461390625 0.035303125000000005 0.6381234375 0.0382109375 0.6276625 0.038742187500000004 0.6222359375 0.0389203125 0.6179640625 0.042148437500000004 0.6156906249999999 0.02665 0.603953125 0.0231703125 0.597603125 0.020178124999999998 0.6096828125 0.0255890625 0.623278125 0.014496875000000001 0.6343546875 0 0.6434203125 0 0.70528125
0 0.0491375 0.6130171875 0.050434375 0.616934375 0.06433124999999999 0.6303156249999999 0.067321875 0.6323828125000001 0.06967812500000001 0.629953125 0.066471875 0.624421875 0.0586984375 0.6170484375 0.0491375 0.6130171875
0 0.7927 0.6958453125 0.7934171875 0.6928484375 0.78615625 0.687453125 0.7747531249999999 0.6843781250000001 0.773234375 0.688596875 0.7835828125 0.6960421875 0.7927 0.6958453125
0 0.932571875 0.677196875 0.9373953125 0.683640625 0.949721875 0.6921 0.9600265625000001 0.6938171875 0.9618 0.6895390625 0.95371875 0.6840046875 0.9468828125 0.680465625 0.932571875 0.677196875
0 0.9110781250000001 0.6570171874999999 0.9257796875000001 0.66628125 0.9243671875 0.659053125 0.9190687499999999 0.65371875 0.9110781250000001 0.6570171874999999
0 0.946403125 0.6759078125 0.9473984375000001 0.6746140625 0.9531625 0.6647234375 0.95751875 0.6607765624999999 0.9653359375000001 0.650634375 0.9737625 0.6381421875 0.9899859375 0.626753125 0.9881875000000001 0.6205859375 0.9783640625000001 0.626028125 0.9682234375000001 0.6352125 0.9610703125000001 0.63279375 0.9487484374999999 0.6262578125 0.9467593750000001 0.6293656249999999 0.9631328124999999 0.637875 0.9598703125 0.6404515625 0.9521703125000001 0.6494421874999999 0.9440015624999999 0.6626421875 0.9424453125 0.6737953125 0.946403125 0.6759078125
0 0.9698390625 0.5994765625 0.9960609375 0.6163359374999999 1 0.611621875 0.991446875 0.6007875 0.9678203125 0.5915765625 0.9698390625 0.5994765625
0 0.9425250000000001 0.609340625 0.9385859375000001 0.619346875 0.9387000000000001 0.6223046875 0.9433906249999999 0.6231671875 0.9446843749999999 0.619578125 0.9484125000000001 0.6107296875 0.94909375 0.604896875 0.9452890625 0.5956 0.9400546875 0.6008640625 0.9419062500000001 0.60321875 0.9425250000000001 0.609340625
0 0.9224 0.6245828125 0.9150015625 0.6228906249999999 0.9060765625 0.6242359375000001 0.9013390625 0.6271984374999999 0.890071875 0.6341703125 0.8796640625000001 0.6420671875 0.8687359375 0.6543078125 0.86525 0.6640453125 0.8621234375 0.6743984375000001 0.8657406249999999 0.6715734375 0.87526875 0.656571875 0.8971953125000001 0.63749375 0.903959375 0.6380125 0.9177640625000001 0.6400781249999999 0.920115625 0.6388921875 0.9204625 0.6338234375 0.9224 0.6245828125
0 0.877509375 0.6102937500000001 0.882534375 0.6195984375 0.88745 0.61693125 0.882784375 0.6117140625 0.8854843750000001 0.60275625 0.8834890625 0.59010625 0.8887625 0.582871875 0.8872078125 0.5751999999999999 0.8787921875 0.5723859375 0.873296875 0.57551875 0.858975 0.5858890625 0.8484265625 0.59985625 0.8526921875 0.6022937500000001 0.86153125 0.6092046875 0.8686406249999999 0.6121000000000001 0.874803125 0.6059593750000001 0.877509375 0.6102937500000001
0 0.8373265625 0.616325 0.8496656249999999 0.6248453125 0.8602046874999999 0.6284484375 0.8629328125000001 0.6247796875 0.856309375 0.618384375 0.8604625 0.61366875 0.85963125 0.60923125 0.8553015625 0.617290625 0.8483656249999999 0.6169796875 0.835628125 0.606753125 0.8138984375 0.5938015625 0.8078 0.59885 0.821334375 0.610790625 0.82741875 0.623409375 0.8236921875000001 0.6230453125000001 0.8106296875 0.6200734375 0.811984375 0.6266265625 0.8074781249999999 0.6334625 0.7951546875 0.6366625 0.7861890625 0.6475265625 0.7813421875000001 0.6571906249999999 0.7753671875 0.67074375 0.77705625 0.6749953125 0.7877671875 0.6571281250000001 0.7942546875 0.6506328124999999 0.804634375 0.6428140625000001 0.8225546874999999 0.6307875000000001 0.8284375 0.6285171875 0.8355046875 0.6319609374999999 0.838246875 0.6294375 0.8335968749999999 0.6223062500000001 0.833228125 0.615275 0.8373265625 0.616325
0 0.7757765625 0.630175 0.768365625 0.6210375 0.77056875 0.61671875 0.7480421875000001 0.604140625 0.7416640625 0.60945 0.7469125 0.6146515625 0.7527765625 0.621096875 0.7591734375 0.62605 0.7645078125 0.6306984375 0.7715484375 0.6317421875 0.7757765625 0.630175