0 0.4071703125 0.6710328125 0.400090625 0.6775984375 0.3948265625 0.682009375 0.3963109375 0.6886375 0.4041546875 0.6873390625 0.42115 0.6755734375 0.4209515625 0.6843734375 0.41825625000000005 0.6892046875 0.4320984375 0.6990734375 0.4661765625 0.6992453125 0.48363750000000005 0.695265625 0.5095125 0.69330625 0.525790625 0.7002078125 0.5525578125 0.698215625 0.5830359374999999 0.7012640625000001 0.5693953125 0.6963546875 0.5733078125 0.692153125 0.5787546875 0.6935859375 0.5891359375 0.6873234375 0.6030796875 0.6760453125 0.613215625 0.668059375 0.612053125 0.6627734375000001 0.6052171875 0.66035 0.5930703125 0.665396875 0.5837749999999999 0.6646375 0.5762437499999999 0.6603796875 0.572209375 0.655959375 0.562221875 0.6501 0.5580093749999999 0.64110625 0.5550875 0.63880625 0.5449265624999999 0.639084375 0.5335515625 0.6332953125 0.5238968749999999 0.6328875 0.500153125 0.629915625 0.49378593750000005 0.6393671875 0.48589843750000006 0.6412046874999999 0.47446406249999995 0.639203125 0.463684375 0.6439828125 0.4492265625 0.6289906249999999 0.4589484375 0.6264234375 0.4699890625 0.631046875 0.47412968749999995 0.6311515625 0.4702515625 0.6248734375 0.47083593749999997 0.6192078125 0.47226718749999996 0.61374375 0.48155625 0.6054921875 0.478471875 0.6000953124999999 0.4674515625 0.5969296875000001 0.46229531250000006 0.591715625 0.446940625 0.5930515625 0.43545937500000004 0.596375 0.435725 0.6012609375 0.433896875 0.6039171875 0.4135484375 0.6238421875 0.3957390625 0.6316484375 0.400965625 0.640521875 0.4020765625 0.6501453125000001 0.40494375 0.6552015625000001 0.4148390625 0.6554265625 0.41439062499999996 0.6617109375 0.410815625 0.6687609375 0.4071703125 0.6710328125
0 0.316625 0.6298984375 0.3318984375 0.6183156249999999 0.320575 0.6157921875000001 0.3155703125 0.6210078125 0.316625 0.6298984375
0 0.48692343749999994 0.6184125 0.48924218750000004 0.6215734375 0.499009375 0.615721875 0.510471875 0.6079343749999999 0.514025 0.603884375 0.5105046875 0.6032203125 0.4960984375 0.60984375 0.48692343749999994 0.6184125
0 0.60499375 0.6240078125 0.6073000000000001 0.6275937500000001 0.619090625 0.63459375 0.618528125 0.638934375 0.6212921875 0.6416265625 0.63231875 0.6512796875 0.64201875 0.659878125 0.6556640625 0.6631218750000001 0.657196875 0.666640625 0.66505 0.683090625 0.6647406250000001 0.6688156249999999 0.6620984375 0.6613921875 0.664828125 0.6582640625 0.667221875 0.6521125 0.6728156249999999 0.6505953124999999 0.6559609375 0.6458734374999999 0.6591484375000001 0.64106875 0.6628578125 0.6308609374999999 0.657928125 0.6318328125 0.653509375 0.637215625 0.6499578125000001 0.64240625 0.6438984375000001 0.6435640625 0.63400625 0.6382531250000001 0.6221640625 0.6277109375000001 0.60499375 0.6240078125
0 0.5698515625 0.608575 0.57283125 0.6209390625 0.5731625 0.626246875 0.5756015624999999 0.631946875 0.593209375 0.6246734375 0.59928125 0.615503125 0.612690625 0.6079749999999999 0.6012171875 0.61126875 0.5823015625 0.6195609375 0.6065140625 0.6053875 0.608625 0.599309375 0.5982609375 0.6022953125 0.578175 0.6141796875 0.5759578125 0.604815625 0.5719218749999999 0.5953828125 0.5666359375 0.589515625 0.562221875 0.5992375 0.5698515625 0.608575
0 0.7271734375000001 0.6463 0.714421875 0.6375 0.715040625 0.6354796875 0.6904046875 0.617275 0.6955515625 0.6099453125000001 0.698971875 0.5983734375 0.6947453125 0.5990984375 0.6681 0.617703125 0.6614796875 0.6225265624999999 0.6695625 0.6281328125 0.6784484375 0.6285296875 0.6821203125 0.6213656249999999 0.6873953125 0.6216375000000001 0.6895796875 0.6279984375 0.6949671875 0.63035 0.7046171875 0.6339328125 0.714284375 0.64115625 0.7155515625 0.64304375 0.7158015625 0.6469015625 0.7238984375 0.6503671875 0.7271734375000001 0.6463
0 0.6739124999999999 0.6880515625 0.6723625 0.6863812499999999 0.663878125 0.6883234375 0.660284375 0.6910046875 0.6596296875000001 0.6961015625 0.6687953125 0.69621875 0.6751171874999999 0.6949265625 0.6751171874999999 0.69150625 0.67386875 0.6932875000000001 0.6739124999999999 0.6880515625
0 0.749953125 0.6350234375 0.745125 0.6398171875 0.7433609375 0.6499312500000001 0.7418453125 0.6533359375 0.7349109375 0.653184375 0.7355703124999999 0.65759375 0.739175 0.66273125 0.7432890624999999 0.6637625 0.7452515625 0.6632859375 0.74866875 0.6630765625 0.751871875 0.6630765625 0.75688125 0.6658375000000001 0.7636671875000001 0.667303125 0.76990625 0.6667109375 0.7813718749999999 0.6652125 0.7926765625 0.6625859375 0.7947640625 0.66095625 0.7887265625000001 0.6551921875 0.7864203125 0.6534500000000001 0.790103125 0.650321875 0.7931734374999999 0.646465625 0.78968125 0.6436484375 0.7769296875 0.638403125 0.7712890625 0.6352578125 0.7598125 0.6335015625 0.749953125 0.6350234375
0 0.7890578125000001 0.681940625 0.7887500000000001 0.6759515625 0.7807859374999999 0.6766875 0.774446875 0.6783921875 0.7710328125 0.6796859375000001 0.774090625 0.684703125 0.7780234375 0.6842484375 0.7790046875 0.687390625 0.7818125 0.6864734375 0.7890578125000001 0.681940625
0 0.808503125 0.6441734375 0.8024125 0.6415578125 0.800653125 0.641309375 0.79936875 0.6450453125 0.80164375 0.6506703125 0.8071046875000001 0.6536546875 0.812146875 0.6543015624999999 0.8164859375000001 0.653490625 0.8179015625 0.6533296875 0.8139593749999999 0.647725 0.808503125 0.6441734375
0 0.850546875 0.6662921875000001 0.8443359375 0.66090625 0.8366625000000001 0.653578125 0.8250093749999999 0.651990625 0.8292171875 0.6563140625 0.8359921874999999 0.6613187500000001 0.8363265625 0.6631750000000001 0.8354921875000001 0.6638015625 0.835075 0.665584375 0.8382968749999999 0.6696156249999999 0.8502109375 0.6733453125 0.850546875 0.6662921875000001
0 0.8660343749999999 0.6941140625 0.872146875 0.6901734375 0.8753578125000001 0.6864359375 0.8729093750000001 0.6813953125000001 0.868490625 0.6793890625000001 0.8621171875 0.681278125 0.8584515625 0.6855875 0.8606374999999999 0.6923359375 0.8660343749999999 0.6941140625
0 0.9258921875 0.6511875 0.912821875 0.6444859375 0.899828125 0.6397484375 0.9104921875 0.6493218749999999 0.90679375 0.6506546875 0.914096875 0.6538468749999999 0.9306812499999999 0.66550625 0.9379921875000001 0.6707124999999999 0.9454 0.671240625 0.93526875 0.660253125 0.9258921875 0.6511875
0 1 0.6434203125 0.9855031249999999 0.6343546875 0.9744109375000001 0.623278125 0.9798218750000001 0.6096828125 0.9768296875000001 0.597603125 0.9733499999999999 0.603953125 0.9578515624999999 0.6156906249999999 0.9610796875000001 0.6179640625 0.9612578125000001 0.6222359375 0.9617890625 0.6276625 0.9646968749999999 0.6381234375 0.9795015625 0.6461390625 0.9841328125000001 0.6543609375 0.9861296875000001 0.665440625 0.9833875000000001 0.664371875 0.9716875 0.6711265625 0.9791874999999999 0.6766593750000001 0.9755843750000001 0.6831546875 0.9658125 0.67455 0.9571109375000001 0.6814015625 0.9464265624999999 0.6914734375 0.9539328125000001 0.6975156250000001 0.9607640625 0.6949765625000001 0.9710656249999999 0.695665625 0.9765671875 0.6992703125 0.98273125 0.7038390625 0.9976015625000001 0.7083062499999999 1 0.70528125 1 0.6434203125
0 0.932678125 0.6323828125000001 0.9356687499999999 0.6303156249999999 0.949565625 0.616934375 0.9508625 0.6130171875 0.9413015625 0.6170484375 0.9335281249999999 0.624421875 0.930321875 0.629953125 0.932678125 0.6323828125000001
0 0.2065828125 0.6928484375 0.20729999999999998 0.6958453125 0.2164171875 0.6960421875 0.226765625 0.688596875 0.22524687499999999 0.6843781250000001 0.21384375000000003 0.687453125 0.2065828125 0.6928484375
0 0.0399734375 0.6938171875 0.05027812499999999 0.6921 0.0626046875 0.683640625 0.067428125 0.677196875 0.053117187499999996 0.680465625 0.04628125 0.6840046875 0.0382 0.6895390625 0.0399734375 0.6938171875
0 0.0742203125 0.66628125 0.088921875 0.6570171874999999 0.08093125 0.65371875 0.07563281250000001 0.659053125 0.0742203125 0.66628125
0 0.0118125 0.6205859375 0.0100140625 0.626753125 0.026237500000000004 0.6381421875 0.034664062499999995 0.650634375 0.04248125 0.6607765624999999 0.0468375 0.6647234375 0.0526015625 0.6746140625 0.053596875 0.6759078125 0.0575546875 0.6737953125 0.0559984375 0.6626421875 0.0478296875 0.6494421874999999 0.0401296875 0.6404515625 0.036867187499999995 0.637875 0.053240625 0.6293656249999999 0.0512515625 0.6262578125 0.0389296875 0.63279375 0.0317765625 0.6352125 0.0216359375 0.626028125 0.0118125 0.6205859375
0 0.0321796875 0.5915765625 0.008553125 0.6007875 0 0.611621875 0.0039390625 0.6163359374999999 0.030160937500000002 0.5994765625 0.0321796875 0.5915765625
0 0.05809375 0.60321875 0.0599453125 0.6008640625 0.0547109375 0.5956 0.05090625 0.604896875 0.051587499999999994 0.6107296875 0.055315625 0.619578125 0.056609374999999997 0.6231671875 0.0613 0.6223046875 0.0614140625 0.619346875 0.057475 0.609340625 0.05809375 0.60321875
0 0.1203359375 0.6420671875 0.109928125 0.6341703125 0.0986609375 0.6271984374999999 0.0939234375 0.6242359375000001 0.0849984375 0.6228906249999999 0.0776 0.6245828125 0.07953750000000001 0.6338234375 0.079884375 0.6388921875 0.0822359375 0.6400781249999999 0.096040625 0.6380125 0.1028046875 0.63749375 0.12473125 0.656571875 0.13425937500000001 0.6715734375 0.1378765625 0.6743984375000001 0.13474999999999998 0.6640453125 0.1312640625 0.6543078125 0.1203359375 0.6420671875
0 0.1165109375 0.59010625 0.11451562500000001 0.60275625 0.117215625 0.6117140625 0.11255 0.61693125 0.11746562499999999 0.6195984375 0.122490625 0.6102937500000001 0.125196875 0.6059593750000001 0.131359375 0.6121000000000001 0.13846875 0.6092046875 0.1473078125 0.6022937500000001 0.15157343750000002 0.59985625 0.141025 0.5858890625 0.126703125 0.57551875 0.12120781249999998 0.5723859375 0.1127921875 0.5751999999999999 0.11123749999999999 0.582871875 0.1165109375 0.59010625
0 0.22463281249999997 0.67074375 0.2186578125 0.6571906249999999 0.2138109375 0.6475265625 0.2048453125 0.6366625 0.192521875 0.6334625 0.188015625 0.6266265625 0.1893703125 0.6200734375 0.1763078125 0.6230453125000001 0.17258125 0.623409375 0.178665625 0.610790625 0.19219999999999998 0.59885 0.1861015625 0.5938015625 0.164371875 0.606753125 0.15163437500000002 0.6169796875 0.1446984375 0.617290625 0.14036875 0.60923125 0.1395375 0.61366875 0.14369062500000002 0.618384375 0.1370671875 0.6247796875 0.1397953125 0.6284484375 0.150334375 0.6248453125 0.16267343750000002 0.616325 0.16677187499999999 0.615275 0.166403125 0.6223062500000001 0.161753125 0.6294375 0.1644953125 0.6319609374999999 0.1715625 0.6285171875 0.1774453125 0.6307875000000001 0.19536562500000001 0.6428140625000001 0.2057453125 0.6506328124999999 0.2122328125 0.6571281250000001 0.22294375 0.6749953125 0.22463281249999997 0.67074375
0 0.2284515625 0.6317421875 0.2354921875 0.6306984375 0.24082656249999998 0.62605 0.24722343750000003 0.621096875 0.2530875 0.6146515625 0.2583359375 0.60945 0.2519578125 0.604140625 0.22943125000000003 0.61671875 0.231634375 0.6210375 0.22422343749999998 0.630175 0.2284515625 0.6317421875