0 0.58155 0.55721875 0.5775859375 0.5540296875 0.5724437499999999 0.5478859375 0.5753250000000001 0.5397984375 0.5796578125 0.534440625 0.5841984375 0.53576875 0.6006734375 0.5376765625 0.6068765625 0.5324421874999999 0.6105984375 0.525878125 0.6091078125 0.5225390625 0.598453125 0.5185296875 0.5930375 0.5155046875 0.5926 0.5102359375 0.5840359375 0.5075421875 0.5792843750000001 0.5015875000000001 0.57279375 0.49768749999999995 0.5612515625000001 0.499434375 0.5550046875 0.49520468749999996 0.5461046875 0.49610000000000004 0.542253125 0.49933281249999995 0.52940625 0.5047953125 0.5219031249999999 0.51746875 0.531196875 0.51396875 0.531196875 0.5182875 0.533353125 0.5296921875 0.5387484375 0.539396875 0.5454046875 0.547225 0.5558359375 0.554178125 0.5660796875 0.558696875 0.5781703125 0.559303125 0.58155 0.55721875
0 0.629146875 0.5184249999999999 0.6314203125 0.526228125 0.6373624999999999 0.5293375 0.645334375 0.528196875 0.653309375 0.5244625 0.6543984375 0.5187515625 0.6482 0.515934375 0.6397296875 0.511284375 0.633575 0.5126625 0.62976875 0.5137921875 0.629146875 0.5184249999999999
0 0.434525 0.03701875 0.42793125 0.0291828125 0.42174531249999997 0.0241078125 0.4024828125 0.019953125 0.3933640625 0.020270312500000002 0.388721875 0.0245890625 0.38748593750000004 0.030409375 0.3901015625 0.037659375 0.39464375 0.042709375 0.40232812500000004 0.047503125 0.41244218750000006 0.050793750000000006 0.4173046875 0.049407812499999995 0.40893750000000006 0.041703125 0.41865312499999996 0.043220312500000004 0.433184375 0.0450703125 0.436853125 0.042671875 0.434525 0.03701875
0 0.6499796875 0.8457968749999999 0.6510328125 0.85245625 0.6512875 0.8567078125 0.647509375 0.8636015625000001 0.6421765625 0.8680468749999999 0.6414359375 0.8791484374999999 0.6380546875 0.8819812499999999 0.6337234375 0.8839046875 0.629146875 0.8986906250000001 0.6322703125 0.9134015625 0.6332312499999999 0.9256515625 0.60773125 0.94723125 0.6090921875 0.9500875000000001 0.6248015625 0.9405531249999999 0.642178125 0.9271859375 0.6556859375 0.92619375 0.661853125 0.9297359374999999 0.680615625 0.9311265625 0.6964312500000001 0.9296515624999999 0.7078921874999999 0.92689375 0.746321875 0.9153734375000001 0.778896875 0.9091640625 0.7783796875 0.888740625 0.7667546875 0.8790140624999999 0.7468640625 0.86468125 0.7474078125 0.8499874999999999 0.7360984375 0.8367000000000001 0.72638125 0.827690625 0.7292671875 0.82365 0.73591875 0.8252984375000001 0.7322437500000001 0.8186578125 0.7209984375 0.8124796875 0.7136046875 0.8147625 0.7085890625 0.8134750000000001 0.7055515625 0.8166453125 0.6811843750000001 0.8128765625 0.666278125 0.8162796875 0.654959375 0.8175796875 0.6373703125 0.8214546875 0.632615625 0.8127203125 0.6212578125 0.816209375 0.6142875 0.822865625 0.6189078125 0.8315906249999999 0.6403421875 0.8288375 0.6486562499999999 0.8374375000000001 0.6499796875 0.8457968749999999
0 0.5594390625 0.9046234375 0.572696875 0.9013921874999999 0.5733234375 0.9010765624999999 0.5716296875 0.8960062499999999 0.5653359375 0.8920718750000001 0.554878125 0.8993359375000001 0.5594390625 0.9046234375
0 0.5929171875 0.9044484374999999 0.6083968750000001 0.9025390625 0.6181125 0.8972734375 0.6162015625 0.8938750000000001 0.6109796875 0.8928515625 0.5863984375 0.8957453125000001 0.5825640625 0.8945062500000001 0.5792421875 0.89969375 0.586528125 0.9031390625 0.5929171875 0.9044484374999999
0 0.6113562499999999 0.8812468750000001 0.599646875 0.8796296874999999 0.589715625 0.8816937499999999 0.5824734375 0.888625 0.5910031250000001 0.8908046875 0.6025703124999999 0.891384375 0.6166984375 0.88229375 0.6113562499999999 0.8812468750000001
0 0.263409375 0.999203125 0.24889843749999999 0.9875671875 0.23374999999999999 0.98404375 0.2269640625 0.990521875 0.2096640625 0.9907390625 0.1957125 0.999678125 0.2564625 1 0.263409375 0.999203125
0 0.9663640625 0.8031515625000001 0.9640828125 0.8050921875 0.9625109374999999 0.809925 0.9649390625 0.8136265625 0.9761390625 0.8060375000000001 0.97198125 0.8023312499999999 0.9663640625 0.8031515625000001
0 0.966909375 0.6820546875 0.96288125 0.6882328125 0.961840625 0.693496875 0.972271875 0.6876296875000001 0.9717499999999999 0.684209375 0.9692140625000001 0.6810625 0.966909375 0.6820546875
0 0.957984375 0.9330234374999999 0.9564609374999999 0.938528125 0.9685296875 0.9299046875 0.96450625 0.926753125 0.957984375 0.9330234374999999