0 0.7183171875000001 0.29191406249999996 0.7226375 0.2854140625 0.7229515625 0.281065625 0.72981875 0.2688953125 0.719946875 0.273009375 0.7143703125 0.26371406249999996 0.7163703124999999 0.25405781250000004 0.708571875 0.24875625 0.7090234375 0.24238749999999998 0.6948703125 0.23454687500000002 0.6798109375 0.22622499999999998 0.6740765625 0.227109375 0.6819765624999999 0.23212187499999998 0.689278125 0.239425 0.6877234375 0.2444640625 0.6786921875 0.24817499999999998 0.67586875 0.24668125000000002 0.6728562499999999 0.24129218749999998 0.6609796875 0.24650781249999998 0.6537984375 0.25610625 0.6481343749999999 0.26139375 0.640584375 0.26954531249999997 0.6400203125 0.27749687500000003 0.6364078125 0.278346875 0.6308625 0.282465625 0.6314625 0.28548125 0.6126703124999999 0.2918234375 0.607709375 0.298309375 0.6200765625 0.306621875 0.6155890625 0.309496875 0.6118515625 0.31472500000000003 0.61885625 0.31960937500000003 0.6296703124999999 0.32658437500000004 0.63858125 0.33587968749999997 0.63249375 0.3355046875 0.621290625 0.342178125 0.62270625 0.3479359375 0.6247953125000001 0.352471875 0.6320781249999999 0.35540937499999997 0.63973125 0.3528171875 0.65093125 0.34185468750000003 0.656925 0.340634375 0.6578703124999999 0.34350468749999996 0.6663328125 0.343271875 0.6858578125 0.3221421875 0.7045703125 0.3207734375 0.708840625 0.3165546875 0.69598125 0.3079734375 0.7111125 0.3118390625 0.7242765624999999 0.3216796875 0.7316281250000001 0.3224421875 0.71416875 0.3037046875 0.7183171875000001 0.29191406249999996
0 0.528646875 0.3070875 0.52965 0.30699375 0.5323687500000001 0.30512812500000003 0.5328109375000001 0.3013265625 0.5319859375 0.2995921875 0.5283125 0.2999078125 0.5263484375 0.3012171875 0.5244171875 0.30480625 0.5264546875 0.3060515625 0.528646875 0.3070875
0 0.3827640625 0.692396875 0.37830625 0.6959328124999999 0.3749296875 0.7026671875 0.3760984375 0.704821875 0.384478125 0.7072468749999999 0.38860625 0.7072468749999999 0.3924453125 0.7058921875 0.394728125 0.703528125 0.39379375 0.7001062499999999 0.3906578125 0.6995234375 0.3872671875 0.700665625 0.3814078125 0.698990625 0.3814515625 0.6965328125 0.3833984375 0.6956421875000001 0.389121875 0.6957421874999999 0.39218593749999997 0.6983734375 0.395040625 0.7004875 0.3943734375 0.6959 0.3904921875 0.692134375 0.3851078125 0.6912906249999999 0.3827640625 0.692396875
0 0.181746875 0.9096421875 0.1881328125 0.91158125 0.19390000000000002 0.911228125 0.200559375 0.9168046875 0.20846874999999998 0.921159375 0.22396406249999998 0.9187218749999999 0.22071562500000003 0.9082578124999999 0.21518125000000002 0.898009375 0.2214125 0.8919296875 0.22691093750000002 0.8866359375 0.23107812499999997 0.880403125 0.25020625 0.8912203125 0.2601875 0.895359375 0.2726828125 0.905240625 0.27966718749999997 0.9084031250000001 0.2850859375 0.9087953125 0.2816375 0.90311875 0.2807421875 0.8996484375 0.27850312499999996 0.8949671875 0.2696234375 0.8891140625 0.26280312499999997 0.883903125 0.2583703125 0.8794890625 0.25813437499999997 0.8757484375000001 0.2536390625 0.8672046874999999 0.260296875 0.8626765625000001 0.2647640625 0.8631765625 0.2699828125 0.8634812500000001 0.2698578125 0.8525 0.27142656249999997 0.8472703125000001 0.2956625 0.8519890625000001 0.2974015625 0.8439062500000001 0.26131875 0.819528125 0.2501296875 0.8147343749999999 0.23237812500000002 0.806525 0.22209531249999998 0.8014187500000001 0.21319062500000002 0.7991359375 0.1981546875 0.8166249999999999 0.1886609375 0.8197749999999999 0.1572125 0.8214046875 0.143425 0.8143640624999999 0.1584671875 0.8270453124999999 0.1584671875 0.8333171875 0.159215625 0.839221875 0.1500078125 0.8334671874999999 0.1489921875 0.8526906249999999 0.1513859375 0.8589171875 0.149475 0.8695703124999999 0.1494484375 0.8865140625000001 0.1555671875 0.8931812499999999 0.1726984375 0.90138125 0.181746875 0.9096421875
0 0.22436562499999999 0.938321875 0.234821875 0.9362984375 0.2418328125 0.9330609375 0.250375 0.926084375 0.255209375 0.9204281249999999 0.2605453125 0.911715625 0.25604218749999996 0.9101140624999999 0.24228906249999999 0.91573125 0.234103125 0.9250984375 0.22436562499999999 0.938321875
0 0.31799218749999997 0.9836234375 0.3172125 0.9877796875 0.32008125 0.9903281249999999 0.3229953125 0.9904437500000001 0.3247265625 0.9871171875 0.3247859375 0.9835765625 0.31970156250000004 0.9817578125 0.31799218749999997 0.9836234375
0 0.3961984375 0.7333734375 0.3923 0.7366359375 0.3925484375 0.738884375 0.39566093750000003 0.7396359375 0.39988125 0.739134375 0.4051625 0.7353546875 0.40012499999999995 0.7325375000000001 0.3961984375 0.7333734375
0 0.44841718750000004 0.4363453125 0.44871875 0.43849218749999996 0.45250312499999995 0.438334375 0.4562609375 0.43605312500000004 0.4567828125 0.43165624999999996 0.4618375 0.42853125 0.465796875 0.424884375 0.463434375 0.42171250000000005 0.46004531249999997 0.4233953125 0.4518546875 0.430484375 0.44841718750000004 0.4363453125
0 0.31765625000000003 0.45765 0.3104921875 0.46006875 0.314928125 0.461678125 0.3182265625 0.460571875 0.31765625000000003 0.45765
0 1 0.48395625000000003 0.9852953125000001 0.483496875 0.9866765624999999 0.4862875 0.9953703125000001 0.4915671875 0.9882781250000001 0.49391562499999997 1 0.5064093749999999 1 0.48395625000000003
0 0.853803125 0.3991453125 0.844909375 0.40751406250000005 0.843915625 0.41170625000000005 0.84846875 0.4113875 0.8522765625 0.4091296875 0.8554875 0.40524531250000007 0.8565765624999999 0.40053906250000004 0.853803125 0.3991453125
0 0.825396875 0.3482140625 0.8288140625 0.34400624999999996 0.825653125 0.3409625 0.8214062500000001 0.3436953125 0.8232296874999999 0.3472359375 0.825396875 0.3482140625
0 0.6848015625 0.6150781249999999 0.68604375 0.6129734375 0.6856625000000001 0.6109312499999999 0.6826203125 0.6101953124999999 0.6807046875 0.6110546875 0.6808859375 0.6143359375 0.6848015625 0.6150781249999999
0 0.8723546875 0.7053578125 0.8675484375 0.7008015624999999 0.864946875 0.7081109375 0.8670843749999999 0.7093375 0.8723546875 0.7053578125
0 0.9650343749999999 0.70335 0.968915625 0.699653125 0.9628578125 0.6983765625 0.9613953125 0.6963640625 0.958771875 0.6982171875 0.95896875 0.7004625 0.9637515625 0.7024843749999999 0.9650343749999999 0.70335
0 0.9394328125 0.3211046875 0.9390359374999999 0.3240390625 0.9398140625 0.3276296875 0.9436546874999999 0.3261765625 0.9474453125 0.32380156250000003 0.9493 0.319975 0.9451828125 0.31913125 0.9394328125 0.3211046875