0 0.5065000000000001 0.4316859375 0.4996421875 0.4361453125 0.49705937499999997 0.44514531249999995 0.5054875 0.4509921875 0.513528125 0.45124531250000005 0.5172515625 0.44826249999999995 0.52139375 0.4405984375 0.522046875 0.43608906249999996 0.5178609375 0.43277031250000003 0.5126062499999999 0.4310734375 0.5065000000000001 0.4316859375
0 0.414428125 0.3858578125 0.411065625 0.3832375 0.40541406249999995 0.380834375 0.39899375 0.3795078125 0.397478125 0.3757109375 0.392715625 0.37242031249999996 0.3876734375 0.3646953125 0.3892453125 0.35760625 0.38417500000000004 0.3447296875 0.38287187500000003 0.34480625 0.3757078125 0.3429953125 0.376325 0.3519390625 0.3779109375 0.36296249999999997 0.38124531250000004 0.3735453125 0.383109375 0.378684375 0.38439531250000003 0.3828140625 0.4009078125 0.38677812500000003 0.411890625 0.3894125 0.412371875 0.40254687499999997 0.4156625 0.398875 0.415234375 0.3918703125 0.414428125 0.3858578125
0 0.3009203125 0.431109375 0.29965 0.43596562499999997 0.30801249999999997 0.4389078125 0.309715625 0.43907187499999994 0.329840625 0.443915625 0.3332484375 0.44333906250000005 0.33800625 0.440621875 0.33558750000000004 0.438134375 0.32492343749999997 0.43606249999999996 0.3097859375 0.4310390625 0.3057796875 0.42990625 0.3009203125 0.431109375
0 0.4087109375 0.485234375 0.41106718750000004 0.48352500000000004 0.4081171875 0.47886093750000003 0.404128125 0.47622187499999996 0.400840625 0.47265781249999994 0.395340625 0.466425 0.3884984375 0.46250468749999996 0.38633281249999996 0.4553140625 0.3854296875 0.45036250000000005 0.3790609375 0.44621093749999996 0.373221875 0.44250937500000004 0.36676875 0.43730156249999996 0.36271875 0.437871875 0.3649265625 0.4459953125 0.3716640625 0.45141875000000004 0.3783484375 0.454796875 0.3802125 0.45761874999999996 0.378009375 0.46315937500000004 0.3734078125 0.4673375 0.379665625 0.4673375 0.386521875 0.4710546875 0.3969859375 0.47933281250000004 0.3997203125 0.4838640625 0.4087109375 0.485234375
0 0.432165625 0.4683125 0.435453125 0.466796875 0.4492375 0.46340000000000003 0.4581140625 0.4606375 0.46043124999999996 0.4567140625 0.4512171875 0.45312343750000006 0.4532953125 0.452165625 0.46973750000000003 0.45517343749999994 0.4734828125 0.4511796875 0.4753453125 0.44527031250000004 0.47714999999999996 0.44155625 0.480971875 0.4398578125 0.48299531250000005 0.4362234375 0.47273437500000004 0.433878125 0.46890937499999996 0.43958125 0.46741093749999996 0.4487046875 0.462125 0.4490640625 0.451578125 0.4470546875 0.44849843749999996 0.44263906249999996 0.44486875000000003 0.43531718750000004 0.44078906250000005 0.4298125 0.43903437500000003 0.4215375 0.4345875 0.4075375 0.43136718749999997 0.4066140625 0.4293828125 0.41148749999999995 0.4293828125 0.41885312499999994 0.43207968750000003 0.4302984375 0.43209375000000005 0.4396703125 0.42417812499999996 0.4358046875 0.41281875 0.4325140625 0.408265625 0.43561875 0.39973593749999997 0.4483359375 0.409540625 0.4532078125 0.41417187499999997 0.4635890625 0.42467812499999996 0.47062968749999995 0.432165625 0.4683125
0 0.5365109375 0.4665328125 0.543996875 0.46528749999999997 0.54564375 0.4570890625 0.5436421874999999 0.4556609375 0.5396390625 0.454796875 0.5363859375 0.455034375 0.531884375 0.45689375 0.5317921875 0.46099218750000004 0.5365109375 0.4665328125
0 0.5131953125 0.467853125 0.5111703125 0.4659375 0.510390625 0.46585625 0.5074625 0.46593437499999996 0.506221875 0.4692015625 0.5066578125000001 0.470628125 0.513471875 0.47112499999999996 0.5131953125 0.467853125
0 0.4979234375 0.4603171875 0.4964453125 0.45820937500000003 0.49361249999999995 0.45869687499999995 0.49221562499999993 0.4603171875 0.49221875 0.46227656250000004 0.495328125 0.46356875000000003 0.49786093749999993 0.46249531250000003 0.4979234375 0.4603171875
0 0.26604843749999996 0.5281796875 0.2643953125 0.530096875 0.2663796875 0.533525 0.266909375 0.5347906250000001 0.267746875 0.5368859375 0.28014843749999996 0.53551875 0.2818703125 0.5337359375 0.2755328125 0.5298437500000001 0.2722265625 0.5283421875000001 0.26604843749999996 0.5281796875
0 0.411525 0.5069781250000001 0.4110890625 0.5080703125 0.41055937499999995 0.5118015625 0.41484531249999995 0.516646875 0.4198953125 0.519428125 0.422765625 0.5207375 0.428359375 0.5209718750000001 0.43115625 0.52031875 0.43737343749999996 0.5172859375 0.43879062500000005 0.513484375 0.4378578125 0.5085843750000001 0.43498593750000003 0.50643125 0.4315375 0.5046484375 0.4327546875 0.503609375 0.4243984375 0.50201875 0.417584375 0.5026109375 0.411525 0.5069781250000001
0 0.740996875 0.3578359375 0.735228125 0.3515359375 0.7302359375 0.34609999999999996 0.7272984375 0.33765625 0.7267421875 0.32989999999999997 0.7279140625 0.3163578125 0.7241671875 0.31051875 0.717653125 0.3106859375 0.707234375 0.3144921875 0.705984375 0.320053125 0.7063578125000001 0.3217875 0.6998828125000001 0.324071875 0.7010156249999999 0.3295953125 0.7038234375 0.3321171875 0.704315625 0.33776562499999996 0.7131765624999999 0.3466359375 0.7145937499999999 0.35025 0.7188484374999999 0.3591375 0.7166406249999999 0.3606984375 0.7012609375000001 0.3597828125 0.6987265625 0.3603234375 0.6927078125 0.36297812500000004 0.68605 0.3645421875 0.6762640625 0.3630390625 0.6685421875 0.364278125 0.6646984375 0.36698125 0.661115625 0.36991874999999996 0.655115625 0.375378125 0.65415 0.3830703125 0.6623859375000001 0.382515625 0.6646828124999999 0.3807046875 0.680496875 0.37495625 0.6799625 0.37186718750000003 0.686896875 0.3712984375 0.6992578125 0.37479687500000003 0.7128687499999999 0.37539218750000003 0.7204609375000001 0.3743046875 0.7254015625 0.3747 0.73613125 0.3788359375 0.7477031249999999 0.38121875 0.7500859375 0.3778328125 0.74146875 0.3731640625 0.7441140625 0.36796562499999996 0.74559375 0.362975 0.740996875 0.3578359375
0 0.75579375 0.492484375 0.751671875 0.49723125 0.736525 0.4993359375 0.73649375 0.50255 0.740246875 0.5077109375 0.7212296874999999 0.5178234374999999 0.713678125 0.523240625 0.7210015624999999 0.52836875 0.7000625 0.5349 0.6731609375 0.538921875 0.6787578125 0.54856875 0.6966921875 0.5557875 0.7167890625 0.5628921874999999 0.73444375 0.5676546874999999 0.745846875 0.5651109375 0.749965625 0.5450203124999999 0.7511421875 0.536125 0.7519109375 0.5300359375 0.7539921875 0.5256703125 0.754503125 0.519109375 0.7567265625 0.51195 0.758875 0.5044921875 0.758475 0.4982828125 0.7586296875 0.49278750000000004 0.7613828125000001 0.48815468749999996 0.7628328125 0.4845453125 0.7635390625 0.47700156250000003 0.762071875 0.47480312500000005 0.75579375 0.492484375
0 0.6189890625000001 0.8173281250000001 0.6132609375 0.8193187500000001 0.6065390625 0.8187796875 0.601153125 0.8174250000000001 0.59089375 0.819403125 0.589834375 0.8208140625 0.5916375 0.8253296875 0.5940375 0.82785625 0.5893390625 0.8309156249999999 0.586621875 0.835759375 0.5860109375 0.839621875 0.58765625 0.8461281250000001 0.58839375 0.8515937499999999 0.592275 0.85379375 0.5946328125 0.85749375 0.6001375 0.8572140625 0.6150484374999999 0.8549609374999999 0.6295875 0.85313125 0.6429875 0.8539828125 0.6574125000000001 0.8542828124999999 0.6650968749999999 0.8541203124999999 0.67626875 0.8541203124999999 0.6823671874999999 0.85481875 0.690328125 0.8546156249999999 0.6969218749999999 0.851915625 0.6983875 0.8469265625 0.701675 0.8423765624999999 0.6999593749999999 0.8355343749999999 0.703446875 0.8132140625 0.7044328125 0.802021875 0.6940999999999999 0.8009484375 0.684265625 0.8011125 0.66328125 0.80115 0.6600984375000001 0.801478125 0.6489265625 0.8011078125 0.6409203125 0.8035609375 0.6413984375 0.8069750000000001 0.6432828125000001 0.81339375 0.6455437500000001 0.8183828125 0.6439171875 0.8209671875 0.638484375 0.8214578124999999 0.626028125 0.81916875 0.6189890625000001 0.8173281250000001
0 0.512734375 0.8561046875 0.4906859375 0.8551953125 0.4877140625 0.8592375000000001 0.49667500000000003 0.8602171875 0.52840625 0.8594359375 0.5607828125000001 0.8573375000000001 0.557640625 0.8550765625000001 0.5498296875 0.8522500000000001 0.538521875 0.8545234374999999 0.512734375 0.8561046875
0 0.47899375 0.8103296875 0.4816328125 0.8138015624999999 0.49106249999999996 0.8135546874999999 0.48750937499999997 0.8085796875 0.48180468750000005 0.8088593749999999 0.47899375 0.8103296875
0 0.341421875 0.870034375 0.35535 0.879515625 0.36574062500000004 0.8844156249999999 0.37758437499999997 0.878953125 0.3908625 0.8717921875 0.3952546875 0.8638 0.3939171875 0.8620015625 0.38093750000000004 0.8618 0.358253125 0.8655203124999999 0.3592484375 0.8613890625 0.360278125 0.85640625 0.36419999999999997 0.85126875 0.36877343749999997 0.8457609375 0.377525 0.8419609375 0.3819765625 0.83841875 0.38468749999999996 0.835796875 0.3842828125 0.833228125 0.3798328125 0.8323 0.3720359375 0.8346171874999999 0.36488437500000004 0.8363875000000001 0.3592578125 0.840325 0.355703125 0.8382203125000001 0.35155625 0.837965625 0.34797500000000003 0.8396125 0.3429125 0.8373906249999999 0.34574375 0.8341375 0.34920625 0.8312359375 0.3520578125 0.8275750000000001 0.3527515625 0.8250171875 0.3554625 0.8231187500000001 0.3598984375 0.8212781250000001 0.363621875 0.8191109375 0.368234375 0.816309375 0.373421875 0.8139796875 0.37704375 0.8123437499999999 0.38304375 0.8094546875 0.38561875 0.8071859375000001 0.39249375 0.804215625 0.3881953125 0.7972546875 0.38458281250000004 0.7931421875 0.38293125 0.7908000000000001 0.37698906249999997 0.7913359375 0.3698625 0.7927171875 0.3606828125 0.794234375 0.3583546875 0.7950515625000001 0.3469203125 0.7948640625000001 0.3398875 0.7879796875 0.3363453125 0.776965625 0.33864218749999997 0.7762875 0.34335312500000004 0.7714765625 0.341196875 0.7699046875 0.33876093749999997 0.7667765625 0.34078125 0.7657453125 0.3469 0.764021875 0.3513359375 0.7614828124999999 0.356090625 0.7575875 0.360921875 0.7546875 0.3663296875 0.75243125 0.372575 0.7497859375 0.37183125 0.7462984374999999 0.3672390625 0.7461859375000001 0.36073125 0.7487125 0.3558765625 0.7508375 0.3474765625 0.7521796875 0.34614218750000003 0.748309375 0.34788593749999996 0.7440234375 0.3509171875 0.7392953125 0.35785 0.7354375 0.3623984375 0.7292703125 0.360375 0.7240765625 0.3571109375 0.72485 0.3576140625 0.71636875 0.3586453125 0.7072453125 0.3606453125 0.7060796875 0.367175 0.7034015625000001 0.3534984375 0.6996296875 0.35328593750000004 0.697215625 0.3513609375 0.6904015625000001 0.3503015625 0.6874265625 0.34038124999999997 0.6822828125 0.33515625 0.6808640625 0.327146875 0.6791515625 0.319575 0.67624375 0.31218124999999997 0.6772984375 0.3109609375 0.6740125 0.3094484375 0.668096875 0.2881375 0.6698500000000001 0.2801453125 0.6722859375 0.2786140625 0.6730437499999999 0.2647984375 0.6716562500000001 0.260909375 0.667578125 0.2518046875 0.667878125 0.24538125000000002 0.6668328125 0.22514531249999997 0.666209375 0.20530624999999997 0.6538062499999999 0.2196078125 0.649603125 0.22392656249999998 0.6443265625000001 0.204384375 0.64681875 0.2027125 0.6387921875 0.203765625 0.63143125 0.19633125 0.620384375 0.210853125 0.6127171875 0.2231109375 0.6080015624999999 0.1971234375 0.6011031250000001 0.194225 0.593434375 0.1878234375 0.5708593750000001 0.18733125 0.5571390625 0.18419687499999998 0.5425015625 0.1820859375 0.5257765625 0.1796 0.50900625 0.17671874999999998 0.498175 0.1742921875 0.47579843750000006 0.1718078125 0.46412812499999995 0.16616718749999998 0.464946875 0.1961453125 0.6636562500000001 0.19705625 0.6648734375 0.198125 0.6688375 0.19899687500000002 0.6748968750000001 0.20495156250000002 0.7137609375 0.20604218749999997 0.719465625 0.20830312499999998 0.72674375 0.210721875 0.7356109375 0.2117578125 0.7498703124999999 0.2117578125 0.7540281249999999 0.2108921875 0.7583656249999999 0.2151734375 0.7660312499999999 0.215021875 0.7761921875 0.21694375 0.7825765625 0.21742187500000001 0.7910125 0.22102968750000002 0.8011265625 0.21998437499999998 0.8095328125 0.2209171875 0.8167843749999999 0.22113437500000002 0.821953125 0.2233703125 0.820525 0.227390625 0.8425156250000001 0.2310390625 0.867240625 0.232040625 0.8744937500000001 0.2338625 0.8741687499999999 0.2429328125 0.8739625 0.2548609375 0.87493125 0.266621875 0.87493125 0.2721671875 0.87555625 0.28215 0.87539375 0.2913 0.8753953125 0.29771562500000004 0.8718546875 0.3069046875 0.86996875 0.325225 0.868828125 0.3327109375 0.868828125 0.341421875 0.870034375