0 0.6782734375 0.4154359375 0.6741140624999999 0.40839218749999995 0.66875625 0.40045156249999997 0.6657171875000001 0.40030937499999997 0.6603609374999999 0.40242500000000003 0.6574390625000001 0.4085515625 0.6535234375 0.41300156250000003 0.6501046875000001 0.41330156249999994 0.6457921875 0.4108421875 0.6392796875 0.42406718750000005 0.63219375 0.43033593750000004 0.6263093750000001 0.43143750000000003 0.6223109375 0.432365625 0.6193906250000001 0.43353906249999996 0.6145078125000001 0.435828125 0.607790625 0.4370015625 0.602509375 0.4370015625 0.59913125 0.4370015625 0.599840625 0.4425109375 0.597278125 0.4427890625 0.59574375 0.439409375 0.59498125 0.43887968749999995 0.5895015625 0.4379984375 0.5815171875 0.4359890625 0.5804421875 0.43846093750000004 0.577503125 0.4427703125 0.5754546875 0.4423296875 0.5729890625 0.445478125 0.5699484375 0.45360468750000005 0.57100625 0.463840625 0.5750859375 0.47306875000000004 0.5816609374999999 0.4761921875 0.5905843749999999 0.4780296875 0.5946281250000001 0.477428125 0.6001546875 0.47627968750000005 0.6028328125 0.47744687499999994 0.6009984375 0.4849 0.5992265625 0.491871875 0.6045874999999999 0.49693125 0.6143453125 0.49468750000000006 0.6194140625 0.49285625 0.6246296874999999 0.48952656250000004 0.6323171875 0.4845546875 0.640371875 0.48370625 0.6487421875 0.482665625 0.6540796875 0.4809375 0.6590171875 0.4810765625 0.6577968750000001 0.47685000000000005 0.656209375 0.46516875 0.6607000000000001 0.46362031249999996 0.6665890625 0.46615312500000006 0.6685296875 0.4692265625 0.669215625 0.473596875 0.6711437499999999 0.476446875 0.6768984375 0.48011406250000005 0.6810453125 0.4865390625 0.6839609375 0.4907265625 0.6883328125 0.4939578125 0.6946953125 0.494865625 0.7132515625 0.4900640625 0.71695 0.48437656249999994 0.7173453125 0.4738515625 0.7149421874999999 0.4632875 0.714246875 0.4529703125 0.7121187499999999 0.44043124999999994 0.7081703125 0.43048281250000003 0.6990375 0.4256390625 0.6888265625 0.42147968750000003 0.6782734375 0.4154359375
0 0.647584375 0.3720953125 0.653921875 0.375259375 0.6556124999999999 0.3725484375 0.6548265625 0.36916875 0.6526484375 0.366353125 0.6494734375 0.36345 0.64698125 0.3627265625 0.645671875 0.36583125 0.64683125 0.3705203125 0.647584375 0.3720953125
0 0.6236765625 0.3660984375 0.6221984375 0.367790625 0.6220546875 0.3699875 0.6227921875 0.37082187499999997 0.6243234375 0.37218125 0.6262624999999999 0.37137031249999997 0.62661875 0.36961093749999996 0.626265625 0.36767656249999997 0.624384375 0.3660984375 0.6236765625 0.3660984375
0 0.7403640625000001 0.33731093749999996 0.7427140624999999 0.3386046875 0.744890625 0.3429546875 0.7463953125 0.3325828125 0.749803125 0.3284078125 0.751428125 0.3253609375 0.7500640625 0.3160046875 0.7462296875 0.3120796875 0.745525 0.3079328125 0.7370796875 0.31755468750000004 0.732528125 0.321815625 0.7285125 0.32745 0.7262593749999999 0.3350140625 0.7273703125 0.342365625 0.7403640625000001 0.33731093749999996
0 0.7565671875 0.438953125 0.7549671874999999 0.4339359375 0.7512796875000001 0.43636406250000004 0.74864375 0.43952187499999995 0.7488546875 0.44297031249999996 0.7527640625 0.44570156250000004 0.7569328125 0.44486875000000003 0.7565671875 0.438953125
0 0.7652046875 0.4052203125 0.76416875 0.410640625 0.7647781250000001 0.41385625 0.7673234375 0.41694062499999995 0.7702015624999999 0.415971875 0.7729734374999999 0.41259218750000004 0.7714109375 0.40561875000000003 0.77018125 0.40514374999999997 0.7652046875 0.4052203125
0 0.7200203125 0.43995468750000005 0.72010625 0.44601406250000003 0.722428125 0.448478125 0.725859375 0.4475375 0.7283765625 0.441446875 0.7304859375 0.43531718750000004 0.7326203125 0.429509375 0.7357890625 0.42320624999999995 0.7374265624999999 0.41802812500000003 0.7400859375 0.40821562499999997 0.740121875 0.40265312499999995 0.735290625 0.40091093750000006 0.73439375 0.4030046875 0.7329546875 0.4052234375 0.7307625 0.400746875 0.7275953125 0.399228125 0.725534375 0.40086562499999995 0.72550625 0.40656875000000003 0.727865625 0.41162031250000003 0.7269546874999999 0.4169203125 0.7228359375 0.4126046875 0.7186625 0.4173796875 0.717975 0.4214640625 0.718184375 0.422134375 0.72388125 0.42161875000000004 0.7273453125 0.4196640625 0.7284609375 0.42341249999999997 0.729053125 0.4307046875 0.72818125 0.433134375 0.7213937500000001 0.4377 0.7200203125 0.43995468750000005
0 0.6555718749999999 0.2816765625 0.6530046875 0.27961562500000003 0.6519484375 0.282375 0.648878125 0.284225 0.6504624999999999 0.2860765625 0.6544218749999999 0.2847203125 0.6553203125 0.2843859375 0.6555718749999999 0.2816765625
0 0.7456734375 0.2558859375 0.74424375 0.25455625 0.740184375 0.2585296875 0.7392296875000001 0.260221875 0.74066875 0.2637359375 0.7462671875 0.26348906250000004 0.7470203125 0.2606015625 0.7456734375 0.2558859375
0 0.6069265625 0.7001546875 0.6064078125 0.7041421875 0.6085703125 0.7081921875 0.6131656249999999 0.7096984375 0.614565625 0.7085890625 0.6164671875 0.7059140625 0.6168640625 0.699609375 0.6151859375 0.6967234375 0.612196875 0.697340625 0.608815625 0.6979703125000001 0.6069265625 0.7001546875
0 0.7713 0.9182140625 0.7677343750000001 0.924284375 0.7680281250000001 0.9281312500000001 0.77138125 0.9288484374999999 0.7750250000000001 0.9274390625000001 0.776675 0.9256078125 0.7759546875 0.92141875 0.77413125 0.9188671875000001 0.7713 0.9182140625
0 0.205196875 0.869953125 0.2074125 0.86573125 0.20567031249999998 0.8627109374999999 0.2035328125 0.8618218750000001 0.1993859375 0.86301875 0.1987140625 0.86425 0.1954390625 0.8686015625 0.1968046875 0.874075 0.20095000000000002 0.8736078125000001 0.2039171875 0.8717046875 0.205196875 0.869953125
0 0.3570875 0.8458265624999999 0.3547859375 0.8475828125 0.3525203125 0.85163125 0.3542109375 0.8570187499999999 0.357746875 0.8582046875 0.36051875 0.8566734374999999 0.36145625 0.8520609374999999 0.35993906249999996 0.8475203125 0.3570875 0.8458265624999999
0 0.388503125 0.96818125 0.38737656249999997 0.9717671875 0.38816875 0.9762453125 0.389909375 0.9778828125000001 0.39315625 0.9773015624999999 0.3954390625 0.9742046875 0.39523593749999997 0.9685375 0.393478125 0.9652984375000001 0.388503125 0.96818125
0 0.43011406250000006 0.4721484375 0.42617031250000004 0.4738234375 0.4243625 0.4765125 0.42436562499999997 0.4804546875 0.42895781250000004 0.48443593749999997 0.433196875 0.48246406249999996 0.43364531250000005 0.478346875 0.43221875 0.4732421875 0.43011406250000006 0.4721484375
0 0.42322812499999996 0.4101265625 0.4217359375 0.4074375 0.42188125000000004 0.40471562499999997 0.42015156249999996 0.4009359375 0.4175625 0.39747656249999996 0.41685 0.39370781250000003 0.41306093749999995 0.38917812500000004 0.40616562500000003 0.38901093750000004 0.40153125 0.39142343749999997 0.415234375 0.4168640625 0.4171828125 0.4183703125 0.4205984375 0.416884375 0.42423124999999995 0.4136203125 0.42322812499999996 0.4101265625
0 0.24506250000000002 0.185903125 0.2524546875 0.1813015625 0.2613890625 0.1822421875 0.2539703125 0.20134375000000002 0.2473578125 0.1999375 0.2457328125 0.20933593749999999 0.2551453125 0.2271421875 0.2733625 0.2574953125 0.28965 0.27273281250000003 0.3136703125 0.29841093750000003 0.317303125 0.3022390625 0.324796875 0.3003515625 0.329771875 0.29160624999999996 0.33552499999999996 0.285371875 0.3412859375 0.2872265625 0.35236875 0.2786953125 0.35993437500000003 0.2719875 0.3685953125 0.26068281249999997 0.3712640625 0.24689843749999998 0.3698515625 0.236921875 0.361415625 0.226971875 0.3569 0.21739999999999998 0.3613109375 0.21535781250000002 0.3617390625 0.21097656250000002 0.35968125 0.19724375 0.36405625 0.19466875 0.369446875 0.1926390625 0.374453125 0.1879171875 0.377409375 0.1697203125 0.3826453125 0.15554375 0.390234375 0.15604374999999998 0.40164218749999997 0.1617921875 0.40878125 0.1621796875 0.40848281249999996 0.15683125 0.4071625 0.1538953125 0.4043234375 0.15024375 0.4014734375 0.1446484375 0.4008859375 0.1372234375 0.3995765625 0.1305046875 0.3961046875 0.126296875 0.3896609375 0.1200671875 0.385425 0.11437968750000001 0.3823484375 0.10920468750000001 0.378903125 0.1045015625 0.375378125 0.09726718749999999 0.371021875 0.0916890625 0.3642359375 0.0888859375 0.36172499999999996 0.081209375 0.35128593750000003 0.071771875 0.34657343749999997 0.0715046875 0.3447015625 0.07787812499999999 0.3525734375 0.0810109375 0.3508671875 0.08931875 0.3341296875 0.0854625 0.318475 0.0897625 0.3204359375 0.0842640625 0.325875 0.07497812499999999 0.3344859375 0.063353125 0.3415390625 0.053937500000000006 0.34659062500000004 0.048659375 0.3475140625 0.043465625 0.33774375 0.041840625 0.3344828125 0.038940625 0.32455625 0.05119375 0.315715625 0.06658906249999999 0.31741874999999997 0.06873749999999999 0.32779375 0.051821874999999996 0.3307109375 0.0529875 0.3170953125 0.075334375 0.3091765625 0.08891875 0.301884375 0.089884375 0.2960484375 0.095696875 0.2921671875 0.10391874999999999 0.2998734375 0.1195171875 0.2941296875 0.11463749999999999 0.2880796875 0.113346875 0.279796875 0.115053125 0.27226875 0.1030515625 0.26894062500000004 0.10228124999999999 0.2665921875 0.10222968750000001 0.275009375 0.11791718749999999 0.2621 0.1383078125 0.25298750000000003 0.1470078125 0.25358437500000003 0.1517625 0.25285156249999996 0.1605265625 0.242490625 0.173778125 0.2361921875 0.183215625 0.2275171875 0.1926890625 0.22273125 0.2048890625 0.2208703125 0.217371875 0.22477968750000002 0.2102375 0.2311328125 0.2038890625 0.23638281249999998 0.1979609375 0.24506250000000002 0.185903125
0 0.48423125 0.195228125 0.487353125 0.1893203125 0.48472031250000003 0.183409375 0.482421875 0.1847703125 0.481346875 0.19090000000000001 0.48423125 0.195228125
0 0.508275 0.18090781250000001 0.5117046875 0.1832328125 0.5169609375 0.18701874999999998 0.5154390624999999 0.191665625 0.5143890625 0.20071406249999998 0.5187 0.1990703125 0.5235593749999999 0.2013078125 0.5310015625 0.20261093749999998 0.53374375 0.19608281249999998 0.5469984375 0.173221875 0.5459125 0.1707296875 0.5441171875 0.16503125000000002 0.5450468749999999 0.16076875 0.546409375 0.15433125 0.5455656249999999 0.1540546875 0.53954375 0.1568734375 0.5345921875 0.1623515625 0.5308421875 0.1656828125 0.5277265625 0.1648828125 0.522815625 0.16624375 0.520584375 0.1715765625 0.519659375 0.17271562499999998 0.5171515624999999 0.167240625 0.51475 0.162653125 0.5128625 0.16360312500000002 0.5088843749999999 0.172228125 0.5068484375 0.176965625 0.508275 0.18090781250000001
0 0.496040625 0.182428125 0.49469062499999994 0.1844515625 0.49566875 0.190540625 0.49745 0.194525 0.501384375 0.19656562500000002 0.50508125 0.19318437500000002 0.5052171875 0.1860734375 0.5029359375 0.1827828125 0.500534375 0.1800015625 0.496040625 0.182428125
0 0.0646375 0.4140359375 0.066846875 0.41423437500000004 0.06814375 0.42307187500000004 0.0720375 0.42181875 0.075471875 0.4143 0.07624062499999999 0.408596875 0.072271875 0.41093906249999995 0.0646375 0.4140359375
0 0.27282656250000004 0.453415625 0.2717265625 0.451603125 0.2691796875 0.45230781249999996 0.26785000000000003 0.45446093750000005 0.2693546875 0.45772812500000004 0.2723625 0.457584375 0.27282656250000004 0.453415625
0 0.27358906250000004 0.3766171875 0.27195 0.38146874999999997 0.272240625 0.3879125 0.274484375 0.3923671875 0.2780234375 0.38858281250000004 0.27844531250000004 0.38456875 0.2767421875 0.3799578125 0.27511874999999997 0.3784984375 0.27358906250000004 0.3766171875
0 0.0986859375 0.41068437500000005 0.0999140625 0.4163640625 0.10070625 0.4218484375 0.10313593750000001 0.4236484375 0.1058546875 0.42169375000000003 0.10597812499999999 0.4178921875 0.104878125 0.4152703125 0.1027640625 0.41273593750000004 0.0986859375 0.41068437500000005
0 0.0513953125 0.9740671875 0.0548296875 0.9654484374999999 0.0521796875 0.9640734375 0.0491953125 0.9689140625 0.0454484375 0.9690031250000001 0.042043750000000005 0.973475 0.042785937499999996 0.9807296875 0.0467734375 0.9789828125 0.0513953125 0.9740671875
0 0.2499515625 0.8657656250000001 0.251575 0.8605562499999999 0.2498890625 0.8550125 0.24263125 0.8656734374999999 0.24049843750000002 0.870253125 0.2458984375 0.8701328125 0.2499515625 0.8657656250000001
0 0.508275 0.030603125 0.506596875 0.029759374999999998 0.5023734375 0.033790625000000005 0.50248125 0.04124375 0.50741875 0.043071874999999996 0.5095734375000001 0.0363765625 0.508275 0.030603125
0 0.7769078125 0.16649687500000002 0.7715 0.172934375 0.767053125 0.175740625 0.7642421875000001 0.17540625 0.7649640625 0.1695625 0.7676578125 0.1642796875 0.76600625 0.1579421875 0.7616453125 0.1561984375 0.7581828125000001 0.15823437499999998 0.75440625 0.1657984375 0.7517296875 0.175265625 0.750759375 0.181428125 0.7537843750000001 0.1934765625 0.76213125 0.1992515625 0.7631609375 0.1992515625 0.7702515625 0.19705 0.7732015624999999 0.18776874999999998 0.7789765625 0.1835234375 0.7837156249999999 0.179596875 0.7815859374999999 0.16904999999999998 0.7769078125 0.16649687500000002
0 0.6866046875 0.08076875 0.6823859375 0.08123749999999999 0.6767640625 0.0840703125 0.6746515625 0.082184375 0.6750906249999999 0.0766921875 0.6765296875 0.0720625 0.67820625 0.06674687500000001 0.6781015625 0.0624859375 0.6767531250000001 0.0606265625 0.67205 0.06344999999999999 0.6670046875 0.0678375 0.665865625 0.072659375 0.66618125 0.0758609375 0.6692437499999999 0.07804375 0.672465625 0.0797875 0.674496875 0.08319375 0.6753546874999999 0.0843296875 0.6856140625 0.09240781249999999 0.6893921875 0.0856109375 0.6904296875 0.0811046875 0.6866046875 0.08076875
0 0.6585921875 0.12871875 0.6618125 0.12937656250000001 0.6641234375 0.12663125 0.66695 0.119378125 0.6672421875000001 0.113853125 0.6650921875 0.1084484375 0.6635500000000001 0.1075515625 0.660503125 0.1083 0.6634187500000001 0.116215625 0.6625828125 0.11466875000000001 0.6578734374999999 0.1141515625 0.655671875 0.11803125 0.6571671875 0.12622187499999998 0.6585921875 0.12871875
0 0.7121921875 0.18969687500000001 0.713659375 0.1845828125 0.7119578125 0.18091875 0.7097125 0.18165 0.7075750000000001 0.18284687500000002 0.7048296875 0.1896234375 0.7076749999999999 0.1919640625 0.7121921875 0.18969687500000001
0 0.84071875 0.2876984375 0.8469484375 0.2937984375 0.8529687499999999 0.2905046875 0.855809375 0.2848703125 0.8553515624999999 0.2791484375 0.8508359375 0.2781453125 0.8444499999999999 0.281115625 0.8418546875 0.2839109375 0.84071875 0.2876984375
0 0.8872921874999999 0.20906093750000002 0.8831734375 0.20741562500000002 0.8809531249999999 0.21237499999999998 0.882759375 0.2150203125 0.885540625 0.2168859375 0.8912984375 0.211778125 0.8901953125000001 0.20861718749999997 0.8872921874999999 0.20906093750000002
0 0.86850625 0.060607812500000004 0.863665625 0.0693765625 0.8628578125 0.074028125 0.8684828124999999 0.0788859375 0.8723140624999999 0.074790625 0.8754328125 0.0658828125 0.8751890625 0.0606015625 0.8734078125 0.0570453125 0.86850625 0.060607812500000004
0 0.93281875 0.0884 0.9345234375 0.0864609375 0.9363171875 0.0760578125 0.9342015625 0.07658125 0.9323546875 0.076915625 0.93098125 0.0781125 0.9288015625 0.08189687500000001 0.93281875 0.0884
0 0.9599484374999999 0.472840625 0.96663125 0.46810625000000006 0.9677765624999999 0.46572031249999996 0.967084375 0.4579015625 0.96350625 0.45456250000000004 0.9562140625 0.45555312499999995 0.9545359375 0.45949687499999997 0.9537093750000001 0.469565625 0.9599484374999999 0.472840625
0 0.85578125 0.5057953125 0.859278125 0.51310625 0.8651406250000001 0.5151453125 0.870184375 0.5120453125 0.8697796875 0.5072921874999999 0.8670828125 0.5013078125 0.8621015625 0.494671875 0.8592484375 0.492646875 0.8557609375 0.49286874999999997 0.8547640624999999 0.4990046875 0.85578125 0.5057953125
0 0.7391953124999999 0.47473124999999994 0.7358875 0.4713484375 0.732009375 0.4774328125 0.7308859375 0.4795984375 0.7326265624999999 0.4829515625 0.7365859375 0.4809265625 0.74000625 0.47758124999999996 0.7391953124999999 0.47473124999999994
0 0.8017875 0.3738921875 0.7999265624999999 0.37821875 0.8016328125 0.38439843749999997 0.8054625 0.38763281250000003 0.8091328125 0.382103125 0.8103624999999999 0.37435625 0.8080812500000001 0.370590625 0.8045781249999999 0.3720765625 0.8017875 0.3738921875
0 0.793828125 0.8634031249999999 0.7878484375 0.8637375 0.7845890625 0.8671078124999999 0.7852765625 0.872725 0.7903328125 0.87604375 0.79453125 0.874528125 0.7959703124999999 0.8695812500000001 0.7949765625 0.8660249999999999 0.793828125 0.8634031249999999
0 0.8162437499999999 0.845334375 0.810128125 0.8470890624999999 0.8045265625000001 0.8544859375 0.8080125 0.8573031249999999 0.8140906250000001 0.8593125 0.8217000000000001 0.858084375 0.825228125 0.8541015625 0.8279562500000001 0.8458171875 0.8205234375 0.8462624999999999 0.8162437499999999 0.845334375
0 0.914403125 0.7956609375 0.90903125 0.7953328125 0.909728125 0.8057124999999999 0.9149578125 0.8166171875 0.9199640625000001 0.81688125 0.921840625 0.806384375 0.915871875 0.7956609375 0.914403125 0.7956609375
0 0.8320343749999999 0.6384375 0.8299921875 0.6412890625000001 0.8303953125 0.64674375 0.8335343749999999 0.6478890625 0.8371265625 0.6455124999999999 0.8360515625 0.63991875 0.8342031249999999 0.63810625 0.8320343749999999 0.6384375
0 0.9434984375000001 0.6052953125 0.9473140624999999 0.606828125 0.9522281250000001 0.599978125 0.9516203125 0.5963359374999999 0.9485453125 0.594259375 0.9469609374999999 0.595703125 0.9443187500000001 0.59864375 0.9434984375000001 0.6052953125
0 0.9383609375 0.552065625 0.9353187500000001 0.5522546875 0.9326796875 0.5532953125 0.927609375 0.5522796875 0.924640625 0.554234375 0.9225796875000001 0.56173125 0.9252015625000001 0.5696734375 0.9300656249999999 0.5684328125 0.9341734374999999 0.5649234375 0.9383609375 0.552065625
0 0.921159375 0.48807812500000003 0.924128125 0.490765625 0.922153125 0.49695625000000004 0.928703125 0.504234375 0.9337078125 0.505496875 0.9349359375 0.4966078125 0.9306140624999999 0.48569218750000004 0.929471875 0.47467499999999996 0.9250921875 0.47582812499999994 0.9217890625 0.47984375 0.921159375 0.48807812500000003
0 0.7310156250000001 0.004409375 0.7304890625 0.007165625 0.7293796875 0.009962500000000001 0.7304953125 0.015473437500000001 0.7326718750000001 0.0152296875 0.7347421875 0.0205265625 0.738990625 0.0215734375 0.740978125 0.014128125 0.7381 0.006640625 0.7310156250000001 0.004409375
0 0.8778640624999999 0.0063875 0.8773250000000001 0.007109374999999999 0.878328125 0.011931250000000001 0.8849015625 0.011379687500000001 0.8858796874999999 0.009901562499999999 0.8830937499999999 0.0028250000000000003 0.8802109375 0.00298125 0.8778640624999999 0.0063875
0 0.956746875 0.044215624999999995 0.9553734374999999 0.0461296875 0.9558890625 0.0554890625 0.9608421875 0.05948125 0.9635624999999999 0.055906250000000005 0.963753125 0.049392187500000004 0.9586578125 0.0444625 0.956746875 0.044215624999999995
0 0.68176875 0.20767031249999998 0.67944375 0.2098765625 0.6764171875 0.21424218750000001 0.678846875 0.2221328125 0.685209375 0.21919218749999997 0.6874015625000001 0.2117296875 0.6849671875000001 0.20686875 0.68176875 0.20767031249999998
0 0.763596875 0.134928125 0.7619828125 0.1387078125 0.7635015625 0.14369062500000002 0.7669078125000001 0.145296875 0.7718328125 0.1428671875 0.7694078125 0.1363375 0.76700625 0.1336078125 0.76461875 0.13479531250000001 0.763596875 0.134928125
0 0.8207453125 0.34507656249999996 0.8194234375 0.3423390625 0.8136374999999999 0.3449671875 0.811446875 0.347225 0.8140906250000001 0.35273750000000004 0.817021875 0.3530140625 0.8202031249999999 0.34817343749999996 0.8207453125 0.34507656249999996
0 0.41890312500000004 0.7792828125 0.4165828125 0.7819906249999999 0.4173765625 0.7909984375 0.42374687499999997 0.7938671875 0.42540781250000004 0.787146875 0.425459375 0.781759375 0.4205265625 0.7786187499999999 0.41890312500000004 0.7792828125
0 0.47662187500000003 0.7807328124999999 0.478925 0.78513125 0.47938281250000003 0.7832453125 0.47877656249999995 0.7796031250000001 0.47476250000000003 0.777140625 0.47662187500000003 0.7807328124999999
0 0.521484375 0.86489375 0.5264234375 0.8694203125 0.5294421875 0.8611296875000001 0.52695 0.860653125 0.521484375 0.86489375
0 0.433990625 0.6123359374999999 0.4327234375 0.6099078125 0.4293703125 0.6112234375 0.4280234375 0.6154546875 0.43019999999999997 0.618871875 0.4332625 0.6185671875 0.433990625 0.6123359374999999
0 0.513371875 0.5548890625 0.5126703125 0.558834375 0.5149765625 0.5599453125 0.518625 0.5562609375 0.5149171875 0.55335 0.513371875 0.5548890625
0 0.5060953125000001 0.56950625 0.502828125 0.5721828125 0.503515625 0.577809375 0.5069625 0.5809578125 0.5093375 0.5812515625 0.5112921874999999 0.5745234375 0.50944375 0.5702125 0.5060953125000001 0.56950625