0 0.4036046875 0.8727671875 0.4125328125 0.8692953125 0.41782343749999995 0.8650796875 0.421296875 0.863715625 0.4219578125 0.8627234375 0.41914687500000003 0.8603671875 0.40757343749999997 0.8608625 0.3943453125 0.85863125 0.3941796875 0.85081875 0.3926921875 0.8467265625 0.384425 0.8459828125 0.3774796875 0.84300625 0.3685515625 0.8442453125 0.36193749999999997 0.8427578125 0.356646875 0.84300625 0.35863125 0.8385421875000001 0.3683859375 0.83519375 0.3614421875 0.8329609375 0.3536953125 0.8308671875 0.34913906250000004 0.833065625 0.355003125 0.836153125 0.34581875 0.8396156250000001 0.3495375 0.8426343749999999 0.34193125 0.8468500000000001 0.3416 0.8510671875 0.3473875 0.8561515625 0.35069374999999997 0.8573906250000001 0.357675 0.8554468749999999 0.3640609375 0.85725 0.36703125000000003 0.8584078125 0.380021875 0.8571843749999999 0.39353125 0.8548406249999999 0.3941 0.8567734375 0.3614078125 0.861684375 0.3634265625 0.8674359375 0.367228125 0.8725203125000001 0.3774796875 0.8759921875 0.4036046875 0.8727671875
0 0.4599875 0.8198171875 0.458003125 0.816096875 0.45089218750000004 0.8120046875 0.4366734375 0.8125 0.4332015625 0.8113843749999999 0.4399796875 0.8077875000000001 0.4604828125 0.8058031250000001 0.4619703125 0.80394375 0.461309375 0.799975 0.44923906249999995 0.7958828125 0.44031093749999994 0.7938984375 0.4350203125 0.7938984375 0.4293984375 0.7916671875 0.42460312499999997 0.7915421874999999 0.41980781250000004 0.7938984375 0.4148484375 0.7948906250000001 0.40294375000000004 0.7948906250000001 0.39897499999999997 0.7958828125 0.402115625 0.799975 0.40178593749999997 0.8044390625 0.40591875 0.8067953125 0.41319375 0.80853125 0.41931250000000003 0.8133687500000001 0.41997343750000005 0.81634375 0.4150125 0.81956875 0.41997343750000005 0.8284968750000001 0.422784375 0.8306046874999999 0.42609062499999995 0.8311015625 0.43535 0.8296125 0.4459328125 0.8311015625 0.451884375 0.8291171875 0.454365625 0.8272562499999999 0.453703125 0.8232890625 0.4599875 0.8198171875
0 0.3963625 0.8217390625000001 0.401171875 0.822228125 0.40509218750000003 0.821553125 0.4041 0.817584375 0.398478125 0.8170890625 0.3969390625 0.8197421874999999 0.3963625 0.8217390625000001
0 0.669478125 0.9012890625000001 0.6532734375 0.9032734375 0.650296875 0.9057546875 0.64500625 0.9064984375 0.6392203125 0.909846875 0.643353125 0.9129468749999999 0.6602187500000001 0.9141859374999999 0.6764218750000001 0.91245 0.6860125 0.9094734375 0.6962625 0.910465625 0.70816875 0.909721875 0.7253640625 0.9042656250000001 0.7275125 0.9021578124999999 0.7223875 0.8960812499999999 0.7166 0.8952140625 0.68568125 0.8958328124999999 0.680059375 0.8985609374999999 0.669478125 0.9012890625000001
0 0.630290625 0.901909375 0.6314437500000001 0.9010765624999999 0.6391234375 0.9007875000000001 0.655284375 0.8996171875 0.65806875 0.899678125 0.6584 0.8979421875 0.6549265625 0.8963296875 0.6474875 0.8962046875 0.6317796875 0.8988093750000001 0.630290625 0.901909375
0 0.6813374999999999 0.932596875 0.6808015625 0.932578125 0.6810515625 0.9322921875000001 0.676090625 0.9310515625000001 0.6643515625 0.930928125 0.65443125 0.9356406249999999 0.6537703125000001 0.9371281249999999 0.6660890625 0.9372624999999999 0.6656046875 0.9379921875000001 0.677409375 0.938740625 0.681259375 0.9352406249999999 0.6806859375000001 0.9331203125 0.6813374999999999 0.932596875
0 0.6043265625 0.9013500000000001 0.607665625 0.9005625 0.61011875 0.8984375 0.6092921875 0.8975687499999999 0.6061515625 0.8974453125 0.592096875 0.8988093750000001 0.5931578125 0.9005531250000001 0.5985625 0.9018124999999999 0.6043265625 0.9013500000000001
0 0.6980046875 0.8295703124999999 0.703434375 0.8299171875000001 0.7062609375 0.82941875 0.7071546875 0.8284921875 0.7006015624999999 0.8261296874999999 0.6906421875000001 0.8266375 0.6894843749999999 0.8275046875 0.6923671875 0.828653125 0.6980046875 0.8295703124999999
0 0.5437875 0.8408468750000001 0.54565 0.8422796874999999 0.5488640625000001 0.842534375 0.5542687500000001 0.8429 0.570378125 0.8411890625 0.5669640625000001 0.8390375000000001 0.5613421875 0.8377968750000001 0.5542328125 0.8379218749999999 0.5393078124999999 0.8391015625 0.5437875 0.8408468750000001
0 0.49445937500000003 0.8349296875000001 0.5019953125 0.83579375 0.5070375 0.8368874999999999 0.5115734375 0.83519375 0.507771875 0.832340625 0.4920640625 0.8322171875000001 0.4890875 0.8337046875 0.4914625 0.8330718750000001 0.4909671875 0.8351671875 0.49445937500000003 0.8349296875000001
0 0.545396875 0.932571875 0.544146875 0.9313 0.5363749999999999 0.931175 0.52955625 0.9319750000000001 0.531065625 0.9353390625 0.532609375 0.9343 0.5341765625 0.9356031249999999 0.5385703125 0.9358359374999999 0.5439203125 0.935959375 0.5453828125 0.934671875 0.5465734375 0.9340624999999999 0.545396875 0.932571875
0 0.61543125 0.9297906250000001 0.6061453125 0.9279 0.6046 0.9308828124999999 0.6100390625000001 0.9314843749999999 0.6144093749999999 0.9308265625000001 0.61543125 0.9297906250000001
0 0.5672671874999999 0.950990625 0.56580625 0.9505203124999999 0.5583671875 0.9500515625 0.5577062500000001 0.9519421875 0.5610375000000001 0.9522625 0.5660515625 0.9528656249999999 0.568415625 0.9531203125 0.5672671874999999 0.950990625
0 0.4633953125 0.9434921875000001 0.46429687499999994 0.9446218749999999 0.4691015625 0.945296875 0.4738296875 0.9460421875 0.476103125 0.9454578124999999 0.47615468749999995 0.9452984375 0.47520468749999994 0.9443140624999999 0.474090625 0.9434374999999999 0.4722421875 0.9432734375 0.47012968749999995 0.9434359375 0.46677656250000005 0.9435140625 0.4633953125 0.9434921875000001
0 0.3484828125 0.9337843749999999 0.3457375 0.9329421874999999 0.343175 0.934096875 0.34213593750000004 0.93543125 0.3454609375 0.9355015625 0.34823125 0.9355640624999999 0.34933593749999997 0.9354671874999999 0.349678125 0.9344625000000001 0.3484828125 0.9337843749999999
0 0.24965937500000002 0.886353125 0.25060937499999997 0.8867421875 0.25270156250000003 0.8872734375 0.25715 0.8888718750000001 0.25895625 0.8886234375000001 0.26046718750000003 0.8884203125000001 0.2604125 0.8876421875 0.25872968749999997 0.8870093750000001 0.256009375 0.8862546874999999 0.2541875 0.8863093750000001 0.2523140625 0.8856609375 0.24965937500000002 0.886353125
0 0.25582343750000003 0.9042640625 0.25253437500000003 0.9049890625 0.2525609375 0.9058609375 0.25361875 0.9059296874999999 0.25668437499999996 0.9059296874999999 0.25998125 0.9052359375 0.264434375 0.9037140625 0.25582343750000003 0.9042640625
0 0.06729531250000001 0.9125953125 0.0627125 0.911753125 0.061873437499999996 0.9125296875 0.058359375000000005 0.9126093750000001 0.05685 0.914125 0.0630359375 0.91483125 0.0655578125 0.9145312499999999 0.0681203125 0.9140734374999999 0.073690625 0.908503125 0.0728375 0.9058531249999999 0.070096875 0.907246875 0.0686390625 0.9107531249999999 0.06729531250000001 0.9125953125
0 0.099740625 0.9142265625 0.09614687499999999 0.9144421875000001 0.094140625 0.914859375 0.08933125 0.9162359375 0.0966890625 0.9164328125000001 0.1010796875 0.917121875 0.10044062499999999 0.915371875 0.09753437499999999 0.9158156249999999 0.099740625 0.9142265625
0 0.10135468750000001 0.90378125 0.098590625 0.9037968749999999 0.09535312500000001 0.9046843750000001 0.09418750000000001 0.904521875 0.0949359375 0.9037124999999999 0.09152656249999999 0.9031 0.0874328125 0.90458125 0.0859578125 0.905634375 0.08915625 0.9054718749999999 0.091796875 0.905903125 0.093553125 0.9063546875 0.0962640625 0.906909375 0.09845625 0.9071890625 0.1012828125 0.90681875 0.10285312499999999 0.9064703125 0.1030734375 0.9049625000000001 0.10135468750000001 0.90378125
0 0.0536703125 0.89611875 0.053121875 0.89848125 0.0484359375 0.8994953125 0.0456609375 0.8997437500000001 0.041185937500000006 0.9004734375 0.03724375 0.902146875 0.03790625 0.9038453125 0.0402671875 0.9046625 0.0466734375 0.904928125 0.0507015625 0.9042406250000001 0.05595625 0.9043109375 0.05746250000000001 0.9050203124999999 0.0591984375 0.9059171875 0.0600703125 0.9065406250000001 0.063225 0.9066656249999999 0.067159375 0.9063015625 0.06947031249999999 0.9057375000000001 0.07226875 0.9052562500000001 0.074184375 0.9059609375000001 0.0753140625 0.9062703125 0.08126875 0.9061703124999999 0.0853484375 0.906009375 0.0851609375 0.9041015625 0.0834796875 0.901878125 0.08143125 0.9012781249999999 0.08386875 0.8979421875 0.084484375 0.8961546874999999 0.08181875 0.8958999999999999 0.0775328125 0.8976484375 0.0766203125 0.8980406249999999 0.07388125 0.896090625 0.06993906250000001 0.89701875 0.0654484375 0.8974 0.065396875 0.8948265624999999 0.0621359375 0.8938828125 0.058959375 0.8935609375 0.062178124999999994 0.896221875 0.0634875 0.8968375 0.05685 0.8958078125 0.0536703125 0.89611875
0 0.05207031250000001 0.9073109374999999 0.051796875 0.9088687500000001 0.052740625 0.9100765624999999 0.055125 0.9101125 0.0579921875 0.909690625 0.0590046875 0.908615625 0.0561453125 0.9067640625 0.05207031250000001 0.9073109374999999
0 0.11992968749999999 0.7894703125 0.114253125 0.7883015624999999 0.1077640625 0.7881750000000001 0.10264374999999999 0.7891734375 0.0986046875 0.7866500000000001 0.0964078125 0.78821875 0.09829218749999999 0.789690625 0.093375 0.79084375 0.0913015625 0.7915203125 0.0894796875 0.7928265624999999 0.091603125 0.7952265625 0.0942328125 0.79645 0.0967515625 0.7973656250000001 0.098590625 0.797925 0.1026328125 0.7964015625 0.105546875 0.7965109375 0.10574375 0.7969578125 0.1225875 0.79299375 0.11992968749999999 0.7894703125
0 0.09307499999999999 0.7593890625 0.09731875 0.757975 0.09666406250000001 0.7543953125 0.0919375 0.7520265625 0.0871375 0.7517890625 0.08013437500000001 0.752159375 0.0758921875 0.7530625 0.0717078125 0.75390625 0.066809375 0.7543234375 0.0642625 0.755475 0.0628 0.7576968749999999 0.0638765625 0.7594671875000001 0.0670953125 0.7612453125 0.0708328125 0.7601625000000001 0.0747296875 0.7607437499999999 0.08711875 0.7607453125 0.09307499999999999 0.7593890625
0 0.19297031250000002 0.5743406249999999 0.1884859375 0.5738796875000001 0.184759375 0.574415625 0.18199062500000002 0.575603125 0.1829109375 0.5777187500000001 0.18308437500000002 0.578359375 0.1816515625 0.5817578125 0.18303125 0.582828125 0.18581875 0.5835171875 0.1896859375 0.5839218749999999 0.1912015625 0.5830375 0.19459375 0.5831671875 0.1977921875 0.5831828125 0.1992671875 0.5799875 0.1982453125 0.5768765625000001 0.19297031250000002 0.5743406249999999
0 0.21389999999999998 0.568490625 0.20854843750000002 0.5694656250000001 0.20227656249999998 0.5688984375 0.19448125 0.56755 0.19188906249999998 0.5705453125 0.192446875 0.5729703125000001 0.195315625 0.5750609375 0.2026515625 0.5782468749999999 0.20295312499999998 0.580125 0.1956890625 0.5826796875 0.1962453125 0.5847125 0.20487187499999998 0.5834453125 0.2096890625 0.582890625 0.21279374999999998 0.5822078125 0.21120156250000002 0.58393125 0.212075 0.5856656250000001 0.21453281249999998 0.588921875 0.21721093749999998 0.590265625 0.2260515625 0.590434375 0.229059375 0.5901156249999999 0.2326875 0.5885687500000001 0.2307546875 0.585234375 0.22739531249999997 0.580134375 0.2323390625 0.583975 0.2334171875 0.58440625 0.23294687500000003 0.5805359375 0.22758281249999998 0.5747796875 0.22698749999999998 0.5730375000000001 0.2324859375 0.57545 0.23517812500000002 0.5740265625000001 0.23493124999999998 0.5697609375 0.229659375 0.5678468750000001 0.22345781250000002 0.56816875 0.21389999999999998 0.568490625
0 0.011403125 0.3826421875 0.015570312499999999 0.384853125 0.019859375000000002 0.383390625 0.0180890625 0.3807 0.0246046875 0.3786078125 0.024609375 0.374521875 0.0234640625 0.3723296875 0.0206015625 0.36967656249999997 0.0170609375 0.36795625 0.011915625000000001 0.3675453125 0.00788125 0.37074375000000004 0.007660937499999999 0.3718109375 0.0037265625 0.3686890625 0 0.3657640625 0.002396875 0.3715265625 0.007103125 0.375709375 0 0.37832656249999996 0.0007265625 0.38303125 0.002784375 0.3844375 0.011403125 0.3826421875
0 0.0753765625 0.367284375 0.082109375 0.3652046875 0.0845390625 0.362471875 0.0811953125 0.3583921875 0.0793265625 0.35715625 0.0751421875 0.3542796875 0.0694671875 0.3529109375 0.06300312500000001 0.3528734375 0.058295312499999995 0.351565625 0.056965625 0.349878125 0.04710625 0.34693125 0.0463265625 0.3479640625 0.044709375 0.3526203125 0.0467984375 0.3562578125 0.046590625000000004 0.3582109375 0.0441359375 0.35823125 0.0382046875 0.35791249999999997 0.0388578125 0.36067343749999997 0.04223125 0.3632046875 0.042907812499999996 0.36495 0.0464375 0.36550625000000003 0.0509421875 0.3660796875 0.0549078125 0.3660796875 0.0568546875 0.3660796875 0.059753125 0.36417968749999996 0.057773437500000004 0.3626578125 0.0557765625 0.3590703125 0.055651562499999994 0.3571203125 0.0608375 0.360034375 0.0634796875 0.36312812499999997 0.06195468750000001 0.3679265625 0.058787500000000006 0.36955312500000004 0.059209374999999995 0.3725265625 0.062796875 0.37203906249999996 0.0676453125 0.3718359375 0.06987656249999999 0.36978125 0.06871875 0.36758281249999997 0.0753765625 0.367284375
0 0.1802453125 0.378125 0.1790703125 0.38254375 0.1765546875 0.38222187500000004 0.170021875 0.379296875 0.1679578125 0.3801765625 0.16387968749999998 0.3828984375 0.1592125 0.375765625 0.15313125 0.3794046875 0.15141875 0.3823984375 0.153446875 0.3855375 0.1572078125 0.3876578125 0.148246875 0.388465625 0.1446015625 0.390140625 0.1506875 0.3942171875 0.1563078125 0.394109375 0.15710625 0.3976078125 0.162575 0.400746875 0.1688515625 0.4028875 0.1760125 0.40510156249999996 0.188115625 0.407159375 0.194884375 0.40503437499999995 0.20223437500000002 0.4035484375 0.2091734375 0.402321875 0.2119296875 0.399703125 0.218934375 0.39971875 0.22565624999999997 0.4001984375 0.22440312499999998 0.3948828125 0.21607812499999998 0.3868859375 0.21396874999999999 0.38550625 0.2178390625 0.3815671875 0.21136249999999998 0.3802640625 0.197621875 0.3820828125 0.1911 0.3821203125 0.187775 0.376684375 0.1851625 0.37612812500000004 0.1802453125 0.378125
0 0.11446875000000001 0.308396875 0.11101875000000001 0.30565625 0.10778281249999999 0.30735 0.11120937500000001 0.31324375 0.11755 0.31646874999999997 0.11956249999999999 0.3185015625 0.12225781250000001 0.32189999999999996 0.1268703125 0.3250140625 0.1283234375 0.325125 0.13328281250000001 0.32328437499999996 0.13594375 0.32040625 0.1326453125 0.3178328125 0.1290515625 0.3141375 0.127859375 0.3097453125 0.11446875000000001 0.308396875
0 0.095603125 0.2497390625 0.09494843750000001 0.24723125 0.0927765625 0.2452 0.088434375 0.24227343750000002 0.08860625 0.2486703125 0.0919703125 0.2504328125 0.095603125 0.2497390625
0 0.1832171875 0.1553234375 0.190321875 0.15523437499999998 0.19784375 0.1545296875 0.20578124999999997 0.1531359375 0.207146875 0.1526328125 0.20744531249999998 0.15104062499999998 0.19903125 0.14897968749999999 0.1811796875 0.14346874999999998 0.1741890625 0.144190625 0.1797796875 0.14526406249999999 0.1820109375 0.1494734375 0.1832171875 0.1553234375
0 0.2597171875 0.32114375 0.25901874999999996 0.3197421875 0.2537578125 0.317578125 0.254528125 0.31948750000000004 0.25644374999999997 0.322178125 0.257809375 0.3242828125 0.25782343750000003 0.32423281249999997 0.259421875 0.3234484375 0.2597171875 0.32114375
0 0.202525 0.3331734375 0.20002499999999998 0.332378125 0.19814062500000001 0.333896875 0.199459375 0.3366296875 0.2013296875 0.3378078125 0.2091296875 0.3411796875 0.20769218750000001 0.33810625 0.20547343749999997 0.33542031250000004 0.202525 0.3331734375
0 0.3568 0.3575484375 0.3606671875 0.3567984375 0.3645 0.3544453125 0.365 0.35109218750000004 0.361228125 0.350825 0.359940625 0.349565625 0.364965625 0.34660625 0.3669703125 0.34507187500000003 0.36571875 0.34198125 0.3591265625 0.343265625 0.356496875 0.3458046875 0.354928125 0.349465625 0.3527265625 0.3506203125 0.3522515625 0.3528328125 0.35052343750000003 0.356515625 0.3513234375 0.3585203125 0.354609375 0.3585953125 0.3568 0.3575484375
0 0.3367125 0.3306296875 0.339959375 0.3304265625 0.353721875 0.32758750000000003 0.3552015625 0.322596875 0.36013125 0.326578125 0.366234375 0.329915625 0.3686375 0.32938125 0.3688046875 0.3250328125 0.3648703125 0.31883125 0.36033593750000004 0.3137203125 0.357675 0.31181875 0.35634062499999997 0.30602968750000004 0.345275 0.3076109375 0.335015625 0.3073359375 0.32610937500000003 0.30659843750000004 0.32203750000000003 0.3090984375 0.319503125 0.31143437500000004 0.31527343750000003 0.312425 0.3177609375 0.31939375000000003 0.31345 0.3205140625 0.3073484375 0.323528125 0.30430625 0.32575468750000003 0.3039578125 0.3294578125 0.30725156249999996 0.332803125 0.314221875 0.3330109375 0.32313749999999997 0.332190625 0.3351234375 0.3297265625 0.3367125 0.3306296875
0 0.44210312500000004 0.2753859375 0.44556562499999997 0.2766921875 0.44942187499999997 0.274790625 0.45134687500000004 0.2700609375 0.4481625 0.2670671875 0.44287031250000003 0.2662109375 0.43469218749999994 0.2652890625 0.4317984375 0.27105 0.4381203125 0.27456718750000003 0.44210312500000004 0.2753859375
0 0.3895484375 0.2613828125 0.3902453125 0.26216875 0.391321875 0.25894062500000004 0.3950125 0.2582375 0.3972484375 0.26294375 0.399721875 0.2677453125 0.40201875 0.2722859375 0.40297031250000004 0.27232500000000004 0.404003125 0.2690203125 0.4010953125 0.263915625 0.398478125 0.257440625 0.398384375 0.2529109375 0.3933890625 0.2506921875 0.388221875 0.2506 0.38488125 0.2553171875 0.3895484375 0.2613828125
0 0.375828125 0.272109375 0.36677499999999996 0.274071875 0.3748453125 0.27776093749999997 0.373384375 0.278396875 0.37122968749999996 0.2819265625 0.37184375 0.2869609375 0.3736671875 0.287971875 0.381690625 0.2965140625 0.38114375 0.3009078125 0.3847328125 0.30767656250000003 0.3877875 0.3111515625 0.3953796875 0.3076921875 0.40542187500000004 0.30213125 0.40963125 0.30008124999999997 0.4115578125 0.2967296875 0.4128 0.2926796875 0.4195078125 0.2901578125 0.42007500000000003 0.288209375 0.415146875 0.2831578125 0.4096984375 0.2817796875 0.4076984375 0.27785625 0.40557499999999996 0.2761328125 0.40174062499999996 0.2752140625 0.40053593750000005 0.2779171875 0.4011296875 0.28200156249999997 0.40003593750000005 0.2856390625 0.3980390625 0.286275 0.38916093749999997 0.28393125 0.3886390625 0.2819375 0.3852765625 0.2761609375 0.3768765625 0.2748640625 0.375828125 0.272109375
0 0.362040625 0.31413437499999997 0.372121875 0.316646875 0.376778125 0.3178375 0.3808828125 0.3156203125 0.3864921875 0.310259375 0.3815484375 0.3021484375 0.374503125 0.299721875 0.3660796875 0.302159375 0.361003125 0.303003125 0.35481562499999997 0.3082109375 0.362040625 0.31413437499999997
0 0.54764375 0.277225 0.5494375 0.277671875 0.5542484375 0.27717187499999996 0.5591140625000001 0.27505625 0.5637046875 0.2719421875 0.562609375 0.269934375 0.5545265625 0.26849218750000003 0.549696875 0.2704640625 0.5482796875 0.277034375 0.54764375 0.277225
0 0.5635765625 0.2729328125 0.559409375 0.276546875 0.5631609375 0.27926562499999996 0.5644484375000001 0.2793421875 0.5662109375 0.2777375 0.56769375 0.27569374999999996 0.566934375 0.2724140625 0.5635765625 0.2729328125
0 0.32575625 0.40577968750000004 0.3314640625 0.40707812499999996 0.3355828125 0.40831249999999997 0.3392953125 0.40995312500000003 0.34352499999999997 0.40769374999999997 0.3482140625 0.4014421875 0.34495156250000003 0.3978078125 0.34135312500000003 0.394290625 0.331528125 0.39386875 0.32513593749999997 0.39468437500000003 0.3238671875 0.39938281249999996 0.317909375 0.39271406249999996 0.31225 0.388590625 0.30919375 0.39073125000000003 0.3103390625 0.3944765625 0.31361249999999996 0.398921875 0.31765 0.40295625 0.3231984375 0.40427656250000005 0.32575625 0.40577968750000004
0 0.343584375 0.43109843750000004 0.3489453125 0.4332 0.3516921875 0.4355171875 0.3545921875 0.43588281249999994 0.3590453125 0.4345625 0.35875625 0.42936874999999997 0.35565156249999996 0.42829843749999996 0.345696875 0.42477656250000007 0.3418953125 0.424834375 0.34094375 0.42816093750000006 0.343584375 0.43109843750000004
0 0.3536125 0.4112234375 0.3567046875 0.414065625 0.3601375 0.41490312500000004 0.36587187499999996 0.41503281249999996 0.37571875 0.41310624999999995 0.3792375 0.41101406249999994 0.3786859375 0.40408437499999994 0.379215625 0.40249218750000004 0.381384375 0.40105625 0.3799765625 0.397421875 0.375128125 0.39732500000000004 0.367696875 0.4004078125 0.3661109375 0.39874062499999996 0.3533703125 0.39545625 0.3466765625 0.3960765625 0.34690625 0.40158281249999994 0.34956875 0.407053125 0.35103125 0.41027031249999996 0.3536125 0.4112234375
0 0.373053125 0.3871125 0.3758390625 0.385921875 0.37380625 0.379290625 0.367690625 0.378375 0.364340625 0.3789609375 0.369378125 0.3859125 0.373053125 0.3871125
0 0.44233124999999995 0.7444515625 0.4448921875 0.7438328125 0.44687656249999996 0.741778125 0.45248906250000004 0.7400546875 0.458515625 0.7374515625 0.45664999999999994 0.736225 0.44891875 0.736225 0.448009375 0.7383 0.444903125 0.7375875 0.4416421875 0.7374203125000001 0.4347015625 0.737275 0.4292515625 0.7385375 0.4281703125 0.7408015625 0.43118437500000006 0.7438484375 0.434034375 0.74496875 0.43793906250000003 0.7450234375 0.44233124999999995 0.7444515625
0 1 0.799553125 0.9986984375000001 0.7972718750000001 0.9959718750000001 0.7949671875 0.9938171875 0.7931843749999999 0.9899515624999999 0.791259375 0.9832812499999999 0.7928625 0.9774515625 0.79554375 0.9783109375000001 0.7985703125 0.9755437499999999 0.7948109375 0.9731343750000001 0.7982625 0.9765453125000001 0.80111875 0.9809546875 0.80111875 0.9915843750000001 0.8020828124999999 0.9971265624999999 0.80190625 1 0.799553125
0 0.7650078125 0.9593281250000001 0.7651296875 0.957021875 0.75915625 0.9573281250000001 0.751459375 0.9584609374999999 0.7536296874999999 0.9591328125 0.761425 0.9608140625000001 0.7650078125 0.9593281250000001
0 0.8362812500000001 0.8530078124999999 0.84408125 0.8467265625 0.8377968750000001 0.846478125 0.8321 0.8426390625 0.8251234375 0.844215625 0.8195203125000001 0.8463921875 0.8053328125 0.8474515625000001 0.8058781249999999 0.851653125 0.82184375 0.8532890625 0.80566875 0.8552109375000001 0.7958000000000001 0.8571421875 0.7855484374999999 0.8611109375 0.7802578125 0.8643359374999999 0.7678859375 0.8655859375 0.7626140625 0.8666171874999999 0.7530453125000001 0.87016875 0.7484921875 0.8734875000000001 0.7728328125 0.8716453124999999 0.7814109375 0.8689125000000001 0.7883640625 0.871253125 0.800921875 0.8719484375000001 0.8105203124999999 0.87485625 0.827659375 0.873253125 0.8385781250000001 0.8738812499999999 0.8339109375 0.876515625 0.8227515625 0.877628125 0.817734375 0.8813531250000001 0.8041484375 0.8842078125 0.8173765625 0.8868124999999999 0.8135546874999999 0.891196875 0.820159375 0.89269375 0.8089968750000001 0.8944671874999999 0.808228125 0.8984203125000001 0.7915703125 0.90121875 0.781403125 0.9020515625 0.7749671874999999 0.9032734375 0.76933125 0.90595 0.765115625 0.9090125 0.76000625 0.9118984375 0.7504953125 0.909721875 0.7418984375 0.9117062499999999 0.74345625 0.9162484375 0.7356328125 0.9163375 0.7356046875 0.9217281249999999 0.7192203125 0.9245859375000001 0.716109375 0.93306875 0.7076718750000001 0.933159375 0.7106484375 0.9368796875 0.713459375 0.93824375 0.716121875 0.9369453125 0.7202468750000001 0.9357156249999999 0.7267484375000001 0.9348531250000001 0.7316921875 0.9312140624999999 0.758859375 0.920859375 0.767196875 0.9191234375 0.7805890625 0.9186515625 0.7864328125 0.91659375 0.78073125 0.9136328125000001 0.80506875 0.9053625000000001 0.8259765625 0.8973984375 0.8393859375 0.893240625 0.9139968749999999 0.8653531250000001 0.9272390625 0.85863125 0.9403640624999999 0.8576625 0.9538515625 0.8558453125 0.9601906250000001 0.8516453125 0.9790015625 0.8509421875 0.9842921875 0.8474703124999999 0.9945437500000001 0.8442453125 0.99966875 0.8391609375 1 0.818825 0.9943781250000001 0.8136156250000001 0.989253125 0.8179562499999999 0.9842921875 0.8182046875 0.9790015625 0.8211812500000001 0.9532078125 0.8286203125 0.937665625 0.8353171875 0.9330078125 0.8394953125000001 0.9214609375 0.8400296875000001 0.9201359374999999 0.8447968749999999 0.9105484374999999 0.8420140625 0.9057265624999999 0.8496640624999999 0.890046875 0.8497031249999999 0.882109375 0.8529265625000001 0.8794640625 0.85540625 0.8802703125000001 0.861321875 0.8725953125 0.8586296875 0.8677796875 0.8611796875 0.8685546875 0.8656390625 0.8564187499999999 0.8665578125 0.8480484374999999 0.855159375 0.8362812500000001 0.8530078124999999
0 0.49785 0.66170625 0.5028109374999999 0.6594734375 0.5084328124999999 0.6592265625 0.518353125 0.6634421875000001 0.523975 0.6681546875000001 0.5342265625 0.670634375 0.5504296875 0.6721234375 0.5573750000000001 0.6708828125 0.56035 0.6693953125000001 0.570271875 0.6681546875000001 0.577546875 0.669146875 0.584490625 0.6686515625 0.58680625 0.6679062499999999 0.5927578125 0.66245 0.6046625 0.6587296874999999 0.6035046875 0.6556296875000001 0.6041671875 0.6529015625000001 0.606646875 0.6512890625 0.6129296875 0.650296875 0.616071875 0.64695 0.6129296875 0.6428578125 0.5950734375 0.6411203125 0.588459375 0.634425 0.586475 0.6334328124999999 0.580853125 0.6334328124999999 0.5760578125 0.6303328125000001 0.5672953125 0.6321921875000001 0.548115625 0.631696875 0.5398484375 0.633184375 0.5337296874999999 0.6352921874999999 0.5320765625 0.6405015625 0.529596875 0.6428578125 0.5173609375 0.6431046874999999 0.50909375 0.6443453124999999 0.50694375 0.64695 0.5084328124999999 0.6515375 0.4991734375 0.649553125 0.4790015625 0.65079375 0.47205624999999996 0.6525296875000001 0.4709 0.6548859375 0.47271875 0.65625 0.4770171875 0.65699375 0.48197812500000003 0.6602187500000001 0.485615625 0.6609625 0.4938828125 0.6607140625000001 0.49785 0.66170625
0 0.7600859375 0.5947421875 0.754134375 0.5917656250000001 0.7384265625 0.5916421875 0.7339609375 0.5920140625 0.7288359375 0.595609375 0.7318125 0.5975937499999999 0.7382609375 0.6061515625 0.7442124999999999 0.6029265625 0.76636875 0.59995 0.7681875 0.5978421875000001 0.768353125 0.5959828125 0.7600859375 0.5947421875
0 0.7635578125 0.5822171875000001 0.7651734375 0.5852046875 0.764384375 0.5890375 0.7792656250000001 0.58829375 0.7855484374999999 0.58680625 0.788359375 0.5842015625 0.779596875 0.58358125 0.7744703125 0.5802328125 0.7666999999999999 0.580853125 0.7635578125 0.5822171875000001
0 0.7124671874999999 0.14260937499999998 0.70965625 0.1447171875 0.7084984375000001 0.14930625 0.6975859375 0.1515375 0.6914687500000001 0.1556296875 0.6898140625 0.159846875 0.6894843749999999 0.1670390625 0.69080625 0.1717515625 0.6911375 0.18514375 0.6985781249999999 0.18700468750000002 0.7078375 0.186259375 0.722221875 0.1881203125 0.7177578125 0.18973281250000001 0.71180625 0.18973281250000001 0.7080031250000001 0.1923359375 0.7071765625 0.19444375 0.701884375 0.19097187499999999 0.700396875 0.19928125000000002 0.6992390625 0.2001484375 0.6851859375 0.20002499999999998 0.68419375 0.2037453125 0.6861765625 0.20473750000000002 0.6911375 0.212425 0.696759375 0.21317031250000001 0.6990734375 0.21961875000000003 0.69808125 0.22333906250000002 0.69659375 0.22445468750000003 0.691303125 0.2239578125 0.68783125 0.22805 0.6868390625 0.23127499999999998 0.6807203125 0.23263906250000002 0.678240625 0.235490625 0.6752640624999999 0.24615625 0.6775796875 0.2548359375 0.6719578125 0.2657484375 0.6669968749999999 0.27244531250000004 0.6590609374999999 0.277653125 0.6550921875 0.282365625 0.6504624999999999 0.285590625 0.648809375 0.2907984375 0.6425265625 0.295759375 0.6352515624999999 0.3051828125 0.6289687500000001 0.3091515625 0.623346875 0.3173359375 0.6170640625 0.3218 0.6140875 0.3255203125 0.6094578125 0.328496875 0.5949078125 0.3421375 0.5820109375 0.3572671875 0.5727515624999999 0.363715625 0.5707671875 0.368428125 0.565971875 0.3720234375 0.56068125 0.3752484375 0.5575390625 0.368675 0.560846875 0.364459375 0.5595234375 0.360490625 0.5618390625 0.3567703125 0.551090625 0.353175 0.5479499999999999 0.350321875 0.5436515625 0.34139375 0.5398484375 0.33878906249999996 0.536871875 0.3385421875 0.5246359375 0.3405265625 0.521659375 0.3435015625 0.5137234375 0.344990625 0.5138890625 0.348834375 0.503471875 0.3549109375 0.498346875 0.3567703125 0.49537031249999997 0.3607390625 0.49537031249999997 0.364459375 0.4920640625 0.3654515625 0.4900796875 0.369915625 0.4833 0.3752484375 0.4770171875 0.3745046875 0.4664359375 0.37698437500000004 0.46114375 0.3717765625 0.45618437500000003 0.3735125 0.45089218750000004 0.3702875 0.445271875 0.37103125000000003 0.43535 0.367559375 0.4295640625 0.3689234375 0.428571875 0.3719 0.4295640625 0.3781 0.4351859375 0.3803328125 0.4332015625 0.381325 0.4289015625 0.38826875 0.43386250000000004 0.3919890625 0.43353125 0.3959578125 0.43849218749999996 0.399925 0.4375 0.4036453125 0.44477500000000003 0.408109375 0.4497359375 0.415303125 0.4456015625 0.41889843750000005 0.4401453125 0.42100625 0.43617656250000003 0.4272078125 0.44808125 0.43911249999999996 0.44675937499999996 0.44307968750000004 0.443453125 0.4458078125 0.43650781250000004 0.45672187500000005 0.43220937499999995 0.4604421875 0.4265875 0.4708578125 0.41947812500000003 0.475446875 0.3870703125 0.48065468750000007 0.3778109375 0.4861109375 0.3721890625 0.4861109375 0.369378125 0.48821875 0.366071875 0.49293125 0.36474843749999997 0.4978921875 0.3664015625 0.5060765625 0.354828125 0.5135171875 0.355159375 0.5172375 0.3574734375 0.5212046875 0.356646875 0.52579375 0.337796875 0.5290171875 0.3358140625 0.5337296874999999 0.3298609375 0.534721875 0.32523124999999997 0.537203125 0.3149796875 0.5369546875 0.3096890625 0.540675 0.3042328125 0.541790625 0.29927187499999997 0.5494796875 0.294146875 0.553075 0.28885625 0.554315625 0.2782734375 0.55381875 0.2746359375 0.5567953125 0.26802187499999997 0.559028125 0.2624015625 0.5592765625 0.255290625 0.562871875 0.2513234375 0.5765125 0.26025156250000003 0.5879218749999999 0.2609125 0.591890625 0.25496093750000004 0.5995781250000001 0.25429843750000003 0.604290625 0.25033125 0.6132187499999999 0.2397484375 0.6233875 0.241071875 0.639509375 0.236771875 0.6447171875000001 0.233796875 0.651165625 0.22519843750000001 0.65711875 0.2232140625 0.6630703125 0.21709687500000002 0.6661703125 0.21081406249999998 0.6716265625 0.192625 0.6798109375 0.1851859375 0.68985625 0.18551562500000002 0.694071875 0.1898140625 0.6968 0.202546875 0.711309375 0.21213593749999998 0.7135421875 0.22139531250000002 0.7209828125 0.226025 0.721478125 0.231315625 0.7185015625 0.235284375 0.71949375 0.23710312500000003 0.7213546875 0.23611093749999998 0.725075 0.233465625 0.7297859375 0.22652187499999998 0.7372265625 0.220734375 0.74131875 0.21412031250000002 0.7435515625 0.2104828125 0.746528125 0.19957031249999999 0.7467765625 0.18965 0.7490078125 0.1793984375 0.7490078125 0.17394218749999998 0.7526046875 0.17295 0.7568203125 0.178571875 0.760540625 0.1792328125 0.764509375 0.17427187500000002 0.7694687499999999 0.169146875 0.77256875 0.16319375 0.7713296875 0.157903125 0.773065625 0.1534390625 0.7764140625 0.15079375 0.7838546875 0.151125 0.7920390625 0.135721875 0.7985671875 0.1478171875 0.8041921875 0.1423609375 0.8040671875 0.139715625 0.8060515625000001 0.1281421875 0.8095234375 0.12533125 0.8116312499999999 0.12466875 0.816096875 0.1150796875 0.8227921874999999 0.11408750000000001 0.8272562499999999 0.11028437499999999 0.829365625 0.10019843749999999 0.8312250000000001 0.098875 0.8349453125 0.10019843749999999 0.8391609375 0.09920625 0.8433781249999999 0.10548906250000001 0.85081875 0.09474218749999999 0.8568953125000001 0.0887890625 0.85863125 0.08680625 0.862103125 0.084821875 0.8623515625 0.0795296875 0.8603671875 0.07738125 0.8627234375 0.0780421875 0.8666921875 0.075396875 0.87115625 0.075065625 0.8823171875 0.0795296875 0.886409375 0.08316875 0.8859125000000001 0.08498750000000001 0.8845484375 0.08829375 0.8939734375 0.08978125 0.8950890625 0.10730781250000002 0.8975687499999999 0.1261578125 0.8955859374999999 0.132109375 0.894096875 0.1410390625 0.8851687500000001 0.1476515625 0.8824406249999999 0.1534390625 0.8781000000000001 0.15625 0.87425625 0.1648484375 0.870784375 0.16898125 0.8657 0.1795640625 0.8590031249999999 0.18353124999999998 0.852803125 0.191303125 0.846478125 0.19957031249999999 0.8415171875 0.2104828125 0.83978125 0.2159390625 0.837178125 0.2172625 0.8354421875 0.2172625 0.8270093749999999 0.2212296875 0.81956875 0.23181250000000003 0.8143593750000001 0.2364421875 0.8071671874999999 0.2412375 0.8023312499999999 0.2491734375 0.800346875 0.2624015625 0.7948906250000001 0.27794375 0.7971234375 0.2948078125 0.7963796875 0.30340625 0.7931546875000001 0.3156421875 0.7842265625 0.3411046875 0.778521875 0.34556875 0.7764140625 0.3579265625 0.774834375 0.34275781250000004 0.7666171875 0.3278765625 0.7638890625 0.319940625 0.7611609374999999 0.3118390625 0.7560765625 0.3095234375 0.7531 0.30853125000000003 0.7451640625 0.310846875 0.7407 0.3125 0.7322671875 0.3088625 0.72185 0.3088625 0.717634375 0.319940625 0.715278125 0.3262234375 0.712796875 0.3407734375 0.7108140625 0.356646875 0.7026296875 0.3632609375 0.7006453125000001 0.3726859375 0.694071875 0.37400781250000004 0.6901046875 0.37301562499999996 0.6821671874999999 0.37896874999999997 0.6782 0.3832671875 0.6702625 0.38045625 0.665921875 0.3721890625 0.662946875 0.3670640625 0.65935 0.36574062500000004 0.6563734375 0.3594578125 0.6524062500000001 0.35135625 0.643353125 0.3463953125 0.6423609375 0.342096875 0.6436015625 0.3373015625 0.64298125 0.338625 0.640253125 0.337796875 0.6349203125 0.3407734375 0.63368125 0.35697812500000003 0.6349203125 0.364253125 0.641865625 0.3725203125 0.644096875 0.39302187499999997 0.6421125 0.4171625 0.6376484375 0.42824062500000004 0.6330609375 0.4295640625 0.631325 0.4295640625 0.6271078125 0.43303593749999997 0.6245046875 0.44031093749999994 0.6225203125000001 0.4456015625 0.622271875 0.44709062499999996 0.6194203125 0.45386875 0.6158234375 0.458003125 0.6122265625 0.4603171875 0.608259375 0.4606484375 0.6035468749999999 0.4664359375 0.601190625 0.46990781249999997 0.602803125 0.47371093750000004 0.6078875 0.4833 0.610615625 0.49785 0.6170640625 0.5081015625 0.6192953125 0.5524140625 0.616071875 0.555059375 0.615328125 0.56035 0.610615625 0.5686171875 0.6078875 0.5758921875 0.600446875 0.588459375 0.596478125 0.5889546875 0.59288125 0.58680625 0.5917656250000001 0.592096875 0.5920140625 0.59705625 0.58829375 0.6083000000000001 0.587053125 0.6182203125 0.5935015625 0.6281421875000001 0.5915171875 0.6337625 0.5890375 0.6369046875000001 0.58445 0.6365734375 0.5797375 0.6388890625 0.574528125 0.648975 0.569196875 0.6555890625 0.5701890625 0.665178125 0.5696921875000001 0.6673281249999999 0.5685765625 0.6661703125 0.566715625 0.6612109375 0.5644843749999999 0.6704703125 0.5642359375 0.6764218750000001 0.5687 0.67989375 0.567584375 0.6810515625 0.5644843749999999 0.6860125 0.5634921875 0.6888234375 0.5646078125 0.689153125 0.5683281250000001 0.6926249999999999 0.5687 0.6959328124999999 0.5662203124999999 0.6992390625 0.5654765625 0.702215625 0.5654765625 0.7068453124999999 0.5672125 0.7151125 0.5669640625000001 0.7200734375 0.5649796874999999 0.7230484374999999 0.56175625 0.7273484375 0.5605156250000001 0.7326390625 0.56324375 0.741071875 0.560640625 0.7359453125 0.555059375 0.72933125 0.5525796875 0.72205625 0.5545640625 0.7177578125 0.553075 0.712796875 0.553075 0.7071765625 0.551090625 0.701884375 0.5513390625000001 0.69659375 0.5486109375 0.691303125 0.5505953124999999 0.6860125 0.54761875 0.680390625 0.5483625 0.6747687499999999 0.54141875 0.654596875 0.5337296874999999 0.64566875 0.53199375 0.6390546875 0.532490625 0.634425 0.533978125 0.60863125 0.5334828125 0.5977187500000001 0.53670625 0.592096875 0.5357140625000001 0.5851515625 0.5389390625 0.5818453124999999 0.5421625 0.5762234375 0.5424109374999999 0.565971875 0.5466265625 0.558696875 0.5458828125 0.555390625 0.5548109375 0.5514218750000001 0.5500984375 0.5391859375 0.5451390625 0.5292656250000001 0.535465625 0.518021875 0.5349703124999999 0.5133921875 0.5359625 0.5084328124999999 0.5349703124999999 0.507275 0.5318703124999999 0.5082671875 0.5283984375 0.509590625 0.5279015625000001 0.509590625 0.5254218749999999 0.5191796875 0.5177328125 0.5135578125 0.5095484375 0.5190140624999999 0.5057046875 0.5302578125 0.5029765625 0.535384375 0.498140625 0.531415625 0.4939234375 0.531415625 0.4864828125 0.535384375 0.4817703125 0.5340609374999999 0.4782984375 0.516865625 0.46639375000000005 0.5133921875 0.4623015625 0.5109125 0.4614328125 0.5079359375 0.45076875000000005 0.5082671875 0.44630468749999996 0.509259375 0.4435765625 0.5125656249999999 0.44134375 0.5158734375 0.4353921875 0.5186843750000001 0.43328437500000005 0.525296875 0.44122031249999993 0.53455625 0.4446921875 0.5395171875 0.4432046875 0.5451390625 0.44444375 0.56035 0.45014843750000005 0.566634375 0.45014843750000005 0.58614375 0.446428125 0.592096875 0.44816406249999996 0.5944109375 0.4459328125 0.6076390625 0.444940625 0.6125984375 0.44295625000000005 0.6182203125 0.4439484375 0.6238421875 0.44146875 0.6387234375 0.4379953125 0.6443453124999999 0.4389875 0.65294375 0.43452343750000005 0.665509375 0.43129999999999996 0.6722890625 0.4272078125 0.6739421875 0.4239828125 0.674271875 0.41902343750000004 0.67840625 0.415178125 0.6860125 0.41245000000000004 0.693121875 0.4115828125 0.6921296875 0.40786249999999996 0.696428125 0.4036453125 0.6924609375 0.3865328125 0.694775 0.3771078125 0.6917984374999999 0.3723953125 0.694940625 0.3692953125 0.704034375 0.3647078125 0.7063484375 0.3607390625 0.7119703125 0.3567703125 0.7099875 0.3537953125 0.7106484375 0.3421375 0.7086640625 0.3376734375 0.70965625 0.32899375000000003 0.7076718750000001 0.31956875 0.7129624999999999 0.317584375 0.7088296875 0.3172125 0.696925 0.31944374999999997 0.68568125 0.319940625 0.682209375 0.31832812499999996 0.680390625 0.3149796875 0.6699734375 0.314359375 0.6704703125 0.3120046875 0.6757609375 0.31175625 0.6810515625 0.31324375 0.6866734375 0.3102671875 0.68783125 0.3046875 0.693453125 0.301959375 0.6960984375 0.297990625 0.706796875 0.29095 0.71399375 0.2878953125 0.7311171875 0.28470625 0.7473015625 0.28102031250000004 0.7472749999999999 0.2740828125 0.744815625 0.2686671875 0.74454375 0.262896875 0.7435515625 0.2604171875 0.730159375 0.25855625 0.731978125 0.2564484375 0.7362765625 0.2552078125 0.7382609375 0.25496093750000004 0.7402453125 0.25694374999999997 0.7438828125 0.2576890625 0.7480156250000001 0.2548359375 0.7470234375 0.2526046875 0.7448750000000001 0.2514875 0.7392531250000001 0.2517359375 0.7382609375 0.2537203125 0.7375984375 0.25074375 0.7491734375 0.2502484375 0.7673609375 0.2470234375 0.771825 0.23276249999999998 0.7749671874999999 0.22668593750000002 0.787203125 0.2237109375 0.790509375 0.2217265625 0.7958000000000001 0.2217265625 0.7994375 0.2192453125 0.809028125 0.2162703125 0.8156421875 0.209078125 0.8215937500000001 0.20783749999999998 0.8285390625 0.2080859375 0.8348218749999999 0.20238125 0.8432546875 0.19878437499999999 0.8462296874999999 0.1915921875 0.84556875 0.187128125 0.843584375 0.1841515625 0.8432546875 0.178446875 0.8416 0.17571874999999998 0.8465609374999999 0.1685265625 0.8462296874999999 0.16307031249999998 0.8483796874999999 0.1614578125 0.8541671875000001 0.1608390625 0.8518515624999999 0.156621875 0.8538359375000001 0.15538125 0.854496875 0.152653125 0.8465609374999999 0.1484375 0.8411046875 0.1326890625 0.838459375 0.131696875 0.8295296875 0.1314484375 0.821925 0.133928125 0.8172953125 0.1326890625 0.8062171875 0.1330609375 0.8075390625000001 0.1325640625 0.8088625 0.1263640625 0.8131609375 0.12140312499999999 0.8131609375 0.1171875 0.8204359374999999 0.109746875 0.8220906250000001 0.10081875 0.823578125 0.09895781249999999 0.82738125 0.098090625 0.82738125 0.09536249999999999 0.8263890625 0.09536249999999999 0.8139875 0.0967265625 0.8125 0.09833906249999999 0.8116734375 0.10292656250000001 0.8009265624999999 0.102803125 0.799603125 0.10801093749999999 0.8035718749999999 0.1169390625 0.8019187499999999 0.12065937499999999 0.8019187499999999 0.125371875 0.7911703125 0.131696875 0.7838953125 0.127728125 0.7769515625000001 0.1264875 0.7471890625000001 0.132440625 0.7379296875 0.13194375 0.7329703125 0.12847187499999999 0.728009375 0.1349203125 0.722553125 0.13380468750000002 0.72056875 0.13678125000000002 0.7202375 0.140996875 0.7174265625 0.143353125 0.7124671874999999 0.14260937499999998
0 0.08415937500000001 0.8063 0.0806875 0.8076640625 0.0792 0.8102671875 0.07523125 0.81175625 0.0689484375 0.81175625 0.06944375 0.8079109375 0.071759375 0.8066718749999999 0.0725859375 0.8038187499999999 0.06465 0.8023312499999999 0.052745312499999995 0.8023312499999999 0.043815625000000004 0.7998515625 0.038690625 0.799975 0.018684375 0.8015874999999999 0.009093750000000001 0.8055562500000001 0.0079359375 0.8076640625 0.0167 0.8144843749999999 0.0276125 0.8149796874999999 0.0325734375 0.8142359375 0.038856249999999995 0.8182046875 0.0560515625 0.8182046875 0.05853125 0.8193203125 0.0575390625 0.823784375 0.0620046875 0.825396875 0.073909375 0.8236609375 0.08713593750000001 0.8234125000000001 0.101025 0.8263890625 0.116071875 0.8232890625 0.1167328125 0.81956875 0.112103125 0.817584375 0.11068437499999999 0.80656875 0.08984375 0.8028625 0.08415937500000001 0.8063
0 0.4381375 0.357871875 0.43855781250000003 0.353221875 0.431303125 0.350065625 0.4250890625 0.3521515625 0.41980781250000004 0.3568171875 0.42386718749999996 0.3603578125 0.425909375 0.3613296875 0.431346875 0.3618796875 0.4381375 0.357871875
0 0.118196875 0.3924109375 0.1244125 0.3995265625 0.12693749999999998 0.399040625 0.130815625 0.3974953125 0.123996875 0.3905875 0.118196875 0.3924109375
0 0.81068125 0.07738125 0.8169640625 0.0766375 0.8204359374999999 0.0787453125 0.8187828125 0.081721875 0.81216875 0.08767343749999999 0.8029093749999999 0.091890625 0.7982796875 0.098090625 0.7966265625 0.108259375 0.7979499999999999 0.11396406249999999 0.801090625 0.11706406250000001 0.8116734375 0.117559375 0.8176249999999999 0.1150796875 0.827215625 0.1076390625 0.8338296875 0.1071421875 0.8381281250000001 0.10540624999999999 0.8430890625 0.106646875 0.84556875 0.10949843749999999 0.8416 0.1134671875 0.8416 0.11793125 0.8429234375 0.1201640625 0.84771875 0.1220234375 0.8536703125 0.12698437499999998 0.8579703125 0.12574375 0.8645828124999999 0.12549531249999998 0.8738421875 0.1212796875 0.8794640625 0.1212796875 0.885746875 0.117559375 0.8923609375 0.116071875 0.9016203125000001 0.1123515625 0.9054234375 0.109746875 0.9057546875 0.10553125000000001 0.9087296874999999 0.0993296875 0.9143515624999999 0.0943703125 0.915675 0.087178125 0.9270828124999999 0.08358125 0.9528765625 0.0731640625 0.9566796875 0.0700640625 0.9603171875 0.0646078125 0.9619703124999999 0.0544390625 0.9642859375 0.05071875 0.9659390625000001 0.043278125 0.9733796874999999 0.0396828125 0.9935515625000001 0.035465625 0.9980156250000001 0.0326140625 1 0.027653125 0.999834375 0 0.9166671875000001 0.0001234375 0.90591875 0.0071921875 0.8996359375 0.006448437499999999 0.8953374999999999 0.007689062500000001 0.8850859375000001 0.0161203125 0.8778109374999999 0.018848437500000002 0.875 0.0212046875 0.8736765625 0.0229421875 0.873346875 0.040054687500000005 0.8708656250000001 0.044146875 0.8692125 0.044890625 0.8589609375 0.043403125 0.8510249999999999 0.044146875 0.8427578125 0.04613125 0.8328374999999999 0.051090625 0.810846875 0.0551828125 0.8082015625000001 0.061384375000000005 0.8042328124999999 0.066096875 0.8052250000000001 0.071553125 0.8075390625000001 0.07552031249999999 0.81068125 0.07738125
0 0.900959375 0.0002484375 0.906084375 0.0001234375 0.8687171875 0.0001234375 0.863921875 0.0024796875 0.8628734375 0.007953125 0.863921875 0.0099203125 0.8692125 0.0109125 0.8741734375 0.009425 0.8794640625 0.009425 0.884425 0.006696875 0.890046875 0.0071921875 0.900959375 0.0002484375
0 0.7598812500000001 0.3091234375 0.755425 0.317428125 0.7520265625 0.3223140625 0.7481718749999999 0.3244515625 0.7451453124999999 0.32430625 0.7418015625 0.32399062500000003 0.734559375 0.326303125 0.760034375 0.3356515625 0.7618109375000001 0.3353953125 0.7606984375 0.3306265625 0.760128125 0.3286171875 0.7631984375 0.32515625 0.7621578125 0.31797343749999996 0.7598812500000001 0.3091234375
0 0.8092390625 0.35276718749999997 0.8106953125 0.354575 0.8132578125000001 0.355875 0.8148031250000001 0.36050312500000004 0.8100125 0.3673984375 0.8133640625 0.37174375 0.8112109375 0.3808390625 0.8101109375 0.38858281250000004 0.8106046875 0.388646875 0.8107515624999999 0.39564374999999996 0.8126015625 0.39944531250000004 0.815728125 0.402121875 0.8224843749999999 0.40395624999999996 0.830365625 0.402028125 0.840528125 0.3975078125 0.8420343750000001 0.3900546875 0.8464046875 0.38503125 0.8444015625000001 0.3803828125 0.8401453125 0.37482187499999997 0.8346984375 0.37134375 0.836634375 0.36969375000000004 0.844525 0.36724999999999997 0.8550375000000001 0.3638765625 0.8390187499999999 0.3584203125 0.8330265625 0.3533703125 0.8291000000000001 0.34988437499999997 0.823834375 0.3454875 0.8180609375 0.3452015625 0.809575 0.3478234375 0.8092390625 0.35276718749999997
0 0.9465234375 0.40440156250000003 0.94370625 0.40462499999999996 0.9371578125 0.40488749999999996 0.934834375 0.4070875 0.9367578125 0.4117609375 0.9391875000000001 0.41265156249999996 0.940540625 0.41336874999999995 0.9422109375 0.4135765625 0.945253125 0.4131796875 0.950190625 0.41226874999999996 0.9515578124999999 0.4099984375 0.9504484375000001 0.407015625 0.9465234375 0.40440156250000003
0 0.92574375 0.3811390625 0.923175 0.38067656250000004 0.9199359375 0.3839640625 0.9151296875 0.3844859375 0.9142328125000001 0.3857953125 0.9265140625000001 0.3890546875 0.9272640624999999 0.3863671875 0.9286875 0.38375312500000003 0.92574375 0.3811390625
0 0.8558765625 0.5083640625 0.8591296875 0.509503125 0.8635953125 0.507828125 0.87105 0.5089171875 0.87626875 0.506990625 0.883915625 0.5051671875 0.886871875 0.50465 0.89138125 0.501809375 0.8879250000000001 0.49267031250000004 0.8872031249999999 0.4884203125 0.867659375 0.49188593750000004 0.8619890625 0.49329062500000004 0.8594890625 0.49123124999999995 0.8565671874999999 0.48983125000000005 0.8545796875 0.49247500000000005 0.853890625 0.4987265625 0.8561375 0.5024484375 0.8541296875000001 0.507 0.8558765625 0.5083640625
0 0.9103140625 0.558409375 0.9090828125 0.5584484375 0.90565 0.55695625 0.9004046875 0.5573890625 0.8986109375 0.5592046875000001 0.89855 0.5617109375 0.8991390625 0.5628765625 0.9052625000000001 0.5641093749999999 0.9105140625000001 0.5651843750000001 0.9153359375000001 0.5650390625 0.9164390625 0.5628203125 0.9154703124999999 0.5588062500000001 0.9103140625 0.558409375
0 0.9195171875 0.5694296875 0.9155562500000001 0.5688609375 0.9111921875 0.568859375 0.9075828125 0.570471875 0.9062453125 0.569825 0.9020906249999999 0.5689921874999999 0.8981031249999999 0.5704203125 0.9099796874999999 0.5756171875 0.9143484374999999 0.5764421875 0.9155703125000001 0.5748453125 0.9197468750000001 0.576571875 0.9246421874999999 0.575925 0.9232859375 0.5728093750000001 0.9195171875 0.5694296875
0 0.8967328125 0.644346875 0.9000953125000001 0.6420890625 0.89699375 0.6366625 0.8931921875000001 0.63465625 0.88858125 0.6338109375000001 0.8793906249999999 0.6350140625 0.8778578125 0.6374 0.8834421875 0.6398640624999999 0.8927109375000001 0.6445109375 0.8967328125 0.644346875
0 0.9659109375 0.6972968749999999 0.9686187500000001 0.700390625 0.9730968750000001 0.7020265625000001 0.9794375000000001 0.7034687500000001 0.9785609375 0.702703125 0.9800437499999999 0.7034171875 0.9837046875000001 0.702209375 0.9822593749999999 0.6987234375 0.9799374999999999 0.6977859375000001 0.9749046874999999 0.697784375 0.96885 0.695946875 0.9659109375 0.6972968749999999
0 0.9510234375 0.7498015625 0.956309375 0.74990625 0.9591687500000001 0.7494453125 0.9616250000000001 0.7475296874999999 0.9587375 0.7465921875 0.955040625 0.746446875 0.9486687500000001 0.7466140625000001 0.946890625 0.7496828125 0.9496625 0.75033125 0.9510234375 0.7498015625
0 0.9570703125 0.7421656249999999 0.9501953125 0.741825 0.9514984375 0.74454375 0.9541546875 0.7454015625 0.9583546875 0.745834375 0.962490625 0.7444609375 0.9622015625 0.7421390625 0.9570703125 0.7421656249999999