0 0.60646875 0.145159375 0.6059 0.14322656250000002 0.6385921875 0.138315625 0.6365734375 0.1325640625 0.632771875 0.1274796875 0.6225203125000001 0.1240078125 0.5963953125 0.12723281250000001 0.5874671874999999 0.1307046875 0.5821765625 0.1349203125 0.578703125 0.13628437499999999 0.5780421875 0.1372765625 0.580853125 0.13963281249999998 0.5924265625 0.1391375 0.6056546875000001 0.14136875 0.6058203125 0.14918125 0.6073078125 0.1532734375 0.615575 0.15401718749999999 0.6225203125000001 0.15699375 0.6314484375 0.15575468750000002 0.6380625 0.15724218750000002 0.643353125 0.15699375 0.64136875 0.1614578125 0.6316140625 0.16480625 0.6385578125 0.1670390625 0.6463046875 0.1691328125 0.6508609375 0.166934375 0.644996875 0.163846875 0.6541812499999999 0.160384375 0.6504624999999999 0.157365625 0.65806875 0.15315 0.6584 0.14893281249999998 0.6526125 0.1438484375 0.64930625 0.14260937499999998 0.642325 0.144553125 0.6359390625 0.14275 0.6329687500000001 0.1415921875 0.619978125 0.142815625 0.60646875 0.145159375
0 0.573909375 0.1688984375 0.56465 0.1703875 0.5540671875000001 0.1688984375 0.548115625 0.17088281249999998 0.545634375 0.17274375 0.546296875 0.1767109375 0.5400125 0.18018281249999998 0.5419968749999999 0.183903125 0.5491078125 0.18799531249999998 0.5633265625 0.1875 0.5667984374999999 0.188615625 0.5600203125000001 0.1922125 0.5395171875 0.194196875 0.5380296875 0.19605625 0.538690625 0.20002499999999998 0.5507609375 0.2041171875 0.5596890625000001 0.2061015625 0.5649796874999999 0.2061015625 0.5706015625 0.2083328125 0.575396875 0.2084578125 0.5801921875 0.2061015625 0.5851515625 0.205109375 0.59705625 0.205109375 0.601025 0.2041171875 0.597884375 0.20002499999999998 0.5982140625000001 0.1955609375 0.59408125 0.1932046875 0.58680625 0.19146875000000002 0.5806875 0.18663125 0.5800265625 0.18365625000000002 0.5849875 0.18043125 0.5800265625 0.171503125 0.577215625 0.1693953125 0.573909375 0.1688984375
0 0.6036374999999999 0.1782609375 0.598828125 0.177771875 0.5949078125 0.178446875 0.5959 0.182415625 0.601521875 0.1829109375 0.6030609375 0.1802578125 0.6036374999999999 0.1782609375
0 0.2746359375 0.09573437500000001 0.2724875 0.0978421875 0.2776125 0.10391874999999999 0.2834 0.10478593750000001 0.31431875 0.10416718750000001 0.319940625 0.10143906250000001 0.33052187499999997 0.0987109375 0.3467265625 0.0967265625 0.349703125 0.0942453125 0.35499375 0.0935015625 0.3607796875 0.090153125 0.356646875 0.087053125 0.33978125000000003 0.0858140625 0.323578125 0.08754999999999999 0.3139875 0.09052656249999999 0.3037375 0.089534375 0.29183125 0.090278125 0.2746359375 0.09573437500000001
0 0.34471562499999997 0.1003828125 0.34193125 0.100321875 0.3416 0.10205781249999998 0.3450734375 0.1036703125 0.3525125 0.1037953125 0.3682203125 0.101190625 0.369709375 0.098090625 0.36855625000000003 0.0989234375 0.3608765625 0.09921250000000001 0.34471562499999997 0.1003828125
0 0.3462296875 0.062871875 0.3339109375 0.0627375 0.3343953125 0.0620078125 0.322590625 0.061259375000000005 0.318740625 0.064759375 0.3193140625 0.06687968749999999 0.31866249999999996 0.067403125 0.3191984375 0.06742187499999999 0.3189484375 0.06770781249999999 0.323909375 0.0689484375 0.3356484375 0.069071875 0.34556875 0.064359375 0.3462296875 0.062871875
0 0.38988125 0.1015625 0.3907078125 0.10243125 0.3938484375 0.1025546875 0.407903125 0.101190625 0.4068421875 0.099446875 0.4014375 0.09818750000000001 0.3956734375 0.09865 0.392334375 0.0994375 0.38988125 0.1015625
0 0.2937390625 0.17058125 0.2928453125 0.1715078125 0.2993984375 0.1738703125 0.3093578125 0.1733625 0.31051562499999996 0.1724953125 0.30763281249999996 0.171346875 0.3019953125 0.1704296875 0.296565625 0.17008281249999999 0.2937390625 0.17058125
0 0.44573124999999997 0.1571 0.42962187500000004 0.1588109375 0.43303593749999997 0.1609625 0.43865781249999997 0.162203125 0.4457671875 0.16207812500000002 0.4606921875 0.1608984375 0.4562125 0.159153125 0.45435 0.15772031250000002 0.4511359375 0.157465625 0.44573124999999997 0.1571
0 0.48842656250000005 0.16480625 0.492228125 0.167659375 0.5079359375 0.1677828125 0.5109125 0.16629531250000001 0.5085375 0.166928125 0.5090328125 0.16483281249999998 0.505540625 0.16507031249999998 0.49800468750000004 0.16420625 0.49296249999999997 0.1631125 0.48842656250000005 0.16480625
0 0.467390625 0.06570000000000001 0.4658234375 0.06439687499999999 0.4614296875 0.0641640625 0.45607968750000005 0.06404062499999999 0.45461718749999996 0.065328125 0.45342656249999996 0.06593750000000001 0.45460312500000005 0.067428125 0.45585312499999997 0.06870000000000001 0.46362500000000006 0.068825 0.47044375 0.068025 0.468934375 0.0646609375 0.467390625 0.06570000000000001
0 0.38559062499999996 0.0691734375 0.38456875 0.07020937499999999 0.3938546875 0.0721 0.39540000000000003 0.0691171875 0.3899609375 0.068515625 0.38559062499999996 0.0691734375
0 0.43419375000000004 0.0494796875 0.44163281249999997 0.0499484375 0.44229375 0.048057812500000005 0.4389625 0.0477375 0.43394843749999995 0.047134375 0.431584375 0.0468796875 0.4327328125 0.049009375 0.43419375000000004 0.0494796875
0 0.5238453125 0.0547015625 0.5247953125 0.055685937500000005 0.525909375 0.0565625 0.5277578125 0.0567265625 0.5298703125 0.0565640625 0.5332234375 0.05648593750000001 0.5366046875 0.0565078125 0.5357031250000001 0.055378125 0.5308984375 0.054703125 0.5261703125 0.0539578125 0.5238968749999999 0.05454218749999999 0.5238453125 0.0547015625
0 0.656825 0.06590312499999999 0.6578640625000001 0.06456875 0.6545390624999999 0.0644984375 0.65176875 0.0644359375 0.6506640625 0.06453281250000001 0.650321875 0.0655375 0.6515171875 0.066215625 0.6542625 0.06705781250000001 0.656825 0.06590312499999999
0 0.7395328125 0.1115796875 0.7395875000000001 0.11235781250000001 0.7412703125 0.11299062499999998 0.743990625 0.1137453125 0.7458125 0.113690625 0.7476859375 0.1143390625 0.750340625 0.113646875 0.749390625 0.1132578125 0.7472984375 0.11272656249999999 0.74285 0.111128125 0.74104375 0.11137656250000001 0.7395328125 0.1115796875
0 0.747465625 0.0950109375 0.7474390625 0.09413906250000001 0.74638125 0.0940703125 0.7433156249999999 0.0940703125 0.7400187500000001 0.0947640625 0.735565625 0.0962859375 0.7441765625000001 0.0957359375 0.747465625 0.0950109375
0 0.9344421875 0.08546875000000001 0.9318796875 0.0859265625 0.926309375 0.091496875 0.9271625 0.09414687499999999 0.929903125 0.092753125 0.9313609375 0.089246875 0.9327046875 0.0874046875 0.9372875 0.088246875 0.9381265624999999 0.08747031250000001 0.941640625 0.087390625 0.9431499999999999 0.085875 0.9369640625000001 0.08516875 0.9344421875 0.08546875000000001
0 0.905859375 0.085140625 0.9106687499999999 0.0837640625 0.9033109375 0.0835671875 0.8989203124999999 0.082878125 0.8995593749999999 0.084628125 0.9024656249999999 0.084184375 0.9002593750000001 0.08577343750000001 0.903853125 0.0855578125 0.905859375 0.085140625
0 0.906446875 0.0936453125 0.9037359374999999 0.09309062500000001 0.9015437500000001 0.0928109375 0.8987171875 0.09318125000000001 0.897146875 0.0935296875 0.8969265625 0.0950375 0.8986453125 0.09621874999999999 0.9014093750000001 0.096203125 0.9046468750000001 0.095315625 0.9058125 0.095478125 0.9050640624999999 0.0962875 0.9084734375 0.0969 0.9125671875 0.09541875 0.9140421875 0.094365625 0.9108437500000001 0.09452812499999999 0.908203125 0.094096875 0.906446875 0.0936453125
0 0.934603125 0.10517343750000001 0.9378640624999999 0.10611718750000002 0.941040625 0.10643906249999999 0.937821875 0.10377812500000001 0.9365125000000001 0.1031625 0.9431499999999999 0.1041921875 0.9463296874999999 0.10388125 0.9468781249999999 0.10151874999999999 0.9515640624999999 0.1005046875 0.9543390625000001 0.10025625 0.9588140624999999 0.0995265625 0.96275625 0.097853125 0.96209375 0.0961546875 0.9597328125000001 0.09533749999999999 0.9533265625 0.095071875 0.9492984375000001 0.09575937500000001 0.94404375 0.0956890625 0.9425375 0.09497968749999999 0.9408015625000001 0.0940828125 0.9399296874999999 0.093459375 0.9367749999999999 0.093334375 0.9328406250000001 0.0936984375 0.9305296875 0.0942625 0.9277312500000001 0.09474375 0.925815625 0.0940390625 0.9246859374999999 0.0937296875 0.9187312500000001 0.09382968750000001 0.9146515624999999 0.09399062500000001 0.9148390624999999 0.0958984375 0.9165203125 0.098121875 0.91856875 0.098721875 0.91613125 0.10205781249999998 0.9155156249999999 0.1038453125 0.91818125 0.1041 0.9224671875 0.10235156249999999 0.9233796875 0.101959375 0.92611875 0.103909375 0.9300609375000001 0.10298125 0.9345515625 0.1026 0.934603125 0.10517343750000001
0 0.948203125 0.09113125 0.947259375 0.08992343750000001 0.944875 0.0898875 0.9420078125 0.090309375 0.9409953124999999 0.09138437499999999 0.9438546875 0.0932359375 0.9479296875 0.0926890625 0.948203125 0.09113125
0 0.9032484375 0.202634375 0.9014093750000001 0.202075 0.8973671875000001 0.2035984375 0.8944531250000001 0.2034890625 0.89425625 0.2030421875 0.8774124999999999 0.20700625 0.8800703125 0.2105296875 0.885746875 0.2116984375 0.8922359375 0.211825 0.89735625 0.2108265625 0.9013953125 0.21335 0.9035921874999999 0.21178124999999998 0.9017078125 0.21030937500000002 0.906625 0.20915625000000002 0.9086984375 0.20847968749999998 0.9105203124999999 0.2071734375 0.908396875 0.20477343750000002 0.9057671875000001 0.20354999999999998 0.9032484375 0.202634375
0 0.9372 0.242303125 0.9361234375 0.2405328125 0.9329046875 0.2387546875 0.9291671875 0.2398375 0.9252703125 0.23925625 0.9128812500000001 0.23925468749999998 0.906925 0.2406109375 0.90268125 0.242025 0.9033359375 0.24560468750000003 0.9080625 0.2479734375 0.9128624999999999 0.24821093749999998 0.9198656250000001 0.24784062499999998 0.9241078125 0.24693749999999998 0.9282921875 0.24609375 0.9331906249999999 0.2456765625 0.9357374999999999 0.24452500000000002 0.9372 0.242303125
0 0.8103140625 0.416078125 0.8087984374999999 0.4169625 0.8054062500000001 0.41683281250000004 0.8022078125000001 0.41681718749999996 0.8007328125000001 0.4200125 0.8017546875000001 0.4231234375 0.8070296875 0.42565937500000006 0.8115140625 0.4261203125 0.815240625 0.425584375 0.8180093749999999 0.42439687499999995 0.8170890625 0.42228125 0.816915625 0.42164062500000005 0.8183484375000001 0.41824218750000003 0.81696875 0.417171875 0.8141812500000001 0.41648281249999997 0.8103140625 0.416078125
0 0.7730125 0.42696249999999997 0.7675140625 0.42455 0.764821875 0.4259734375 0.76506875 0.4302390625 0.770340625 0.43215312499999997 0.7765421875 0.43183125 0.7861 0.431509375 0.7914515625 0.43053437499999997 0.7977234375 0.4311015625 0.8055187500000001 0.43244999999999995 0.8081109375000001 0.4294546875 0.8075531249999999 0.4270296875 0.8046843750000001 0.4249390625 0.7973484375 0.42175312500000006 0.797046875 0.41987500000000005 0.8043109375 0.41732031249999996 0.8037546875 0.4152875 0.795128125 0.4165546875 0.7903109374999999 0.417109375 0.78720625 0.4177921875 0.7887984375 0.41606875 0.787925 0.414334375 0.7854671875 0.41107812499999996 0.7827890625 0.40973437500000004 0.7739484375 0.40956562500000004 0.7709406249999999 0.409884375 0.7673125 0.41143124999999997 0.7692453125000001 0.41476562499999997 0.7726046875 0.419865625 0.7676609375 0.416025 0.7665828125 0.41559375000000004 0.767053125 0.4194640625 0.7724171875 0.42522031250000003 0.7730125 0.42696249999999997
0 1 0.6342359375 0.997603125 0.6284734375000001 0.9928968749999999 0.624290625 1 0.6216734374999999 0.9992734375 0.6169687500000001 0.9972156249999999 0.6155625 0.988596875 0.6173578125 0.9844296874999999 0.615146875 0.980140625 0.616609375 0.9819109375 0.6193 0.9753953125000001 0.6213921874999999 0.975390625 0.625478125 0.9765359374999999 0.6276703125 0.9793984375000001 0.6303234375 0.9829390625000001 0.63204375 0.988084375 0.6324546875 0.99211875 0.62925625 0.9923390624999999 0.6281890625 0.9962734375 0.6313109375 1 0.6342359375
0 0.9412125 0.630446875 0.940790625 0.6274734375000001 0.9372031249999999 0.6279609374999999 0.9323546875 0.6281640625 0.9301234375 0.6302187499999999 0.93128125 0.6324171875 0.9246234375 0.632715625 0.9178906250000001 0.6347953125 0.9154609375 0.637528125 0.9188046875 0.6416078125 0.9206734375 0.64284375 0.9248578125 0.6457203125000001 0.9305328125000001 0.6470890625 0.936996875 0.6471265625 0.9417046875 0.648434375 0.9430343750000001 0.650121875 0.95289375 0.65306875 0.9536734375 0.6520359375 0.955290625 0.6473796875 0.9532015625 0.6437421875 0.953409375 0.6417890625 0.9558640625000001 0.64176875 0.9617953124999999 0.6420874999999999 0.9611421874999999 0.6393265625 0.95776875 0.6367953125 0.9570921875 0.63505 0.9535625 0.6344937500000001 0.9490578125000001 0.6339203125 0.9450921875 0.6339203125 0.9431453125000001 0.6339203125 0.940246875 0.6358203125 0.9422265624999999 0.6373421875 0.9442234375 0.6409296875 0.9443484375000001 0.6428796875 0.9391624999999999 0.639965625 0.9365203125000001 0.636871875 0.9380453125000001 0.6320734375 0.9412125 0.630446875
0 0.7821609375 0.6184328125 0.7886375 0.6197359375 0.802378125 0.6179171875 0.8089000000000001 0.6178796875 0.812225 0.623315625 0.8148375 0.6238718750000001 0.8197546875 0.621875 0.8209296875 0.61745625 0.8234453125 0.617778125 0.829978125 0.620703125 0.8320421874999999 0.6198234375 0.8361203125 0.6171015625 0.8407875 0.624234375 0.84686875 0.6205953125 0.84858125 0.6176015625 0.846553125 0.6144624999999999 0.8427921875 0.6123421875 0.8517531249999999 0.611534375 0.8553984375000001 0.609859375 0.8493124999999999 0.6057828125 0.8436921875 0.605890625 0.84289375 0.6023921875 0.837425 0.5992531249999999 0.8311484374999999 0.5971124999999999 0.8239875 0.5948984375 0.811884375 0.592840625 0.805115625 0.594965625 0.797765625 0.5964515625 0.7908265625 0.5976781250000001 0.7880703125 0.600296875 0.781065625 0.60028125 0.77434375 0.5998015624999999 0.775596875 0.6051171875 0.783921875 0.6131140625 0.78603125 0.6144937500000001 0.7821609375 0.6184328125
0 0.8716765625 0.674875 0.8667171874999999 0.676715625 0.86405625 0.67959375 0.8673546875 0.6821671874999999 0.8709484375000001 0.6858625 0.8721406249999999 0.6902546875 0.88553125 0.691603125 0.88898125 0.69434375 0.8922171875 0.69265 0.8887906250000001 0.68675625 0.8824500000000001 0.6835312499999999 0.8804375 0.6814984374999999 0.8777421875 0.6780999999999999 0.8731296875 0.6749859375 0.8716765625 0.674875
0 0.904396875 0.7502609375 0.9050515625 0.75276875 0.9072234375000001 0.7548 0.911565625 0.7577265625 0.91139375 0.7513296875 0.9080296875 0.7495671875000001 0.904396875 0.7502609375
0 0.7925546875 0.848959375 0.80096875 0.8510203125 0.8188203125 0.85653125 0.8258109375 0.855809375 0.8202203125 0.8547359374999999 0.8179890625 0.8505265625 0.8167828125 0.8446765624999999 0.8096781249999999 0.844765625 0.80215625 0.8454703125 0.79421875 0.8468640625000001 0.7928531249999999 0.8473671875000001 0.7925546875 0.848959375
0 0.7462421875 0.682421875 0.745471875 0.6805125000000001 0.7435562499999999 0.677821875 0.742190625 0.6757171875 0.7421765625 0.6757671875 0.7405781250000001 0.6765515625 0.7402828125 0.67885625 0.74098125 0.6802578125000001 0.7462421875 0.682421875
0 0.801859375 0.666103125 0.800540625 0.6633703125 0.7986703125 0.6621921875 0.7908703125 0.6588203125 0.7923078125 0.6618937500000001 0.7945265625 0.6645796875000001 0.797475 0.6668265625 0.799975 0.667621875 0.801859375 0.666103125
0 0.645071875 0.650534375 0.6472734375 0.6493796875 0.6477484375 0.6471671875 0.6494765625000001 0.643484375 0.6486765625 0.6414796875000001 0.645390625 0.6414046875 0.6432 0.6424515625 0.6393328125 0.6432015625 0.6355000000000001 0.6455546875 0.635 0.6489078125 0.638771875 0.649175 0.640059375 0.650434375 0.635034375 0.65339375 0.6330296875 0.654928125 0.63428125 0.65801875 0.6408734375 0.656734375 0.643503125 0.6541953125 0.645071875 0.650534375
0 0.69569375 0.6742453125 0.6960421875 0.6705421874999999 0.6927484374999999 0.6671968749999999 0.685778125 0.6669890625 0.6768625 0.667809375 0.6648765625 0.6702734375 0.6632875 0.6693703125 0.6600406249999999 0.6695734375 0.646278125 0.6724125 0.6447984375 0.677403125 0.63986875 0.6734218750000001 0.633765625 0.670084375 0.6313625 0.67061875 0.6311953124999999 0.6749671875 0.6351296875 0.68116875 0.6396640625 0.6862796875 0.642325 0.68818125 0.643659375 0.6939703125000001 0.654725 0.6923890625 0.664984375 0.6926640625 0.6738906250000001 0.6934015625 0.6779625 0.6909015625 0.680496875 0.6885656250000001 0.6847265625000001 0.687575 0.6822390625 0.6806062500000001 0.68655 0.6794859375 0.6926515625 0.6764718750000001 0.69569375 0.6742453125
0 0.548653125 0.7299390625 0.5518375 0.7329328125 0.5571296875 0.7337890625 0.5653078125000001 0.7347109374999999 0.5682015625 0.72895 0.5618796875000001 0.7254328125 0.557896875 0.7246140624999999 0.554434375 0.7233078125 0.550578125 0.725209375 0.548653125 0.7299390625
0 0.5989046874999999 0.736084375 0.601521875 0.742559375 0.601615625 0.7470890625 0.6066109375 0.7493078125 0.6117781250000001 0.7494 0.6151187499999999 0.7446828125 0.6104515625 0.7386171874999999 0.6097546875 0.7378312499999999 0.608678125 0.7410593750000001 0.6049875 0.7417625 0.6027515625000001 0.73705625 0.600278125 0.7322546875 0.59798125 0.7277140625 0.5970296875 0.727675 0.595996875 0.7309796875 0.5989046874999999 0.736084375
0 0.5999640625 0.7143609375 0.6019609375 0.7137249999999999 0.6108390625 0.71606875 0.6113609375 0.7180625 0.6147234375 0.7238390625 0.6231234375 0.7251359374999999 0.624171875 0.727890625 0.633225 0.725928125 0.6251546875 0.7222390625 0.626615625 0.721603125 0.6287703125 0.7180734375 0.62815625 0.7130390625 0.6263328125000001 0.712028125 0.618309375 0.7034859375 0.61885625 0.6990921875 0.6152671875 0.6923234375 0.6122124999999999 0.6888484375 0.6046203125 0.6923078125 0.594578125 0.69786875 0.59036875 0.6999187499999999 0.5884421875 0.7032703125 0.5871999999999999 0.7073203125 0.5804921875 0.7098421874999999 0.579925 0.711790625 0.584853125 0.7168421875 0.5903015625 0.7182203125 0.5923015625 0.7221437500000001 0.594425 0.7238671875 0.598259375 0.7247859375 0.5994640625 0.7220828125 0.5988703125 0.7179984375 0.5999640625 0.7143609375
0 0.6135078125 0.689740625 0.6184515625 0.6978515625 0.625496875 0.700278125 0.6339203125 0.697840625 0.638996875 0.696996875 0.645184375 0.6917890625 0.637959375 0.685865625 0.627878125 0.683353125 0.623221875 0.6821625 0.6191171875 0.6843796875 0.6135078125 0.689740625
0 0.44088593749999994 0.72494375 0.4362953125 0.7280578125 0.43739062500000003 0.730065625 0.4454734375 0.7315078125000001 0.450303125 0.7295359375 0.4517203125 0.722965625 0.45235624999999996 0.7227750000000001 0.45056250000000003 0.722328125 0.44575156250000003 0.722828125 0.44088593749999994 0.72494375
0 0.440590625 0.723453125 0.4368390625 0.7207343749999999 0.4355515625 0.7206578125 0.4337890625 0.7222625 0.43230625 0.7243062499999999 0.43306562499999995 0.7275859375 0.43642343749999996 0.7270671875 0.440590625 0.723453125
0 0.6877500000000001 0.611409375 0.69080625 0.60926875 0.6896609375 0.6055234375 0.6863875 0.601078125 0.68235 0.59704375 0.6768015625 0.5957234375 0.67424375 0.5942203125 0.6685359375 0.592921875 0.6644171875 0.5916875 0.6607046875 0.590046875 0.656475 0.59230625 0.6517859374999999 0.5985578125 0.6550484375 0.6021921875 0.658646875 0.605709375 0.668471875 0.60613125 0.6748640625 0.605315625 0.6761328125 0.6006171874999999 0.6820906250000001 0.6072859375 0.6877500000000001 0.611409375
0 0.6409546875000001 0.5654375 0.64124375 0.57063125 0.6443484374999999 0.5717015625 0.654303125 0.5752234374999999 0.6581046875000001 0.575165625 0.65905625 0.5718390624999999 0.656415625 0.5689015625 0.6510546875000001 0.5668 0.6483078124999999 0.5644828125 0.6454078125 0.5641171875000001 0.6409546875000001 0.5654375
0 0.6338890625 0.6012593749999999 0.6466296875 0.60454375 0.6533234375 0.6039234375 0.65309375 0.5984171875000001 0.65043125 0.592946875 0.64896875 0.5897296875 0.6463875 0.5887765625 0.6432953125 0.585934375 0.6398625 0.585096875 0.6341281249999999 0.5849671875 0.62428125 0.58689375 0.6207625 0.5889859375000001 0.6213140625 0.5959156250000001 0.620784375 0.5975078125 0.618615625 0.59894375 0.6200234375 0.602578125 0.624871875 0.602675 0.632303125 0.5995921875 0.6338890625 0.6012593749999999
0 0.626946875 0.6128875 0.6241609375 0.614078125 0.62619375 0.620709375 0.632309375 0.621625 0.635659375 0.6210390625 0.630621875 0.6140875 0.626946875 0.6128875
0 0.5652984375 0.262725 0.5707484375 0.26146250000000004 0.5718296875 0.2591984375 0.5688156249999999 0.25615156250000004 0.565965625 0.25503125 0.5620609375 0.2549765625 0.55766875 0.2555484375 0.5551078125 0.2561671875 0.5531234375 0.258221875 0.5475109375 0.2599453125 0.541484375 0.2625484375 0.54335 0.263775 0.55108125 0.263775 0.551990625 0.2617 0.555096875 0.2624125 0.5583578124999999 0.2625796875 0.5652984375 0.262725
0 0.02445625 0.2051890625 0.026865624999999997 0.2017375 0.023454687499999998 0.19888125 0.0190453125 0.19888125 0.008415625 0.1979171875 0.0028734375 0.19809375 0 0.200446875 0.0013015625 0.202728125 0.004028125 0.2050328125 0.0061828125 0.206815625 0.0100484375 0.20874062499999999 0.016718749999999998 0.20713750000000003 0.022548437499999997 0.20445625 0.021689062500000002 0.20142968749999998 0.02445625 0.2051890625
0 0.2349921875 0.040671875 0.2348703125 0.042978125 0.24084374999999997 0.042671875 0.24854062500000002 0.0415390625 0.2463703125 0.0408671875 0.23857499999999998 0.039185937500000004 0.2349921875 0.040671875
0 0.11972968749999999 0.138678125 0.1274046875 0.1413703125 0.1322203125 0.1388203125 0.1314453125 0.1343609375 0.14358125 0.1334421875 0.1519515625 0.144840625 0.16371875 0.1469921875 0.15591875 0.1532734375 0.162203125 0.153521875 0.1679 0.1573609375 0.1748765625 0.155784375 0.1804796875 0.1536078125 0.1946671875 0.1525484375 0.194121875 0.148346875 0.17815625 0.1467109375 0.19433125 0.1447890625 0.2042 0.14285781250000001 0.2144515625 0.1388890625 0.2197421875 0.13566406250000002 0.2321140625 0.13441406250000001 0.23738593749999998 0.1333828125 0.2469546875 0.12983125 0.2515078125 0.1265125 0.2271671875 0.1283546875 0.2185890625 0.1310875 0.2116359375 0.12874687499999998 0.199078125 0.1280515625 0.1894796875 0.12514375 0.172340625 0.12674687499999998 0.161421875 0.12611875 0.1660890625 0.12348437500000001 0.1772484375 0.12237187499999999 0.18226562500000001 0.118646875 0.1958515625 0.1157921875 0.1826234375 0.1131875 0.18644531250000002 0.108803125 0.179840625 0.10730625 0.191003125 0.10553281249999999 0.19177187499999998 0.10157968749999999 0.20842968750000002 0.09878125 0.21859687499999997 0.0979484375 0.22503281249999998 0.0967265625 0.23066874999999998 0.09405 0.23488437499999998 0.0909875 0.23999375 0.0881015625 0.2495046875 0.090278125 0.2581015625 0.08829375 0.25654374999999996 0.0837515625 0.2643671875 0.0836625 0.2643953125 0.078271875 0.28077968750000004 0.0754140625 0.283890625 0.06693125 0.292328125 0.066840625 0.2893515625 0.0631203125 0.286540625 0.06175625 0.283878125 0.0630546875 0.279753125 0.064284375 0.2732515625 0.065146875 0.2683078125 0.0687859375 0.24114062500000003 0.07914062499999999 0.232803125 0.0808765625 0.21941093750000001 0.08134843750000001 0.21356718749999998 0.08340625 0.21926874999999998 0.0863671875 0.19493125 0.0946375 0.1740234375 0.10260156250000001 0.16061406250000002 0.10675937499999999 0.086003125 0.134646875 0.0727609375 0.14136875 0.0596359375 0.1423375 0.0461484375 0.1441546875 0.039809375 0.1483546875 0.0209984375 0.1490578125 0.0157078125 0.1525296875 0.00545625 0.15575468750000002 0.00033125 0.1608390625 0 0.181175 0.005621875 0.186384375 0.010746875 0.18204375 0.0157078125 0.1817953125 0.0209984375 0.17881875 0.0467921875 0.17137968750000002 0.062334375 0.1646828125 0.0669921875 0.1605046875 0.0785390625 0.1599703125 0.0798640625 0.155203125 0.0894515625 0.1579859375 0.0942734375 0.15033593750000002 0.10995312500000001 0.150296875 0.117890625 0.1470734375 0.1205359375 0.14459375000000002 0.11972968749999999 0.138678125
0 0.5291 0.3451140625 0.5272812499999999 0.34375 0.5229828125 0.34300625 0.518021875 0.33978125000000003 0.514384375 0.3390375 0.5061171875 0.3392859375 0.50215 0.33829375 0.49718906250000006 0.3405265625 0.4915671875 0.3407734375 0.48164687500000003 0.3365578125 0.47602500000000003 0.3318453125 0.46577343750000005 0.329365625 0.4495703125 0.3278765625 0.44262499999999994 0.32911718749999996 0.43965 0.3306046875 0.429728125 0.3318453125 0.422453125 0.330853125 0.41550937499999996 0.3313484375 0.41319375 0.33209374999999997 0.40724218749999996 0.33755 0.3953375 0.3412703125 0.39649531250000003 0.3443703125 0.3958328125 0.3470984375 0.393353125 0.34871093750000004 0.3870703125 0.349703125 0.383928125 0.35305 0.3870703125 0.3571421875 0.40492656250000003 0.3588796875 0.41154062500000005 0.365575 0.41352500000000003 0.3665671875 0.41914687500000003 0.3665671875 0.42394218749999996 0.3696671875 0.43270468749999996 0.3678078125 0.451884375 0.368303125 0.4601515625 0.366815625 0.4662703125 0.3647078125 0.4679234375 0.3594984375 0.470403125 0.3571421875 0.4826390625 0.3568953125 0.49090625 0.3556546875 0.49305625 0.35305 0.4915671875 0.3484625 0.5008265625 0.350446875 0.5209984375000001 0.34920625 0.52794375 0.3474703125 0.5291 0.3451140625
0 0.26818749999999997 0.40240625 0.2617390625 0.3938484375 0.2557875 0.3970734375 0.23363125 0.40004999999999996 0.23181250000000003 0.40215781249999993 0.23164687499999997 0.40401718750000004 0.23991406249999997 0.40525781250000004 0.24586562500000003 0.408234375 0.2615734375 0.4083578125 0.2660390625 0.4079859375 0.27116406249999997 0.404390625 0.26818749999999997 0.40240625
0 0.220734375 0.41170625000000005 0.2144515625 0.41319375 0.21164062499999997 0.4157984375 0.22040312499999998 0.41641874999999995 0.2255296875 0.4197671875 0.2333 0.41914687500000003 0.2364421875 0.41778281249999993 0.23482656249999997 0.4147953125 0.23561562500000002 0.4109625 0.220734375 0.41170625000000005
0 0.2670296875 0.871528125 0.27199062500000004 0.8650796875 0.277446875 0.8661953125 0.27943125 0.86321875 0.2797625 0.8590031249999999 0.2825734375 0.856646875 0.28753281249999996 0.8573906250000001 0.29034375 0.8552828124999999 0.29150156250000003 0.8506937499999999 0.30241406249999997 0.8484624999999999 0.30853125000000003 0.8443703125 0.3101859375 0.840153125 0.31051562499999996 0.8329609375 0.30919375 0.8282484374999999 0.3088625 0.8148562500000001 0.301421875 0.8129953125 0.2921625 0.813740625 0.277778125 0.8118796875 0.28224218749999996 0.8102671875 0.28819374999999997 0.8102671875 0.291996875 0.8076640625 0.2928234375 0.8055562500000001 0.298115625 0.809028125 0.299603125 0.80071875 0.3007609375 0.7998515625 0.3148140625 0.799975 0.31580625 0.7962546875000001 0.3138234375 0.7952625 0.3088625 0.787575 0.30324062500000004 0.7868296875 0.3009265625 0.78038125 0.30191875 0.7766609375 0.30340625 0.7755453125 0.308696875 0.7760421875 0.31216875 0.77195 0.3131609375 0.768725 0.3192796875 0.7673609375 0.32175937499999996 0.764509375 0.32473593749999996 0.7538437499999999 0.3224203125 0.7451640625 0.3280421875 0.7342515625 0.333003125 0.7275546875 0.3409390625 0.722346875 0.3449078125 0.717634375 0.3495375 0.714409375 0.351190625 0.7092015625 0.3574734375 0.704240625 0.36474843749999997 0.6948171875 0.37103125000000003 0.6908484374999999 0.376653125 0.6826640625 0.3829359375 0.6782 0.3859125 0.6744796875 0.3905421875 0.671503125 0.40509218750000003 0.6578625 0.41798906249999995 0.6427328125 0.4272484375 0.636284375 0.4292328125 0.631571875 0.43402812500000004 0.6279765625 0.43931875 0.6247515625 0.44246093750000004 0.631325 0.439153125 0.635540625 0.44047656249999995 0.639509375 0.4381609375 0.6432296875 0.44890937500000005 0.646825 0.45205 0.649678125 0.4563484375 0.65860625 0.4601515625 0.6612109375 0.463128125 0.6614578125 0.4753640625 0.6594734375 0.47834062499999996 0.6564984375 0.48627656249999995 0.655009375 0.4861109375 0.651165625 0.49652812500000004 0.6450890625000001 0.501653125 0.6432296875 0.5046296875 0.6392609375 0.5046296875 0.635540625 0.5079359375 0.6345484375 0.5099203125 0.630084375 0.5166999999999999 0.6247515625 0.5229828125 0.6254953125 0.5335640625 0.6230156250000001 0.53885625 0.6282234375 0.5438156249999999 0.6264875 0.5491078125 0.6297125 0.554728125 0.6289687500000001 0.56465 0.632440625 0.5704359375 0.6310765625 0.571428125 0.6281 0.5704359375 0.6219 0.5648140625 0.6196671874999999 0.5667984374999999 0.618675 0.5710984375 0.61173125 0.5661375 0.6080109375 0.5664687500000001 0.6040421874999999 0.5615078125 0.600075 0.5625 0.5963546875 0.555225 0.591890625 0.5502640624999999 0.584696875 0.5543984375 0.5811015625 0.5598546875 0.57899375 0.5638234375 0.5727921874999999 0.55191875 0.5608875 0.553240625 0.5569203125 0.556546875 0.5541921875 0.5634921875 0.543278125 0.567790625 0.5395578125 0.5734125 0.5291421875 0.580521875 0.524553125 0.6129296875 0.5193453124999999 0.6221890625000001 0.5138890625 0.6278109374999999 0.5138890625 0.630621875 0.5117812500000001 0.633928125 0.50706875 0.6352515624999999 0.5021078125 0.6335984375 0.4939234375 0.6451718750000001 0.4864828125 0.644840625 0.48276250000000004 0.6425265625 0.47879531249999996 0.643353125 0.47420625000000005 0.662203125 0.47098281249999996 0.6641859375 0.4662703125 0.6701390625 0.46527812500000004 0.6747687499999999 0.462796875 0.6850203125000001 0.4630453125 0.6903109374999999 0.45932500000000004 0.6957671875 0.45820937500000003 0.700728125 0.4505203125 0.705853125 0.44692499999999996 0.71114375 0.445684375 0.7217265625 0.44618125 0.7253640625 0.4432046875 0.731978125 0.44097187499999996 0.7375984375 0.4407234375 0.744709375 0.437128125 0.7486765625 0.42348749999999996 0.7397484375000001 0.412078125 0.7390875 0.408109375 0.7450390625 0.400421875 0.7457015625000001 0.395709375 0.74966875 0.38678124999999997 0.7602515624999999 0.3766125 0.758928125 0.360490625 0.763228125 0.3552828125 0.766203125 0.348834375 0.7748015625 0.34288124999999997 0.7767859374999999 0.33692968749999996 0.782903125 0.3338296875 0.7891859375 0.3283734375 0.8073750000000001 0.3201890625 0.8148140625 0.31014375 0.8144843749999999 0.305928125 0.8101859375 0.3032 0.797453125 0.288690625 0.7878640625 0.2864578125 0.7786046875 0.2790171875 0.773975 0.278521875 0.7686843750000001 0.2814984375 0.764715625 0.28050625 0.762896875 0.2786453125 0.7638890625 0.274925 0.766534375 0.2702140625 0.773478125 0.26277343750000004 0.7792656250000001 0.25868125000000003 0.7858796875 0.2564484375 0.7895171875 0.253471875 0.8004296875 0.2532234375 0.81035 0.25099218749999996 0.8206015624999999 0.25099218749999996 0.8260578125 0.2473953125 0.8270500000000001 0.2431796875 0.8214281250000001 0.23945937499999997 0.8207671875000001 0.235490625 0.825728125 0.23053125 0.830853125 0.22743125000000003 0.8368062500000001 0.22867031249999997 0.842096875 0.226934375 0.8465609374999999 0.2235859375 0.8492062499999999 0.2161453125 0.8488749999999999 0.2079609375 0.864278125 0.2014328125 0.8521828125 0.19580781249999998 0.8576390625 0.1959328125 0.860284375 0.1939484375 0.8718578125 0.1904765625 0.87466875 0.18836875 0.87533125 0.183903125 0.8849203125 0.1772078125 0.8859125000000001 0.17274375 0.889715625 0.170634375 0.8998015625000001 0.168775 0.9011250000000001 0.16505468750000002 0.8998015625000001 0.1608390625 0.9007937500000001 0.156621875 0.8945109375 0.14918125 0.9052578125 0.1431046875 0.9112109374999999 0.14136875 0.9131937499999999 0.137896875 0.9151781250000001 0.1376484375 0.9204703125 0.13963281249999998 0.92261875 0.1372765625 0.9219578125 0.13330781249999998 0.924603125 0.12884374999999998 0.924934375 0.11768281249999998 0.9204703125 0.11359062499999999 0.9168312500000001 0.11408750000000001 0.9150124999999999 0.1154515625 0.9117062499999999 0.1060265625 0.91021875 0.1049109375 0.8926921875 0.10243125 0.8738421875 0.1044140625 0.867890625 0.10590312500000001 0.8589609375 0.11483125000000001 0.8523484375000001 0.117559375 0.8465609374999999 0.12190000000000001 0.84375 0.12574375 0.8351515624999999 0.129215625 0.8310187499999999 0.1343 0.8204359374999999 0.140996875 0.81646875 0.147196875 0.8086968750000001 0.153521875 0.8004296875 0.15848281250000001 0.7895171875 0.16021875000000002 0.7840609374999999 0.162821875 0.7827375 0.16455781249999998 0.7827375 0.172990625 0.7787703125000001 0.18043125 0.7681875 0.185640625 0.7635578125 0.1928328125 0.7587625 0.19766875 0.7508265625 0.19965312500000001 0.7375984375 0.205109375 0.72205625 0.20287656250000002 0.7051921875 0.2036203125 0.69659375 0.2068453125 0.6843578124999999 0.2157734375 0.6588953125 0.22147812500000003 0.65443125 0.2235859375 0.6420734375 0.22516562499999998 0.6572421875 0.2333828125 0.6721234375 0.23611093749999998 0.680059375 0.2388390625 0.6881609375 0.24392343749999998 0.6904765625 0.24689999999999998 0.6914687500000001 0.2548359375 0.689153125 0.2593 0.6875 0.2677328125 0.6911375 0.27815 0.6911375 0.282365625 0.680059375 0.284721875 0.6737765625 0.287203125 0.6592265625 0.2891859375 0.643353125 0.2973703125 0.6367390625 0.2993546875 0.6273140625 0.305928125 0.6259921875 0.3098953125 0.6269843749999999 0.3178328125 0.6210312499999999 0.3218 0.6167328125 0.3297375 0.61954375 0.334078125 0.6278109374999999 0.337053125 0.6329359375 0.34065 0.634259375 0.3436265625 0.6405421875 0.34759375000000003 0.64864375 0.356646875 0.6536046875 0.3576390625 0.657903125 0.3563984375 0.6626984375 0.35701875 0.6613749999999999 0.359746875 0.662203125 0.3650796875 0.6592265625 0.36631874999999997 0.643021875 0.3650796875 0.6357468749999999 0.358134375 0.6274796874999999 0.355903125 0.606978125 0.3578875 0.5828375 0.3623515625 0.571759375 0.3669390625 0.5704359375 0.368675 0.5704359375 0.3728921875 0.5669640625000001 0.3754953125 0.5596890625000001 0.3774796875 0.5543984375 0.377728125 0.552909375 0.3805796875 0.54613125 0.3841765625 0.5419968749999999 0.38777343750000004 0.5396828124999999 0.391740625 0.5393515625 0.39645312499999996 0.5335640625 0.398809375 0.5300921875 0.397196875 0.5262890625 0.3921125 0.5166999999999999 0.389384375 0.50215 0.3829359375 0.4918984375 0.3807046875 0.4475859375 0.383928125 0.444940625 0.384671875 0.43965 0.389384375 0.4313828125 0.3921125 0.42410781249999996 0.399553125 0.41154062500000005 0.40352187500000003 0.41104531250000004 0.40711875 0.41319375 0.408234375 0.407903125 0.4079859375 0.40294375000000004 0.41170625000000005 0.3917 0.412946875 0.3817796875 0.4064984375 0.3718578125 0.40848281249999996 0.3662375 0.4109625 0.3630953125 0.41555 0.3634265625 0.42026250000000004 0.3611109375 0.42547187500000005 0.35102500000000003 0.430803125 0.3444109375 0.4298109375 0.334821875 0.4303078125 0.332671875 0.4314234375 0.3338296875 0.43328437500000005 0.33878906249999996 0.435515625 0.3295296875 0.4357640625 0.323578125 0.43129999999999996 0.32010625 0.43241562499999997 0.3189484375 0.435515625 0.3139875 0.43650781250000004 0.3111765625 0.4353921875 0.310846875 0.431671875 0.307375 0.43129999999999996 0.3040671875 0.43377968750000007 0.3007609375 0.43452343750000005 0.297784375 0.43452343750000005 0.2931546875 0.4327875 0.2848875 0.43303593749999997 0.2799265625 0.4350203125 0.27695156249999997 0.43824375 0.2726515625 0.439484375 0.2673609375 0.43675625 0.258928125 0.439359375 0.2640546875 0.444940625 0.27066875 0.4474203125 0.27794375 0.4454359375 0.28224218749999996 0.44692499999999996 0.287203125 0.44692499999999996 0.2928234375 0.44890937500000005 0.298115625 0.44866093749999997 0.30340625 0.4513890625 0.308696875 0.44940468750000007 0.3139875 0.45238125 0.31960937500000003 0.4516375 0.32523124999999997 0.45858125000000005 0.345403125 0.4662703125 0.35433125 0.46800625 0.3609453125 0.467509375 0.365575 0.46602187500000003 0.39136875 0.46651718750000004 0.40228125 0.46329374999999995 0.407903125 0.46428593749999997 0.4148484375 0.4610609375 0.41815468750000007 0.4578375 0.42377656249999995 0.45758906250000003 0.43402812500000004 0.4533734375 0.441303125 0.45411718749999996 0.44460937500000003 0.4451890625 0.44857812499999994 0.4499015625 0.4608140625 0.4548609375 0.470734375 0.46453437500000005 0.48197812500000003 0.46502968750000007 0.48660781249999996 0.4640375 0.4915671875 0.46502968750000007 0.49272499999999997 0.4681296875 0.4917328125 0.47160156249999996 0.49040937500000004 0.47209843749999997 0.49040937500000004 0.474578125 0.4808203125 0.4822671875 0.48644218749999996 0.4904515625 0.4809859375 0.4942953125 0.46974218749999996 0.49702343750000005 0.464615625 0.501859375 0.468584375 0.5060765625 0.468584375 0.5135171875 0.464615625 0.5182296875 0.46593906250000006 0.5217015625 0.483134375 0.53360625 0.48660781249999996 0.5376984375 0.4890875 0.5385671875 0.4920640625 0.54923125 0.4917328125 0.5536953125 0.49074062500000004 0.5564234375 0.48743437500000003 0.5586562500000001 0.4841265625 0.5646078125 0.48131562499999997 0.566715625 0.474703125 0.5587796875000001 0.46544375000000004 0.5553078124999999 0.4604828125 0.5567953125 0.4548609375 0.55555625 0.43965 0.5498515625 0.433365625 0.5498515625 0.41385625 0.553571875 0.407903125 0.5518359375 0.4055890625 0.5540671875000001 0.3923609375 0.555059375 0.3874015625 0.55704375 0.3817796875 0.5560515625 0.3761578125 0.5585312499999999 0.3612765625 0.5620046875 0.3556546875 0.5610125 0.34705625 0.5654765625 0.33449062500000004 0.5687 0.3277109375 0.5727921874999999 0.3260578125 0.5760171875 0.32572812500000003 0.5809765625 0.32159375 0.584821875 0.3139875 0.58755 0.306878125 0.5884171874999999 0.3078703125 0.5921375 0.303571875 0.5963546875 0.30753906249999996 0.6134671875000001 0.30522499999999997 0.6228921875 0.30820156249999997 0.6276046875 0.305059375 0.6307046875 0.295965625 0.6352921874999999 0.2936515625 0.6392609375 0.2880296875 0.6432296875 0.2900125 0.6462046875 0.2893515625 0.6578625 0.29133593750000003 0.6623265625 0.29034375 0.67100625 0.292328125 0.68043125 0.2870375 0.682415625 0.2911703125 0.6827875 0.303075 0.68055625 0.31431875 0.680059375 0.317790625 0.6816718749999999 0.31960937500000003 0.6850203125000001 0.3300265625 0.685640625 0.3295296875 0.6879953125 0.3242390625 0.68824375 0.3189484375 0.68675625 0.3133265625 0.6897328125 0.31216875 0.6953125 0.306546875 0.698040625 0.3039015625 0.702009375 0.293203125 0.70905 0.28600625 0.7121046875 0.2688828125 0.7152937500000001 0.2526984375 0.7189796875 0.252725 0.7259171875 0.255184375 0.7313328125 0.25545625 0.737103125 0.2564484375 0.7395828125 0.269840625 0.74144375 0.26802187499999997 0.7435515625 0.2637234375 0.7447921875 0.2617390625 0.7450390625 0.25975468749999997 0.74305625 0.2561171875 0.7423109375 0.25198437500000004 0.7451640625 0.2529765625 0.7473953125 0.255125 0.7485125 0.260746875 0.7482640625 0.2617390625 0.7462796875000001 0.2624015625 0.74925625 0.2508265625 0.7497515625 0.23263906250000002 0.7529765625 0.22817500000000002 0.7672375 0.22503281249999998 0.7733140625 0.212796875 0.7762890625 0.209490625 0.7782734375 0.2042 0.7782734375 0.20056250000000003 0.7807546875 0.19097187499999999 0.7837296874999999 0.1843578125 0.790921875 0.17840625000000002 0.7921625 0.1714609375 0.7919140625 0.165178125 0.79761875 0.15674531249999998 0.801215625 0.1537703125 0.8084078124999999 0.15443125 0.8128718750000001 0.156415625 0.8158484375 0.15674531249999998 0.821553125 0.1584 0.82428125 0.1534390625 0.8314734375 0.1537703125 0.8369296875 0.15162031250000002 0.8385421875000001 0.1458328125 0.8391609375 0.1481484375 0.8433781249999999 0.1461640625 0.8446187500000001 0.145503125 0.847346875 0.1534390625 0.8515625 0.1588953125 0.8673109374999999 0.161540625 0.8683031250000001 0.1704703125 0.8685515625000001 0.178075 0.8660718749999999 0.1827046875 0.8673109374999999 0.1937828125 0.8669390625 0.19246093749999998 0.8674359375 0.19113750000000002 0.8736359374999999 0.18683906249999999 0.878596875 0.18683906249999999 0.8828125 0.1795640625 0.8902531249999999 0.17790937499999998 0.89918125 0.176421875 0.9010421875000001 0.17261875 0.901909375 0.17261875 0.9046375 0.1736109375 0.9046375 0.1860125 0.9032734375 0.1875 0.9016609375 0.1883265625 0.8970734374999999 0.1990734375 0.897196875 0.20039687499999997 0.8919890625000001 0.196428125 0.8830609375 0.19808125000000001 0.879340625 0.19808125000000001 0.8746281249999999 0.20882968750000003 0.8683031250000001 0.21610468749999998 0.872271875 0.2230484375 0.8735125 0.2528109375 0.8675593750000001 0.2620703125 0.8680562500000001 0.2670296875 0.871528125
0 0.8989750000000001 0.1736109375 0.8839281250000001 0.1767109375 0.8832671875000001 0.18043125 0.887896875 0.182415625 0.889315625 0.19343125 0.91015625 0.19713750000000002 0.9158406250000001 0.1937 0.9193125 0.1923359375 0.9208000000000001 0.18973281250000001 0.9247687499999999 0.18824375 0.9310515625000001 0.18824375 0.9305562500000001 0.1920890625 0.9282406249999999 0.19332812500000002 0.9274140624999999 0.19618125 0.93535 0.19766875 0.9472546875000001 0.19766875 0.956184375 0.2001484375 0.9613093750000001 0.20002499999999998 0.981315625 0.1984125 0.9909062499999999 0.19444375 0.9920640625000001 0.1923359375 0.9833000000000001 0.18551562500000002 0.9723875 0.1850203125 0.9674265625 0.1857640625 0.96114375 0.1817953125 0.9439484374999999 0.1817953125 0.94146875 0.18067968750000002 0.9424609374999999 0.17621562500000001 0.9379953125 0.174603125 0.926090625 0.1763390625 0.9128640625 0.1765875 0.8989750000000001 0.1736109375
0 0.568696875 0.6499343750000001 0.5749109375 0.6478484375 0.5801921875 0.6431828125 0.5761328125 0.6396421875 0.574090625 0.6386703125000001 0.568653125 0.6381203125 0.5618624999999999 0.6421281249999999 0.5614421875 0.646778125 0.568696875 0.6499343750000001
0 0.8760031250000001 0.6094125 0.881803125 0.6075890625 0.8755875 0.6004734375 0.8730625 0.600959375 0.869184375 0.6025046875 0.8760031250000001 0.6094125
0 0.1671625 0.948909375 0.189153125 0.9448171875 0.1917984375 0.9386156250000001 0.1957671875 0.933903125 0.194775 0.928446875 0.19246093749999998 0.9244796875000001 0.18931875 0.92261875 0.1830359375 0.9233625 0.1795640625 0.9212546875 0.1812171875 0.918278125 0.18783125 0.9123265625 0.19709062500000002 0.9081093750000001 0.2017203125 0.901909375 0.20337343749999998 0.8917406250000001 0.20205 0.8860359375 0.198909375 0.8829359374999999 0.1883265625 0.8824406249999999 0.182375 0.8849203125 0.172784375 0.8923609375 0.1661703125 0.8928578125 0.161871875 0.89459375 0.15691093750000001 0.893353125 0.15443125 0.8905015625000001 0.1584 0.8865328124999999 0.1584 0.88206875 0.1570765625 0.8798359375 0.15228124999999998 0.8779765625 0.1463296875 0.8730156250000001 0.1420296875 0.87425625 0.1354171875 0.8745046875 0.1261578125 0.8787203124999999 0.1205359375 0.8787203124999999 0.114253125 0.8824406249999999 0.1076390625 0.8839281250000001 0.09837968750000001 0.8876484375 0.0945765625 0.8902531249999999 0.0942453125 0.89446875 0.09127031249999999 0.9006703125 0.0856484375 0.9056296875 0.08432500000000001 0.912821875 0.07291718750000001 0.9164187500000001 0.0471234375 0.9268359374999999 0.0433203125 0.9299359375 0.0396828125 0.9353921875 0.0380296875 0.9455609375 0.0357140625 0.94928125 0.0340609375 0.956721875 0.0266203125 0.9603171875 0.006448437499999999 0.964534375 0.001984375 0.9673859374999999 0 0.972346875 0.000165625 1 0.08333281249999999 0.9998765625000001 0.09408125 0.9928078125 0.1003640625 0.9935515625000001 0.10466249999999999 0.9923109374999999 0.1149140625 0.9838796875 0.12218906249999999 0.9811515625 0.125 0.9787953125 0.1263234375 0.9770578125 0.126653125 0.9599453125 0.129134375 0.955853125 0.1307875 0.9551093749999999 0.1410390625 0.956596875 0.148975 0.955853125 0.15724218750000002 0.95386875 0.1671625 0.948909375
0 0.136078125 0.9900796875 0.1307875 0.9890874999999999 0.1258265625 0.990575 0.1205359375 0.990575 0.11557500000000001 0.9933031250000001 0.10995312500000001 0.9928078125 0.09904062500000001 0.9997515625 0.093915625 0.9998765625000001 0.1312828125 0.9998765625000001 0.136078125 0.9975203125000001 0.1371265625 0.992046875 0.136078125 0.9900796875
0 0.23996562500000002 0.6643484374999999 0.2381890625 0.6646046875 0.23930156249999998 0.6693734375 0.239871875 0.6713828125 0.2368015625 0.67484375 0.2378421875 0.6820265625 0.24011875 0.6908765625 0.244575 0.682571875 0.2479734375 0.6776859375 0.25182812499999996 0.6755484375 0.2548546875 0.67569375 0.25819843750000004 0.676009375 0.265440625 0.673696875 0.23996562500000002 0.6643484374999999
0 0.16098125000000002 0.6415796874999999 0.1669734375 0.6466296875 0.1709 0.650115625 0.176165625 0.6545124999999999 0.1819390625 0.6547984375 0.190425 0.6521765625 0.1907609375 0.6472328125 0.1893046875 0.645425 0.1867421875 0.6441250000000001 0.18519687499999998 0.6394968750000001 0.1899875 0.6326015625 0.18663593750000002 0.62825625 0.1887890625 0.6191609375 0.18988906249999998 0.6114171875000001 0.1893953125 0.611353125 0.1892484375 0.60435625 0.18739843750000001 0.6005546875000001 0.184271875 0.597878125 0.177515625 0.59604375 0.169634375 0.597971875 0.15947187499999999 0.6024921875 0.157965625 0.6099453125000001 0.1535953125 0.61496875 0.1555984375 0.6196171875 0.1598546875 0.6251781249999999 0.1653015625 0.6286562499999999 0.16336562500000001 0.6303062500000001 0.155475 0.6327499999999999 0.1449625 0.6361234375 0.16098125000000002 0.6415796874999999
0 0.059459375 0.58663125 0.0577890625 0.5864234374999999 0.05474687499999999 0.5868203125 0.049809375 0.58773125 0.0484421875 0.5900015625 0.0495515625 0.592984375 0.053476562500000005 0.5955984375 0.05629375 0.595375 0.06284218750000001 0.5951125 0.065165625 0.5929125 0.0632421875 0.5882390625 0.060812500000000005 0.5873484375 0.059459375 0.58663125
0 0.0800640625 0.6160359375 0.0848703125 0.6155140625 0.0857671875 0.6142046875 0.0734859375 0.6109453125 0.0727359375 0.6136328125 0.0713125 0.6162468750000001 0.07425625 0.6188609375 0.076825 0.6193234375000001 0.0800640625 0.6160359375
0 0.14051093750000002 0.50876875 0.1434328125 0.51016875 0.1454203125 0.507525 0.146109375 0.5012734375 0.1438625 0.4975515625 0.1458703125 0.493 0.1441234375 0.4916359375 0.14087031249999998 0.490496875 0.1364046875 0.49217187500000004 0.12895 0.4910828125 0.12373125 0.493009375 0.11608437499999999 0.4948328125 0.113128125 0.49535 0.10861875000000001 0.498190625 0.112075 0.5073296875 0.11279687499999999 0.5115796875 0.132340625 0.5081140625 0.13801093749999999 0.506709375 0.14051093750000002 0.50876875
0 0.1008609375 0.43712343750000004 0.0947375 0.43589062500000003 0.0894859375 0.434815625 0.0846640625 0.4349609375 0.0835609375 0.4371796875 0.08452968749999999 0.44119374999999994 0.08968593750000001 0.441590625 0.0909171875 0.44155156250000005 0.09435 0.44304375 0.0995953125 0.4426109375 0.10138906249999999 0.4407953125 0.10145 0.4382890625 0.1008609375 0.43712343750000004
0 0.0900203125 0.42438281250000004 0.0856515625 0.4235578125 0.08442968749999999 0.42515468749999996 0.08025312500000001 0.42342812500000004 0.0753578125 0.42407500000000004 0.0767140625 0.427190625 0.0804828125 0.4305703125 0.08444375 0.43113906249999995 0.0888078125 0.431140625 0.0924171875 0.42952812500000004 0.0937546875 0.43017500000000003 0.09790937499999999 0.43100781250000003 0.101896875 0.4295796875 0.0900203125 0.42438281250000004
0 0.1068078125 0.36534374999999997 0.11141875000000001 0.3661890625 0.12060937499999999 0.3649859375 0.12214218750000001 0.3626 0.1165578125 0.3601359375 0.1072890625 0.3554890625 0.1032671875 0.355653125 0.0999046875 0.35791093749999997 0.10300625000000001 0.3633375 0.1068078125 0.36534374999999997
0 0.019956250000000002 0.29658281249999996 0.0162953125 0.29779062500000003 0.017740625 0.3012765625 0.0200625 0.3022140625 0.0250953125 0.302215625 0.03115 0.304053125 0.0340890625 0.30270312499999996 0.03138125 0.299609375 0.026903125 0.2979734375 0.0205625 0.29653125 0.0214390625 0.297296875 0.019956250000000002 0.29658281249999996
0 0.038375 0.25247031249999996 0.0412625 0.2534078125 0.044959375 0.253553125 0.051331249999999995 0.2533859375 0.053109375 0.2503171875 0.0503375 0.24966875000000002 0.0489765625 0.25019843750000004 0.043690625 0.25009375 0.04083125 0.2505546875 0.038375 0.25247031249999996
0 0.0498046875 0.258175 0.0485015625 0.25545625 0.0458453125 0.2545984375 0.0416453125 0.254165625 0.037509375 0.25553906249999997 0.0377984375 0.2578609375 0.0429296875 0.257834375 0.0498046875 0.258175