0 0.2864 0 0.27680937499999997 0.005953125 0.2617625 0.0177328125 0.2558109375 0.0271578125 0.2589515625 0.029017187500000003 0.2632515625 0.0275296875 0.28250156249999997 0.018778125 0.285571875 0.018476562499999998 0.2843921875 0.023739062499999998 0.2905328125 0.0386203125 0.30565000000000003 0.042871875 0.3202953125 0.0418078125 0.3316328125 0.032596875 0.35241875 0.0294078125 0.3708421875 0.044996875 0.3840703125 0.042162500000000006 0.369425 0.0294078125 0.3845421875 0.0286984375 0.39588125 0.022321874999999998 0.3845421875 0.034721875 0.39115625 0.0368484375 0.40485625000000003 0.020904687499999998 0.41383281250000004 0.013464062500000002 0.3970140625 0.0040921875 0.396021875 0.0026046875000000002 0.3918890625 0 0.2864 0
0 0.244709375 0 0.248015625 0.005314062499999999 0.256046875 0.0077953125 0.2631328125 0.0088578125 0.2650234375 0.0042515625 0.2607703125 0 0.255575 0 0.244709375 0
0 0 0.11321874999999999 0.001984375 0.11371562500000001 0.0009921875 0.11768281249999998 0.005290625 0.1189234375 0.007771875 0.11582343749999999 0.013228124999999999 0.11371562500000001 0.0246359375 0.10317499999999999 0.03158125 0.10094218749999999 0.03306875 0.10983593750000001 0.0387375 0.11019062500000001 0.0429890625 0.1038125 0.04913125 0.10275000000000001 0.057374999999999995 0.10391874999999999 0.0611765625 0.102803125 0.0588625 0.0966015625 0.0539015625 0.09065 0.05853125 0.0787453125 0.075396875 0.066840625 0.07983749999999999 0.0627125 0.080309375 0.057398437499999996 0.0892859375 0.0549359375 0.1053484375 0.044996875 0.11715781249999999 0.051375000000000004 0.1223546875 0.0499578125 0.1062921875 0.0389734375 0.09117499999999999 0.0219671875 0.0762234375 0.0280265625 0.06927968749999999 0.026785937500000002 0.0836171875 0.012401562500000001 0.0924265625 0 0 0.0001234375 0 0.11321874999999999
0 0 0.1799890625 0.010865625 0.170421875 0.0047234375 0.16687968749999998 0.0037796875 0.16262812499999998 0.0009453125 0.1576671875 0 0.1587296875 0 0.170421875 0 0.1799890625
0 0 0.5467515625 0.0062828125 0.5569203125 0.00396875 0.5591515625000001 0.0013234375 0.5651046875 0.00545625 0.5677078125 0.0178578125 0.568825 0.0158734375 0.5703125 0.0212578125 0.5803578125 0.026289062499999998 0.5761406250000001 0.040675 0.56485625 0.0585796875 0.54528125 0.0573640625 0.5452203124999999 0.066609375 0.542446875 0.042328125 0.5296375 0.04440625 0.52473125 0.037792187500000005 0.518353125 0.048657812499999994 0.5055984375 0.0446421875 0.5028515625 0.046296875 0.5017 0.0453515625 0.49496874999999996 0.04440625 0.48929999999999996 0.028935937499999998 0.48933593750000004 0.022321874999999998 0.48660781249999996 0.0157078125 0.4861109375 0.0115734375 0.48821875 0.01058125 0.4904515625 0.004134375 0.49627968750000007 0 0.49764375000000005 0 0.5467515625
0 0 0.6920890625 0.0013234375 0.6950640625 0.0085984375 0.7017609375 0.014549999999999999 0.70548125 0.0160390625 0.7080859375 0.0211640625 0.7089531250000001 0.027778124999999997 0.70548125 0.031415625 0.6972968749999999 0.045965624999999996 0.6848953125 0.047453125 0.6817953125 0.052414062500000004 0.6810515625 0.056382812500000004 0.684028125 0.0636578125 0.6855156250000001 0.07523125 0.6810515625 0.08432500000000001 0.6744796875 0.11621250000000001 0.65121875 0.1053484375 0.6508640625 0.08498750000000001 0.6343 0.09967812499999999 0.6235828125 0.0982609375 0.6168515625000001 0.08498750000000001 0.6152031250000001 0.080853125 0.6113593749999999 0.07291718750000001 0.6078875 0.06795625 0.603421875 0.0577046875 0.5994546875 0.051587499999999994 0.6015625 0.036375000000000005 0.608346875 0.04398125 0.6092515625 0.0429890625 0.6119796875 0.0344859375 0.6122453125 0.019840625 0.6246453125 0.025793749999999997 0.62735625 0.0157078125 0.633928125 0.012565625 0.631571875 0.013228124999999999 0.630084375 0.0224875 0.6204109375 0.028107812500000003 0.6166921875 0.0357140625 0.6092515625 0.038690625 0.6047859375 0.04440625 0.5991359375 0.032242187500000005 0.5984625 0.0213296875 0.5989578125 0.0104171875 0.6076390625 0.005124999999999999 0.6071421875 0 0.6052828124999999 0 0.6707062500000001 0.00330625 0.664328125 0.006614062499999999 0.66149375 0.0118109375 0.659721875 0.019840625 0.6600765625 0.023643749999999998 0.660465625 0.029099999999999997 0.6645578125 0.031084374999999997 0.6692703125 0.032596875 0.6756656249999999 0.025628125 0.6810515625 0.018353125 0.684028125 0.00566875 0.68204375 0 0.6753125 0 0.6920890625
0 0.0094484375 0.7394421875 0.014171875 0.7355437499999999 0.01700625 0.732709375 0.0179515625 0.7256234375 0.014645312499999999 0.72420625 0.01039375 0.729875 0.006140625 0.7320015625 0 0.735190625 0.0094484375 0.7394421875
0 0.73790625 0.7514875 0.7312921875 0.7486531249999999 0.7256234375 0.7500703125 0.7232609375 0.7483 0.7312921875 0.7401500000000001 0.7128687499999999 0.7401500000000001 0.6835796875 0.7415671875000001 0.68546875 0.746528125 0.6930265624999999 0.745465625 0.7005859375 0.7518421875 0.699640625 0.758928125 0.7119234375 0.769203125 0.715703125 0.76636875 0.7260953125 0.7699125 0.7312921875 0.7684953125 0.7346 0.767078125 0.7388515625000001 0.764596875 0.74026875 0.758575 0.7393234375 0.7539687500000001 0.73790625 0.7514875
0 0.564059375 0.74475625 0.56689375 0.7461734375 0.56216875 0.7490078125 0.567365625 0.7507796875 0.58059375 0.7497171875 0.5853171875000001 0.750425 0.5909859375 0.7500703125 0.5938203125 0.7536140625 0.5985453125 0.7553859375 0.6037421875 0.7525515625 0.60563125 0.7479453125 0.6127171875 0.7433390625 0.5848453124999999 0.74369375 0.564059375 0.74475625
0 0.5266203125 0.7686421875 0.5346124999999999 0.7777359374999999 0.5370921875 0.7777359374999999 0.5426031250000001 0.782903125 0.5511468749999999 0.7833171875 0.5569328125 0.779803125 0.5550046875 0.7702953124999999 0.5550046875 0.7671953125 0.5514218750000001 0.76285625 0.5467375 0.76058125 0.53764375 0.7630625 0.5304781249999999 0.76636875 0.5266203125 0.7686421875
0 0.6153546875 0.8630953124999999 0.6142531250000001 0.8628890625000001 0.6137015625 0.8608218750000001 0.6153546875 0.854828125 0.60405625 0.8542078125 0.593584375 0.857721875 0.5789796875000001 0.851728125 0.5778765625 0.8564812500000001 0.58008125 0.8589609375 0.5798062500000001 0.8616484375000001 0.5938609375 0.8705359375 0.601025 0.8740500000000001 0.6032296875000001 0.8690890625 0.61011875 0.869709375 0.620590625 0.872603125 0.6272046875 0.865575 0.623346875 0.86268125 0.620865625 0.8604078124999999 0.6142531250000001 0.8597890625 0.6153546875 0.8630953124999999
0 0.57401875 0.686590625 0.5660265625 0.6903109374999999 0.56216875 0.695271875 0.5616187499999999 0.6981640625 0.5605156250000001 0.701678125 0.5707125 0.692584375 0.57401875 0.686590625
0 0.5927578125 0.6812171874999999 0.589175 0.68245625 0.5855937499999999 0.6845234375 0.5941359375 0.689278125 0.5988203125 0.6888640625 0.5955140625 0.6816296875 0.5927578125 0.6812171874999999
0 0.6696421875 0.6801828125 0.6690921875 0.6841109375000001 0.6718468750000001 0.686384375 0.67598125 0.6872109375 0.6883812500000001 0.6861765625 0.6949953125 0.68225 0.6919640625000001 0.680596875 0.6908624999999999 0.67915 0.6883812500000001 0.6756359375 0.6845234375 0.6766703125 0.6828703125 0.6696421875 0.6806656249999999 0.6694359375000001 0.677634375 0.67005625 0.674603125 0.67005625 0.67625625 0.6679890625 0.6751546875 0.665303125 0.6723984375 0.6661296875 0.6646828124999999 0.665303125 0.6605484374999999 0.6698500000000001 0.6588953125 0.6725359375 0.6528328125 0.6748093749999999 0.64566875 0.67625625 0.6437390625 0.6816296875 0.65200625 0.68514375 0.6555890625 0.6861765625 0.6588953125 0.6841109375000001 0.6586203125 0.68225 0.6635796875 0.68245625 0.665234375 0.6843171875 0.6674375 0.6795640625 0.6696421875 0.6801828125
0 0.599646875 0.3600359375 0.593584375 0.36995625 0.5988203125 0.3745046875 0.60405625 0.3718171875 0.6109453125 0.36665000000000003 0.6125984375 0.3701640625 0.620315625 0.3796703125 0.6272046875 0.3790515625 0.638228125 0.3866984375 0.6426359374999999 0.38649062500000003 0.635471875 0.3817375 0.64621875 0.38153125 0.650628125 0.380084375 0.6539359375 0.37595 0.6558640625 0.3736765625 0.6481484375 0.374090625 0.647871875 0.37285 0.653384375 0.365409375 0.6553125 0.3627234375 0.659721875 0.3614828125 0.660825 0.36065625 0.6575171875 0.3579703125 0.6602734375 0.3571421875 0.6588953125 0.34804843750000003 0.6522812499999999 0.343915625 0.6511796875 0.337715625 0.644565625 0.3370953125 0.6365734375 0.33316875 0.6329921875 0.3329609375 0.6238984375000001 0.33316875 0.6134265625 0.3280015625 0.6068125 0.3265546875 0.5913796875 0.3282078125 0.581459375 0.3311015625 0.5778765625 0.335028125 0.5886250000000001 0.35135625 0.5894515625000001 0.3554890625 0.587796875 0.359003125 0.5897265625 0.36479062500000003 0.599371875 0.359003125 0.599646875 0.3600359375
0 0.6897593750000001 0.2980328125 0.6892078125000001 0.2955515625 0.6839734375 0.2967921875 0.68204375 0.2994796875 0.683696875 0.304853125 0.686453125 0.302165625 0.6886578125 0.3000984375 0.6897593750000001 0.2980328125
0 0.74818125 0.2963796875 0.7462515625 0.29741249999999997 0.7434968750000001 0.3013390625 0.745425 0.3027859375 0.74790625 0.3015453125 0.749834375 0.29720625 0.74818125 0.2963796875
0 0.7553468750000001 0.2804640625 0.746803125 0.27488437499999996 0.7476296875 0.276125 0.7470796875 0.27695156249999997 0.7470796875 0.279225 0.7445984375 0.281290625 0.749834375 0.2804640625 0.7553468750000001 0.2804640625
0 0.7432203125 0.3521828125 0.7487328125 0.35176875 0.7512125000000001 0.3445359375 0.7476296875 0.34474218749999996 0.74239375 0.348875 0.7432203125 0.3521828125
0 0.7101515625 0.347221875 0.7159390625000001 0.347015625 0.7112546875 0.3435015625 0.7101515625 0.347221875
0 0.84408125 0.47019687499999996 0.8534499999999999 0.46440937499999996 0.8509703125 0.45903593750000005 0.8407734375 0.4635828125 0.8360890624999999 0.47205624999999996 0.84408125 0.47019687499999996
0 0.788965625 0.464615625 0.7837296874999999 0.464615625 0.7787703125000001 0.46565 0.7762890625 0.4712296875 0.77821875 0.4712296875 0.7831796875 0.46895625 0.7864859375 0.46895625 0.788965625 0.464615625
0 0.773809375 0.7564484375 0.764990625 0.754175 0.7625109375 0.7539687500000001 0.7594796875000001 0.7550015625000001 0.7636140625000001 0.7607890625 0.7699515625 0.7612015624999999 0.7804234375 0.7612015624999999 0.773809375 0.7564484375
0 0.914903125 0.6905171875 0.9135249999999999 0.692790625 0.9110453125 0.6994046875000001 0.9077375 0.7041578125 0.9126984374999999 0.7056046874999999 0.9198640625 0.7008515625 0.9239968749999999 0.6975453125 0.9253750000000001 0.695271875 0.9193125 0.69403125 0.9201390625 0.6915515625 0.918209375 0.689896875 0.914903125 0.6905171875
0 0.9085640625 0.6799765625 0.9080140625 0.6816296875 0.9030531249999999 0.68245625 0.9085640625 0.68514375 0.9124234375 0.6828703125 0.9099421875000001 0.67894375 0.9085640625 0.6799765625
0 0.9030531249999999 0.68845 0.8969906249999999 0.6890703125 0.8934078124999999 0.6886578125 0.8870703125 0.6886578125 0.882109375 0.6880375 0.8782515625 0.689896875 0.87715 0.6921703124999999 0.8768734374999999 0.695271875 0.8799046875000001 0.6996109374999999 0.8837624999999999 0.7010578125 0.8914796875000001 0.7008515625 0.8978171875 0.70333125 0.9030531249999999 0.7035390625 0.9088406250000001 0.69981875 0.9088406250000001 0.6923781250000001 0.906084375 0.6890703125 0.9030531249999999 0.68845
0 0.94053125 0.744046875 0.9493499999999999 0.7467343750000001 0.953759375 0.740740625 0.9521046875 0.737846875 0.9446656250000001 0.7366078125 0.9460421875 0.7341265625 0.9416343749999999 0.7339203125 0.935846875 0.734334375 0.9259265624999999 0.7357796875 0.94053125 0.744046875
0 0.9851734375 0.731853125 0.9854499999999999 0.73350625 0.9807656250000001 0.734334375 0.984071875 0.7355734375 0.9879296875 0.734746875 0.9890328125 0.7310265625000001 0.9862765625 0.728959375 0.984346875 0.728753125 0.9791109375 0.731853125 0.9851734375 0.731853125
0 0.9799374999999999 0.7485953125 0.9730484374999999 0.7473546875 0.9653328125 0.7471484375 0.960096875 0.7444609375 0.9587187500000001 0.7442546875 0.9559640625 0.7442546875 0.9526562500000001 0.7473546875 0.9562390625000001 0.755415625 0.9606484375000001 0.7581015625 0.9669859375 0.763475 0.9791109375 0.763475 0.9807656250000001 0.7612015624999999 0.9832453125 0.7597546875 0.9854499999999999 0.7583078125 0.9846234375 0.7547953125 0.9821421875 0.75128125 0.9799374999999999 0.7485953125
0 0.96478125 0.812665625 0.9680890625 0.8120453124999999 0.97084375 0.8108046874999999 0.9658843750000001 0.8062578125 0.962853125 0.8068781250000001 0.9595453125000001 0.8087390624999999 0.96478125 0.812665625
0 0.9383265625 0.515046875 0.9369484375000001 0.518353125 0.9413578125000001 0.5218671875 0.9441140625 0.5193859375 0.9413578125000001 0.5193859375 0.9416343749999999 0.5175265625 0.94053125 0.515459375 0.9383265625 0.515046875
0 0.9691906250000001 0.5584484375 0.9700171875000001 0.5605156250000001 0.9724984375 0.5605156250000001 0.9755296875000001 0.5592765625 0.978284375 0.5563828125 0.9716703125 0.5551421875 0.9691906250000001 0.5584484375
0 0.9581687499999999 0.44250156250000006 0.9636796875 0.4398140625 0.9589953124999999 0.43588750000000004 0.9532078125 0.4303078125 0.9493499999999999 0.4272078125 0.9410828125 0.422453125 0.937775 0.4226609375 0.9352953125000001 0.4243140625 0.9446656250000001 0.43464843750000004 0.9581687499999999 0.44250156250000006
0 0.9614750000000001 0.391865625 0.9592703124999999 0.3916578125 0.951278125 0.3916578125 0.956790625 0.3964125 0.9631281250000001 0.39475937499999997 0.9614750000000001 0.391865625
0 1 0.0460890625 0.9973000000000001 0.044229687499999996 0.9912375000000001 0.043609375 0.9860015625 0.041335937499999996 0.992890625 0.049189062500000005 0.99426875 0.0562171875 1 0.058284375 1 0.054976562500000006 1 0.049396875 1 0.0460890625
0 0.9851734375 0.05642343749999999 0.9826937499999999 0.0578703125 0.981040625 0.06324375 0.9829703125 0.06427812499999999 0.990134375 0.0595234375 0.9876546875000001 0.0578703125 0.9851734375 0.05642343749999999
0 0.785384375 0.06551718749999999 0.7787703125000001 0.0696515625 0.773534375 0.075025 0.7705031250000001 0.079571875 0.7716046875 0.08267187499999999 0.7757390625 0.08267187499999999 0.7790453125 0.0803984375 0.785934375 0.075025 0.7931 0.0698578125 0.7955796875 0.0671703125 0.794753125 0.06572343750000001 0.7884156250000001 0.06448437500000001 0.785384375 0.06551718749999999
0 0.3972984375 0.49567812499999997 0.394840625 0.4907 0.3817796875 0.4818953125 0.3668984375 0.476190625 0.360615625 0.4759421875 0.3556546875 0.47891874999999995 0.3503640625 0.47420625000000005 0.3463953125 0.475446875 0.3391203125 0.47495000000000004 0.3449078125 0.468378125 0.3445765625 0.46168125 0.34044375 0.45684531249999993 0.32785312499999997 0.445365625 0.3103734375 0.43261093749999996 0.31746093750000004 0.44430312499999997 0.3113421875 0.4479171875 0.30836562500000003 0.4516375 0.305059375 0.45238125 0.303075 0.4548609375 0.2986109375 0.45647343749999997 0.2933203125 0.462921875 0.289021875 0.46540156250000003 0.285053125 0.474578125 0.2878640625 0.476934375 0.2984453125 0.4759421875 0.30340625 0.4791671875 0.3149796875 0.48214218750000004 0.3207671875 0.4864828125 0.3244046875 0.493675 0.3295296875 0.4942953125 0.3301921875 0.49652812500000004 0.334821875 0.4967765625 0.3373015625 0.499628125 0.3416 0.5021078125 0.3401125 0.503471875 0.33316875 0.5022328125 0.3295296875 0.4982640625 0.327546875 0.4997515625 0.3136578125 0.5024796874999999 0.30919375 0.5055796875 0.30853125000000003 0.50855625 0.3039015625 0.513765625 0.30324062500000004 0.5217015625 0.3042328125 0.5231890625 0.3209328125 0.532490625 0.3296953125 0.5358390625 0.33978125000000003 0.532490625 0.3573078125 0.5181046874999999 0.36226875000000003 0.51636875 0.371196875 0.51016875 0.37400781250000004 0.514509375 0.3834328125 0.521825 0.3976515625 0.5240578124999999 0.40228125 0.52256875 0.40580156250000005 0.5261484375000001 0.41525 0.5151640625 0.4232796875 0.507015625 0.4070765625 0.5045890625 0.40343906250000006 0.5021078125 0.3972984375 0.49567812499999997
0 0.7878640625 0.5389390625 0.7820765625 0.53360625 0.7824078125 0.5296375 0.7837296874999999 0.524925 0.7896828124999999 0.520709375 0.79249375 0.516865625 0.7951390625 0.5153765625 0.803075 0.5141375 0.8058859375 0.5127734375 0.81465 0.5009921875 0.8209328125 0.498759375 0.8265546875 0.4985125 0.8351515624999999 0.4935515625 0.8422625 0.4916921875 0.84193125 0.48673124999999995 0.8348218749999999 0.4841265625 0.8316796875 0.48003437499999996 0.82886875 0.478421875 0.8163031249999999 0.4744546875 0.81035 0.474703125 0.8060515625000001 0.47371093750000004 0.8000984375 0.4771828125 0.78455625 0.4779265625 0.78306875 0.478546875 0.7827375 0.482515625 0.7896828124999999 0.486234375 0.7878640625 0.48859062499999995 0.7786046875 0.490328125 0.768353125 0.4895828125 0.7633921875 0.48735156249999995 0.7581015625 0.4875984375 0.750165625 0.4895828125 0.7418984375 0.493303125 0.7362765625 0.4982640625 0.7323078125 0.4997515625 0.7233796875 0.4982640625 0.71841875 0.494046875 0.71180625 0.4923109375 0.7015546875 0.48784687499999996 0.6904765625 0.4919390625 0.6838625 0.5058281250000001 0.6851859375 0.5110359375 0.6835312499999999 0.5184765625 0.68716875 0.5254218749999999 0.6868390625 0.5298859375 0.6881609375 0.533109375 0.6875 0.54774375 0.6851859375 0.555928125 0.6865078125 0.5658484374999999 0.6903109374999999 0.569196875 0.705521875 0.5744046875000001 0.7217265625 0.5736609374999999 0.7286703125 0.574653125 0.731978125 0.5766375 0.7374343750000001 0.5765125 0.742890625 0.5736609374999999 0.7485125 0.5724203125 0.7637234375 0.5724203125 0.7696765625 0.5741562499999999 0.77794375 0.571925 0.79183125 0.5649796874999999 0.7929890625 0.5626234375 0.8138234375 0.5452625 0.8134921875 0.541790625 0.8120046875 0.540921875 0.805390625 0.540921875 0.8004296875 0.5389390625 0.7958000000000001 0.5404265625 0.7878640625 0.5389390625
0 0.6801140625000001 0.5520421875 0.6751546875 0.5520421875 0.6729499999999999 0.554109375 0.6729499999999999 0.557209375 0.6754296875 0.5586562500000001 0.683421875 0.5514218750000001 0.6801140625000001 0.5520421875
0 0.704365625 0.5741562499999999 0.6963734374999999 0.5722968749999999 0.710703125 0.581596875 0.7175921875 0.5867640625 0.71841875 0.584078125 0.7068453124999999 0.5751906250000001 0.704365625 0.5741562499999999
0 0.37169375 0.8917406250000001 0.38194374999999997 0.8805796875 0.383928125 0.8748765625000001 0.3874015625 0.87103125 0.3953375 0.8700390625000001 0.40310781249999994 0.8716515625 0.4037703125 0.8666921875 0.40806875 0.8627234375 0.4084 0.8592515625000001 0.41997343750000005 0.8505703125 0.42493437500000003 0.8443703125 0.43419375000000004 0.8384171874999999 0.439484375 0.8312250000000001 0.44477500000000003 0.8275046875 0.44675937499999996 0.8235359375 0.43965 0.821925 0.43253906249999996 0.8126234374999999 0.4290671875 0.8105156250000001 0.41782343749999995 0.8110125 0.4085640625 0.8127484375 0.4070765625 0.8118796875 0.40939218750000006 0.8056796875 0.41335937500000003 0.8029515625 0.41600468749999997 0.7962546875000001 0.4163359375 0.791790625 0.40294375000000004 0.7822421875 0.396659375 0.7807546875 0.3921953125 0.7754218749999999 0.38624375 0.77269375 0.38260625 0.76798125 0.380125 0.7661203125 0.3763234375 0.765253125 0.37599218749999996 0.7607890625 0.3735125 0.7564484375 0.367559375 0.7552078125 0.3609453125 0.7552078125 0.3556546875 0.757440625 0.3503640625 0.7557046875 0.3450734375 0.7564484375 0.3407734375 0.7544640625000001 0.3321765625 0.7544640625000001 0.31431875 0.7564484375 0.2984453125 0.7564484375 0.2931546875 0.75868125 0.2825734375 0.7584328124999999 0.2782734375 0.759671875 0.260746875 0.7584328124999999 0.2508265625 0.7599203125 0.235284375 0.7584328124999999 0.227678125 0.7609125 0.21941093750000001 0.7666171875 0.209821875 0.7700890625000001 0.2045296875 0.7653765625 0.198909375 0.7661203125 0.1936171875 0.764384375 0.1883265625 0.76488125 0.183696875 0.7631453125000001 0.1770828125 0.7631453125000001 0.1721234375 0.7619046875000001 0.16749375 0.7626484375 0.15691093750000001 0.768353125 0.1519515625 0.769840625 0.1463296875 0.768353125 0.1420296875 0.7720734375 0.1374015625 0.77256875 0.1359125 0.7724453125 0.132771875 0.7646328125 0.125165625 0.7653765625 0.10995312500000001 0.762896875 0.10433125000000001 0.7638890625 0.09904062500000001 0.7626484375 0.08912031249999999 0.7631453125000001 0.0838296875 0.7658734375 0.07886875 0.7641375 0.0629953125 0.766865625 0.047453125 0.7653765625 0.0362109375 0.7658734375 0.02728125 0.7688484375 0.022982812499999998 0.7728171875000001 0.0209984375 0.7733140625 0.015046875000000001 0.77108125 0.010746875 0.7728171875000001 0.00545625 0.771578125 0.0029765625 0.7734375 0.001653125 0.7759171874999999 0.001653125 0.7811265625 0.00760625 0.7915421874999999 0.014715625 0.7986109375 0.020171875 0.8002234375 0.017526562500000002 0.8024546875 0.016203125 0.8079109375 0.0100859375 0.809771875 0.009259375 0.8108875 0.009259375 0.8118796875 0.0140546875 0.8134921875 0.016203125 0.816096875 0.007274999999999999 0.8222968749999999 0.0023140625 0.8289937500000001 0.0009921875 0.8314734375 0.00330625 0.839409375 0.011409375 0.8454859375 0.030918750000000002 0.8484624999999999 0.037864062500000004 0.847221875 0.042328125 0.850321875 0.0443125 0.855034375 0.042659375 0.8602437500000001 0.036871875 0.8608625 0.0343921875 0.8666921875 0.030257812499999998 0.8685515625000001 0.026289062499999998 0.8720234375 0.0213296875 0.873759375 0.007109374999999999 0.87574375 0.0026453125 0.87884375 0.0036374999999999997 0.887028125 0.009754687500000001 0.8923609375 0.0213296875 0.8983140625000001 0.03521875 0.9017859375 0.0471234375 0.9010421875000001 0.051753125 0.8980656249999999 0.0577046875 0.896825 0.06431875000000001 0.88988125 0.06795625 0.8888890625 0.0815140625 0.8896328125 0.0836640625 0.887028125 0.08267187499999999 0.8823171875 0.086640625 0.878596875 0.0856484375 0.8746281249999999 0.08697031250000001 0.8726437499999999 0.09408125 0.8668156249999999 0.09904062500000001 0.8658234374999999 0.10499375 0.8596234375 0.10995312500000001 0.8591265625 0.112434375 0.8575156249999999 0.1152453125 0.8506937499999999 0.1203703125 0.854290625 0.1213625 0.8590031249999999 0.11805625 0.8624750000000001 0.1203703125 0.865946875 0.1261578125 0.8700390625000001 0.135746875 0.8745046875 0.1420296875 0.875 0.15625 0.8658234374999999 0.162203125 0.8645828124999999 0.1678234375 0.86011875 0.178075 0.8598703125 0.1883265625 0.8673109374999999 0.1936171875 0.8685515625000001 0.20023125 0.8725203125000001 0.20436562500000002 0.8736359374999999 0.20866406249999997 0.8798359375 0.21461562500000003 0.88355625 0.218915625 0.8900046875 0.218584375 0.8952140625 0.2268515625 0.9021578124999999 0.22817500000000002 0.9056296875 0.22999375 0.90699375 0.23561562500000002 0.90625 0.2395828125 0.9032734375 0.24586562500000003 0.90228125 0.2491734375 0.905009375 0.261078125 0.908978125 0.27943125 0.9095984375 0.2858796875 0.9084828125 0.2921625 0.9047625 0.298115625 0.903521875 0.30340625 0.8985609374999999 0.308696875 0.8985609374999999 0.3139875 0.89459375 0.3192796875 0.8955859374999999 0.3295296875 0.9012890625000001 0.338459375 0.9002968750000001 0.34705625 0.9007937500000001 0.3553234375 0.8988093750000001 0.3609453125 0.8988093750000001 0.3662375 0.8928578125 0.37169375 0.8917406250000001
0 0.38525156250000003 0.7139656249999999 0.389384375 0.706834375 0.3763234375 0.7079609375 0.37533125 0.7059765625 0.3662375 0.7052953125 0.365409375 0.704365625 0.38194374999999997 0.69289375 0.388971875 0.68979375 0.395171875 0.692884375 0.40343906250000006 0.687303125 0.390625 0.6745921874999999 0.37996093750000004 0.6767109375 0.3670640625 0.6670390625 0.3674765625 0.6572421875 0.3609453125 0.6572421875 0.352678125 0.6572421875 0.3467265625 0.6537703125000001 0.3351515625 0.65005 0.323578125 0.6505453125 0.317625 0.648065625 0.3145671875 0.6474390624999999 0.2876984375 0.6699421875 0.2835640625 0.6646828124999999 0.27728125000000003 0.66641875 0.272321875 0.6641859375 0.2667 0.663690625 0.2624015625 0.664434375 0.2566140625 0.666790625 0.25496093750000004 0.6712546875000001 0.25215 0.6733625 0.2455359375 0.6733625 0.2417328125 0.6747265625 0.24040937499999998 0.6791921875 0.2344578125 0.6861359375 0.23478906249999998 0.6903515625 0.24007968750000003 0.6943203125 0.24040937499999998 0.6990328124999999 0.245121875 0.7040437500000001 0.2144515625 0.731646875 0.2197421875 0.72743125 0.22668593750000002 0.726190625 0.22999375 0.7224703124999999 0.23759843749999998 0.7234625 0.24669375 0.7295390625 0.257440625 0.743303125 0.26306250000000003 0.74454375 0.27695156249999997 0.7522328125 0.2825734375 0.7539687500000001 0.2880296875 0.7540921875000001 0.2928234375 0.7529765625 0.304728125 0.7524796874999999 0.308696875 0.7532234375 0.3133265625 0.7519843749999999 0.3258921875 0.7509921875 0.3467265625 0.75074375 0.3688828125 0.748759375 0.3761578125 0.7470234375 0.380621875 0.743428125 0.3865734375 0.73350625 0.384425 0.718925 0.3776453125 0.72185 0.3776453125 0.71788125 0.38525156250000003 0.7139656249999999
0 0.27488437499999996 0.9185890625 0.2633109375 0.913628125 0.260003125 0.9157984375 0.2641375 0.9232390625000001 0.27364375 0.9294390625 0.2798453125 0.92975 0.2831515625 0.9244796875000001 0.27488437499999996 0.9185890625
0 0.00078125 0.178125 0 0.18671875 0.0046875 0.18671875 0.00625 0.18046875 0.00078125 0.178125
0 0.24140625 0.7328125 0.2265625 0.73828125 0.2375 0.73984375 0.24140625 0.7328125