0 0.7136 1 0.723190625 0.9940468750000001 0.7382375 0.9822671875 0.7441890625 0.9728421875000001 0.7410484375 0.9709828125 0.7367484375 0.9724703124999999 0.7174984375 0.9812218749999999 0.714428125 0.9815234374999999 0.7156078124999999 0.9762609375 0.7094671875 0.9613796875 0.69435 0.957128125 0.6797046875 0.9581921875000001 0.6683671875 0.967403125 0.64758125 0.9705921875 0.6291578125 0.955003125 0.6159296875 0.9578374999999999 0.630575 0.9705921875 0.6154578125 0.9713015625000001 0.60411875 0.9776781250000001 0.6154578125 0.965278125 0.60884375 0.9631515625 0.59514375 0.9790953124999999 0.5861671875 0.9865359375 0.6029859375 0.9959078124999999 0.603978125 0.9973953124999999 0.6081109375 1 0.7136 1
0 0.755290625 1 0.7519843749999999 0.9946859375000001 0.743953125 0.9922046874999999 0.7368671875 0.9911421875 0.7349765625 0.9957484375 0.7392296875000001 1 0.744425 1 0.755290625 1
0 1 0.88678125 0.9980156250000001 0.886284375 0.9990078125 0.8823171875 0.994709375 0.8810765625 0.9922281249999999 0.8841765625000001 0.986771875 0.886284375 0.9753640625 0.896825 0.96841875 0.8990578125 0.96693125 0.8901640625 0.9612624999999999 0.8898093749999999 0.9570109375 0.8961874999999999 0.95086875 0.89725 0.9426249999999999 0.8960812499999999 0.9388234375 0.897196875 0.9411375 0.9033984374999999 0.9460984375000001 0.9093500000000001 0.94146875 0.9212546875 0.924603125 0.933159375 0.9201625 0.9372875 0.919690625 0.9426015624999999 0.9107140625 0.9450640625 0.8946515625 0.955003125 0.8828421875 0.948625 0.8776453125 0.9500421875 0.8937078125 0.9610265625000001 0.908825 0.9780328125000001 0.9237765625 0.9719734375 0.9307203124999999 0.9732140625 0.9163828125 0.9875984375 0.9075734375 1 1 0.9998765625000001 1 0.88678125
0 1 0.8200109375 0.9891343750000001 0.8295781249999999 0.9952765625 0.8331203125 0.9962203125 0.837371875 0.9990546874999999 0.8423328124999999 1 0.8412703125000001 1 0.8295781249999999 1 0.8200109375
0 1 0.4532484375 0.9937171875 0.44307968750000004 0.99603125 0.44084843749999997 0.9986765625 0.4348953125 0.9945437500000001 0.4322921875 0.9821421875 0.431175 0.9841265625 0.4296875 0.9787421875 0.41964218750000004 0.9737109374999999 0.423859375 0.959325 0.43514375000000005 0.9414203125 0.45471874999999995 0.9426359375000001 0.45477968750000003 0.933390625 0.457553125 0.957671875 0.47036249999999996 0.95559375 0.47526875 0.9622078125 0.48164687500000003 0.9513421875000001 0.49440156249999995 0.9553578125 0.49714843750000004 0.953703125 0.49829999999999997 0.9546484375000001 0.50503125 0.95559375 0.5107 0.9710640625 0.5106640625 0.9776781250000001 0.5133921875 0.9842921875 0.5138890625 0.9884265624999999 0.5117812500000001 0.9894187499999999 0.5095484375 0.9958656250000001 0.5037203124999999 1 0.50235625 1 0.4532484375
0 1 0.3079109375 0.9986765625 0.3049359375 0.9914015624999999 0.2982390625 0.9854499999999999 0.29451875 0.9839609375 0.29191406249999996 0.9788359375000001 0.29104687500000004 0.972221875 0.29451875 0.968584375 0.30270312499999996 0.954034375 0.3151046875 0.952546875 0.3182046875 0.9475859375000001 0.3189484375 0.9436171874999999 0.315971875 0.9363421875 0.31448437500000004 0.9247687499999999 0.3189484375 0.915675 0.3255203125 0.8837875000000001 0.34878125 0.8946515625 0.3491359375 0.9150124999999999 0.3657 0.900321875 0.37641718750000003 0.9017390625000001 0.3831484375 0.9150124999999999 0.38479687500000004 0.919146875 0.38864062499999996 0.9270828124999999 0.3921125 0.9320437500000001 0.396578125 0.9422953125 0.4005453125 0.9484125000000001 0.3984375 0.9636250000000001 0.391653125 0.9560187499999999 0.3907484375 0.9570109375 0.3880203125 0.9655140624999999 0.38775468750000003 0.980159375 0.3753546875 0.9742062499999999 0.37264375 0.9842921875 0.366071875 0.987434375 0.368428125 0.986771875 0.369915625 0.9775124999999999 0.3795890625 0.9718921875 0.3833078125 0.9642859375 0.3907484375 0.9613093750000001 0.3952140625 0.95559375 0.4008640625 0.9677578125 0.4015375 0.9786703125 0.4010421875 0.9895828124999999 0.3923609375 0.9948750000000001 0.3928578125 1 0.3947171875 1 0.32929375 0.99669375 0.335671875 0.9933859375 0.33850625 0.9881890625 0.340278125 0.980159375 0.3399234375 0.97635625 0.339534375 0.9709 0.3354421875 0.968915625 0.3307296875 0.967403125 0.324334375 0.9743718749999999 0.3189484375 0.981646875 0.315971875 0.9943312499999999 0.31795625 1 0.3246875 1 0.3079109375
0 0.9938593750000001 0.2679984375 1 0.264809375 0.9905515625 0.2605578125 0.9858281249999999 0.26445625 0.98299375 0.267290625 0.9820484374999999 0.2743765625 0.9853546874999999 0.27579375 0.9896062499999999 0.270125 0.9938593750000001 0.2679984375
0 0.31642031249999997 0.2584328125 0.31453125000000004 0.253471875 0.3069734375 0.254534375 0.2994140625 0.2481578125 0.300359375 0.241071875 0.2880765625 0.230796875 0.284296875 0.23363125 0.2739046875 0.2300875 0.26870781250000003 0.23150468750000003 0.26539999999999997 0.232921875 0.2611484375 0.235403125 0.25973125 0.241425 0.2606765625 0.24603125 0.26209375 0.2485125 0.26870781250000003 0.25134687499999997 0.2743765625 0.24992968750000003 0.2767390625 0.2517 0.26870781250000003 0.25985 0.28713125 0.25985 0.31642031249999997 0.2584328125
0 0.4090140625 0.24992968750000003 0.4061796875 0.2463859375 0.40145468749999996 0.2446140625 0.3962578125 0.24744843749999998 0.39436875 0.2520546875 0.38728281249999996 0.2566609375 0.4151546875 0.25630625 0.435940625 0.25524375 0.43310624999999997 0.2538265625 0.43783125 0.25099218749999996 0.432634375 0.2492203125 0.41940625000000004 0.2502828125 0.4146828125 0.24957500000000002 0.4090140625 0.24992968750000003
0 0.4449953125 0.2297046875 0.4449953125 0.2328046875 0.44857812499999994 0.23714375 0.4532625 0.23941875 0.46235625 0.23693749999999997 0.46952187500000003 0.23363125 0.47337968750000003 0.23135781249999998 0.4653875 0.2222640625 0.4629078125 0.2222640625 0.457396875 0.21709687500000002 0.448853125 0.2166828125 0.44306718749999996 0.220196875 0.4449953125 0.2297046875
0 0.42102031249999994 0.148271875 0.4221234375 0.14351875 0.41991875 0.1410390625 0.42019375 0.1383515625 0.4061390625 0.1294640625 0.39897499999999997 0.12595 0.3967703125 0.1309109375 0.38988125 0.130290625 0.379409375 0.12739687500000002 0.3727953125 0.134425 0.376653125 0.13731875 0.37913437499999997 0.1395921875 0.385746875 0.1402109375 0.3846453125 0.1369046875 0.385746875 0.1371109375 0.3862984375 0.13917812499999999 0.3846453125 0.145171875 0.39594375 0.1457921875 0.406415625 0.142278125 0.42102031249999994 0.148271875
0 0.42598125 0.313409375 0.4339734375 0.3096890625 0.43783125 0.304728125 0.43838125000000006 0.30183593750000004 0.439484375 0.29832187499999996 0.42928750000000004 0.307415625 0.42598125 0.313409375
0 0.40724218749999996 0.31878281249999996 0.410825 0.31754375 0.41440625000000003 0.3154765625 0.40586406249999996 0.310721875 0.4011796875 0.3111359375 0.40448593749999995 0.31837031250000003 0.40724218749999996 0.31878281249999996
0 0.3080359375 0.319403125 0.3091375 0.32084999999999997 0.31161875 0.3243640625 0.3154765625 0.3233296875 0.3171296875 0.3303578125 0.319334375 0.33056406250000003 0.322365625 0.32994375 0.325396875 0.32994375 0.32374375 0.3320109375 0.32484531250000004 0.334696875 0.3276015625 0.3338703125 0.3353171875 0.334696875 0.33945156249999997 0.33015 0.3411046875 0.3274640625 0.34716718750000003 0.325190625 0.35433125 0.32374375 0.3562609375 0.31837031250000003 0.34799375 0.31485625 0.3444109375 0.3138234375 0.3411046875 0.31588906250000004 0.34137968750000003 0.31775000000000003 0.3364203125 0.31754375 0.334765625 0.3156828125 0.3325625 0.3204359375 0.3303578125 0.3198171875 0.3309078125 0.31588906250000004 0.328153125 0.313615625 0.32401875 0.3127890625 0.31161875 0.3138234375 0.3050046875 0.31775000000000003 0.3080359375 0.319403125
0 0.37968437499999996 0.6203296875000001 0.3727953125 0.6209484375 0.36177187499999997 0.6133015625 0.35736406249999997 0.613509375 0.364528125 0.6182624999999999 0.35378125 0.61846875 0.349371875 0.619915625 0.3460640625 0.62405 0.34413593750000004 0.6263234375 0.3518515625 0.625909375 0.352128125 0.62715 0.346615625 0.634590625 0.3446875 0.6372765625000001 0.340278125 0.6385171875 0.339175 0.63934375 0.3424828125 0.6420296875 0.3397265625 0.6428578125 0.3411046875 0.6519515625000001 0.34771874999999997 0.656084375 0.3488203125 0.662284375 0.355434375 0.6629046875 0.3634265625 0.66683125 0.3670078125 0.6670390625 0.37610156250000004 0.66683125 0.3865734375 0.6719984375 0.39318749999999997 0.6734453125 0.40862031249999997 0.6717921875 0.418540625 0.6688984375 0.4221234375 0.664971875 0.41137499999999994 0.64864375 0.4105484375 0.6445109375 0.412203125 0.640996875 0.4102734375 0.635209375 0.400628125 0.640996875 0.400353125 0.6399640625 0.406415625 0.63004375 0.4011796875 0.6254953125 0.39594375 0.6281828125 0.3890546875 0.63335 0.3874015625 0.6298359375 0.37968437499999996 0.6203296875000001
0 0.3113421875 0.6999015625 0.310240625 0.7019671875 0.31079218750000004 0.7044484375 0.3160265625 0.7032078125 0.31795625 0.7005203125 0.316303125 0.695146875 0.313546875 0.697834375 0.3113421875 0.6999015625
0 0.25181875 0.7036203125 0.2537484375 0.7025875 0.256503125 0.6986609374999999 0.254575 0.6972140625 0.25209375 0.6984546875000001 0.250165625 0.70279375 0.25181875 0.7036203125
0 0.250165625 0.7195359375 0.244653125 0.7195359375 0.253196875 0.725115625 0.25237031249999997 0.7238749999999999 0.2529203125 0.7230484374999999 0.2529203125 0.7207749999999999 0.2554015625 0.718709375 0.250165625 0.7195359375
0 0.2512671875 0.64823125 0.2487875 0.6554640625 0.25237031249999997 0.6552578125 0.25760625 0.6511250000000001 0.2567796875 0.6478171875000001 0.2512671875 0.64823125
0 0.2898484375 0.652778125 0.2840609375 0.6529843750000001 0.2887453125 0.6564984375 0.2898484375 0.652778125
0 0.14655 0.535590625 0.1490296875 0.5409640625 0.1592265625 0.5364171875 0.16391093750000002 0.52794375 0.15591875 0.529803125 0.14655 0.535590625
0 0.2135140625 0.53104375 0.21103437500000002 0.535384375 0.2162703125 0.535384375 0.2212296875 0.53435 0.2237109375 0.5287703125000001 0.22178124999999999 0.5287703125000001 0.21682031249999997 0.53104375 0.2135140625 0.53104375
0 0.2195765625 0.2387984375 0.226190625 0.24355156249999999 0.23500937500000002 0.24582500000000002 0.2374890625 0.24603125 0.2405203125 0.2449984375 0.2363859375 0.2392109375 0.23004843749999998 0.2387984375 0.2195765625 0.2387984375
0 0.076003125 0.3024546875 0.074625 0.304728125 0.0806875 0.30596875 0.07986093749999999 0.3084484375 0.08179062499999999 0.31010312500000003 0.085096875 0.3094828125 0.086475 0.307209375 0.08895468749999999 0.3005953125 0.0922625 0.2958421875 0.0873015625 0.2943953125 0.0801359375 0.29914843750000003 0.076003125 0.3024546875
0 0.0914359375 0.3200234375 0.0919859375 0.31837031250000003 0.096946875 0.31754375 0.0914359375 0.31485625 0.0875765625 0.3171296875 0.0900578125 0.32105625 0.0914359375 0.3200234375
0 0.12284999999999999 0.3078296875 0.12312656250000001 0.304728125 0.12009531250000001 0.30038906249999997 0.1162375 0.2989421875 0.10852031250000001 0.29914843750000003 0.10218281250000001 0.29666875 0.096946875 0.2964609375 0.091159375 0.30018125 0.091159375 0.307621875 0.093915625 0.3109296875 0.096946875 0.31155 0.103009375 0.3109296875 0.10659218749999999 0.3113421875 0.11292968750000001 0.3113421875 0.117890625 0.31196250000000003 0.1217484375 0.31010312500000003 0.12284999999999999 0.3078296875
0 0.058365625 0.2660796875 0.064153125 0.265665625 0.07407343749999999 0.2642203125 0.05946875 0.255953125 0.050649999999999994 0.253265625 0.046240625 0.25925937499999996 0.047895312499999995 0.262153125 0.055334375000000005 0.2633921875 0.0539578125 0.2658734375 0.058365625 0.2660796875
0 0.0137234375 0.27104062500000003 0.015653125 0.271246875 0.0208890625 0.268146875 0.014826562500000001 0.268146875 0.014549999999999999 0.26649375000000003 0.019234375 0.265665625 0.015928125 0.2644265625 0.0120703125 0.265253125 0.0109671875 0.2689734375 0.0137234375 0.27104062500000003
0 0.047343750000000004 0.2526453125 0.0437609375 0.244584375 0.0393515625 0.2418984375 0.033014062500000003 0.236525 0.0208890625 0.236525 0.019234375 0.2387984375 0.0167546875 0.2402453125 0.014549999999999999 0.2416921875 0.0153765625 0.24520468750000002 0.0178578125 0.24871875000000002 0.0200625 0.2514046875 0.026951562499999998 0.2526453125 0.0346671875 0.25285156249999996 0.039903125 0.25553906249999997 0.041281250000000005 0.2557453125 0.0440359375 0.2557453125 0.047343750000000004 0.2526453125
0 0.03521875 0.187334375 0.0319109375 0.1879546875 0.02915625 0.1891953125 0.034115625 0.1937421875 0.037146875 0.193121875 0.040454687499999996 0.1912609375 0.03521875 0.187334375
0 0.05946875 0.484540625 0.0616734375 0.484953125 0.0630515625 0.48164687500000003 0.0586421875 0.4781328125 0.0558859375 0.48061406250000005 0.0586421875 0.48061406250000005 0.058365625 0.48247343750000005 0.05946875 0.484540625
0 0.030809375 0.44155156250000005 0.0299828125 0.439484375 0.0275015625 0.439484375 0.0244703125 0.4407234375 0.021715625 0.4436171875 0.0283296875 0.4448578125 0.030809375 0.44155156250000005
0 0.062224999999999996 0.5773390625 0.0647046875 0.5756859375000001 0.055334375000000005 0.5653515625 0.04183125 0.5574984374999999 0.0363203125 0.5601859375 0.0410046875 0.5641125 0.0467921875 0.5696921875000001 0.050649999999999994 0.5727921874999999 0.0589171875 0.577546875 0.062224999999999996 0.5773390625
0 0.0407296875 0.6083421875 0.048721875 0.6083421875 0.043209375 0.6035874999999999 0.036871875 0.605240625 0.038525 0.608134375 0.0407296875 0.6083421875
0 0 0.9539109375000001 0.0027 0.9557703125 0.0087625 0.956390625 0.013998437499999999 0.9586640624999999 0.007109374999999999 0.9508109375 0.00573125 0.9437828125 0 0.941715625 0 0.9450234375000001 0 0.950603125 0 0.9539109375000001
0 0.014826562500000001 0.9435765625 0.017306250000000002 0.9421296874999999 0.018959375 0.93675625 0.017029687499999998 0.9357218749999999 0.009865625 0.9404765625 0.0123453125 0.9421296874999999 0.014826562500000001 0.9435765625
0 0.2209546875 0.9196015624999999 0.214065625 0.9249750000000001 0.2069 0.9301421875000001 0.2044203125 0.9328296875 0.205246875 0.9342765625 0.211584375 0.9355156250000001 0.21461562500000003 0.9344828125 0.2212296875 0.9303484375 0.22646562499999998 0.9249750000000001 0.229496875 0.9204281249999999 0.2283953125 0.917328125 0.22426093749999998 0.917328125 0.2209546875 0.9196015624999999
0 0.6496359375 0.52579375 0.6536046875 0.524553125 0.6608796875 0.52505 0.6550921875 0.531621875 0.6554234375 0.53831875 0.65955625 0.5431546875000001 0.6721468749999999 0.554634375 0.6896265625 0.5673890625 0.6825390625 0.555696875 0.6886578125 0.5520828125 0.691634375 0.5483625 0.694940625 0.54761875 0.696925 0.5451390625 0.7013890625 0.5435265625000001 0.7066796875 0.5370781250000001 0.710978125 0.5345984374999999 0.714946875 0.5254218749999999 0.7121359375 0.523065625 0.7015546875 0.5240578124999999 0.69659375 0.5208328125 0.6850203125000001 0.5178578125 0.6792328125 0.5135171875 0.6755953124999999 0.506325 0.6704703125 0.5057046875 0.6698078125 0.503471875 0.665178125 0.5032234375 0.6626984375 0.500371875 0.6584 0.4978921875 0.6598875 0.49652812500000004 0.66683125 0.49776718750000004 0.6704703125 0.5017359375 0.672453125 0.5002484375 0.6863421875 0.4975203125 0.69080625 0.49442031249999996 0.6914687500000001 0.49144375 0.6960984375 0.486234375 0.696759375 0.4782984375 0.6957671875 0.4768109375 0.6790671875000001 0.467509375 0.6703046875 0.4641609375 0.6602187500000001 0.467509375 0.6426921875 0.4818953125 0.6377312500000001 0.48363125 0.628803125 0.48983125000000005 0.6259921875 0.485490625 0.6165671875000001 0.47817499999999996 0.6023484375 0.4759421875 0.5977187500000001 0.47743125 0.5941984375 0.4738515625 0.58475 0.48483593750000004 0.5767203125 0.492984375 0.5929234375 0.4954109375 0.5965609374999999 0.4978921875 0.6027015625 0.504321875 0.605159375 0.5093 0.6182203125 0.5181046874999999 0.6331015625 0.523809375 0.639384375 0.5240578124999999 0.6443453124999999 0.52108125 0.6496359375 0.52579375
0 0.20486093749999998 0.4846234375 0.196925 0.4858625 0.19411406250000002 0.48722656249999996 0.18535 0.49900781250000004 0.1790671875 0.501240625 0.1734453125 0.5014875 0.1648484375 0.5064484375 0.1577375 0.5083078125 0.15806875 0.51326875 0.165178125 0.5158734375 0.16832031249999999 0.519965625 0.17113125 0.521578125 0.183696875 0.5255453125 0.18965 0.525296875 0.1939484375 0.5262890625 0.1999015625 0.5228171875000001 0.21544375 0.5220734375 0.21693125000000002 0.5214531250000001 0.2172625 0.517484375 0.2103171875 0.513765625 0.21213593749999998 0.511409375 0.22139531250000002 0.509671875 0.23164687499999997 0.5104171875 0.23660781250000001 0.5126484375 0.2418984375 0.5124015625 0.249834375 0.5104171875 0.2581015625 0.506696875 0.2637234375 0.5017359375 0.2676921875 0.5002484375 0.2766203125 0.5017359375 0.28158125 0.505953125 0.28819374999999997 0.5076890625 0.2984453125 0.512153125 0.3095234375 0.5080609375 0.3161375 0.494171875 0.3148140625 0.4889640625 0.31646874999999997 0.48152343750000004 0.31283125 0.474578125 0.3131609375 0.4701140625 0.3118390625 0.466890625 0.3125 0.45225625 0.3148140625 0.444071875 0.31349218749999996 0.43415156250000003 0.3096890625 0.430803125 0.29447812500000003 0.42559531249999993 0.2782734375 0.42633906250000003 0.2713296875 0.42534687499999996 0.26802187499999997 0.4233625 0.262565625 0.42348749999999996 0.25710937500000003 0.42633906250000003 0.2514875 0.4275796875 0.2362765625 0.4275796875 0.2303234375 0.42584375 0.22205625 0.42807500000000004 0.20816875 0.4350203125 0.2070109375 0.4373765625 0.1861765625 0.45473749999999996 0.18650781249999998 0.45820937500000003 0.18799531249999998 0.459078125 0.194609375 0.459078125 0.19957031249999999 0.4610609375 0.2042 0.4595734375 0.21213593749999998 0.4610609375 0.2179234375 0.46639375000000005 0.21759218749999998 0.47036249999999996 0.2162703125 0.475075 0.2103171875 0.47929062499999997 0.20750625 0.483134375 0.20486093749999998 0.4846234375
0 0.3198859375 0.4479578125 0.32484531250000004 0.4479578125 0.32705 0.445890625 0.32705 0.44279062500000005 0.3245703125 0.44134375 0.31657812500000004 0.44857812499999994 0.3198859375 0.4479578125
0 0.295634375 0.42584375 0.3036265625 0.427703125 0.289296875 0.41840312500000004 0.2824078125 0.4132359375 0.28158125 0.415921875 0.2931546875 0.424809375 0.295634375 0.42584375
0 0.5962296874999999 0.13330781249999998 0.59193125 0.1372765625 0.5916 0.1407484375 0.5800265625 0.14942968750000002 0.5750656249999999 0.1556296875 0.56580625 0.1615828125 0.5605156250000001 0.168775 0.555225 0.1724953125 0.553240625 0.1764640625 0.56035 0.178075 0.5674609375 0.1873765625 0.5709328124999999 0.18948437499999998 0.5821765625 0.1889875 0.5914359375 0.1872515625 0.5929234375 0.1881203125 0.5906078124999999 0.19432031249999998 0.586640625 0.1970484375 0.5839953125 0.2037453125 0.5836640625 0.20820937499999997 0.59705625 0.2177578125 0.603340625 0.2192453125 0.6078046875 0.224578125 0.61375625 0.22730625 0.61739375 0.23201875 0.6198750000000001 0.2338796875 0.6236765625 0.234746875 0.6240078125 0.2392109375 0.6264875 0.24355156249999999 0.632440625 0.2447921875 0.6390546875 0.2447921875 0.6443453124999999 0.242559375 0.6496359375 0.24429531249999997 0.6549265625 0.24355156249999999 0.6592265625 0.2455359375 0.6678234375 0.2455359375 0.68568125 0.24355156249999999 0.7015546875 0.24355156249999999 0.7068453124999999 0.24131874999999997 0.7174265625 0.2415671875 0.7217265625 0.240328125 0.7392531250000001 0.2415671875 0.7491734375 0.24007968750000003 0.764715625 0.2415671875 0.772321875 0.23908749999999998 0.7805890625 0.2333828125 0.790178125 0.2299109375 0.7954703125 0.23462343749999998 0.801090625 0.2338796875 0.8063828125000001 0.23561562500000002 0.8116734375 0.23511875 0.8163031249999999 0.2368546875 0.8229171875000001 0.2368546875 0.8278765625 0.2380953125 0.83250625 0.2373515625 0.8430890625 0.23164687499999997 0.8480484374999999 0.230159375 0.8536703125 0.23164687499999997 0.8579703125 0.22792656249999999 0.8625984375 0.22743125000000003 0.8640874999999999 0.2275546875 0.8672281249999999 0.2353671875 0.874834375 0.23462343749999998 0.890046875 0.23710312500000003 0.8956687499999999 0.23611093749999998 0.900959375 0.2373515625 0.9108796874999999 0.2368546875 0.9161703125 0.23412656250000002 0.92113125 0.2358625 0.9370046875 0.23313437499999998 0.952546875 0.23462343749999998 0.9637890625000001 0.23412656250000002 0.97271875 0.23115156250000002 0.9770171875000001 0.2271828125 0.9790015625 0.22668593750000002 0.984953125 0.22891875 0.989253125 0.2271828125 0.9945437500000001 0.228421875 0.9970234375 0.2265625 0.998346875 0.2240828125 0.998346875 0.21887343750000002 0.99239375 0.2084578125 0.985284375 0.20138906250000002 0.979828125 0.1997765625 0.9824734375 0.19754531250000001 0.983796875 0.1920890625 0.9899140624999999 0.190228125 0.9907406249999999 0.1891125 0.9907406249999999 0.1881203125 0.9859453125 0.18650781249999998 0.983796875 0.183903125 0.9927250000000001 0.17770312500000002 0.9976859375 0.17100625 0.9990078125 0.1685265625 0.99669375 0.16059062500000001 0.988590625 0.1545140625 0.96908125 0.1515375 0.9621359375 0.15277812500000001 0.957671875 0.149678125 0.9556875 0.14496562500000001 0.957340625 0.13975625 0.9631281250000001 0.1391375 0.9656078125 0.13330781249999998 0.9697421875 0.1314484375 0.9737109374999999 0.1279765625 0.9786703125 0.126240625 0.992890625 0.12425625 0.9973546875 0.12115625000000001 0.9963625 0.11297187500000001 0.9902453124999999 0.1076390625 0.9786703125 0.10168593749999999 0.96478125 0.0982140625 0.9528765625 0.09895781249999999 0.948246875 0.101934375 0.9422953125 0.10317499999999999 0.93568125 0.11011875 0.9320437500000001 0.1111109375 0.9184859375000001 0.1103671875 0.9163359375000001 0.11297187500000001 0.917328125 0.11768281249999998 0.913359375 0.12140312499999999 0.9143515624999999 0.125371875 0.9130296875000001 0.12735625 0.90591875 0.133184375 0.900959375 0.1341765625 0.89500625 0.1403765625 0.890046875 0.1408734375 0.887565625 0.142484375 0.8847546875000001 0.14930625 0.8796296874999999 0.145709375 0.8786375 0.140996875 0.8819437499999999 0.137525 0.8796296874999999 0.134053125 0.8738421875 0.12996093749999998 0.864253125 0.12549531249999998 0.8579703125 0.125 0.84375 0.1341765625 0.8377968750000001 0.1354171875 0.8321765624999999 0.13988125 0.821925 0.14012968750000002 0.8116734375 0.1326890625 0.8063828125000001 0.1314484375 0.7997687499999999 0.1274796875 0.795634375 0.1263640625 0.7913359375 0.1201640625 0.785384375 0.11644375 0.781084375 0.10999531250000001 0.781415625 0.10478593750000001 0.7731484375 0.0978421875 0.771825 0.0943703125 0.77000625 0.09300625 0.764384375 0.09375 0.7604171875 0.0967265625 0.754134375 0.09771875 0.7508265625 0.094990625 0.7389218750000001 0.091021875 0.72056875 0.0904015625 0.7141203125 0.0915171875 0.7078375 0.0952375 0.701884375 0.096478125 0.69659375 0.10143906250000001 0.691303125 0.10143906250000001 0.6860125 0.10540624999999999 0.6807203125 0.1044140625 0.6704703125 0.0987109375 0.661540625 0.099703125 0.65294375 0.09920625 0.6446765625 0.101190625 0.6390546875 0.101190625 0.6337625 0.1071421875 0.62830625 0.108259375 0.61805625 0.1194203125 0.616071875 0.1251234375 0.6125984375 0.12896875000000002 0.6046625 0.12996093749999998 0.5968921875000001 0.1283484375 0.5962296874999999 0.13330781249999998
0 0.61805625 0.30710625 0.611028125 0.31020625 0.6048281249999999 0.307115625 0.5965609374999999 0.312696875 0.609375 0.3254078125 0.6200390625 0.3232890625 0.6329359375 0.3329609375 0.6325234375 0.34275781250000004 0.6390546875 0.34275781250000004 0.647321875 0.34275781250000004 0.6532734375 0.3462296875 0.6648484375 0.34995 0.6764218750000001 0.3494546875 0.6823750000000001 0.351934375 0.6854328125 0.3525609375 0.7123015625 0.3300578125 0.7164359375 0.3353171875 0.7227187500000001 0.33358125 0.727678125 0.3358140625 0.7333000000000001 0.336309375 0.7375984375 0.335565625 0.7433859375 0.333209375 0.7450390625 0.3287453125 0.74785 0.3266375 0.7544640625000001 0.3266375 0.7582671875 0.32527343750000004 0.759590625 0.3208078125 0.7655421875 0.3138640625 0.7652109375 0.30964843750000004 0.7599203125 0.30567968749999996 0.759590625 0.3009671875 0.7548781250000001 0.29595625000000003 0.7855484374999999 0.268353125 0.7802578125 0.27256874999999997 0.7733140625 0.273809375 0.77000625 0.2775296875 0.7624015625 0.2765375 0.75330625 0.2704609375 0.742559375 0.256696875 0.7369375 0.25545625 0.7230484374999999 0.24776718749999999 0.7174265625 0.24603125 0.7119703125 0.2459078125 0.7071765625 0.2470234375 0.695271875 0.2475203125 0.691303125 0.24677656250000002 0.6866734375 0.248015625 0.6741078125 0.2490078125 0.6532734375 0.24925625 0.6311171875 0.251240625 0.6238421875 0.2529765625 0.619378125 0.256571875 0.6134265625 0.26649375000000003 0.615575 0.281075 0.6223546875 0.27815 0.6223546875 0.28211875000000003 0.6147484375000001 0.286034375 0.610615625 0.293165625 0.6236765625 0.2920390625 0.62466875 0.29402343750000004 0.6337625 0.2947046875 0.634590625 0.295634375 0.61805625 0.30710625
0 0.7168484375 0.07552031249999999 0.725115625 0.0814109375 0.7366890625 0.086371875 0.739996875 0.08420156250000001 0.7358625 0.0767609375 0.72635625 0.0705609375 0.7201546875 0.07025 0.7168484375 0.07552031249999999
0 0.9953125 0.81328125 0.99375 0.81953125 0.99921875 0.821875 1 0.81328125 0.9953125 0.81328125
0 0.75859375 0.2671875 0.7734375 0.26171875 0.7625 0.26015625 0.75859375 0.2671875