0 0.465128125 0.40176718749999996 0.45967343749999995 0.39774375 0.44828906249999995 0.395459375 0.43944687499999996 0.39837500000000003 0.436928125 0.4097046875 0.45755625 0.42171875 0.4650765625 0.42317031250000003 0.482853125 0.4320546875 0.4953078125 0.43803125 0.49785312499999995 0.4330671875 0.4936828125 0.4254234375 0.4858140625 0.41929999999999995 0.47948593749999996 0.41297187500000004 0.465128125 0.40176718749999996
0 0.39382812500000003 0.4107125 0.389815625 0.419903125 0.4082828125 0.42786875 0.3974375 0.43343437500000004 0.3799640625 0.44117968750000003 0.36505 0.4629921875 0.3590703125 0.46580468750000004 0.331503125 0.478296875 0.313190625 0.4940171875 0.3002890625 0.503225 0.279765625 0.5044703125 0.264815625 0.5178265625 0.25799531249999996 0.5364625000000001 0.2371859375 0.542725 0.2349921875 0.5516375 0.23998593750000002 0.5595796875 0.23917031249999998 0.568690625 0.23030625 0.5781578125 0.2490703125 0.5901734375000001 0.246209375 0.5936 0.236928125 0.6075453125 0.2223796875 0.6155890625 0.23648750000000002 0.6497890625 0.2461859375 0.66175 0.253996875 0.6848468750000001 0.242834375 0.6952203124999999 0.22391875 0.6963578125 0.2200046875 0.706975 0.23506875 0.726234375 0.253725 0.7399640625 0.262046875 0.7487578125 0.2538875 0.7650375 0.2512109375 0.7842890625 0.25248125 0.8061984375 0.2691484375 0.833590625 0.2787921875 0.8264734375 0.28750468749999997 0.8051359375 0.307203125 0.79925625 0.31346093750000004 0.8000125 0.31053281250000003 0.80585625 0.3101453125 0.8177890624999999 0.32086562500000004 0.8123828124999999 0.3471796875 0.8037578125 0.35781718749999997 0.794196875 0.366296875 0.7848609375 0.37746875 0.780046875 0.3907234375 0.7720765625 0.40405781249999995 0.7724968750000001 0.40005468750000006 0.78848125 0.40526249999999997 0.80048125 0.400184375 0.8178000000000001 0.4123859375 0.8271703125000001 0.425646875 0.8306796875 0.4565015625 0.8349062500000001 0.47805 0.832346875 0.4983375 0.8216921875000001 0.513153125 0.8068500000000001 0.5229046875 0.794178125 0.5351874999999999 0.7865390624999999 0.5468015625 0.7856671875 0.5470109375 0.795215625 0.5256078125 0.8058859375 0.5592203125 0.79545 0.5948390625 0.7664093750000001 0.554071875 0.78386875 0.5544421875000001 0.7768515625 0.5667203125 0.7645640625000001 0.5814828125 0.7552015625 0.59083125 0.74744375 0.5834374999999999 0.73579375 0.57369375 0.72818125 0.5847171875 0.7230953125 0.5819609375 0.7126140624999999 0.5855203125 0.6918578125 0.582940625 0.6818593749999999 0.5860390625 0.671171875 0.6080656249999999 0.6629343750000001 0.6582859375 0.6144734374999999 0.65669375 0.591628125 0.6603859375 0.5748828125000001 0.689115625 0.5894781250000001 0.722646875 0.5935890625 0.7073703124999999 0.58351875 0.65883125 0.559621875 0.6523703125 0.54514375 0.6407828125 0.5313890625 0.6297125 0.5174390625 0.623571875 0.5044640625000001 0.6253171875 0.49836562500000003 0.6322687499999999 0.4828140625 0.6257343750000001 0.4706125 0.6012906250000001 0.47060312499999996 0.6027265625 0.465275 0.6073875 0.45688593749999995 0.5922265624999999 0.45132500000000003 0.613184375 0.4412640625 0.6100203125 0.43485625 0.5869 0.4401890625 0.556596875 0.4522109375 0.527821875 0.475403125 0.5120984375 0.4735921875 0.5016296875 0.4633890625 0.49832656249999996 0.45124375 0.4728796875 0.44461874999999995 0.46352031250000003 0.4442828125 0.450259375 0.44471875 0.42091406249999996 0.439340625 0.42105 0.43537499999999996 0.41935625 0.4302265625 0.42009687500000004 0.425384375 0.40635468750000003 0.4196640625 0.40332656250000004 0.41082343750000005 0.39382812500000003 0.4107125
0 0.1301421875 0.5212578125 0.13283125 0.51600625 0.1323953125 0.5148375 0.119865625 0.512040625 0.11784687499999999 0.5206062499999999 0.1301421875 0.5212578125
0 0.3571578125 0.9368375 0.3627828125 0.9343421875000001 0.36343749999999997 0.925065625 0.3551109375 0.9201265624999999 0.353965625 0.9190421875 0.348896875 0.9199437500000001 0.34364218750000003 0.9249515625000001 0.3470734375 0.9314171874999999 0.3502171875 0.9378328125 0.3571578125 0.9368375
0 0.1335625 0.9253031249999999 0.12002968750000001 0.93073125 0.1130296875 0.936671875 0.1127703125 0.9429531250000001 0.12433593750000001 0.9441937499999999 0.1324125 0.9394140625 0.1416296875 0.9336421874999999 0.1465421875 0.924890625 0.14865625 0.9211937499999999 0.145121875 0.92045 0.1335625 0.9253031249999999
0 0.2452953125 0.8984 0.25311249999999996 0.9017125 0.2582125 0.899375 0.256253125 0.8965921874999999 0.251434375 0.89390625 0.2420375 0.8858062500000001 0.2352421875 0.886059375 0.233909375 0.8900781249999999 0.23684375000000002 0.8947328125 0.2452953125 0.8984
0 0.8918921875000001 0.2408484375 0.8836296875 0.236803125 0.881271875 0.23046562499999998 0.873334375 0.22510781249999998 0.8677671874999999 0.215634375 0.8449078125 0.2046125 0.843125 0.20553906249999998 0.8420015624999999 0.20755625000000003 0.84184375 0.2115953125 0.841428125 0.217059375 0.8391203125000001 0.22541406249999998 0.845034375 0.22909687500000003 0.85459375 0.227678125 0.8544390625 0.2234703125 0.8629359375 0.222571875 0.8670328125 0.23013750000000002 0.8687765625000001 0.23318750000000002 0.884678125 0.243353125 0.8918921875000001 0.2408484375
0 0.4368765625 0.0826359375 0.433603125 0.08077656250000001 0.4261078125 0.080096875 0.42404843750000004 0.0807828125 0.4193703125 0.078709375 0.4151703125 0.086590625 0.41849687500000005 0.0897359375 0.423959375 0.091746875 0.43188125 0.09083593749999999 0.4368765625 0.0826359375
0 0.728996875 0.08131406249999999 0.7271734375000001 0.075134375 0.724665625 0.0712546875 0.7236625 0.0691171875 0.71846875 0.07328124999999999 0.7247078124999999 0.0817015625 0.728996875 0.08131406249999999
0 0.7430296875 0 0.7400453125 0.00256875 0.7345453125 0.0103734375 0.73305 0.015684375 0.7510625 0.0102515625 0.761775 0 0.7430296875 0
0 0 0.104640625 0.0034140625 0.10658281249999998 0.014020312500000002 0.101834375 0.022528125 0.0837984375 0 0.07523125 0 0.104640625
0 0.0810578125 0.40654843749999997 0.0760796875 0.40100468749999996 0.0656546875 0.4048890625 0.061 0.4097203125 0.06284843749999999 0.41375624999999994 0.0681265625 0.4158953125 0.0800546875 0.41298593749999996 0.0810578125 0.40654843749999997
0 0.029090625 0.5797718749999999 0.0197921875 0.5836421875 0.015821875 0.5908984375 0.0124078125 0.5991203125 0.015725 0.606659375 0.0233984375 0.6100796875000001 0.03426875 0.612015625 0.037610937500000004 0.6119875 0.044115625000000006 0.610325 0.0469453125 0.60736875 0.052109375 0.6053953125 0.0541734375 0.6029718749999999 0.052765625000000003 0.6028156250000001 0.0485953125 0.6038546874999999 0.04423125 0.6039890625 0.0404796875 0.603815625 0.0386359375 0.6020359375 0.03755 0.5994906249999999 0.0403375 0.59938125 0.0434 0.599928125 0.046946875 0.6009046875 0.0491234375 0.5994312500000001 0.0496203125 0.5977453125000001 0.0517015625 0.5965796875 0.0537921875 0.5982140625000001 0.055007812499999996 0.596490625 0.057776562499999996 0.5986703125 0.0662734375 0.601084375 0.070234375 0.5980624999999999 0.0686515625 0.59423125 0.0651296875 0.5920484375 0.056904687499999995 0.5886640625 0.0554875 0.585159375 0.057434375 0.5792234374999999 0.052571875000000004 0.5759265625000001 0.0447609375 0.5773375 0.0333828125 0.578740625 0.029090625 0.5797718749999999
0 0.086809375 0.7396906249999999 0.09050625 0.7290328125000001 0.0942703125 0.7157453125 0.09567656249999999 0.7100906250000001 0.09895625 0.704340625 0.09717187499999999 0.7018734375 0.0932640625 0.699946875 0.0888796875 0.700946875 0.0823609375 0.7071703125 0.079578125 0.7122265624999999 0.0733 0.7171484375 0.069021875 0.7186078124999999 0.06185 0.7211140625 0.0583734375 0.7261453125 0.0654234375 0.7354484375 0.07554531249999999 0.741140625 0.0842515625 0.74390625 0.086809375 0.7396906249999999
0 0.10927968749999999 0.8237703125 0.10728437500000002 0.8230109375 0.1013484375 0.8245203125 0.099115625 0.825684375 0.083975 0.8388265625000001 0.0724578125 0.8421671875 0.0674203125 0.8452421875 0.068321875 0.8495640625 0.07359218749999999 0.8518796875 0.0825015625 0.8509968750000001 0.08708906250000001 0.8488796875 0.0886875 0.843590625 0.0890984375 0.8409609375 0.09223281250000001 0.8387734375000001 0.0988484375 0.83633125 0.1044875 0.8348953124999999 0.1093421875 0.8308859375000001 0.10927968749999999 0.8237703125
0 0.0610046875 0.9876968749999999 0.0670078125 0.9884421874999999 0.0694171875 0.9838359375 0.069103125 0.9815140625 0.06816093749999999 0.9802984374999999 0.06666562499999999 0.978740625 0.0612671875 0.9774796875 0.05895 0.9808640625 0.0610046875 0.9876968749999999