0 0.5349234375 0.5768296875 0.517146875 0.5679453125 0.5046921875 0.56196875 0.502146875 0.5669328124999999 0.5063171875 0.5745765625 0.5141859375 0.5807 0.5205140625 0.587028125 0.534871875 0.5982328125 0.5403265625 0.60225625 0.5517109375 0.604540625 0.560553125 0.6016250000000001 0.563071875 0.5902953125 0.54244375 0.5782812500000001 0.5349234375 0.5768296875
0 0.6409296875 0.5341953125 0.668496875 0.5217031249999999 0.6868093749999999 0.5059828125 0.6997109375 0.49677499999999997 0.720234375 0.49552968750000004 0.735184375 0.4821734375 0.7420046874999999 0.4635375 0.7628140625000001 0.457275 0.7650078125 0.4483625 0.7600140625 0.4404203125 0.7608296875 0.431309375 0.76969375 0.42184218749999997 0.7509296875 0.4098265625 0.7537906249999999 0.4064 0.763071875 0.3924546875 0.7776203125000001 0.3844109375 0.7635125 0.3502109375 0.7538140624999999 0.33825 0.746003125 0.31515312500000003 0.7571656250000001 0.3047796875 0.7760812500000001 0.3036421875 0.7799953125 0.293025 0.76493125 0.273765625 0.746275 0.2600359375 0.737953125 0.2512421875 0.7461125 0.23496250000000002 0.7487890625 0.2157109375 0.74751875 0.1938015625 0.7308515625 0.166409375 0.7212078125 0.1735265625 0.7124953125 0.1948640625 0.692796875 0.20074375 0.6865390625 0.1999875 0.6894671875 0.19414375 0.6898546875 0.1822109375 0.6791343750000001 0.1876171875 0.6528203125 0.1962421875 0.6421828125 0.205803125 0.633703125 0.21513906249999998 0.62253125 0.21995312500000003 0.6092765625000001 0.22792343750000002 0.5959421875 0.227503125 0.5999453124999999 0.21151875000000003 0.5947375 0.19951875 0.599815625 0.1822 0.5876140624999999 0.1728296875 0.574353125 0.1693203125 0.5434984375 0.16509374999999998 0.52195 0.16765312500000001 0.5016625 0.1783078125 0.486846875 0.19315 0.47709531250000003 0.205821875 0.4648125 0.2134609375 0.45319843750000005 0.2143328125 0.45298906250000004 0.20478437500000002 0.4743921875 0.19411406250000002 0.44077968749999996 0.20455 0.4051609375 0.233590625 0.445928125 0.21613125000000002 0.4455578125 0.2231484375 0.43327968749999995 0.2354359375 0.4185171875 0.2447984375 0.40916874999999997 0.25255625 0.41656250000000006 0.26420625000000003 0.42630625 0.27181875 0.4152828125 0.27690468749999997 0.4180390625 0.28738593749999997 0.41447968749999997 0.3081421875 0.417059375 0.318140625 0.4139609375 0.32882812499999997 0.391934375 0.33706562500000004 0.3417140625 0.3855265625 0.34330625000000003 0.408371875 0.33961406250000004 0.4251171875 0.310884375 0.410521875 0.277353125 0.4064109375 0.29262968749999996 0.41648125 0.34116875 0.44037812499999995 0.3476296875 0.45485625 0.3592171875 0.4686109375 0.3702875 0.4825609375 0.376428125 0.49553593749999997 0.3746828125 0.501634375 0.36773125 0.5171859375000001 0.374265625 0.5293875 0.39870937500000003 0.529396875 0.3972734375 0.534725 0.3926125 0.5431140625 0.40777343750000006 0.548675 0.386815625 0.5587359375000001 0.3899796875 0.5651437500000001 0.4131 0.5598109375 0.443403125 0.5477890624999999 0.472178125 0.5245968750000001 0.4879015625 0.5264078125 0.49837031249999997 0.5366109375 0.5016734375 0.5487562500000001 0.5271203125 0.55538125 0.5364796875 0.5557171875 0.549740625 0.55528125 0.5790859375 0.560659375 0.5789500000000001 0.564625 0.58064375 0.5697734375 0.579903125 0.5746156250000001 0.5936453125 0.5803359375 0.5966734375 0.5891765625 0.606171875 0.5892875 0.610184375 0.580096875 0.5917171875 0.57213125 0.6025625 0.566565625 0.6200359375 0.5588203125 0.63495 0.5370078125 0.6409296875 0.5341953125
0 0.86716875 0.48399374999999994 0.8676046875000001 0.48516250000000005 0.8801343749999999 0.487959375 0.882153125 0.47939375 0.8698578124999999 0.47874218749999997 0.86716875 0.48399374999999994
0 0.6563578125 0.0750484375 0.6529265625 0.0685828125 0.6497828125 0.0621671875 0.6428421875 0.0631625 0.6372171875 0.0656578125 0.6365624999999999 0.074934375 0.6448890625 0.0798734375 0.6460343749999999 0.0809578125 0.651103125 0.08005625 0.6563578125 0.0750484375
0 0.8583703125 0.0663578125 0.8534578125 0.075109375 0.8513437500000001 0.07880625 0.8548781249999999 0.07955 0.8664375 0.074696875 0.8799703125 0.06926875 0.8869703124999999 0.063328125 0.8872296875 0.057046875 0.8756640625 0.05580625 0.8675875 0.0605859375 0.8583703125 0.0663578125
0 0.7647578125 0.11394062499999999 0.766090625 0.10992187499999999 0.76315625 0.1052671875 0.7547046875000001 0.1016 0.7468874999999999 0.0982875 0.7417875 0.100625 0.743746875 0.1034078125 0.748565625 0.10609375000000001 0.7579625 0.11419375000000001 0.7647578125 0.11394062499999999
0 0.15687500000000001 0.7944609375 0.1579984375 0.79244375 0.15815625 0.7884046875 0.158571875 0.782940625 0.16087968749999998 0.7745859375 0.154965625 0.770903125 0.14540625000000001 0.772321875 0.14556093750000001 0.7765296875 0.1370640625 0.7774281249999999 0.1329671875 0.7698625 0.1312234375 0.7668125 0.11532187499999999 0.756646875 0.10810781249999998 0.7591515625 0.1163703125 0.763196875 0.118728125 0.769534375 0.126665625 0.7748921875 0.13223281250000002 0.7843656250000001 0.1550921875 0.7953875 0.15687500000000001 0.7944609375
0 0.581503125 0.9102640624999999 0.576040625 0.9082531250000001 0.56811875 0.9091640625 0.5631234375 0.9173640625000001 0.566396875 0.9192234375 0.5738921875 0.919903125 0.5759515625 0.9192171874999999 0.5806296875 0.9212906249999999 0.5848296875 0.913409375 0.581503125 0.9102640624999999
0 0.271003125 0.9186859374999999 0.27282656250000004 0.924865625 0.275334375 0.9287453125 0.2763375 0.9308828124999999 0.28153125 0.92671875 0.2752921875 0.9182984375000001 0.271003125 0.9186859374999999
0 0.2569703125 1 0.2599546875 0.99743125 0.2654546875 0.9896265625 0.26695 0.984315625 0.24893749999999998 0.9897484375 0.238225 1 0.2569703125 1
0 1 0.895359375 0.9965859375000001 0.8934171875000001 0.9859796875000001 0.8981656250000001 0.977471875 0.9162015625000001 1 0.9247687499999999 1 0.895359375
0 0.9199453125 0.5870140625 0.9189421875000001 0.5934515625000001 0.9239203125 0.5989953125 0.9343453125 0.5951109375 0.9390000000000001 0.5902796875 0.9371515625000001 0.5862437500000001 0.9318734375 0.5841046875 0.9199453125 0.5870140625
0 0.9657312499999999 0.387984375 0.9623890625 0.3880125 0.9558843749999999 0.389675 0.9530546875000001 0.39263125 0.947890625 0.3946046875 0.9458265625 0.397028125 0.9472343750000001 0.39718437500000003 0.9514046875 0.39614531249999996 0.9557687500000001 0.3960109375 0.9595203124999999 0.396184375 0.9613640625000001 0.3979640625 0.9624499999999999 0.40050937500000006 0.9596625 0.40061875 0.9566000000000001 0.40007187499999997 0.953053125 0.39909531249999997 0.9508765625000001 0.40056875 0.9503796875000001 0.4022546875 0.9482984374999999 0.40342031250000004 0.9462078125 0.40178593749999997 0.9449921874999999 0.40350937499999995 0.9422234375 0.4013296875 0.9337265625000001 0.398915625 0.9297656249999999 0.4019375 0.9313484375 0.40576875 0.9348703125 0.4079515625 0.9430953125 0.41133593749999997 0.9445125000000001 0.41484062499999996 0.942565625 0.42077656250000006 0.9474281250000001 0.4240734375 0.9552390624999999 0.42266250000000005 0.9666171875 0.421259375 0.970909375 0.42022812500000006 0.9802078125 0.4163578125 0.984178125 0.40910156249999996 0.9875921875 0.40087968749999997 0.984275 0.393340625 0.9766015625 0.38992031250000003 0.9657312499999999 0.387984375
0 0.9067359375 0.300053125 0.9111203124999999 0.29905312500000003 0.9176390624999999 0.2928296875 0.9204218750000001 0.2877734375 0.9267 0.2828515625 0.930978125 0.2813921875 0.93815 0.2788859375 0.9416265625 0.27385468749999997 0.9345765625 0.2645515625 0.9244546874999999 0.258859375 0.9157484374999999 0.25609375 0.913190625 0.260309375 0.90949375 0.27096718750000004 0.9057296875 0.2842546875 0.9043234375000001 0.289909375 0.90104375 0.295659375 0.9028281249999999 0.29812656249999997 0.9067359375 0.300053125
0 0.9325796875 0.1547578125 0.931678125 0.1504359375 0.9264078124999999 0.1481203125 0.9174984374999999 0.149003125 0.9129109375000001 0.1511203125 0.9113125 0.15640937500000002 0.9109015625 0.1590390625 0.9077671875 0.1612265625 0.9011515625 0.16366875 0.8955125 0.1651046875 0.8906578125 0.1691140625 0.8907203125 0.1762296875 0.8927156249999999 0.1769890625 0.8986515624999999 0.1754796875 0.9008843750000001 0.174315625 0.916025 0.1611734375 0.9275421875 0.1578328125 0.9325796875 0.1547578125
0 0.9387328125 0.0225203125 0.94105 0.0191359375 0.9389953125 0.012303125 0.9329921875 0.0115578125 0.9305828125 0.0161640625 0.930896875 0.0184859375 0.9318390624999999 0.0197015625 0.9333343749999999 0.021259375 0.9387328125 0.0225203125