0 0.6007625 0.9421062499999999 0.6354890625 0.94523125 0.6384859374999999 0.9316156250000001 0.6376078125 0.9024546875 0.6392765625 0.874115625 0.6468406250000001 0.8455875 0.6434124999999999 0.8171578125 0.6353109375 0.7870046875 0.6237390625 0.7733640625 0.5860531250000001 0.7557796875 0.5478390625 0.73619375 0.533871875 0.727496875 0.5265187499999999 0.7354984375 0.53303125 0.756634375 0.5129328125 0.7610953125 0.48476093750000004 0.7778984375 0.46056093750000004 0.8065640625 0.49497187499999995 0.793103125 0.477084375 0.8177109375 0.4539171875 0.84043125 0.4526390625 0.867928125 0.46666875 0.9007296874999999 0.5174640625 0.9198281250000001 0.5568625 0.9348875 0.55235625 0.9287390625 0.5621046875 0.9265890625000001 0.573409375 0.9375265625000001 0.6007625 0.9421062499999999
0 0.12612812499999998 0.7764484375 0.11653593749999999 0.7732187500000001 0.1119734375 0.77458125 0.1072546875 0.780959375 0.11700312500000001 0.786846875 0.125903125 0.7822703125 0.12612812499999998 0.7764484375
0 0.3953265625 0.7341624999999999 0.4040390625 0.732396875 0.409690625 0.7260734375 0.40715781250000005 0.7211171875 0.39958125 0.7171796875 0.3954625 0.720853125 0.3917859375 0.726496875 0.3953265625 0.7341624999999999
0 0.8676421875000001 0.9024906250000001 0.8590328125 0.8944296875 0.8419531250000001 0.887884375 0.8338859375000001 0.8878765625 0.8467703125 0.9028890625000001 0.8637 0.9083015624999999 0.8714718749999999 0.909184375 0.8676421875000001 0.9024906250000001
0 0.799971875 0.557409375 0.8241343750000001 0.55859375 0.8323984375 0.5527296875000001 0.8332734374999999 0.5469359375 0.8251453124999999 0.539353125 0.813521875 0.5385265625 0.8060703124999999 0.542071875 0.7932984375000001 0.5573859375 0.799971875 0.557409375
0 0.40065937500000004 0.5252625 0.397178125 0.5303328125 0.3940359375 0.5353625 0.3983921875 0.5377015625 0.402825 0.5364859375 0.4075234375 0.532678125 0.40781875 0.5297734375 0.40399062499999994 0.5253796875 0.40065937500000004 0.5252625
0 0.12064531249999999 0.6227421875 0.11920312500000001 0.61675 0.1143 0.6141015624999999 0.1054796875 0.6144390625 0.09831875 0.6200046875 0.0998 0.6285546875 0.1098875 0.6312484375 0.1172796875 0.6290484375000001 0.12064531249999999 0.6227421875
0 0.1492640625 0.65078125 0.1454859375 0.649446875 0.142125 0.6509515625 0.13338125 0.6569125 0.138090625 0.665290625 0.1444796875 0.668065625 0.15237499999999998 0.6632421875000001 0.15321875000000001 0.650215625 0.1492640625 0.65078125
0 0.0972859375 0.69811875 0.09288125 0.6961578125 0.08430625 0.694740625 0.076959375 0.69775 0.072028125 0.7039078125 0.082540625 0.7077921875000001 0.0951375 0.710621875 0.10030937499999999 0.7002312500000001 0.0972859375 0.69811875
0 0.0715546875 0.5279499999999999 0.0623109375 0.535534375 0.058290625 0.5447640625 0.0537265625 0.547734375 0.0448796875 0.5558734375000001 0.051509375 0.5636 0.055653125000000005 0.561140625 0.062228125 0.5539453125 0.0648953125 0.555728125 0.0803640625 0.5575187500000001 0.085728125 0.5513515625000001 0.09035625 0.535075 0.08700625 0.5303859375 0.07854375 0.5274125 0.0715546875 0.5279499999999999
0 0.26573437499999997 0.44608749999999997 0.2693515625 0.4435875 0.2677953125 0.4396046875 0.2636375 0.437121875 0.263834375 0.4349765625 0.2601078125 0.4339546875 0.24454531249999997 0.43392187499999996 0.243978125 0.439821875 0.2493125 0.4450890625 0.257709375 0.44691562500000004 0.26573437499999997 0.44608749999999997
0 0.1722234375 0.3382390625 0.1635890625 0.33842343750000003 0.1588046875 0.341684375 0.15900468750000002 0.3480640625 0.1611984375 0.358578125 0.158921875 0.3643453125 0.15511406249999998 0.371528125 0.163003125 0.3713734375 0.1725125 0.36273125 0.1730796875 0.36154375 0.17085 0.35438593749999997 0.17015156250000002 0.34971562500000003 0.1743359375 0.3455546875 0.1775546875 0.34454375000000004 0.1832828125 0.3442796875 0.182171875 0.3418796875 0.1792328125 0.34176562499999996 0.1722234375 0.3382390625
0 0.040118749999999995 0.3069484375 0.041328125 0.3000984375 0.04226875 0.2995890625 0.0386578125 0.29436249999999997 0.0310515625 0.2952328125 0.0243890625 0.29866875 0.0224984375 0.3064859375 0.025353124999999997 0.3105375 0.031309375 0.310246875 0.040118749999999995 0.3069484375
0 0.1882109375 0.287146875 0.190240625 0.2816796875 0.1868328125 0.27818437500000004 0.1837265625 0.2766046875 0.179196875 0.2767703125 0.174871875 0.27911874999999997 0.173840625 0.282690625 0.180696875 0.286209375 0.1847015625 0.287565625 0.1882109375 0.287146875
0 0.2663546875 0.14132499999999998 0.2749265625 0.1503109375 0.2803171875 0.156353125 0.299290625 0.160415625 0.3106015625 0.15757812499999999 0.3094875 0.13791562500000001 0.305521875 0.12204375 0.30401406249999996 0.115603125 0.295390625 0.11042031249999999 0.287975 0.11581250000000001 0.282825 0.1153515625 0.278065625 0.12063281249999999 0.276559375 0.12437968749999999 0.2633703125 0.12262500000000001 0.26215937500000003 0.124253125 0.2584296875 0.132540625 0.2663546875 0.14132499999999998
0 0.0501078125 0.10740625 0.0442875 0.10351250000000001 0.0359 0.1005546875 0.0264703125 0.1093484375 0.0238375 0.1106046875 0.024365625 0.11538124999999999 0.0277390625 0.1156109375 0.0332265625 0.115203125 0.050467187499999996 0.1181140625 0.0530828125 0.11396718749999998 0.0501078125 0.10740625
0 0.040596875 0.093340625 0.045425 0.0968765625 0.058875 0.09825468750000001 0.0612046875 0.09330000000000001 0.055389062499999996 0.0880828125 0.047998437500000005 0.08483906249999999 0.0402890625 0.083775 0.0333015625 0.08775625000000001 0.040596875 0.093340625
0 0.045171875 0.132671875 0.0426859375 0.12970625 0.0368609375 0.13010312500000001 0.0320546875 0.13975312499999998 0.0373546875 0.14282187500000001 0.0406515625 0.140234375 0.0440578125 0.13771875 0.046165625 0.1336171875 0.045171875 0.132671875
0 0.289134375 0.46572500000000006 0.2908609375 0.4689109375 0.2962921875 0.4681109375 0.2943046875 0.462796875 0.29059843750000003 0.4631125 0.289134375 0.46572500000000006
0 0.3252046875 0.9683046875000001 0.32389843749999997 0.961578125 0.32195 0.9596046875 0.3164609375 0.959325 0.31134531249999997 0.9605890625000001 0.31134062500000004 0.9656765625 0.3188125 0.9704203124999999 0.3252046875 0.9683046875000001
0 0.48882343749999996 0.9261421875 0.48917968749999996 0.9307765625 0.49304531249999994 0.9332828125000001 0.49854374999999995 0.9305249999999999 0.49900781250000004 0.9250984375 0.4955578125 0.924984375 0.49291718749999996 0.9245015625 0.48882343749999996 0.9261421875
0 0.5808109375 0.9673718750000001 0.5806875 0.9583328124999999 0.57889375 0.9571343750000001 0.575990625 0.9560375000000001 0.569775 0.9553296874999999 0.56684375 0.9563406249999999 0.5611625 0.9627593750000001 0.5633375 0.969428125 0.573753125 0.9703546875000001 0.5808109375 0.9673718750000001
0 1 0.7845187499999999 0.9980156250000001 0.754215625 0.9865859374999999 0.7663593750000001 0.967053125 0.7799546875 0.9841453124999999 0.8075296875 0.9982828125 0.8032890625 1 0.7845187499999999
0 1 0.51751875 0.9777812499999999 0.516040625 0.9544359375000001 0.5153265625000001 0.9390609375000001 0.5220265625 0.9140046875 0.5280875 0.911521875 0.536175 0.922390625 0.5393656250000001 0.9352750000000001 0.5392703125 0.9653734375 0.5400921875 0.975134375 0.5455687499999999 0.977221875 0.557290625 0.9766671875 0.5722640625000001 0.9625609374999999 0.5902640625 0.9475093749999999 0.6051609375 0.9183296875 0.6349671875 0.9063484374999999 0.646475 0.9065484375 0.6580109375000001 0.9003828125 0.6662234375 0.8933015624999999 0.6678046875 0.88438125 0.6698765625 0.8820859375 0.6803296875 0.8897281250000001 0.69170625 0.9036031250000001 0.69491875 0.9240109375 0.6925390625000001 0.9486296875000001 0.707128125 0.9695406249999999 0.707128125 0.9800828125000001 0.7097765625 0.9852140625000001 0.7166015625 0.9893218750000001 0.7268015625 0.9827421875000001 0.7338828125 0.9621640625 0.738803125 0.974128125 0.7419687500000001 0.98768125 0.7399328125 0.9952171875 0.743103125 1 0.7436 1 0.723846875 1 0.6766828125 1 0.6160546874999999 0.998721875 0.6035125 0.9478734375 0.6400578125 0.9350468749999999 0.6360515625 0.956175 0.61636875 0.9837890625 0.5941390625 1 0.57503125 1 0.5234140625 1 0.51751875
0 0.95331875 0.4177359375 0.9298703125 0.43169218750000005 0.9176968750000001 0.44327812499999997 0.9228328125 0.451190625 0.942271875 0.43857187499999994 0.9613671874999999 0.4210453125 0.9823281250000001 0.42496718749999995 0.9999156250000001 0.43848281250000004 1 0.4173859375 0.9808203125 0.40079374999999995 0.981046875 0.40211406250000004 0.978371875 0.398678125 0.9707968749999999 0.4023078125 0.95331875 0.4177359375
0 0.847528125 0.4113921875 0.8473921875 0.4067796875 0.8443421875 0.4048765625 0.840753125 0.40420625 0.8341390625 0.404634375 0.8272265624999999 0.4112703125 0.8273078125 0.4188171875 0.8340578125 0.4189421875 0.8413468749999999 0.41524374999999997 0.847528125 0.4113921875