0 0.477084375 0.18228906250000002 0.49497187499999995 0.20689687499999998 0.46056093750000004 0.19343593750000002 0.48476093750000004 0.22210156250000002 0.5129328125 0.2389046875 0.53303125 0.24336562499999997 0.5265187499999999 0.2645015625 0.533871875 0.27250312499999996 0.5478390625 0.26380625 0.5860531250000001 0.24422031249999998 0.6237390625 0.2266359375 0.6353109375 0.2129953125 0.6434124999999999 0.1828421875 0.6468406250000001 0.1544125 0.6392765625 0.125884375 0.6376078125 0.09754531250000001 0.6384859374999999 0.068384375 0.6354890625 0.05476875 0.6007625 0.05789375 0.573409375 0.06247343749999999 0.5621046875 0.0734109375 0.55235625 0.0712609375 0.5568625 0.06511249999999999 0.5174640625 0.080171875 0.46666875 0.0992703125 0.4526390625 0.132071875 0.4539171875 0.15956874999999998 0.477084375 0.18228906250000002
0 0.1072546875 0.21904062500000002 0.1119734375 0.22541875 0.11653593749999999 0.22678125 0.12612812499999998 0.22355156250000002 0.125903125 0.21772968750000002 0.11700312500000001 0.213153125 0.1072546875 0.21904062500000002
0 0.3954625 0.279146875 0.39958125 0.2828203125 0.40715781250000005 0.2788828125 0.409690625 0.27392656249999997 0.4040390625 0.267603125 0.3953265625 0.2658375 0.3917859375 0.273503125 0.3954625 0.279146875
0 0.8637 0.0916984375 0.8467703125 0.09711093750000001 0.8338859375000001 0.1121234375 0.8419531250000001 0.11211562500000001 0.8590328125 0.1055703125 0.8676421875000001 0.097509375 0.8714718749999999 0.090815625 0.8637 0.0916984375
0 0.7932984375000001 0.4426140625 0.8060703124999999 0.457928125 0.813521875 0.4614734375 0.8251453124999999 0.460646875 0.8332734374999999 0.45306406250000003 0.8323984375 0.4472703125 0.8241343750000001 0.44140625 0.799971875 0.44259062499999996 0.7932984375000001 0.4426140625
0 0.40399062499999994 0.47462031250000003 0.40781875 0.4702265625 0.4075234375 0.467321875 0.402825 0.4635140625 0.3983921875 0.4622984375 0.3940359375 0.4646375 0.397178125 0.46966718749999997 0.40065937500000004 0.4747375 0.40399062499999994 0.47462031250000003
0 0.1172796875 0.3709515625 0.1098875 0.3687515625 0.0998 0.3714453125 0.09831875 0.3799953125 0.1054796875 0.3855609375 0.1143 0.38589843749999997 0.11920312500000001 0.38325 0.12064531249999999 0.3772578125 0.1172796875 0.3709515625
0 0.15321875000000001 0.349784375 0.15237499999999998 0.33675781250000003 0.1444796875 0.331934375 0.138090625 0.334709375 0.13338125 0.3430875 0.142125 0.3490484375 0.1454859375 0.350553125 0.1492640625 0.34921875 0.15321875000000001 0.349784375
0 0.10030937499999999 0.29976875000000003 0.0951375 0.289378125 0.082540625 0.2922078125 0.072028125 0.2960921875 0.076959375 0.30225 0.08430625 0.305259375 0.09288125 0.3038421875 0.0972859375 0.30188125 0.10030937499999999 0.29976875000000003
0 0.051509375 0.4364 0.0448796875 0.4441265625 0.0537265625 0.452265625 0.058290625 0.4552359375 0.0623109375 0.464465625 0.0715546875 0.47205 0.07854375 0.47258750000000005 0.08700625 0.4696140625 0.09035625 0.46492500000000003 0.085728125 0.4486484375 0.0803640625 0.44248125 0.0648953125 0.444271875 0.062228125 0.44605468750000005 0.055653125000000005 0.438859375 0.051509375 0.4364
0 0.2693515625 0.5564125 0.26573437499999997 0.5539125 0.257709375 0.553084375 0.2493125 0.5549109375 0.243978125 0.560178125 0.24454531249999997 0.566078125 0.2601078125 0.5660453125 0.263834375 0.5650234375000001 0.2636375 0.562878125 0.2677953125 0.5603953125000001 0.2693515625 0.5564125
0 0.1725125 0.6372687499999999 0.163003125 0.6286265625 0.15511406249999998 0.628471875 0.158921875 0.6356546875 0.1611984375 0.641421875 0.15900468750000002 0.6519359375 0.1588046875 0.658315625 0.1635890625 0.6615765625 0.1722234375 0.6617609375 0.1792328125 0.6582343749999999 0.182171875 0.6581203125 0.1832828125 0.6557203125 0.1775546875 0.6554562500000001 0.1743359375 0.6544453125 0.17015156250000002 0.650284375 0.17085 0.6456140625 0.1730796875 0.6384562500000001 0.1725125 0.6372687499999999
0 0.040118749999999995 0.6930515625 0.031309375 0.689753125 0.025353124999999997 0.6894625 0.0224984375 0.6935140625 0.0243890625 0.70133125 0.0310515625 0.7047671875 0.0386578125 0.7056375 0.04226875 0.7004109374999999 0.041328125 0.6999015625 0.040118749999999995 0.6930515625
0 0.1882109375 0.712853125 0.1847015625 0.7124343750000001 0.180696875 0.713790625 0.173840625 0.7173093749999999 0.174871875 0.7208812499999999 0.179196875 0.7232296875 0.1837265625 0.7233953125 0.1868328125 0.721815625 0.190240625 0.7183203125000001 0.1882109375 0.712853125
0 0.30401406249999996 0.884396875 0.305521875 0.8779562500000001 0.3094875 0.862084375 0.3106015625 0.842421875 0.299290625 0.8395843749999999 0.2803171875 0.8436468749999999 0.2749265625 0.8496890625000001 0.2663546875 0.8586750000000001 0.2584296875 0.8674593749999999 0.26215937500000003 0.8757468749999999 0.2633703125 0.877375 0.276559375 0.8756203125 0.278065625 0.8793671875 0.282825 0.8846484374999999 0.287975 0.8841875 0.295390625 0.8895796875 0.30401406249999996 0.884396875
0 0.0442875 0.8964874999999999 0.0501078125 0.89259375 0.0530828125 0.8860328125000001 0.050467187499999996 0.8818859375000001 0.0332265625 0.8847968749999999 0.0277390625 0.8843890625 0.024365625 0.8846187499999999 0.0238375 0.8893953124999999 0.0264703125 0.8906515625000001 0.0359 0.8994453124999999 0.0442875 0.8964874999999999
0 0.0333015625 0.91224375 0.0402890625 0.9162250000000001 0.047998437500000005 0.9151609374999999 0.055389062499999996 0.9119171875 0.0612046875 0.9067000000000001 0.058875 0.9017453124999999 0.045425 0.9031234375 0.040596875 0.9066593749999999 0.0333015625 0.91224375
0 0.046165625 0.8663828125 0.0440578125 0.86228125 0.0406515625 0.859765625 0.0373546875 0.8571781250000001 0.0320546875 0.860246875 0.0368609375 0.869896875 0.0426859375 0.8702937500000001 0.045171875 0.867328125 0.046165625 0.8663828125
0 0.2908609375 0.5310890625 0.289134375 0.5342749999999999 0.29059843750000003 0.5368875 0.2943046875 0.537203125 0.2962921875 0.5318890625 0.2908609375 0.5310890625
0 0.31134062500000004 0.0343234375 0.31134531249999997 0.0394109375 0.3164609375 0.040675 0.32195 0.0403953125 0.32389843749999997 0.038421875 0.3252046875 0.0316953125 0.3188125 0.0295796875 0.31134062500000004 0.0343234375
0 0.4955578125 0.075015625 0.49900781250000004 0.07490156249999999 0.49854374999999995 0.069475 0.49304531249999994 0.0667171875 0.48917968749999996 0.0692234375 0.48882343749999996 0.0738578125 0.49291718749999996 0.0754984375 0.4955578125 0.075015625
0 0.5808109375 0.032628125 0.573753125 0.0296453125 0.5633375 0.030571875 0.5611625 0.037240625 0.56684375 0.043659375 0.569775 0.044670312499999996 0.575990625 0.0439625 0.57889375 0.042865625000000004 0.5806875 0.0416671875 0.5808109375 0.032628125
0 0.967053125 0.2200453125 0.9865859374999999 0.233640625 0.9980156250000001 0.245784375 1 0.21548124999999999 0.9982828125 0.1967109375 0.9841453124999999 0.1924703125 0.967053125 0.2200453125
0 1 0.2564 0.9952171875 0.25689687499999997 0.98768125 0.2600671875 0.974128125 0.25803125 0.9621640625 0.261196875 0.9827421875000001 0.2661171875 0.9893218750000001 0.2731984375 0.9852140625000001 0.2833984375 0.9800828125000001 0.2902234375 0.9695406249999999 0.292871875 0.9486296875000001 0.292871875 0.9240109375 0.30746093750000003 0.9036031250000001 0.30508125 0.8897281250000001 0.30829375 0.8820859375 0.3196703125 0.88438125 0.3301234375 0.8933015624999999 0.3321953125 0.9003828125 0.3337765625 0.9065484375 0.3419890625 0.9063484374999999 0.353525 0.9183296875 0.3650328125 0.9475093749999999 0.3948390625 0.9625609374999999 0.4097359375 0.9766671875 0.42773593749999994 0.977221875 0.442709375 0.975134375 0.45443125 0.9653734375 0.4599078125 0.9352750000000001 0.46072968750000004 0.922390625 0.460634375 0.911521875 0.46382500000000004 0.9140046875 0.4719125 0.9390609375000001 0.47797343750000004 0.9544359375000001 0.48467343749999997 0.9777812499999999 0.48395937499999997 1 0.48248125000000003 1 0.4765859375 1 0.42496875 0.9837890625 0.40586093749999996 0.956175 0.38363125 0.9350468749999999 0.3639484375 0.9478734375 0.3599421875 0.998721875 0.3964875 1 0.38394531249999997 1 0.3233171875 1 0.276153125 1 0.2564
0 0.942271875 0.5614281250000001 0.9228328125 0.548809375 0.9176968750000001 0.556721875 0.9298703125 0.5683078125 0.95331875 0.5822640625 0.9707968749999999 0.5976921875000001 0.978371875 0.601321875 0.981046875 0.5978859375 0.9808203125 0.59920625 1 0.5826140625 0.9999156250000001 0.5615171875 0.9823281250000001 0.5750328125 0.9613671874999999 0.5789546875 0.942271875 0.5614281250000001
0 0.847528125 0.5886078125 0.8413468749999999 0.5847562500000001 0.8340578125 0.5810578125 0.8273078125 0.5811828125 0.8272265624999999 0.5887296875 0.8341390625 0.595365625 0.840753125 0.59579375 0.8443421875 0.5951234375000001 0.8473921875 0.5932203125 0.847528125 0.5886078125