0 0.5063515625 0.1855609375 0.5085734375000001 0.1684421875 0.505259375 0.1294578125 0.4862390625 0.116484375 0.46566093750000004 0.1345390625 0.46868437500000004 0.1415140625 0.4504578125 0.1517453125 0.432340625 0.1583515625 0.4378046875 0.1659234375 0.42236874999999996 0.1755390625 0.4185125 0.1893875 0.4178859375 0.19940625 0.41962968749999996 0.2206375 0.41765937500000005 0.24320624999999998 0.4197984375 0.25358593749999997 0.432625 0.2556359375 0.446646875 0.2480296875 0.46867187499999996 0.2366171875 0.497909375 0.229065625 0.5173953124999999 0.2271046875 0.5505484375 0.22430937499999998 0.5182421875000001 0.20041875 0.5063515625 0.1855609375
0 1 0.8960265625 0.97484375 0.901825 0.966653125 0.902653125 0.9336625 0.9052484375000001 0.9090484375000001 0.9063687500000001 0.885828125 0.901253125 0.8604328125 0.8943546874999999 0.8469796875 0.8982546875 0.841625 0.900021875 0.7906984375 0.9057140625000001 0.7523203125 0.8999453125000001 0.71629375 0.8865078125 0.680034375 0.8803265625 0.669046875 0.88593125 0.6547484375 0.890659375 0.6242875 0.8976203125 0.6051703125000001 0.88715625 0.597846875 0.8785390625 0.5771265624999999 0.8862703125 0.5489078125 0.8952218750000001 0.5288671875000001 0.893734375 0.50048125 0.899871875 0.46976874999999996 0.897009375 0.428253125 0.8866093749999999 0.41496093749999996 0.8914578125 0.3970765625 0.8952890625000001 0.376428125 0.8952890625000001 0.361928125 0.8926734375 0.34715625 0.8679296875 0.326378125 0.8659484375 0.31176875000000004 0.8707156250000001 0.306659375 0.8740781249999999 0.24988125 0.8531609375 0.2197375 0.8556453125000001 0.2012921875 0.8586 0.18799375000000002 0.8736421875 0.172421875 0.8833203125000001 0.1575203125 0.8957843750000001 0.1435375 0.903553125 0.0917265625 0.8806125 0.0806875 0.8768671875 0.059684375 0.8872390625 0.05323750000000001 0.86501875 0.0381953125 0.852425 0.00391875 0.8454734374999999 0 0.8443390624999999 0 0.9304921875 0 0.9529343750000001 0 0.9917875 0 1 1 1 1 0.8960265625
0 0.777953125 0.05647656250000001 0.7804453125 0.059771874999999995 0.7856046875 0.06473124999999999 0.7896828124999999 0.06155625 0.790884375 0.0565296875 0.7825796875 0.051146875 0.7771 0.051196874999999996 0.776025 0.052478125 0.777953125 0.05647656250000001
0 0.9001046875000001 0.012628125 0.8922296875000001 0.012735937499999999 0.8847828124999999 0.011778125 0.884059375 0.0123203125 0.8827 0.0165640625 0.887021875 0.0200953125 0.88454375 0.027546875 0.889571875 0.02718125 0.8960375 0.023815625 0.9055171874999999 0.014171875 0.9001046875000001 0.012628125
0 0.9439046875000001 0.0387734375 0.9410203125000001 0.0380640625 0.9362921875 0.03963125 0.933840625 0.041634375 0.9375296875 0.04395625 0.9416921874999999 0.0448328125 0.9466468750000001 0.0430671875 0.9439046875000001 0.0387734375
0 0.970740625 0.071671875 0.9726890625 0.06635625 0.9690328125000001 0.061634375 0.9631578125000001 0.068309375 0.9642671875 0.073134375 0.970740625 0.071671875
0 1 0.014829687499999999 0.99125625 0.0212609375 0.9856125 0.026003125 0.98735625 0.0315390625 0.9931703125 0.034449999999999995 1 0.035746875 1 0.025559375000000002 1 0.017853125 1 0.014829687499999999
0 0.7548921875 0.290371875 0.750928125 0.29074374999999997 0.7505671875 0.2933671875 0.7630796875 0.3051921875 0.7644390624999999 0.3007125 0.7607359375 0.2928515625 0.7548921875 0.290371875
0 0.7313500000000001 0.1713171875 0.7370953124999999 0.17200312499999998 0.73999375 0.1705265625 0.742290625 0.1650453125 0.7278046875 0.166353125 0.7313500000000001 0.1713171875
0 0.611234375 0.45414374999999996 0.610140625 0.4479640625 0.605946875 0.4463328125 0.6003937500000001 0.44481093749999995 0.6074578125000001 0.4523265625 0.611234375 0.45414374999999996
0 0.62436875 0.43289218749999997 0.6175531249999999 0.43654374999999995 0.6190296875 0.44303125000000004 0.6332484375 0.4465859375 0.6400859375 0.446446875 0.6426203125 0.44240625 0.6302609375 0.43735937500000005 0.623271875 0.4344359375 0.62436875 0.43289218749999997
0 0.9188000000000001 0.6224609375 0.9169578125 0.6191171875 0.9148093749999999 0.6184734375 0.9115343749999999 0.6243875 0.9118078125 0.62756875 0.9179625 0.62571875 0.9188000000000001 0.6224609375