0 0.531328125 0.2366171875 0.553353125 0.2480296875 0.567375 0.2556359375 0.5802015625 0.25358593749999997 0.582340625 0.24320624999999998 0.5803703125 0.2206375 0.5821140625 0.19940625 0.5814874999999999 0.1893875 0.57763125 0.1755390625 0.5621953125 0.1659234375 0.5676593750000001 0.1583515625 0.5495421875 0.1517453125 0.531315625 0.1415140625 0.5343390625 0.1345390625 0.5137609375000001 0.116484375 0.49474062500000004 0.1294578125 0.49142656249999994 0.1684421875 0.4936484375 0.1855609375 0.4817578125 0.20041875 0.4494515625 0.22430937499999998 0.4826046875 0.2271046875 0.502090625 0.229065625 0.531328125 0.2366171875
0 1 0.8443390624999999 0.9960812499999999 0.8454734374999999 0.9618046874999999 0.852425 0.9467625 0.86501875 0.940315625 0.8872390625 0.9193125 0.8768671875 0.9082734374999999 0.8806125 0.8564624999999999 0.903553125 0.8424796875 0.8957843750000001 0.8275781249999999 0.8833203125000001 0.8120062499999999 0.8736421875 0.7987078125 0.8586 0.7802625 0.8556453125000001 0.7501187500000001 0.8531609375 0.693340625 0.8740781249999999 0.6882312500000001 0.8707156250000001 0.673621875 0.8659484375 0.65284375 0.8679296875 0.638071875 0.8926734375 0.623571875 0.8952890625000001 0.6029234375 0.8952890625000001 0.5850390625 0.8914578125 0.571746875 0.8866093749999999 0.53023125 0.897009375 0.49951875 0.899871875 0.47113281249999994 0.893734375 0.4510921875 0.8952218750000001 0.4228734375 0.8862703125 0.402153125 0.8785390625 0.3948296875 0.88715625 0.3757125 0.8976203125 0.3452515625 0.890659375 0.330953125 0.88593125 0.319965625 0.8803265625 0.28370625 0.8865078125 0.24767968749999997 0.8999453125000001 0.2093015625 0.9057140625000001 0.158375 0.900021875 0.1530203125 0.8982546875 0.1395671875 0.8943546874999999 0.11417187499999999 0.901253125 0.0909515625 0.9063687500000001 0.06633750000000001 0.9052484375000001 0.033346875 0.902653125 0.02515625 0.901825 0 0.8960265625 0 1 1 1 1 0.9917875 1 0.9529343750000001 1 0.9304921875 1 0.8443390624999999
0 0.2103171875 0.06155625 0.2143953125 0.06473124999999999 0.21955468749999998 0.059771874999999995 0.22204687500000003 0.05647656250000001 0.22397499999999998 0.052478125 0.22290000000000001 0.051196874999999996 0.2174203125 0.051146875 0.209115625 0.0565296875 0.2103171875 0.06155625
0 0.112978125 0.0200953125 0.1173 0.0165640625 0.11594062499999999 0.0123203125 0.11521718750000001 0.011778125 0.10777031249999999 0.012735937499999999 0.0998953125 0.012628125 0.0944828125 0.014171875 0.1039625 0.023815625 0.11042812500000002 0.02718125 0.11545625 0.027546875 0.112978125 0.0200953125
0 0.0637078125 0.03963125 0.0589796875 0.0380640625 0.05609531250000001 0.0387734375 0.053353125 0.0430671875 0.0583078125 0.0448328125 0.0624703125 0.04395625 0.06615937499999999 0.041634375 0.0637078125 0.03963125
0 0.029259374999999997 0.071671875 0.0357328125 0.073134375 0.0368421875 0.068309375 0.0309671875 0.061634375 0.0273109375 0.06635625 0.029259374999999997 0.071671875
0 0 0.035746875 0.006829687500000001 0.034449999999999995 0.01264375 0.0315390625 0.014387500000000001 0.026003125 0.00874375 0.0212609375 0 0.014829687499999999 0 0.017853125 0 0.025559375000000002 0 0.035746875
0 0.249071875 0.29074374999999997 0.2451078125 0.290371875 0.23926406249999999 0.2928515625 0.23556093749999998 0.3007125 0.23692031249999998 0.3051921875 0.2494328125 0.2933671875 0.249071875 0.29074374999999997
0 0.26865 0.1713171875 0.2721953125 0.166353125 0.257709375 0.1650453125 0.26000625 0.1705265625 0.26290468749999996 0.17200312499999998 0.26865 0.1713171875
0 0.388765625 0.45414374999999996 0.39254218750000003 0.4523265625 0.39960625 0.44481093749999995 0.394053125 0.4463328125 0.389859375 0.4479640625 0.388765625 0.45414374999999996
0 0.3667515625 0.4465859375 0.3809703125 0.44303125000000004 0.38244687499999996 0.43654374999999995 0.37563124999999997 0.43289218749999997 0.37672812499999997 0.4344359375 0.3697390625 0.43735937500000005 0.35737968750000004 0.44240625 0.3599140625 0.446446875 0.3667515625 0.4465859375
0 0.0830421875 0.6191171875 0.08120000000000001 0.6224609375 0.0820375 0.62571875 0.08819218749999999 0.62756875 0.088465625 0.6243875 0.08519062499999999 0.6184734375 0.0830421875 0.6191171875