0 0.4178859375 0.80059375 0.4185125 0.8106125000000001 0.42236874999999996 0.8244609374999999 0.4378046875 0.8340765625 0.432340625 0.8416484375 0.4504578125 0.8482546875000001 0.46868437500000004 0.8584859375 0.46566093750000004 0.8654609375 0.4862390625 0.883515625 0.505259375 0.8705421875000001 0.5085734375000001 0.8315578125 0.5063515625 0.8144390625 0.5182421875000001 0.79958125 0.5505484375 0.775690625 0.5173953124999999 0.7728953125 0.497909375 0.7709343750000001 0.46867187499999996 0.7633828125 0.446646875 0.7519703125 0.432625 0.7443640625 0.4197984375 0.7464140625 0.41765937500000005 0.75679375 0.41962968749999996 0.7793625 0.4178859375 0.80059375
0 0 0 0 0.008212500000000001 0 0.047065625 0 0.0695078125 0 0.1556609375 0.00391875 0.15452656250000002 0.0381953125 0.14757499999999998 0.05323750000000001 0.13498125 0.059684375 0.1127609375 0.0806875 0.12313281250000001 0.0917265625 0.11938750000000001 0.1435375 0.096446875 0.1575203125 0.10421562499999999 0.172421875 0.11667968749999999 0.18799375000000002 0.1263578125 0.2012921875 0.1414 0.2197375 0.1443546875 0.24988125 0.1468390625 0.306659375 0.12592187500000002 0.31176875000000004 0.129284375 0.326378125 0.1340515625 0.34715625 0.1320703125 0.361928125 0.10732656249999999 0.376428125 0.1047109375 0.3970765625 0.1047109375 0.41496093749999996 0.1085421875 0.428253125 0.113390625 0.46976874999999996 0.102990625 0.50048125 0.10012812499999998 0.5288671875000001 0.106265625 0.5489078125 0.10477812500000001 0.5771265624999999 0.11372968750000001 0.597846875 0.1214609375 0.6051703125000001 0.11284374999999999 0.6242875 0.1023796875 0.6547484375 0.109340625 0.669046875 0.11406875000000001 0.680034375 0.1196734375 0.71629375 0.11349218750000001 0.7523203125 0.10005468749999999 0.7906984375 0.0942859375 0.841625 0.099978125 0.8469796875 0.1017453125 0.8604328125 0.1056453125 0.885828125 0.098746875 0.9090484375000001 0.09363125 0.9336625 0.0947515625 0.966653125 0.097346875 0.97484375 0.098175 1 0.10397343750000002 1 0 0 0
0 0.7825796875 0.948853125 0.790884375 0.9434703125 0.7896828124999999 0.93844375 0.7856046875 0.93526875 0.7804453125 0.940228125 0.777953125 0.9435234375 0.776025 0.947521875 0.7771 0.9488031250000001 0.7825796875 0.948853125
0 0.9055171874999999 0.9858281249999999 0.8960375 0.9761843750000001 0.889571875 0.9728187500000001 0.88454375 0.972453125 0.887021875 0.9799046875 0.8827 0.9834359375 0.884059375 0.9876796875 0.8847828124999999 0.988221875 0.8922296875000001 0.9872640625000001 0.9001046875000001 0.987371875 0.9055171874999999 0.9858281249999999
0 0.933840625 0.9583656250000001 0.9362921875 0.96036875 0.9410203125000001 0.9619359375000001 0.9439046875000001 0.9612265624999999 0.9466468750000001 0.9569328125000001 0.9416921874999999 0.9551671875000001 0.9375296875 0.9560437500000001 0.933840625 0.9583656250000001
0 0.9642671875 0.9268656249999999 0.9631578125000001 0.9316906250000001 0.9690328125000001 0.938365625 0.9726890625 0.9336437500000001 0.970740625 0.928328125 0.9642671875 0.9268656249999999
0 1 0.9642531249999999 0.9931703125 0.96555 0.98735625 0.9684609375000001 0.9856125 0.9739968749999999 0.99125625 0.9787390625000001 1 0.9851703125 1 0.982146875 1 0.9744406250000001 1 0.9642531249999999
0 0.750928125 0.7092562499999999 0.7548921875 0.7096281249999999 0.7607359375 0.7071484375 0.7644390624999999 0.6992875 0.7630796875 0.6948078125 0.7505671875 0.7066328125 0.750928125 0.7092562499999999
0 0.7278046875 0.833646875 0.742290625 0.8349546875 0.73999375 0.8294734375000001 0.7370953124999999 0.827996875 0.7313500000000001 0.8286828125 0.7278046875 0.833646875
0 0.6074578125000001 0.5476734375000001 0.6003937500000001 0.5551890625 0.605946875 0.5536671875 0.610140625 0.5520359375 0.611234375 0.54585625 0.6074578125000001 0.5476734375000001
0 0.6426203125 0.55759375 0.6400859375 0.553553125 0.6332484375 0.5534140625 0.6190296875 0.55696875 0.6175531249999999 0.56345625 0.62436875 0.5671078125 0.623271875 0.5655640625 0.6302609375 0.562640625 0.6426203125 0.55759375
0 0.9169578125 0.3808828125 0.9188000000000001 0.3775390625 0.9179625 0.37428125 0.9118078125 0.37243125 0.9115343749999999 0.3756125 0.9148093749999999 0.3815265625 0.9169578125 0.3808828125