0 0.2836171875 0.6497828125 0.2722109375 0.666678125 0.26048125 0.689246875 0.249540625 0.7169015625 0.23741718750000002 0.7032359375 0.2158453125 0.68391875 0.18444218750000002 0.6957421874999999 0.19763124999999998 0.714765625 0.23042812499999998 0.7519828125 0.252478125 0.7786734375 0.2780296875 0.794028125 0.28698125 0.8100921874999999 0.3004484375 0.8338906250000001 0.292671875 0.8708359375000001 0.3304625 0.8603828124999999 0.2997109375 0.8908125 0.290365625 0.900646875 0.3555984375 0.891834375 0.3739484375 0.876028125 0.3871375 0.8906828125 0.394765625 0.9139921875000001 0.393634375 0.9281312500000001 0.44359374999999995 0.9413750000000001 0.4993390625 0.967625 0.522990625 0.9634453125 0.5547093750000001 0.9824765624999999 0.5678140625 0.9854312500000001 0.6401656250000001 0.9053640625 0.6710578125 0.8608421875 0.693553125 0.8133328125 0.7320609375 0.7889671875000001 0.744325 0.7572328125000001 0.7419484375 0.7523015625 0.712321875 0.76258125 0.6550328125 0.7504078125 0.634675 0.6841890625 0.6631390625 0.65701875 0.6899875 0.619953125 0.6961234375 0.5973640625 0.6785359375 0.5924921875 0.649375 0.567296875 0.6365421875 0.5573718750000001 0.557209375 0.5357140625000001 0.5011796875 0.510234375 0.46894375000000005 0.49307187499999994 0.42981718750000003 0.47939218749999996 0.412590625 0.489065625 0.429196875 0.5100015625000001 0.42583125 0.5254734375 0.4178296875 0.540296875 0.41307499999999997 0.5545765625 0.39683125 0.5764625 0.3628453125 0.588228125 0.35080625 0.6012109375 0.33170781250000003 0.6172203125 0.30960624999999997 0.630434375 0.2836171875 0.6497828125
0 0.41235156249999994 0.4536609375 0.40339375000000005 0.4405375 0.380684375 0.4537484375 0.3493859375 0.4731875 0.3269546875 0.49643437500000004 0.36838125 0.4822109375 0.40513750000000004 0.46821250000000003 0.41235156249999994 0.4536609375
0 1 0.8210875 0.9994140625 0.8068453124999999 0.9829437499999999 0.8110312499999999 0.9715374999999999 0.8262562499999999 0.9721578125000001 0.8394562499999999 0.9757609374999999 0.8531265625 1 0.850384375 1 0.8280390625 1 0.8210875
0 0.26909062499999997 0.5784875 0.255546875 0.560603125 0.23960625000000002 0.56375625 0.217840625 0.5724375 0.20367031249999998 0.5842609375000001 0.20070625 0.6012546875 0.20181718750000002 0.6118296875 0.20887656250000003 0.6332109375 0.2244796875 0.642478125 0.22797499999999998 0.6264234375 0.23209531249999998 0.61369375 0.23296718749999998 0.6040390625 0.24920468750000002 0.5924765625 0.26909062499999997 0.5784875
0 0.1997625 0.5025765625 0.19453125 0.5257640625 0.1920828125 0.5422875 0.18120624999999999 0.5601140625000001 0.1684578125 0.5815 0.16980625 0.58744375 0.1769375 0.5946328125 0.1947578125 0.5922921875 0.2051359375 0.57981875 0.21242187499999998 0.565209375 0.22066249999999998 0.5510796874999999 0.2380953125 0.5356421874999999 0.23472343750000002 0.5302156250000001 0.1997625 0.5025765625
0 0.28986875 0.1843703125 0.2821890625 0.1728984375 0.2722875 0.1646828125 0.25191718750000003 0.17253125 0.2364734375 0.17104375 0.2649953125 0.159040625 0.266965625 0.1488234375 0.2514578125 0.14395625 0.13748125 0.2079359375 0.172990625 0.2076265625 0.192703125 0.19871250000000001 0.20325000000000001 0.20712187499999998 0.22933125 0.22544218749999997 0.25499062499999997 0.234103125 0.2773515625 0.237528125 0.2702140625 0.228678125 0.2574578125 0.2137640625 0.26232812499999997 0.20253437500000002 0.284365625 0.21214062500000003 0.3058796875 0.194125 0.29739375 0.18681562499999999 0.28986875 0.1843703125
0 0.166996875 0.5927578125 0.05299374999999999 0.6646734375000001 0.087678125 0.6624828125 0.1255703125 0.6662078124999999 0.1468078125 0.6643 0.1549265625 0.6358937499999999 0.16241875 0.6160484375 0.166996875 0.5927578125
0 0.3191359375 0 0.3519625 0.021234375 0.36341718749999996 0.029607812500000004 0.3756046875 0.04090625 0.37179375000000003 0.0412796875 0.3503375 0.0298640625 0.318728125 0.015167187500000002 0.29777343749999996 0.0068765625 0.2897140625 0.012409375 0.3038515625 0.023860937500000002 0.3017875 0.029689062500000002 0.289059375 0.0368421875 0.28802500000000003 0.0423609375 0.3279984375 0.038129687499999995 0.3356390625 0.0425703125 0.3603890625 0.0592890625 0.358896875 0.0763015625 0.34462187499999997 0.09983906249999999 0.3683265625 0.0824875 0.3829609375 0.0723140625 0.406915625 0.0578171875 0.4428828125 0.0412953125 0.4729109375 0.0299734375 0.48010156249999997 0.027450000000000002 0.44833749999999994 0.05304375 0.4307171875 0.066503125 0.43154531250000006 0.0757125 0.47932031249999996 0.07586875 0.48474218750000003 0.0806875 0.49630156249999996 0.08470781250000001 0.4825046875 0.07132812499999999 0.4910796875 0.05345 0.5174078125 0.0481671875 0.5494953125 0.054334375000000004 0.582525 0.0640953125 0.599584375 0.0550109375 0.59935 0.040303125 0.5806390625 0.0383859375 0.5451828125 0.029675 0.492428125 0 0.3307546875 0 0.3191359375 0
0 0.2161640625 0 0.2273140625 0.0045125 0.2403 0 0.23178749999999998 0 0.2161640625 0
0 0.23305156249999998 0.09665312499999999 0.2526140625 0.0960640625 0.25483125 0.0937609375 0.251609375 0.085753125 0.2478953125 0.0870390625 0.2334453125 0.0872578125 0.22082031249999998 0.088821875 0.21741875 0.095459375 0.23305156249999998 0.09665312499999999
0 0.56549375 0.1315796875 0.58034375 0.13322499999999998 0.593134375 0.13022499999999998 0.586109375 0.1243390625 0.578665625 0.1217234375 0.5737234375 0.1172859375 0.5704234375 0.102675 0.5496671875 0.10939687499999999 0.5468171875000001 0.113565625 0.5500984375 0.123015625 0.56549375 0.1315796875
0 0.6640625 0.0221125 0.6625984375 0.02795625 0.68610625 0.0202578125 0.6839515625 0.014731250000000001 0.67116875 0.012862499999999999 0.6640625 0.0221125
0 0.7072234374999999 0.3570453125 0.7192265625 0.3628015625 0.7259328125 0.36005625 0.720615625 0.354571875 0.7131968750000001 0.35078437500000004 0.70416875 0.34252812499999996 0.7003999999999999 0.3424640625 0.6956515624999999 0.3454765625 0.7004109374999999 0.353121875 0.7072234374999999 0.3570453125
0 0.25630312499999997 0.5661046875 0.261434375 0.573878125 0.287465625 0.588321875 0.29969375 0.5967265625 0.328896875 0.591528125 0.26285 0.5525578125 0.25630312499999997 0.5661046875
0 0.13556875 0.5915781250000001 0.1522734375 0.589553125 0.1514515625 0.5783375000000001 0.145503125 0.5673625 0.1388734375 0.561796875 0.1497109375 0.54969375 0.14999374999999998 0.54368125 0.13015000000000002 0.55616875 0.12711875 0.565365625 0.1383015625 0.581215625 0.13556875 0.5915781250000001
0 0.0320984375 0.6154828125 0.031209375 0.621384375 0.0379515625 0.6309781250000001 0.044078125 0.6340890625 0.05600625 0.6345984375 0.055803124999999995 0.626471875 0.0516140625 0.620940625 0.050878124999999996 0.6110109375 0.046218749999999996 0.6101140625 0.03950625 0.611896875 0.0320984375 0.6154828125
0 0.22164062499999998 0.42860156250000003 0.22448437499999999 0.42329531249999997 0.2366828125 0.41661875000000004 0.2391421875 0.41067656250000006 0.2354984375 0.407625 0.2270375 0.4097640625 0.182240625 0.4334015625 0.14349218749999998 0.4581984375 0.0702109375 0.49779999999999996 0.0867265625 0.49896250000000003 0.100596875 0.4911140625 0.11614687500000001 0.48240625000000004 0.136159375 0.47793906249999996 0.15923437499999998 0.47620781250000005 0.15562499999999999 0.46078906249999996 0.1764828125 0.454521875 0.1904296875 0.447359375 0.2085578125 0.44010156250000004 0.2223640625 0.4372765625 0.22164062499999998 0.42860156250000003
0 0.01533125 0.16911875 0.0050015625 0.174884375 0 0.1847546875 0.006750000000000001 0.182890625 0.021890625 0.1779734375 0.02700625 0.163690625 0.01533125 0.16911875