0 0.458315625 0.19132812500000002 0.427609375 0.1956359375 0.3994890625 0.22084375 0.4101859375 0.18699375000000001 0.39509531249999996 0.1538796875 0.36305312500000003 0.13443906249999998 0.3326609375 0.148409375 0.31868124999999997 0.1762921875 0.3014796875 0.20140937499999997 0.2847234375 0.23777187500000002 0.28071875 0.22626249999999998 0.2839875 0.1958875 0.2681484375 0.16783125000000002 0.2436171875 0.1827375 0.236303125 0.22075312500000002 0.248359375 0.24206093750000002 0.2673140625 0.276446875 0.2855046875 0.3014875 0.2572828125 0.2862328125 0.2243 0.3385796875 0.22128125 0.37455625000000003 0.23316875 0.3965796875 0.256221875 0.4072828125 0.271315625 0.42930624999999994 0.282253125 0.4654234375 0.3003171875 0.49171718750000004 0.28976718749999997 0.50938125 0.2841625 0.547728125 0.31417656250000003 0.5522609375 0.3292609375 0.5296953125 0.3406734375 0.5091046875 0.36123125 0.4792515625 0.3477015625 0.5412109375 0.3277 0.5605359375 0.30507343750000004 0.5889015625 0.30460937499999996 0.6134578125 0.318753125 0.6487093749999999 0.2726375 0.6057328125 0.23794062500000002 0.5441234374999999 0.223271875 0.5493546874999999 0.2049953125 0.5634609375 0.1934328125 0.6035437499999999 0.199434375 0.6309421875 0.2094234375 0.6694421875 0.226590625 0.678259375 0.2621703125 0.649640625 0.2390734375 0.69401875 0.23281093749999998 0.74313125 0.2619234375 0.737240625 0.288240625 0.7653546875 0.3136140625 0.746340625 0.326634375 0.705825 0.34623906249999997 0.6741703125 0.3192671875 0.6525859374999999 0.3403 0.665509375 0.355278125 0.66171875 0.3803453125 0.6317421875 0.3918125 0.6027625 0.3734046875 0.585465625 0.3570171875 0.5414171875 0.3829125 0.5548968750000001 0.42752656250000004 0.56641875 0.433465625 0.5431359375 0.44761093750000003 0.5081156250000001 0.459309375 0.4880171875 0.4923109375 0.4497359375 0.5424046875 0.45186093749999995 0.5057437499999999 0.4106921875 0.47914531250000003 0.36141875 0.49596875 0.375421875 0.4888921875 0.3605265625 0.48576718750000003 0.31926875 0.489365625 0.288046875 0.4742484375 0.2979484375 0.4522421875 0.3361328125 0.43512812500000003 0.3508265625 0.46539843750000004 0.2991375 0.49263124999999997 0.261528125 0.515325 0.2789796875 0.5159796875 0.2653375 0.48205625 0.2276703125 0.47349687500000004 0.206415625 0.458315625 0.19132812500000002
0 0.5641640625 0.9184531249999999 0.5721796875 0.9035015625 0.574984375 0.8835375000000001 0.5822421875 0.871290625 0.600721875 0.8409671875000001 0.6121875 0.8138671875 0.6181265625 0.7965125 0.6275140625 0.7814625000000001 0.6407046875 0.767053125 0.6534734375 0.753225 0.654896875 0.7494671875 0.6536046875 0.7354453125 0.6463484375 0.7206921875 0.6326046875 0.7102421875 0.6192546875 0.6982999999999999 0.600740625 0.6921062499999999 0.59325625 0.6835296875 0.5880875 0.6841625 0.5776390625000001 0.69905625 0.5666140625 0.7147375 0.5535015624999999 0.7272546875 0.5532250000000001 0.7465859375 0.5641 0.7689265625 0.5694484375 0.7822312499999999 0.5594015625 0.778621875 0.5271109375 0.7506421875 0.5258125 0.7661625 0.5127140625 0.8012593750000001 0.5029343749999999 0.8326234375 0.5035890625 0.8500546874999999 0.526965625 0.8942656250000001 0.5376609375 0.900846875 0.5641640625 0.9184531249999999
0 0.6702125 0.774821875 0.6739265624999999 0.7714046875 0.6678578125 0.77616875 0.6702125 0.774821875
0 0.6782874999999999 0.7695125 0.6794671875 0.7620796875 0.674065625 0.7514640625 0.6707703125 0.7483671875 0.6670765624999999 0.746434375 0.6610453125 0.7461421875 0.6570046875 0.748415625 0.6539234375 0.7556265625 0.6528296874999999 0.764178125 0.6534328125 0.7693109375 0.6569875 0.777946875 0.6599078125 0.7805921875 0.6630421875 0.7821671875 0.66085 0.775403125 0.658428125 0.769584375 0.657303125 0.76549375 0.6590234374999999 0.757846875 0.6607359374999999 0.7532390625 0.6651390625 0.7516671875000001 0.669121875 0.7543 0.671515625 0.756471875 0.673059375 0.759778125 0.6734328125 0.7642671875 0.6736375 0.76915 0.67319375 0.77235 0.6679 0.7763234375 0.6676421875 0.7764375 0.6625640625 0.77705 0.6641078125 0.78066875 0.6692390625 0.782375 0.6754140625 0.7765109375 0.6782874999999999 0.7695125
0 0.60055625 0.9103046875 0.6044015625 0.908846875 0.6047578125 0.9127625 0.607425 0.9130609375000001 0.6130828125 0.9046031250000001 0.6111500000000001 0.9037453125000001 0.602140625 0.903834375 0.58733125 0.9009484375 0.582525 0.89686875 0.5784703125 0.9109875000000001 0.5820359374999999 0.9124734374999999 0.5835140625 0.901575 0.588509375 0.9070203125 0.5961593749999999 0.906603125 0.60055625 0.9103046875
0 0.696890625 0.502415625 0.7056046874999999 0.4844578125 0.6919890625 0.49716875 0.6835484375 0.49720312499999997 0.68064375 0.498496875 0.67639375 0.5116203125000001 0.678159375 0.52265625 0.6838671875 0.5244828125 0.6946687500000001 0.5159328125 0.696890625 0.502415625
0 0.8908125 0.5282734375 0.878178125 0.5167796874999999 0.8747906249999999 0.5282796875 0.8789890625 0.536625 0.8838015625000001 0.540403125 0.8862625 0.5324203125 0.8885390624999999 0.5338453125 0.89535 0.540925 0.89464375 0.537615625 0.8908125 0.5282734375
0 0.910915625 0.7383796874999999 0.9205984375 0.7397078125000001 0.9279671875 0.7361421874999999 0.920028125 0.72569375 0.9073249999999999 0.71208125 0.9078250000000001 0.7240421875 0.9088171875000001 0.7334421875 0.910915625 0.7383796874999999
0 1 0.4609953125 0.9980718749999999 0.46281875 0.99176875 0.46166718749999996 0.9845984375000001 0.45946875 0.9798 0.46155468749999995 0.9780078124999999 0.467603125 0.9833828125 0.4806 0.99141875 0.4884984375 1 0.4930203125 0.9927640625 0.47722968750000005 1 0.48876093750000005 1 0.4609953125
0 1 0.5748046875 0.99966875 0.572090625 0.9938234375 0.5835328125 0.9895796875 0.59369375 0.9824249999999999 0.60835 0.97946875 0.6182140625 0.9823234375000001 0.6243859375 0.9911843749999999 0.6351203125 1 0.640221875 1 0.6019234375 1 0.5748046875
0 1 0.9644203125 0.9920781249999999 0.973640625 0.990565625 0.9575859375 0.982109375 0.955559375 0.9962624999999999 0.934353125 0.9976015625000001 0.9187609374999999 0.9913421874999999 0.913403125 0.9821140625 0.91540625 0.97551875 0.9252828125000001 0.9712609375 0.9263999999999999 0.9683703124999999 0.9250234374999999 0.964371875 0.927590625 0.9557249999999999 0.9313593750000001 0.957065625 0.9412359374999999 0.961478125 0.9439624999999999 0.9710093750000001 0.952153125 0.973271875 0.9610484375 0.9665359375 0.96881875 0.9527984375 0.96461875 0.94524375 0.9685296875 0.9468796875000001 0.9794859375 0.9466578125 0.9835828125000001 0.9393687500000001 0.9957453125000001 0.94029375 1 1 1 1 0.9644203125
0 0.9046031250000001 0.6835296875 0.9068796875 0.6862296875 0.9119999999999999 0.6818453124999999 0.912865625 0.67830625 0.9113765624999999 0.67263125 0.9097734375 0.6711265625 0.9066625 0.6718468750000001 0.9014359375 0.6776796875 0.9046031250000001 0.6835296875
0 0.9746609375 0.34249843750000003 0.9784234375 0.3442140625 0.9833546875 0.3411453125 0.9836359375000001 0.3351203125 0.9815171875 0.3263578125 0.9766859374999999 0.3268171875 0.9738109375 0.3360578125 0.9746609375 0.34249843750000003
0 1 0.3976609375 0.9853765624999999 0.4002078125 0.9763624999999999 0.41201875 0.9739640625 0.41722656249999995 0.9697421875 0.42885937500000004 0.9612640625 0.439753125 0.9528062500000001 0.4541578125 0.9436562500000001 0.45853593750000005 0.9401109375000001 0.47058437499999994 0.93769375 0.47731874999999996 0.9316703125 0.49272499999999997 0.9282031249999999 0.49732343749999997 0.953990625 0.47456875 0.9630796875 0.459028125 0.9722406250000001 0.44732656249999997 0.97925625 0.4306859375 0.98523125 0.4207328125 0.99428125 0.41475625000000005 1 0.40685312500000004 1 0.3976609375
0 0.65245625 0.0940484375 0.6555875 0.1081 0.660975 0.1049078125 0.6626218749999999 0.09174375 0.6582328125 0.08432500000000001 0.6544078125 0.084728125 0.650590625 0.08913750000000001 0.65245625 0.0940484375
0 0.5764750000000001 0.029826562499999997 0.58269375 0.0385671875 0.5924765625 0.047525 0.5963984375 0.043996875000000005 0.5940624999999999 0.0389375 0.591884375 0.0322828125 0.584728125 0.026956249999999998 0.571990625 0.01978125 0.5764750000000001 0.029826562499999997
0 0.19892656250000001 0.021546875 0.1858671875 0.025782812500000002 0.1749390625 0.045425 0.1900859375 0.0543625 0.19892656250000001 0.021546875
0 0.2387609375 0.7511359375 0.23798593750000002 0.7535125 0.2358109375 0.7583046875 0.2377328125 0.762003125 0.2388484375 0.7668953125 0.2396609375 0.7705375 0.24241406250000003 0.7710140625 0.24611718749999997 0.7728375 0.24914843750000001 0.7706390625 0.25140625 0.76865625 0.2538234375 0.7655953125 0.25441875 0.762028125 0.2542625 0.7594640625 0.253240625 0.7542109375 0.2506921875 0.752059375 0.24729843749999997 0.752059375 0.2387609375 0.7511359375
0 0.20080625 0.6584046875 0.1899390625 0.64566875 0.18768125 0.64473125 0.18739843750000001 0.650065625 0.18255625 0.6568390625 0.18981874999999998 0.6621296875 0.1923453125 0.6647578125 0.1954453125 0.666175 0.20274375 0.6650515625 0.20080625 0.6584046875
0 0.184690625 0.636221875 0.1806 0.63099375 0.177996875 0.630871875 0.175640625 0.6308734375 0.1763828125 0.6345703125 0.178009375 0.63924375 0.1832875 0.642559375 0.186734375 0.6428499999999999 0.186840625 0.640125 0.184690625 0.636221875
0 0.18205625 0.428090625 0.1852640625 0.42752968750000003 0.1872453125 0.42323125 0.1856765625 0.4209203125 0.18043125 0.4199515625 0.1788046875 0.42229374999999997 0.1790859375 0.42585937500000004 0.18205625 0.428090625
0 0.22278437499999998 0.4283953125 0.2249734375 0.4245078125 0.22503125000000002 0.4207484375 0.2264484375 0.419553125 0.22734375 0.4156015625 0.224284375 0.4134203125 0.21781250000000002 0.41104062499999994 0.21292343749999998 0.41149218750000005 0.2098984375 0.41326875 0.2113640625 0.41685937500000003 0.2132671875 0.42275 0.21783281250000003 0.42696249999999997 0.22278437499999998 0.4283953125
0 0.0877484375 0.859984375 0.0921953125 0.861915625 0.094778125 0.8566109375 0.094721875 0.8535109375 0.09135312500000001 0.851796875 0.0903640625 0.8540296875 0.0890078125 0.8556015625000001 0.0877484375 0.859984375