0 0.4742484375 0.7020515625 0.489365625 0.711953125 0.48576718750000003 0.68073125 0.4888921875 0.6394734375 0.49596875 0.624578125 0.47914531250000003 0.63858125 0.5057437499999999 0.5893078125 0.5424046875 0.5481390625 0.4923109375 0.5502640624999999 0.459309375 0.5119828125 0.44761093750000003 0.491884375 0.433465625 0.45686406249999995 0.42752656250000004 0.43358125000000003 0.3829125 0.445103125 0.3570171875 0.4585828125 0.3734046875 0.414534375 0.3918125 0.3972375 0.3803453125 0.3682578125 0.355278125 0.33828125 0.3403 0.33449062500000004 0.3192671875 0.3474140625 0.34623906249999997 0.3258296875 0.326634375 0.29417499999999996 0.3136140625 0.253659375 0.288240625 0.2346453125 0.2619234375 0.262759375 0.23281093749999998 0.25686875 0.2390734375 0.30598125 0.2621703125 0.350359375 0.226590625 0.321740625 0.2094234375 0.3305578125 0.199434375 0.3690578125 0.1934328125 0.39645625 0.2049953125 0.43653906249999996 0.223271875 0.4506453125 0.23794062500000002 0.4558765625 0.2726375 0.3942671875 0.318753125 0.35129062499999997 0.30460937499999996 0.3865421875 0.30507343750000004 0.4110984375 0.3277 0.43946406250000003 0.3477015625 0.4587890625 0.36123125 0.5207484375 0.3406734375 0.4908953125 0.3292609375 0.4703046875 0.31417656250000003 0.4477390625 0.2841625 0.452271875 0.28976718749999997 0.49061875 0.3003171875 0.5082828125 0.282253125 0.5345765625000001 0.271315625 0.57069375 0.256221875 0.5927171875 0.23316875 0.6034203125000001 0.22128125 0.62544375 0.2243 0.6614203125 0.2572828125 0.7137671875 0.2855046875 0.6985125 0.2673140625 0.723553125 0.248359375 0.7579390625 0.236303125 0.779246875 0.2436171875 0.8172625 0.2681484375 0.8321687499999999 0.2839875 0.8041124999999999 0.28071875 0.7737375 0.2847234375 0.762228125 0.3014796875 0.798590625 0.31868124999999997 0.8237078125 0.3326609375 0.851590625 0.36305312500000003 0.8655609375 0.39509531249999996 0.8461203125000001 0.4101859375 0.8130062499999999 0.3994890625 0.77915625 0.427609375 0.8043640625 0.458315625 0.8086718749999999 0.47349687500000004 0.793584375 0.48205625 0.7723296875 0.5159796875 0.7346625 0.515325 0.7210203125 0.49263124999999997 0.738471875 0.46539843750000004 0.7008625 0.43512812500000003 0.6491734375 0.4522421875 0.6638671875 0.4742484375 0.7020515625
0 0.5694484375 0.21776875 0.5641 0.2310734375 0.5532250000000001 0.2534140625 0.5535015624999999 0.2727453125 0.5666140625 0.28526250000000003 0.5776390625000001 0.30094375 0.5880875 0.3158375 0.59325625 0.3164703125 0.600740625 0.30789374999999997 0.6192546875 0.30169999999999997 0.6326046875 0.2897578125 0.6463484375 0.27930781250000003 0.6536046875 0.2645546875 0.654896875 0.25053281250000003 0.6534734375 0.24677500000000002 0.6407046875 0.23294687500000003 0.6275140625 0.2185375 0.6181265625 0.2034875 0.6121875 0.1861328125 0.600721875 0.1590328125 0.5822421875 0.128709375 0.574984375 0.1164625 0.5721796875 0.0964984375 0.5641640625 0.08154687499999999 0.5376609375 0.099153125 0.526965625 0.105734375 0.5035890625 0.1499453125 0.5029343749999999 0.1673765625 0.5127140625 0.198740625 0.5258125 0.2338375 0.5271109375 0.2493578125 0.5594015625 0.22137812499999998 0.5694484375 0.21776875
0 0.6702125 0.225178125 0.6678578125 0.22383125 0.6739265624999999 0.22859531249999998 0.6702125 0.225178125
0 0.6734328125 0.2357328125 0.673059375 0.24022187499999997 0.671515625 0.243528125 0.669121875 0.24569999999999997 0.6651390625 0.2483328125 0.6607359374999999 0.2467609375 0.6590234374999999 0.24215312500000002 0.657303125 0.23450625 0.658428125 0.230415625 0.66085 0.22459687499999997 0.6630421875 0.21783281250000003 0.6599078125 0.2194078125 0.6569875 0.22205312500000002 0.6534328125 0.2306890625 0.6528296874999999 0.235821875 0.6539234375 0.2443734375 0.6570046875 0.251584375 0.6610453125 0.2538578125 0.6670765624999999 0.253565625 0.6707703125 0.25163281249999997 0.674065625 0.24853593749999997 0.6794671875 0.2379203125 0.6782874999999999 0.2304875 0.6754140625 0.22348906249999997 0.6692390625 0.217625 0.6641078125 0.21933125000000003 0.6625640625 0.22294999999999998 0.6676421875 0.22356250000000003 0.6679 0.22367656249999998 0.67319375 0.22765 0.6736375 0.23085 0.6734328125 0.2357328125
0 0.6111500000000001 0.0962546875 0.6130828125 0.095396875 0.607425 0.0869390625 0.6047578125 0.0872375 0.6044015625 0.091153125 0.60055625 0.0896953125 0.5961593749999999 0.093396875 0.588509375 0.09297968749999999 0.5835140625 0.098425 0.5820359374999999 0.0875265625 0.5784703125 0.08901250000000001 0.582525 0.10313125000000001 0.58733125 0.0990515625 0.602140625 0.096165625 0.6111500000000001 0.0962546875
0 0.696890625 0.497584375 0.6946687500000001 0.4840671875 0.6838671875 0.47551718750000005 0.678159375 0.47734375 0.67639375 0.4883796875 0.68064375 0.5015031249999999 0.6835484375 0.502796875 0.6919890625 0.5028312500000001 0.7056046874999999 0.5155421875 0.696890625 0.497584375
0 0.8908125 0.47172656249999995 0.89464375 0.46238437499999996 0.89535 0.459075 0.8885390624999999 0.4661546875 0.8862625 0.46757968749999995 0.8838015625000001 0.459596875 0.8789890625 0.463375 0.8747906249999999 0.4717203125 0.878178125 0.4832203125 0.8908125 0.47172656249999995
0 0.9078250000000001 0.2759578125 0.9073249999999999 0.28791875 0.920028125 0.27430625000000003 0.9279671875 0.2638578125 0.9205984375 0.2602921875 0.910915625 0.2616203125 0.9088171875000001 0.2665578125 0.9078250000000001 0.2759578125
0 1 0.5112390625 0.9927640625 0.5227703125 1 0.5069796875 0.99141875 0.5115015625 0.9833828125 0.5194 0.9780078124999999 0.532396875 0.9798 0.5384453125 0.9845984375000001 0.54053125 0.99176875 0.5383328125 0.9980718749999999 0.5371812499999999 1 0.5390046875000001 1 0.5112390625
0 1 0.359778125 0.9911843749999999 0.3648796875 0.9823234375000001 0.3756140625 0.97946875 0.3817859375 0.9824249999999999 0.39165 0.9895796875 0.40630625 0.9938234375 0.4164671875 0.99966875 0.42790937500000004 1 0.4251953125 1 0.3980765625 1 0.359778125
0 0.94029375 0 0.9393687500000001 0.0042546875 0.9466578125 0.0164171875 0.9468796875000001 0.0205140625 0.94524375 0.0314703125 0.9527984375 0.035381249999999996 0.9665359375 0.03118125 0.973271875 0.038951562499999995 0.9710093750000001 0.047846875 0.961478125 0.0560375 0.957065625 0.058764062500000006 0.9557249999999999 0.068640625 0.964371875 0.072409375 0.9683703124999999 0.0749765625 0.9712609375 0.0736 0.97551875 0.0747171875 0.9821140625 0.08459375 0.9913421874999999 0.08659687499999999 0.9976015625000001 0.0812390625 0.9962624999999999 0.06564687500000001 0.982109375 0.044440625 0.990565625 0.0424140625 0.9920781249999999 0.026359375 1 0.0355796875 1 0 0.94029375 0
0 0.9014359375 0.3223203125 0.9066625 0.328153125 0.9097734375 0.32887343750000003 0.9113765624999999 0.32736875 0.912865625 0.32169375 0.9119999999999999 0.3181546875 0.9068796875 0.3137703125 0.9046031250000001 0.3164703125 0.9014359375 0.3223203125
0 0.9766859374999999 0.6731828125 0.9815171875 0.6736421874999999 0.9836359375000001 0.6648796875 0.9833546875 0.6588546875 0.9784234375 0.6557859374999999 0.9746609375 0.6575015625 0.9738109375 0.6639421875 0.9766859374999999 0.6731828125
0 1 0.593146875 0.99428125 0.58524375 0.98523125 0.5792671875 0.97925625 0.5693140624999999 0.9722406250000001 0.5526734375 0.9630796875 0.540971875 0.953990625 0.52543125 0.9282031249999999 0.5026765625 0.9316703125 0.507275 0.93769375 0.52268125 0.9401109375000001 0.5294156250000001 0.9436562500000001 0.5414640625 0.9528062500000001 0.5458421875 0.9612640625 0.560246875 0.9697421875 0.571140625 0.9739640625 0.5827734375 0.9763624999999999 0.58798125 0.9853765624999999 0.5997921875000001 1 0.6023390625 1 0.593146875
0 0.6544078125 0.915271875 0.6582328125 0.915675 0.6626218749999999 0.90825625 0.660975 0.8950921875000001 0.6555875 0.8919 0.65245625 0.9059515625 0.650590625 0.9108625 0.6544078125 0.915271875
0 0.571990625 0.98021875 0.584728125 0.9730437500000001 0.591884375 0.9677171875000001 0.5940624999999999 0.9610625 0.5963984375 0.956003125 0.5924765625 0.952475 0.58269375 0.9614328125 0.5764750000000001 0.9701734375 0.571990625 0.98021875
0 0.1900859375 0.9456374999999999 0.1749390625 0.954575 0.1858671875 0.9742171875000001 0.19892656250000001 0.978453125 0.1900859375 0.9456374999999999
0 0.24611718749999997 0.2271625 0.24241406250000003 0.2289859375 0.2396609375 0.22946249999999999 0.2388484375 0.23310468750000002 0.2377328125 0.23799687500000002 0.2358109375 0.2416953125 0.23798593750000002 0.24648750000000003 0.2387609375 0.24886406249999998 0.24729843749999997 0.24794062499999997 0.2506921875 0.24794062499999997 0.253240625 0.24578906250000002 0.2542625 0.24053593750000002 0.25441875 0.237971875 0.2538234375 0.23440468750000001 0.25140625 0.23134375000000001 0.24914843750000001 0.2293609375 0.24611718749999997 0.2271625
0 0.20080625 0.3415953125 0.20274375 0.3349484375 0.1954453125 0.333825 0.1923453125 0.3352421875 0.18981874999999998 0.3378703125 0.18255625 0.3431609375 0.18739843750000001 0.349934375 0.18768125 0.35526875 0.1899390625 0.35433125 0.20080625 0.3415953125
0 0.184690625 0.363778125 0.186840625 0.359875 0.186734375 0.35714999999999997 0.1832875 0.357440625 0.178009375 0.36075625 0.1763828125 0.3654296875 0.175640625 0.36912656250000003 0.177996875 0.369128125 0.1806 0.36900625 0.184690625 0.363778125
0 0.1788046875 0.5777062500000001 0.18043125 0.5800484375 0.1856765625 0.5790796874999999 0.1872453125 0.57676875 0.1852640625 0.5724703124999999 0.18205625 0.5719093749999999 0.1790859375 0.574140625 0.1788046875 0.5777062500000001
0 0.2264484375 0.580446875 0.22503125000000002 0.5792515625 0.2249734375 0.5754921875 0.22278437499999998 0.5716046875 0.21783281250000003 0.5730375000000001 0.2132671875 0.57725 0.2113640625 0.583140625 0.2098984375 0.5867312499999999 0.21292343749999998 0.5885078125 0.21781250000000002 0.5889593750000001 0.224284375 0.5865796875 0.22734375 0.5843984375 0.2264484375 0.580446875
0 0.0903640625 0.1459703125 0.09135312500000001 0.148203125 0.094721875 0.1464890625 0.094778125 0.1433890625 0.0921953125 0.13808437499999998 0.0877484375 0.140015625 0.0890078125 0.1443984375 0.0903640625 0.1459703125