0 0.2016734375 1 0.1883078125 0.982053125 0.1661703125 0.9623015625000001 0.13598749999999998 1 0.2016734375 1
0 0.49218124999999996 0 0.4951546875 0.0043203125 0.50561875 0.0211203125 0.5192828125 0.0315 0.5305703125 0.030246875 0.5518359375 0.0202484375 0.5521359375 0.025007812499999997 0.540684375 0.0490921875 0.5274171875 0.0671515625 0.5161 0.0802171875 0.5045328125 0.09725 0.500821875 0.11864062500000001 0.5063500000000001 0.134484375 0.512646875 0.143378125 0.5293640625 0.1532140625 0.5433874999999999 0.1507671875 0.566440625 0.1450046875 0.5790921875 0.1413890625 0.5920453125 0.1274640625 0.5561078125 0.08895625 0.5556671875 0.07815156250000001 0.5782984375 0.0968421875 0.6008140625 0.12548125000000002 0.6170312499999999 0.13910781249999998 0.6309296875 0.146871875 0.6368828125 0.1366546875 0.647515625 0.13035000000000002 0.6689015625 0.11644531250000001 0.6741375 0.10010468749999998 0.6694734375 0.0851578125 0.6528390625 0.0664671875 0.6452828125 0.05625 0.63755625 0.0471421875 0.645296875 0.028437499999999998 0.6268265625 0.04040625 0.6090578125 0.065846875 0.6267140625 0.0281015625 0.6361796875 0.0138546875 0.6150984375 0.012607812500000001 0.5985421875 0.01121875 0.5743453125 0.0273078125 0.5634953125 0.02495625 0.5766375 0.00330625 0.5725875 0 0.5589359375 0 0.5236046875 0 0.49218124999999996 0
0 0.5543140625 0.311225 0.5501984375 0.319025 0.5485328125 0.32394531249999997 0.5546546875 0.315125 0.5607578125 0.3022859375 0.5672015625 0.2897765625 0.5628578125 0.29013125 0.555984375 0.291853125 0.5524875 0.30419375 0.5543140625 0.311225
0 1 0.9444671874999999 0.9998250000000001 0.8888125 0.993525 0.87890625 0.9856 0.864425 0.9694359374999999 0.867096875 0.9639656249999999 0.8706781250000001 0.9524765625 0.8840234375 0.9500609375 0.8905312500000001 0.9471140625000001 0.8969906249999999 0.94225625 0.886078125 0.9402921875000001 0.8738140624999999 0.9323656250000001 0.8586750000000001 0.9259031249999999 0.8517953125 0.9213437499999999 0.8662750000000001 0.9220484375 0.878371875 0.9348281249999999 0.87253125 0.9365359375000001 0.8929390625 0.9324749999999999 0.8970828125000001 0.9259015625 0.8946484375000001 0.923265625 0.9048578125000001 0.9159750000000001 0.90474375 0.901309375 0.8835312500000001 0.894059375 0.857296875 0.8930296875 0.8538140625 0.8821921875 0.8567031249999999 0.8882453124999999 0.8803140624999999 0.8925281249999999 0.8849703124999999 0.877815625 0.8865453125 0.8696796875 0.8881296875 0.874525 0.903546875 0.8873109375 0.9176078125 0.891490625 0.9243656250000001 0.8952249999999999 0.9347140625 0.8924687499999999 0.9459250000000001 0.88454375 0.9599390624999999 0.882871875 0.9747999999999999 0.896853125 0.983234375 0.8999859375 0.987728125 0.8977390625 1 0.9654999999999999 1 0.9674875000000001 1 0.9750687499999999 1 1 1 1 0.992384375 1 0.9444671874999999
0 0.957534375 0.8403390625 0.9610609374999999 0.8283734375 0.9584906249999999 0.8272015625 0.9528968750000001 0.827703125 0.94873125 0.835471875 0.9473328125 0.8482546875000001 0.9516921875 0.8489546875 0.957534375 0.8403390625
0 0.9026984375 0.8312625 0.90115 0.824465625 0.8980390625 0.8226046874999999 0.888565625 0.8229749999999999 0.8742000000000001 0.8236390625000001 0.8685671875000001 0.830009375 0.8664375 0.849421875 0.8751906249999999 0.8490125000000001 0.87946875 0.84105625 0.8816656249999999 0.8356546874999999 0.8857843750000001 0.8356578125 0.8986171875 0.8334296875 0.9026984375 0.8312625
0 0.9335390625000001 0.717940625 0.927359375 0.7234015625 0.920628125 0.7274296875 0.9160921875 0.733225 0.9205 0.7447921875 0.928009375 0.748721875 0.9328703125000001 0.733853125 0.9335390625000001 0.717940625
0 0.8594734374999999 0.7711921875 0.8650625 0.7698109375 0.863190625 0.759353125 0.861784375 0.7575578125 0.857421875 0.75748125 0.8560546875 0.7625578125 0.8594734374999999 0.7711921875
0 0.5947921875 0.9208296875 0.5882359375 0.9260578125000001 0.5860125 0.9352953125000001 0.5870921874999999 0.9472781250000001 0.5898390625000001 0.951021875 0.597421875 0.9491406250000001 0.6067140625 0.941653125 0.60856875 0.9318031250000001 0.6156546875 0.913615625 0.6239234375 0.8977765625 0.6236515625 0.887825 0.601784375 0.9232921875000001 0.5947921875 0.9208296875
0 0.7851515625000001 0.9519828125 0.7800203125 0.9457328125 0.7784484375 0.9496078125 0.7770312500000001 0.9581640625000001 0.778159375 0.962228125 0.782515625 0.9638125000000001 0.7875453125 0.958171875 0.7851515625000001 0.9519828125
0 0.83080625 0.2987109375 0.8197015625 0.3009984375 0.8115015624999999 0.3009984375 0.80748125 0.304678125 0.8047656249999999 0.3090625 0.8007265625000001 0.3106328125 0.7957171875 0.305334375 0.7943328125 0.3137703125 0.803503125 0.327496875 0.8221171875 0.339428125 0.8277765625000001 0.3333859375 0.8289562500000001 0.327525 0.8370468750000001 0.326646875 0.8475640625 0.31762812500000004 0.857509375 0.30365625 0.8638046875000001 0.2899890625 0.86301875 0.2795046875 0.8574953125 0.2827484375 0.8485234374999999 0.2914703125 0.83666875 0.29576250000000004 0.83080625 0.2987109375
0 0.7952140625 0.100915625 0.7976093750000001 0.103371875 0.8023609374999999 0.1052234375 0.8068984374999999 0.10250937499999999 0.8029437500000001 0.099025 0.7970015625 0.0951265625 0.7952140625 0.100915625
0 0.9899968749999999 0 0.9961578125000001 0.0070765624999999995 0.99721875 0.007365625000000001 0.9908359375 0.0234109375 0.994321875 0.0368859375 0.9966203124999999 0.0444421875 0.9991562500000001 0.057671875 1 0.0455421875 1 0.023378125 1 0.00704375 1 0 0.9905234374999999 0 0.9899968749999999 0
0 1 0.126378125 0.999090625 0.11022968749999999 0.993934375 0.10429531249999999 0.991475 0.094865625 0.9867984375000001 0.09000312499999999 0.9800265625 0.091028125 0.9753125 0.0977796875 0.9726796875 0.103609375 0.9703625 0.1098734375 0.9741093749999999 0.11567187500000001 0.977734375 0.1145890625 0.9810484374999999 0.1105734375 0.983928125 0.11335312500000001 0.98610625 0.1207953125 0.9860421875000001 0.12325468749999999 0.9760203125 0.12348437500000001 0.9775874999999999 0.13078125000000002 0.9860171875000001 0.1394859375 0.9968984375 0.1529984375 1 0.1549625 1 0.1375453125 1 0.126378125
0 0.40625 0.71796875 0.4125 0.68203125 0.37890625 0.640625 0.36171875 0.6421875 0.34296875 0.6640625 0.32265625 0.6734375 0.3421875 0.63671875 0.3390625 0.61953125 0.32109375 0.6015625 0.28984375 0.5984375 0.22890625 0.684375 0.2203125 0.68203125 0.2328125 0.65234375 0.2265625 0.63203125 0.21171875 0.6265625 0.1953125 0.64140625 0.1875 0.67265625 0.20078125 0.675 0.203125 0.68671875 0.21875 0.69296875 0.234375 0.73515625 0.22109375 0.734375 0.22109375 0.728125 0.196875 0.73984375 0.171875 0.79296875 0.171875 0.80703125 0.1875 0.83515625 0.184375 0.85234375 0.1890625 0.86171875 0.20390625 0.8796875 0.2140625 0.87734375 0.20625 0.86484375 0.21015625 0.8625 0.2234375 0.87578125 0.21875 0.89609375 0.22890625 0.90625 0.23203125 0.9015625 0.23671875 0.9140625 0.240625 0.91015625 0.215625 0.95703125 0.2203125 0.96953125 0.24296875 0.971875 0.2765625 0.91953125 0.284375 0.91796875 0.2890625 0.90234375 0.29609375 0.9 0.2953125 0.91484375 0.278125 0.95390625 0.31953125 0.9875 0.334375 0.98828125 0.3609375 0.94609375 0.359375 0.90703125 0.37578125 0.90625 0.4125 0.86953125 0.4125 0.83203125 0.3796875 0.78359375 0.384375 0.76796875 0.375 0.75859375 0.378125 0.73828125 0.40625 0.71796875
0 0.27890625 0.978125 0.2578125 0.99921875 0.2953125 0.99921875 0.27890625 0.978125