0 0.496021875 0.24060156250000003 0.49902968750000004 0.2431390625 0.503240625 0.25041250000000004 0.507684375 0.24555312499999998 0.5160859375 0.24696875000000001 0.5169718750000001 0.2541890625 0.5220890625 0.2714546875 0.5245890625 0.2564515625 0.526103125 0.24065781249999998 0.5303125 0.2236984375 0.5232234375 0.2070140625 0.511784375 0.20595781249999998 0.5060015625000001 0.21647500000000003 0.51165 0.2236859375 0.512315625 0.22816406250000001 0.4851234375 0.2231421875 0.4808296875 0.2274 0.496021875 0.24060156250000003
0 0.5054093749999999 0.21284687500000002 0.5088359375 0.207809375 0.5009328125 0.20330625000000002 0.49248906249999996 0.2118859375 0.4847578125 0.212915625 0.4833765625 0.21616718750000002 0.493975 0.22175625000000002 0.4981140625 0.2224703125 0.5002859374999999 0.221009375 0.5054093749999999 0.21284687500000002
0 0.44898906250000004 0.24248750000000002 0.4550703125 0.23824218749999998 0.45798125 0.234303125 0.47635625 0.2292625 0.4599234375 0.2278359375 0.45984687500000004 0.21836250000000001 0.463015625 0.212278125 0.47797812500000003 0.215846875 0.4808296875 0.21514375000000002 0.49183125 0.21211406249999998 0.4943375 0.20356093749999998 0.502009375 0.2010671875 0.48679375 0.19022343749999998 0.4746953125 0.19371875 0.4577453125 0.1939875 0.44812031250000006 0.1892265625 0.4270890625 0.1883359375 0.4027578125 0.191203125 0.386496875 0.18695937499999998 0.371659375 0.184775 0.3478296875 0.19394375 0.3341953125 0.1953703125 0.3270296875 0.20127968749999997 0.318853125 0.20812499999999998 0.3203296875 0.21818906249999998 0.325171875 0.22722343750000001 0.335015625 0.23323906249999998 0.3463109375 0.239640625 0.364296875 0.246025 0.3730984375 0.24924062500000002 0.40529374999999995 0.25624531250000004 0.42889687500000007 0.2582125 0.4436078125 0.26063125 0.44713281250000003 0.2811296875 0.4495453125 0.281015625 0.44663906249999996 0.260603125 0.45010625 0.25448125 0.449553125 0.24664531250000002 0.44898906250000004 0.24248750000000002
0 0.281053125 0.2267015625 0.283175 0.2223125 0.2882734375 0.21775000000000003 0.28314374999999997 0.2128734375 0.28171875 0.21191093749999998 0.2848625 0.2052140625 0.2953890625 0.1999640625 0.2884671875 0.19678281250000002 0.28118750000000003 0.2001484375 0.2703234375 0.1905625 0.251525 0.190759375 0.2437390625 0.189521875 0.2415703125 0.1872453125 0.23677031249999997 0.18356250000000002 0.22901406249999998 0.1821015625 0.2242296875 0.1851546875 0.2180828125 0.184071875 0.2079125 0.1858203125 0.1986171875 0.188615625 0.19429687499999998 0.189275 0.1859296875 0.1789984375 0.174846875 0.1834203125 0.167196875 0.1876921875 0.15967343750000002 0.1871015625 0.14165 0.181553125 0.1293796875 0.18557812499999998 0.1198421875 0.1896640625 0.10311406249999999 0.1885984375 0.10570468749999999 0.193353125 0.1235578125 0.1955390625 0.13649687500000002 0.20096250000000002 0.14854375 0.198859375 0.14925 0.2084078125 0.151578125 0.2149015625 0.17145468749999998 0.22410000000000002 0.183759375 0.23217343750000002 0.18925468750000002 0.23627343750000002 0.213709375 0.24578125 0.22645468750000003 0.2513578125 0.2301515625 0.2700578125 0.22959374999999999 0.249821875 0.23064062500000002 0.2440015625 0.237928125 0.243440625 0.2532703125 0.241434375 0.2756171875 0.24167187499999998 0.2826640625 0.2409234375 0.277596875 0.2359171875 0.27846875 0.2309890625 0.281053125 0.2267015625
0 0.30000312500000004 0.323171875 0.30154843750000004 0.3246171875 0.30503749999999996 0.322634375 0.3079640625 0.31129843749999997 0.300784375 0.3025 0.2974609375 0.314340625 0.30000312500000004 0.323171875
0 0.3835828125 0.3273953125 0.378765625 0.32281875000000004 0.37581875 0.3233453125 0.37484375000000003 0.3203125 0.37496406250000003 0.31405625000000004 0.3727171875 0.30827031250000003 0.36679062500000004 0.3102625 0.36586093750000004 0.3169171875 0.3690859375 0.32549843749999996 0.3738609375 0.3337953125 0.37862968750000003 0.33540000000000003 0.379640625 0.3347078125 0.3835828125 0.3273953125
0 0.3957859375 0.343646875 0.39808750000000004 0.3386359375 0.39802031250000003 0.331109375 0.3955984375 0.32859375 0.39106406250000003 0.3325921875 0.3957859375 0.343646875
0 0.40800000000000003 0.326884375 0.41757343750000003 0.3275953125 0.42354843750000004 0.3271875 0.42541874999999996 0.32431875 0.42553437499999996 0.3207375 0.4196515625 0.3150984375 0.4082265625 0.324209375 0.40800000000000003 0.326884375
0 0.42988593750000004 0.3031375 0.43216875000000005 0.2977015625 0.432728125 0.2946390625 0.4248484375 0.29255624999999996 0.42253125 0.29100468749999997 0.41636875 0.2894 0.41876875 0.3025546875 0.421321875 0.3079609375 0.42610937499999996 0.3090046875 0.42988593750000004 0.3031375
0 0.44644375 0.313634375 0.448571875 0.31196562499999997 0.4488921875 0.305025 0.441834375 0.3006375 0.4391890625 0.3064015625 0.43979375000000004 0.3103578125 0.4442296875 0.31465624999999997 0.44644375 0.313634375
0 0.6240609375 0.1886609375 0.6111953125 0.1877984375 0.5917921875000001 0.1869484375 0.581328125 0.188775 0.573653125 0.189784375 0.5543812499999999 0.198309375 0.5493953125 0.2141265625 0.5474484375 0.2297625 0.5481015625000001 0.23815312500000002 0.547528125 0.2533609375 0.54991875 0.258615625 0.549128125 0.2648421875 0.5507328125 0.279325 0.5474875 0.2930125 0.555959375 0.2943546875 0.562609375 0.285971875 0.5662140625000001 0.26681875 0.563253125 0.242121875 0.57204375 0.2591203125 0.5838828125 0.2577640625 0.5952890625 0.26124843750000004 0.6121578125 0.2680609375 0.6065484375 0.27614218749999997 0.595384375 0.2845203125 0.5960640625 0.2933875 0.6091546875 0.2835359375 0.6107578124999999 0.28581406249999997 0.6168203125 0.299590625 0.6174984375 0.308246875 0.6245499999999999 0.3102625 0.615271875 0.2848203125 0.6256296875 0.26539375 0.6449390625 0.27372968750000004 0.645771875 0.30238125 0.6497499999999999 0.302715625 0.6506328124999999 0.27375937499999997 0.656340625 0.2681484375 0.6659796874999999 0.2657828125 0.6768296874999999 0.265271875 0.711734375 0.267434375 0.7381265625 0.2697265625 0.7410234375 0.26748906250000004 0.74861875 0.26509218749999997 0.75665625 0.264196875 0.773065625 0.258103125 0.7985234375 0.24619375 0.8020890625 0.2439921875 0.8090249999999999 0.237871875 0.817046875 0.23400781249999997 0.8229703125000001 0.22988593750000003 0.8228875 0.22315468749999998 0.79479375 0.196634375 0.740425 0.19218125 0.721428125 0.191290625 0.6968593750000001 0.18750625 0.6754125 0.18810625 0.67366875 0.1895484375 0.663765625 0.18972031250000002 0.6405125 0.18914999999999998 0.6357703124999999 0.18914999999999998 0.6290484375000001 0.1880375 0.6240609375 0.1886609375