0 0.341565625 0.2428453125 0.33601875 0.2444578125 0.33399999999999996 0.245409375 0.3317015625 0.249028125 0.33459062500000003 0.2561078125 0.335515625 0.2591703125 0.3390578125 0.2645578125 0.342446875 0.2645578125 0.34556875 0.262565625 0.3479890625 0.25441250000000004 0.3502265625 0.248640625 0.34818125 0.243790625 0.341565625 0.2428453125
0 0.36629999999999996 0.4122859375 0.4321359375 0.4116859375 0.45198593750000005 0.41426718749999997 0.469996875 0.41202187500000004 0.48730312500000006 0.4128640625 0.5181421875 0.411253125 0.54698125 0.4099109375 0.5694828125 0.399271875 0.5666359375 0.3983265625 0.5598828124999999 0.394196875 0.5665125 0.38615468750000004 0.56345 0.3854 0.5564375 0.38294375 0.5491890625 0.379690625 0.54086875 0.37685625 0.5304078125 0.3727875 0.5214546875 0.369053125 0.5043984375 0.3682359375 0.50055625 0.3682359375 0.48666406249999994 0.3658328125 0.47874375 0.3626296875 0.469584375 0.361075 0.46304375000000003 0.36062656249999997 0.44652812500000005 0.36062656249999997 0.44275624999999996 0.359809375 0.423809375 0.35867031250000003 0.41333125 0.3583015625 0.399771875 0.35706875 0.3840484375 0.359275 0.3796875 0.361075 0.3721515625 0.36353749999999996 0.3583015625 0.36706249999999996 0.35009375 0.36804375 0.3418046875 0.369475 0.330546875 0.37156875 0.32475624999999997 0.3748515625 0.31679218750000004 0.3778140625 0.3088625 0.37974687500000004 0.299384375 0.3821296875 0.2917328125 0.3851203125 0.28721718749999997 0.3868125 0.27628125 0.3926578125 0.271965625 0.3945609375 0.24849843749999997 0.38864062499999996 0.2223375 0.3916578125 0.2012296875 0.3893140625 0.1813765625 0.387678125 0.1697734375 0.38890156249999996 0.1513640625 0.39221875 0.1319265625 0.3933875 0.11553906249999998 0.3936890625 0.10139374999999999 0.3936890625 0.0854078125 0.39351875000000003 0.07134531250000001 0.39564374999999996 0.0425609375 0.399540625 0.029746875 0.3988109375 0.043989062499999995 0.408721875 0.060750000000000005 0.41004375 0.0750984375 0.40968593750000004 0.111403125 0.41120156249999995 0.137396875 0.41039843749999994 0.1513484375 0.41035937499999997 0.151440625 0.412628125 0.1603890625 0.4122671875 0.16636562500000002 0.41040625000000003 0.17140468749999999 0.410696875 0.183640625 0.4106671875 0.197446875 0.4143203125 0.2063515625 0.412171875 0.206725 0.4107578125 0.22458593750000003 0.40909843749999997 0.236625 0.41144218749999995 0.240684375 0.4105765625 0.260340625 0.4100453125 0.277840625 0.41058281250000006 0.28154375 0.41301249999999995 0.28820625 0.41180781250000004 0.3026046875 0.411025 0.35100625 0.4122328125 0.36629999999999996 0.4122859375
0 0.7184421875 0.3863140625 0.7135687500000001 0.3846625 0.709884375 0.3846625 0.6993046875 0.38704375 0.686684375 0.39009375 0.6768531249999999 0.3915171875 0.6599359375 0.3957625 0.6518421875 0.398225 0.6538078125 0.40121874999999996 0.661809375 0.4067453125 0.6712671875 0.41018125000000005 1 0.40925781250000004 0.9995843750000001 0.3895328125 0.9800015625 0.38871406249999996 0.961921875 0.388265625 0.9567578125 0.388265625 0.939178125 0.38789843749999997 0.9251703125 0.3876140625 0.91600625 0.3884296875 0.9116687499999999 0.3859109375 0.9029140625000001 0.39032187500000004 0.8868015625 0.388834375 0.88069375 0.388421875 0.87716875 0.38784375 0.863146875 0.3896296875 0.8550828125000001 0.3862640625 0.85080625 0.3847421875 0.8420500000000001 0.3890265625 0.8344421875 0.3916984375 0.8155875 0.3916984375 0.7921578125 0.394065625 0.7797203125000001 0.393409375 0.7666359375 0.3923359375 0.7533624999999999 0.38955 0.7432218749999999 0.38751250000000004 0.74451875 0.39292343750000003 0.7367171875 0.3918484375 0.7315703124999999 0.390903125 0.7284828125 0.3899578125 0.7227390625 0.3885140625 0.7184421875 0.3863140625
0 0.6940859374999999 0.5015296874999999 0.6935265625 0.5066515625 0.6973234374999999 0.5088640625 0.6996374999999999 0.5061484375 0.6998875 0.502228125 0.6946796875000001 0.5009484375000001 0.6940859374999999 0.5015296874999999
0 0.693696875 0.435178125 0.697509375 0.43662343750000004 0.6990234375 0.41278125 0.6914359375 0.4102328125 0.6944203124999999 0.4211625 0.6926203125 0.42565 0.6916109374999999 0.43261874999999994 0.693696875 0.435178125
0 0.817234375 0.1850328125 0.8109718750000001 0.1817046875 0.801990625 0.1810796875 0.8046234374999999 0.18660937500000002 0.8189062500000001 0.1914984375 0.817234375 0.1850328125
0 0.7837296874999999 0.17824062499999999 0.7851234375 0.1740375 0.7843234375 0.170553125 0.77858125 0.1694484375 0.7759296875 0.1687421875 0.7750765625 0.1733078125 0.779403125 0.1783296875 0.7807765625 0.17883125 0.7837296874999999 0.17824062499999999
0 0.73626875 0.2573671875 0.7337890625 0.26840625 0.73214375 0.27733281249999997 0.7312921875 0.282509375 0.7341703125000001 0.288846875 0.7348203125 0.290959375 0.7338265625 0.29776875 0.7323031249999999 0.29988281250000004 0.74198125 0.3005953125 0.7402546875 0.2857859375 0.742596875 0.2691578125 0.7436796875 0.2530625 0.7434953125 0.2437296875 0.7458953125 0.24143281249999998 0.7530359375 0.24605468749999998 0.753890625 0.2430546875 0.7524453125 0.23902031250000003 0.745871875 0.238521875 0.734978125 0.23692031249999998 0.7359578124999999 0.240328125 0.736921875 0.2515046875 0.73626875 0.2573671875
0 0.7822359375 0.2440921875 0.7827890625 0.247675 0.7875484375 0.24688906249999998 0.785984375 0.241534375 0.7832140625 0.2373734375 0.78024375 0.23653906249999998 0.7807078125 0.240290625 0.7822359375 0.2440921875
0 0.767728125 0.24644531249999999 0.76811875 0.2501671875 0.7736625 0.24995937499999998 0.7745046875 0.24775624999999998 0.7738109375 0.2451828125 0.7704828125 0.24287343749999998 0.7672359375 0.24317031249999999 0.767728125 0.24644531249999999
0 0.7571296875 0.2959421875 0.7510718749999999 0.29777343749999996 0.7497640624999999 0.29864531250000004 0.7454796875 0.30134062500000003 0.758853125 0.300265625 0.7571296875 0.2959421875
0 0.7457015625000001 0.1650125 0.7454578125 0.1573140625 0.7403453125 0.1554734375 0.7419796875 0.16196875 0.7457015625000001 0.1650125
0 0.7688765625 0.1475515625 0.770715625 0.13860937499999998 0.7722546875 0.1335046875 0.7718734375 0.1285109375 0.7643875 0.13099531250000002 0.7627640625 0.13273593749999998 0.763471875 0.1380171875 0.7645171875 0.14599375 0.7688765625 0.1475515625
0 0.317228125 0.3427984375 0.3136234375 0.3425109375 0.3103359375 0.34309218750000003 0.3014140625 0.35164375 0.3198828125 0.3444203125 0.317228125 0.3427984375
0 0.21154531250000003 0.733275 0.20874062499999999 0.731515625 0.207575 0.73455625 0.20616093750000003 0.738896875 0.20613437499999998 0.743396875 0.20804999999999998 0.7469296875 0.21264375000000002 0.749815625 0.21576562500000002 0.7501156250000001 0.218640625 0.7508703125 0.22230625 0.7490140625 0.2251859375 0.748071875 0.22893906249999998 0.7459828125 0.2297984375 0.7417671875 0.2292734375 0.7387484375 0.22820468749999998 0.7349375 0.22807343750000003 0.731709375 0.2268015625 0.7294640625000001 0.225446875 0.7272953125 0.22228750000000003 0.7244531249999999 0.219021875 0.702196875 0.216990625 0.6997578125 0.2159203125 0.6996328125 0.21325937499999997 0.6996328125 0.21097812500000002 0.7005515625000001 0.20850624999999998 0.7022484375 0.20734218750000002 0.70471875 0.20717500000000003 0.7081734375 0.21154531250000003 0.733275
0 1 0.7667265624999999 0.9775734375 0.7673328125000001 0.9701124999999999 0.7647109375000001 0.9082125 0.7631765625 0.8863046875 0.769734375 0.8631593750000001 0.7694546875 0.8546234374999999 0.775971875 0.8429546875 0.7773656250000001 0.74835625 0.7781984375000001 0.73268125 0.7778171875 0.731640625 0.7772953125 0.7261234375 0.776040625 0.719096875 0.777975 0.6557734375 0.7775796875000001 0.652915625 0.7775796875000001 0.6492484375 0.7787921875 0.6449578125000001 0.7791203125 0.6408125 0.77639375 0.6359828125 0.773446875 0.6225765625 0.770615625 0.6095078125 0.775553125 0.58354375 0.7760859375 0.580671875 0.7767171875 0.5776140625 0.7747515625 0.5711921875 0.7763171875 0.4794515625 0.7766671875 0.451746875 0.7754140625 0.4466953125 0.7678390625 0.43978593750000006 0.7629703125 0.43413124999999997 0.7606859375 0.4248984375 0.7561171875 0.41447968749999997 0.7526531249999999 0.40516874999999997 0.753315625 0.394675 0.7540703125 0.3941328125 0.75299375 0.39114218749999996 0.7455765624999999 0.390846875 0.7409171875 0.38661875 0.7444421875 0.3867734375 0.75189375 0.384059375 0.7497843750000001 0.37724531250000004 0.74741875 0.370234375 0.7468796875 0.3632859375 0.7478703125 0.3612265625 0.7463 0.3576484375 0.74575625 0.355328125 0.748040625 0.352278125 0.7458859375 0.3512265625 0.740721875 0.348859375 0.7378046875 0.3400703125 0.7380515625 0.3384890625 0.7436265625 0.3441640625 0.7436625 0.34847968749999997 0.74846875 0.33201875 0.74829375 0.3179046875 0.74829375 0.30126718750000003 0.752490625 0.29440625 0.752490625 0.2789953125 0.75009375 0.2494765625 0.74873125 0.2462546875 0.74873125 0.23441718749999998 0.7513828124999999 0.23349375 0.7498921875 0.23226249999999998 0.7411125000000001 0.23227812499999997 0.7349281249999999 0.2299875 0.7297281250000001 0.22867031249999997 0.7324859375 0.23092968749999998 0.73970625 0.22687812499999999 0.746090625 0.22336874999999998 0.74895 0.2191109375 0.7492171875 0.2125453125 0.7487890625 0.20742656249999997 0.7427984375000001 0.20523125000000003 0.7379328125 0.20474687500000002 0.73035625 0.2027890625 0.726728125 0.19646406249999998 0.7271703125 0.1956984375 0.732425 0.19837812500000002 0.734140625 0.20464375 0.7386203124999999 0.20198906249999998 0.7430359375 0.1960046875 0.7479765625 0.1916140625 0.748765625 0.1656546875 0.751715625 0.1604765625 0.751540625 0.15325781249999998 0.7522734375 0.130928125 0.74785625 0.11728125 0.74421875 0.09705781249999999 0.74615 0.0857890625 0.7496937499999999 0.070621875 0.7512046875 0.0449765625 0.7541578125 0.028403125 0.760128125 0.008128125 0.761971875 0 0.7642203125 0 0.784065625 0.0330890625 0.7834359375 0.037256250000000005 0.7856375 0.04020625 0.785465625 0.0442265625 0.7839609375000001 0.0536546875 0.7854015624999999 0.061040625 0.784546875 0.0646734375 0.782725 0.1209625 0.7820890625 0.1214390625 0.78486875 0.12780625 0.784965625 0.1325015625 0.7828359375 0.137821875 0.7822015625 0.156178125 0.7805015625 0.159225 0.7808015625 0.16006718749999999 0.7840640624999999 0.1664265625 0.7829765625 0.17126406249999998 0.7824 0.1751109375 0.7813203125 0.1862984375 0.7807859374999999 0.20120156250000001 0.7804921874999999 0.211059375 0.7822828125 0.2154875 0.78180625 0.2204796875 0.7846609375 0.225809375 0.7841437499999999 0.22815781249999997 0.780875 0.23073749999999998 0.7826187499999999 0.2342078125 0.782175 0.2453484375 0.78463125 0.2584015625 0.7859265625 0.2765828125 0.7844656249999999 0.27903125 0.7841640625 0.28066874999999997 0.7838140625000001 0.28228437500000003 0.7868031249999999 0.285909375 0.784203125 0.285225 0.7799265625 0.2860921875 0.7820968749999999 0.2885390625 0.7849109375000001 0.2921984375 0.7869421875 0.29400312500000003 0.7877125 0.297165625 0.7857937500000001 0.300865625 0.78401875 0.30332499999999996 0.786109375 0.3083625 0.7870328125 0.31677343750000003 0.785953125 0.3197671875 0.7852078125 0.3236875 0.7855531250000001 0.3287265625 0.786215625 0.332815625 0.7878984375 0.3382796875 0.7859640625 0.340753125 0.7859640625 0.3442953125 0.7861374999999999 0.34764531249999997 0.786309375 0.352353125 0.7849453125 0.3569859375 0.78524375 0.35990937500000003 0.7859359375 0.36430625 0.78670625 0.3666109375 0.7863859375 0.36962812500000003 0.7854828125 0.3733109375 0.7857328125 0.376684375 0.78590625 0.3826734375 0.7868968749999999 0.386453125 0.7883296875 0.39505625 0.786121875 0.40323125 0.7866890625 0.4153296875 0.787303125 0.4287875 0.7865328125 0.43297187499999995 0.787146875 0.44034843749999997 0.7870484375 0.445890625 0.788203125 0.45065625000000004 0.7866500000000001 0.4571484375 0.7872421875 0.51739375 0.78829375 0.5356078125 0.78965 0.5473078124999999 0.7882984375000001 0.552203125 0.789653125 0.5603421875000001 0.7880484375 0.5688109375 0.7882984375000001 0.5775828125 0.7886640625 0.588834375 0.7881515625 0.6000828125 0.7881515625 0.6060359375 0.7890843750000001 0.6119578125 0.7903921875 0.6179625 0.7894359375 0.6262515625 0.7889234375 0.6326484375 0.7881125 0.6392140625 0.7881125 0.64323125 0.78904375 0.6483421875000001 0.7899265625 0.6550265625 0.7900296875 0.6627578125 0.79025 0.668490625 0.7904703125 0.67426875 0.78983125 0.680028125 0.788971875 0.6873328125 0.79010625 0.70155625 0.790509375 0.713796875 0.7912359375 0.715471875 0.78935 0.7178015624999999 0.7886828125 0.7219859375000001 0.7901812500000001 0.7254546875 0.7913625 0.72733125 0.791584375 0.7301 0.7892234375 0.7729703125 0.788334375 0.775990625 0.7899015625 0.7834609375 0.7906593749999999 0.7870015625 0.78925 0.8755062499999999 0.78933125 0.8867203124999999 0.7898343750000001 0.8948984375 0.790728125 0.90208125 0.7896671875 0.919509375 0.7903109374999999 0.9414078124999999 0.7906171875 0.9440953125 0.7909625 0.9475203125 0.7915015624999999 0.95416875 0.792865625 0.96130625 0.7901328125 1 0.7902140625 1 0.7667265624999999
0 0.296575 0.805971875 0.2995453125 0.8052578125000001 0.3035203125 0.8034640625 0.295384375 0.801975 0.2942234375 0.806159375 0.296575 0.805971875
0 0.1525296875 0.9216265625 0.169925 0.8789484375000001 0.16766875 0.8795203125000001 0.152809375 0.9180515625 0.1525296875 0.9216265625
0 0.69406875 0.8592109375 0.6944234375 0.8559703125 0.6933890625 0.8515046875 0.69284375 0.84968125 0.69055 0.8508859375 0.68923125 0.8525953124999999 0.6887796875000001 0.8568734375 0.6894875 0.8597078125 0.691221875 0.861559375 0.69406875 0.8592109375
0 0.6913921875 0.8443859375 0.691003125 0.840234375 0.6862140625 0.8196359375 0.683340625 0.81286875 0.6846140625 0.8185687500000001 0.685009375 0.8240234375 0.683784375 0.8274421875 0.6833 0.8310281249999999 0.68343125 0.833353125 0.6842515625 0.83675625 0.6913921875 0.8443859375
0 0.8503187499999999 1 0.87830625 0.995940625 0.8863921875 0.995703125 0.8907562499999999 0.9933031250000001 0.8853390624999999 0.98551875 0.879071875 0.9815968749999999 0.8645078125 0.9826124999999999 0.777059375 0.9817390625 0.773128125 0.9798046875 0.76494375 0.9824796875 0.762859375 0.9936375 0.76340625 0.9983328124999999 0.7672078124999999 1 0.7890734375 1 0.8116265625000001 1 0.8503187499999999 1
0 0.73904375 0.9799890625 0.7331015625 0.98039375 0.73046875 0.985409375 0.728228125 0.9912703125 0.7317921875 0.9962328125000001 0.7372859375 0.9938234375 0.74290625 0.9911703125000001 0.746421875 0.9911703125000001 0.7500578124999999 0.9908109375 0.7481546875 0.9841890624999999 0.744946875 0.982696875 0.73904375 0.9799890625
0 0.99921875 1 1 0.97421875 0.990625 0.97265625 0.95390625 0.975 0.953125 0.99453125 0.96015625 1 0.99921875 1
0 0.9 0.98984375 0.89140625 0.9890625 0.8890625 0.99609375 0.89921875 1 0.90625 0.99453125 0.9 0.98984375