0 0.5582015625000001 0.3149796875 0.555225 0.328125 0.55555625 0.3313484375 0.5578703125 0.335565625 0.5598546875 0.33680625000000003 0.582340625 0.3390375 0.5892859374999999 0.3407734375 0.593915625 0.3432546875 0.5962296874999999 0.347965625 0.6005296875 0.3514390625 0.6104499999999999 0.3541671875 0.6187171874999999 0.355159375 0.6273140625 0.3591265625 0.644840625 0.3638390625 0.6626984375 0.3658234375 0.6954359375 0.3625984375 0.7020500000000001 0.3588796875 0.7086640625 0.3529265625 0.7139546875 0.3415171875 0.7123015625 0.330853125 0.7050265625 0.3229171875 0.7010578125 0.316715625 0.6957671875 0.2931546875 0.689153125 0.273809375 0.682209375 0.264384375 0.678240625 0.256696875 0.6683203125 0.2485125 0.659721875 0.23710312500000003 0.652446875 0.2333828125 0.6451718750000001 0.23164687499999997 0.630621875 0.23759843749999998 0.6226859375 0.2428078125 0.608796875 0.2584328125 0.601521875 0.26364062499999996 0.59556875 0.2720734375 0.5889546875 0.277034375 0.5856484375 0.28224218749999996 0.5839953125 0.290178125 0.5820109375 0.2936515625 0.575396875 0.298115625 0.571428125 0.3033234375 0.5634921875 0.3092765625 0.5582015625000001 0.3149796875
0 0.5302890625 0.270603125 0.537490625 0.2630234375 0.5234796875 0.2603578125 0.51656875 0.269659375 0.521859375 0.2733265625 0.5302890625 0.270603125
0 0.413634375 0.2451953125 0.37911875 0.22729062500000002 0.3727984375 0.23769218749999999 0.37715156250000004 0.2423296875 0.384328125 0.25027656249999997 0.3969671875 0.2534953125 0.4098984375 0.2525265625 0.413634375 0.2451953125
0 0.43423437500000006 0.26723906249999996 0.44450312500000005 0.270196875 0.448828125 0.2663015625 0.459309375 0.256859375 0.460196875 0.25046875 0.45552187499999997 0.2459171875 0.4433734375 0.247915625 0.43486874999999997 0.2575921875 0.427303125 0.274696875 0.43423437500000006 0.26723906249999996
0 0.5762609375000001 0.5422734375 0.5701046875 0.54235 0.5552046875000001 0.5324765625000001 0.5482984375 0.546265625 0.5460578125 0.55911875 0.56316875 0.5565187500000001 0.5816265625 0.5631171875 0.5870171875 0.5660375 0.6098296875 0.5767890625 0.6163031250000001 0.575728125 0.6156312500000001 0.5752734375 0.609615625 0.5662421875 0.6100078124999999 0.5562359375 0.6135625 0.549478125 0.6198359375 0.537975 0.6285796875 0.5272859375000001 0.6239296875 0.519828125 0.61846875 0.513565625 0.6168750000000001 0.5071609375 0.6098703125 0.5021078125 0.601159375 0.5053515625 0.6066015625000001 0.5192765625 0.6027328125 0.518246875 0.591459375 0.5140078124999999 0.551928125 0.4972546875 0.544146875 0.5010625 0.543928125 0.505090625 0.5547515625 0.5192875 0.5569703125000001 0.5310734375 0.5670203125 0.5335609375 0.5720468750000001 0.5386203125 0.5778625 0.537428125 0.5801484375 0.5350515625 0.5835421875 0.5354765625 0.5860562500000001 0.5401265625 0.5815375 0.5401671875 0.580859375 0.54409375 0.5762609375000001 0.5422734375
0 0.22566250000000002 0.316671875 0.23064374999999998 0.3148125 0.24165312499999997 0.30844375 0.24649843749999997 0.3046421875 0.250665625 0.2984859375 0.245265625 0.2951625 0.23755625 0.2983015625 0.23079531250000002 0.3038703125 0.224478125 0.31086562500000003 0.22566250000000002 0.316671875
0 0.4030921875 0.449696875 0.39995156249999997 0.4467265625 0.3935421875 0.44546562500000003 0.3838078125 0.443828125 0.382775 0.446559375 0.38696406250000004 0.4538828125 0.391378125 0.4523140625 0.4030921875 0.449696875
0 0.49410156250000004 0.4188515625 0.4974015625 0.4133859375 0.49414218749999994 0.4067453125 0.4767125 0.42459218749999994 0.46980781250000003 0.42893749999999997 0.47285937499999997 0.43342656249999995 0.4891265625 0.42655624999999997 0.48785156250000006 0.420921875 0.49410156250000004 0.4188515625
0 0.5466875 0.49859375000000006 0.5437125 0.49322499999999997 0.53945 0.4886421875 0.5607515624999999 0.4935515625 0.56108125 0.487321875 0.5558796874999999 0.4819265625 0.5478296874999999 0.47617656249999996 0.541646875 0.4720671875 0.533590625 0.47357812499999996 0.5289875 0.47805937500000006 0.5277515625 0.48495 0.529021875 0.4923875 0.52481875 0.49311875 0.52503125 0.49634375000000003 0.52983125 0.49980624999999995 0.534315625 0.49663593749999996 0.5466875 0.49859375000000006
0 0.57631875 0.4916796875 0.5829078125 0.49512812500000003 0.58784375 0.4944578125 0.58948125 0.49117187500000004 0.5853875000000001 0.48876875000000003 0.5836328125 0.48186718749999996 0.5803140625000001 0.480290625 0.57655625 0.48220625000000006 0.57489375 0.4862484375 0.57631875 0.4916796875
0 0.6074546875 0.47914843749999997 0.61446875 0.481475 0.6226640625 0.4818171875 0.628209375 0.4785453125 0.6265109375 0.4755890625 0.6216890625 0.47439375000000006 0.611440625 0.4747671875 0.6075875 0.476771875 0.6074546875 0.47914843749999997
0 0.6318265625 0.5115999999999999 0.63675625 0.5124328125 0.6418484375 0.51106875 0.642009375 0.5073218749999999 0.6401765625 0.5056625 0.6377234374999999 0.50433125 0.6323562500000001 0.5042328125 0.63015 0.5068125 0.6318265625 0.5115999999999999
0 0.47253125 0.057589062499999996 0.4701328125 0.056112499999999996 0.46602187500000003 0.0569359375 0.4514390625 0.070284375 0.4549890625 0.07258125 0.462871875 0.068421875 0.4697671875 0.0662640625 0.47291718749999995 0.0634296875 0.47253125 0.057589062499999996
0 0.432921875 0.10506562500000001 0.43065 0.102878125 0.4253796875 0.1036484375 0.4178 0.10674062499999999 0.41514375000000003 0.1107984375 0.4175265625 0.116709375 0.424996875 0.1140296875 0.432921875 0.10506562500000001
0 0.3502109375 0.111059375 0.3484359375 0.11438593749999999 0.3523515625 0.11569375 0.35903125 0.1147546875 0.3584546875 0.1111328125 0.3517890625 0.10973124999999999 0.3502109375 0.111059375
0 0.26139843749999997 0.08898125 0.2533390625 0.0919296875 0.251190625 0.0948125 0.2523984375 0.09730156250000001 0.2577828125 0.0983609375 0.26311249999999997 0.093725 0.2627953125 0.0910453125 0.26139843749999997 0.08898125
0 0.3141734375 0.049112499999999996 0.3231890625 0.047546875 0.3222578125 0.04578125 0.318840625 0.0442546875 0.3151203125 0.04289375 0.3114109375 0.045009375000000004 0.3141734375 0.049112499999999996
0 0.5259484375000001 0.11802968750000001 0.518778125 0.1186421875 0.5124890625 0.122140625 0.51026875 0.1263515625 0.517240625 0.126428125 0.521540625 0.1236 0.5261578124999999 0.123809375 0.53475625 0.1233359375 0.533375 0.12026875 0.5259484375000001 0.11802968750000001
0 0.5986703125 0.09763125 0.5975421875 0.0979828125 0.5929015625 0.10269375 0.5879875 0.1092203125 0.5844359375 0.112184375 0.5740000000000001 0.119871875 0.56698125 0.12649375000000002 0.567971875 0.129325 0.5789171875 0.1253140625 0.581034375 0.1203234375 0.5873171875 0.1157171875 0.5933203125000001 0.1125234375 0.59725625 0.10838125000000001 0.6025 0.102371875 0.6013625 0.09819375 0.5986703125 0.09763125
0 0.543453125 0.31024375000000004 0.543634375 0.32205 0.54621875 0.3274125 0.5422234375 0.3364828125 0.5363484374999999 0.3476609375 0.5405609375 0.343509375 0.546221875 0.332915625 0.5502312500000001 0.3233078125 0.55478125 0.3167078125 0.5639265625000001 0.3084828125 0.5718734375000001 0.3008453125 0.5788703125 0.2919265625 0.58296875 0.2837984375 0.5863640625000001 0.278496875 0.591071875 0.2739953125 0.594625 0.26830625 0.5974390625 0.2600203125 0.59713125 0.25674687500000004 0.5848953125 0.2589734375 0.5781421875 0.2662203125 0.5762328125 0.26190156249999996 0.57185 0.253453125 0.5580296875 0.24660156249999998 0.551896875 0.2514765625 0.55385625 0.26313593750000003 0.5651625 0.27509375 0.56893125 0.282721875 0.5626140625 0.286103125 0.5465984374999999 0.29625625 0.543453125 0.31024375000000004
0 0.6730203125 0.3797015625 0.6798203125 0.366521875 0.6654296875 0.36672812499999996 0.6429890625 0.3642296875 0.614384375 0.3522328125 0.5868125 0.34556875 0.56765 0.3332484375 0.5615359375 0.330275 0.552875 0.3370078125 0.5405765625 0.3496578125 0.531878125 0.3534609375 0.55606875 0.369375 0.5670421875 0.37563749999999996 0.5686625000000001 0.38720468750000003 0.5849546875 0.3809578125 0.5918875 0.372328125 0.6048328125 0.3625203125 0.6093359375 0.3618390625 0.6115859375 0.370725 0.6222859374999999 0.37305 0.6262453125 0.3711484375 0.6595859374999999 0.37669687500000004 0.6730203125 0.3797015625
0 0.5299875000000001 0.594121875 0.52579375 0.5924031249999999 0.5221125 0.5937515624999999 0.5198578125 0.597078125 0.5223015625 0.6007125 0.5287734375 0.600446875 0.531309375 0.5975953125 0.5299875000000001 0.594121875
0 0.9367703125 0.8098078125000001 0.9315953125 0.80746875 0.9272484375 0.8087546874999999 0.9244828125 0.8131703124999999 0.9244828125 0.814459375 0.9302765624999999 0.816903125 0.9350953125 0.8156453125 0.9367703125 0.8098078125000001