0 0.5839953125 0.709821875 0.5856484375 0.7177578125 0.5889546875 0.722965625 0.59556875 0.7279265625 0.601521875 0.7363593749999999 0.608796875 0.7415671875000001 0.6226859375 0.7571921875000001 0.630621875 0.7624015625 0.6451718750000001 0.768353125 0.652446875 0.7666171875 0.659721875 0.762896875 0.6683203125 0.7514875 0.678240625 0.743303125 0.682209375 0.735615625 0.689153125 0.726190625 0.6957671875 0.7068453124999999 0.7010578125 0.683284375 0.7050265625 0.6770828125 0.7123015625 0.669146875 0.7139546875 0.6584828125 0.7086640625 0.6470734375 0.7020500000000001 0.6411203125 0.6954359375 0.6374015625 0.6626984375 0.6341765625 0.644840625 0.6361609374999999 0.6273140625 0.6408734375 0.6187171874999999 0.644840625 0.6104499999999999 0.6458328125 0.6005296875 0.6485609375 0.5962296874999999 0.652034375 0.593915625 0.6567453125 0.5892859374999999 0.6592265625 0.582340625 0.6609625 0.5598546875 0.66319375 0.5578703125 0.664434375 0.55555625 0.6686515625 0.555225 0.671875 0.5582015625000001 0.6850203125000001 0.5634921875 0.6907234375 0.571428125 0.6966765625 0.575396875 0.701884375 0.5820109375 0.7063484375 0.5839953125 0.709821875
0 0.5302890625 0.7293968750000001 0.521859375 0.7266734375 0.51656875 0.730340625 0.5234796875 0.7396421875 0.537490625 0.7369765625 0.5302890625 0.7293968750000001
0 0.3727984375 0.7623078125 0.37911875 0.772709375 0.413634375 0.7548046875 0.4098984375 0.7474734375 0.3969671875 0.7465046875 0.384328125 0.7497234374999999 0.37715156250000004 0.7576703124999999 0.3727984375 0.7623078125
0 0.460196875 0.74953125 0.459309375 0.743140625 0.448828125 0.7336984375 0.44450312500000005 0.729803125 0.43423437500000006 0.7327609374999999 0.427303125 0.725303125 0.43486874999999997 0.7424078125 0.4433734375 0.752084375 0.45552187499999997 0.7540828125 0.460196875 0.74953125
0 0.5801484375 0.46494843750000003 0.5778625 0.46257187499999997 0.5720468750000001 0.4613796875 0.5670203125 0.4664390625 0.5569703125000001 0.4689265625 0.5547515625 0.4807125 0.543928125 0.49490937500000004 0.544146875 0.4989375 0.551928125 0.5027453125 0.591459375 0.48599218750000006 0.6027328125 0.481753125 0.6066015625000001 0.4807234375 0.601159375 0.4946484375 0.6098703125 0.4978921875 0.6168750000000001 0.4928390625 0.61846875 0.486434375 0.6239296875 0.480171875 0.6285796875 0.4727140625 0.6198359375 0.462025 0.6135625 0.450521875 0.6100078124999999 0.4437640625 0.609615625 0.4337578125 0.6156312500000001 0.42472656249999996 0.6163031250000001 0.42427187499999997 0.6098296875 0.42321093750000005 0.5870171875 0.4339625 0.5816265625 0.43688281250000005 0.56316875 0.44348124999999994 0.5460578125 0.44088125 0.5482984375 0.45373437499999997 0.5552046875000001 0.46752343749999997 0.5701046875 0.45765 0.5762609375000001 0.4577265625 0.580859375 0.45590624999999996 0.5815375 0.4598328125 0.5860562500000001 0.45987343750000004 0.5835421875 0.4645234375 0.5801484375 0.46494843750000003
0 0.250665625 0.7015140625 0.24649843749999997 0.6953578125 0.24165312499999997 0.69155625 0.23064374999999998 0.6851875 0.22566250000000002 0.683328125 0.224478125 0.689134375 0.23079531250000002 0.6961296875 0.23755625 0.7016984374999999 0.245265625 0.7048375 0.250665625 0.7015140625
0 0.3935421875 0.554534375 0.39995156249999997 0.5532734375 0.4030921875 0.550303125 0.391378125 0.5476859375 0.38696406250000004 0.5461171874999999 0.382775 0.553440625 0.3838078125 0.556171875 0.3935421875 0.554534375
0 0.4767125 0.5754078125000001 0.49414218749999994 0.5932546875 0.4974015625 0.5866140625 0.49410156250000004 0.5811484375 0.48785156250000006 0.579078125 0.4891265625 0.57344375 0.47285937499999997 0.5665734375 0.46980781250000003 0.5710625 0.4767125 0.5754078125000001
0 0.529021875 0.5076125 0.5277515625 0.51505 0.5289875 0.5219406249999999 0.533590625 0.526421875 0.541646875 0.5279328125 0.5478296874999999 0.5238234375 0.5558796874999999 0.5180734375 0.56108125 0.512678125 0.5607515624999999 0.5064484375 0.53945 0.5113578125 0.5437125 0.506775 0.5466875 0.5014062499999999 0.534315625 0.5033640625 0.52983125 0.50019375 0.52503125 0.5036562499999999 0.52481875 0.50688125 0.529021875 0.5076125
0 0.5853875000000001 0.51123125 0.58948125 0.508828125 0.58784375 0.5055421875 0.5829078125 0.504871875 0.57631875 0.5083203125 0.57489375 0.5137515625 0.57655625 0.5177937499999999 0.5803140625000001 0.5197093749999999 0.5836328125 0.5181328125 0.5853875000000001 0.51123125
0 0.628209375 0.5214546875 0.6226640625 0.5181828125 0.61446875 0.518525 0.6074546875 0.5208515625000001 0.6075875 0.5232281249999999 0.611440625 0.5252328125 0.6216890625 0.5256062499999999 0.6265109375 0.5244109375 0.628209375 0.5214546875
0 0.642009375 0.492678125 0.6418484375 0.48893125 0.63675625 0.4875671875 0.6318265625 0.48840000000000006 0.63015 0.4931875 0.6323562500000001 0.4957671875 0.6377234374999999 0.49566875 0.6401765625 0.4943375 0.642009375 0.492678125
0 0.4514390625 0.929715625 0.46602187500000003 0.9430640625000001 0.4701328125 0.9438875 0.47253125 0.9424109375 0.47291718749999995 0.9365703125 0.4697671875 0.9337359375000001 0.462871875 0.931578125 0.4549890625 0.92741875 0.4514390625 0.929715625
0 0.4253796875 0.8963515624999999 0.43065 0.8971218750000001 0.432921875 0.8949343750000001 0.424996875 0.8859703124999999 0.4175265625 0.8832906250000001 0.41514375000000003 0.8892015625 0.4178 0.8932593750000001 0.4253796875 0.8963515624999999
0 0.3484359375 0.8856140625 0.3502109375 0.888940625 0.3517890625 0.89026875 0.3584546875 0.8888671875 0.35903125 0.8852453125 0.3523515625 0.8843062500000001 0.3484359375 0.8856140625
0 0.251190625 0.9051875 0.2533390625 0.9080703124999999 0.26139843749999997 0.91101875 0.2627953125 0.9089546875 0.26311249999999997 0.9062749999999999 0.2577828125 0.9016390624999999 0.2523984375 0.9026984375 0.251190625 0.9051875
0 0.3231890625 0.9524531250000001 0.3141734375 0.9508875 0.3114109375 0.954990625 0.3151203125 0.95710625 0.318840625 0.9557453125 0.3222578125 0.9542187500000001 0.3231890625 0.9524531250000001
0 0.517240625 0.873571875 0.51026875 0.8736484375 0.5124890625 0.8778593750000001 0.518778125 0.8813578124999999 0.5259484375000001 0.8819703125 0.533375 0.8797312500000001 0.53475625 0.8766640625000001 0.5261578124999999 0.8761906249999999 0.521540625 0.8764 0.517240625 0.873571875
0 0.5873171875 0.8842828125000001 0.581034375 0.8796765625 0.5789171875 0.8746859375 0.567971875 0.870675 0.56698125 0.8735062499999999 0.5740000000000001 0.880128125 0.5844359375 0.887815625 0.5879875 0.8907796875 0.5929015625 0.89730625 0.5975421875 0.9020171875 0.5986703125 0.9023687499999999 0.6013625 0.9018062499999999 0.6025 0.897628125 0.59725625 0.8916187499999999 0.5933203125000001 0.8874765625000001 0.5873171875 0.8842828125000001
0 0.55385625 0.7368640625 0.551896875 0.7485234375 0.5580296875 0.7533984375 0.57185 0.746546875 0.5762328125 0.7380984374999999 0.5781421875 0.7337796875 0.5848953125 0.7410265625 0.59713125 0.7432531250000001 0.5974390625 0.7399796875 0.594625 0.73169375 0.591071875 0.7260046874999999 0.5863640625000001 0.721503125 0.58296875 0.7162015625 0.5788703125 0.7080734375 0.5718734375000001 0.6991546875 0.5639265625000001 0.6915171875 0.55478125 0.6832921875 0.5502312500000001 0.6766921875 0.546221875 0.6670843750000001 0.5405609375 0.656490625 0.5363484374999999 0.6523390625000001 0.5422234375 0.6635171875 0.54621875 0.6725875 0.543634375 0.6779499999999999 0.543453125 0.6897562500000001 0.5465984374999999 0.70374375 0.5626140625 0.713896875 0.56893125 0.717278125 0.5651625 0.72490625 0.55385625 0.7368640625
0 0.6093359375 0.6381609375 0.6048328125 0.6374796875000001 0.5918875 0.627671875 0.5849546875 0.6190421875000001 0.5686625000000001 0.6127953125000001 0.5670421875 0.6243624999999999 0.55606875 0.630625 0.531878125 0.6465390625 0.5405765625 0.6503421875 0.552875 0.6629921875 0.5615359375 0.669725 0.56765 0.6667515625 0.5868125 0.65443125 0.614384375 0.6477671875000001 0.6429890625 0.6357703124999999 0.6654296875 0.6332718749999999 0.6798203125 0.633478125 0.6730203125 0.6202984375 0.6595859374999999 0.623303125 0.6262453125 0.6288515625 0.6222859374999999 0.62695 0.6115859375 0.629275 0.6093359375 0.6381609375
0 0.5221125 0.40624843750000006 0.52579375 0.407596875 0.5299875000000001 0.405878125 0.531309375 0.40240468749999997 0.5287734375 0.399553125 0.5223015625 0.3992875 0.5198578125 0.402921875 0.5221125 0.40624843750000006
0 0.9272484375 0.19124531250000001 0.9315953125 0.19253125 0.9367703125 0.1901921875 0.9350953125 0.1843546875 0.9302765624999999 0.183096875 0.9244828125 0.185540625 0.9244828125 0.1868296875 0.9272484375 0.19124531250000001