0 0.3993125 0.3159515625 0.3796875 0.31432812499999996 0.35221874999999997 0.3074765625 0.327384375 0.30108437499999996 0.3076296875 0.3121359375 0.2998734375 0.329278125 0.313384375 0.341675 0.32313125 0.363190625 0.3010609375 0.3766859375 0.285640625 0.3974265625 0.2778875 0.4261296875 0.2781453125 0.438484375 0.28290000000000004 0.4458515625 0.2612890625 0.4674171875 0.2515171875 0.4668796875 0.2523890625 0.45939375 0.2432265625 0.45462187500000006 0.22273593749999998 0.4697234375 0.22197343749999998 0.4951140625 0.2425484375 0.519534375 0.27213906250000003 0.5385703125 0.296046875 0.5447671875 0.31809375 0.544053125 0.3419359375 0.5344890625 0.364521875 0.5314609375 0.3632265625 0.5355015625 0.365115625 0.54619375 0.39268281250000003 0.5426390624999999 0.42732656249999995 0.546553125 0.4670671875 0.5542906249999999 0.52181875 0.5442125 0.541271875 0.5419390625 0.568325 0.5318515625 0.568428125 0.5098125 0.5726265625 0.4979453125 0.606065625 0.501634375 0.613471875 0.49345937500000003 0.59433125 0.4848328125 0.5797718749999999 0.4782921875 0.5608265625 0.4693921875 0.5539015625 0.4537171875 0.5586203125 0.4394609375 0.5647234375 0.42502968750000003 0.5618140625 0.40923906250000003 0.5605187500000001 0.3974359375 0.5680796875 0.3898453125 0.568165625 0.37156406249999996 0.5714921875 0.360875 0.5910984375 0.365696875 0.6084875000000001 0.3642078125 0.5996015625 0.354221875 0.5868390625 0.3409109375 0.56998125 0.3311234375 0.55391875 0.32906875 0.54096875 0.3230015625 0.5317546875 0.3090296875 0.5341796875 0.2921796875 0.5296203125 0.28450625 0.5227515625 0.27968125 0.5078968749999999 0.275625 0.489940625 0.2884125 0.48219375 0.280653125 0.46344062499999994 0.2878734375 0.46171249999999997 0.3010609375 0.44580156249999997 0.3097046875 0.441303125 0.30305624999999997 0.4348484375 0.3098015625 0.4249171875 0.31434843749999997 0.42635781250000004 0.310571875 0.3993125 0.3159515625
0 0.2528015625 0.312265625 0.24751875 0.31216875 0.23629375000000002 0.323696875 0.23195312499999998 0.3328796875 0.22884375 0.3377515625 0.22290468749999998 0.350171875 0.22852968749999997 0.347934375 0.2399359375 0.343421875 0.25015 0.33865625 0.259340625 0.3349734375 0.2659515625 0.3284265625 0.2695953125 0.32235 0.27574062499999996 0.3159796875 0.2528015625 0.312265625
0 0.1146046875 0.3101390625 0.1251796875 0.302515625 0.134490625 0.297115625 0.1410234375 0.29136562499999996 0.149103125 0.2840140625 0.147625 0.27728593749999997 0.12995 0.2718734375 0.13274375 0.2635609375 0.1159609375 0.26947187499999997 0.096309375 0.2830546875 0.081321875 0.2953546875 0.0692125 0.304778125 0.0679296875 0.3109546875 0.0792140625 0.3128265625 0.06977343750000001 0.3252125 0.0743265625 0.3294328125 0.0871578125 0.32610937500000003 0.09805 0.322715625 0.10759375 0.3181484375 0.1146046875 0.3101390625
0 0 0.2687 0.032814062500000005 0.279765625 0.0392265625 0.27625937500000003 0.035571874999999996 0.2700921875 0.0408640625 0.2652890625 0.045524999999999996 0.260053125 0.0405640625 0.25009375 0.026729687499999998 0.24465937499999998 0 0.22653281249999999 0 0.2687
0 0.1927703125 0.9057984375 0.2079140625 0.9201578125 0.24108281250000002 0.932075 0.27223281250000003 0.946875 0.280996875 0.9413359375000001 0.2649921875 0.9254875 0.28719843749999996 0.9004546875000001 0.24557812499999998 0.866565625 0.221825 0.8589703125 0.22337500000000002 0.8526390625 0.232440625 0.849896875 0.24407031250000003 0.8560015625 0.24300000000000002 0.8643109375 0.287146875 0.899375 0.3118671875 0.8663015625 0.3232375 0.8541359375 0.316371875 0.846271875 0.2983234375 0.8357015625 0.28183437499999997 0.8274312500000001 0.2705765625 0.8231343750000001 0.264553125 0.8186890625000001 0.24615625 0.8118187499999999 0.21739531250000002 0.794990625 0.20670625 0.7916890624999999 0.196084375 0.782684375 0.1799375 0.7806078125 0.1908625 0.797871875 0.1874171875 0.80613125 0.17356875 0.8219421875 0.1769375 0.8334109375000001 0.1826890625 0.8505203124999999 0.1733015625 0.8665953125 0.1466515625 0.8815 0.16084218749999998 0.91120625 0.19291562499999998 0.8895140625 0.1927703125 0.9057984375
0 0.6113140625 0.8861812499999999 0.6148374999999999 0.8923578125 0.6241828125 0.896725 0.6369359375 0.895521875 0.640578125 0.8936968750000001 0.6431515625 0.8887281249999999 0.6374875 0.885040625 0.6274796874999999 0.879215625 0.6235109375000001 0.8832125 0.6125671875 0.8845203125 0.6113140625 0.8861812499999999
0 0.940203125 0.7922734375 0.94725 0.793253125 0.9560015625 0.7892453125000001 0.9608703125 0.78230625 0.9561109374999999 0.77990625 0.9472171875000001 0.7780484375000001 0.94148125 0.782146875 0.9390499999999999 0.785590625 0.940203125 0.7922734375
0 0.2929953125 0.8172734374999999 0.303134375 0.81693125 0.3076921875 0.806659375 0.303884375 0.8001515625 0.2986390625 0.7996859374999999 0.291021875 0.8016171875 0.2850734375 0.8072015625000001 0.28709375000000004 0.8149265625 0.2929953125 0.8172734374999999
0 0.3603234375 0.8184234375000001 0.3594515625 0.814325 0.3540296875 0.8090328124999999 0.3456296875 0.8074875 0.3377890625 0.80978125 0.340265625 0.8153296875 0.3480171875 0.825321875 0.3563546875 0.8250187499999999 0.3603234375 0.8184234375000001
0 0.31988906250000004 0.7453796875 0.3178671875 0.7432234375 0.3113765625 0.746965625 0.3144078125 0.754378125 0.3227015625 0.75013125 0.31988906250000004 0.7453796875
0 0.1879015625 0.75630625 0.2040375 0.7655265625000001 0.21838281249999997 0.762796875 0.211965625 0.74694375 0.1945015625 0.7311484375 0.185540625 0.720321875 0.1714984375 0.7222062499999999 0.156534375 0.7307921875 0.147840625 0.7403593749999999 0.1473921875 0.7519453125 0.1465265625 0.7564 0.1389109375 0.77125625 0.1593734375 0.774121875 0.1768171875 0.7720296875 0.1786421875 0.765215625 0.176059375 0.7576546875 0.1868328125 0.7551765625 0.1879015625 0.75630625
0 0.26339999999999997 0.7500375 0.254946875 0.7435796875 0.243165625 0.75044375 0.242671875 0.7616125 0.2484265625 0.7757640625 0.2601125 0.7828046875 0.26751874999999997 0.7734171875 0.2977765625 0.75960625 0.2981 0.7534234375 0.2899984375 0.7536734375 0.278159375 0.7594640625 0.2603421875 0.7673375 0.2638328125 0.759403125 0.26339999999999997 0.7500375
0 0.1749703125 0.6501140624999999 0.17701093750000002 0.6601843749999999 0.192778125 0.663190625 0.2061703125 0.6658062499999999 0.22039843750000002 0.68116875 0.2500765625 0.6933906249999999 0.26707187499999996 0.689221875 0.25222968749999997 0.674128125 0.21938749999999999 0.6613156250000001 0.1891828125 0.6428890625 0.1817109375 0.6409953125000001 0.1749703125 0.6501140624999999
0 0.1245671875 0.6045609375 0.1351984375 0.595646875 0.1471890625 0.5813312500000001 0.15258125 0.5752109375 0.169903125 0.5708140625 0.176246875 0.55878125 0.19298125 0.5546234375 0.1902453125 0.5443171875 0.17987031250000002 0.542440625 0.1755171875 0.5427640625000001 0.1661875 0.54264375 0.13555625 0.5725125 0.11081875000000001 0.5936171875 0.0966328125 0.604715625 0.079003125 0.617709375 0.066925 0.61898125 0.0481953125 0.6064109375 0.0365859375 0.61300625 0.0428671875 0.6234625 0.054373437499999996 0.629240625 0.0680015625 0.6317140625000001 0.0888890625 0.6297859375 0.101040625 0.6192984375 0.10971093750000001 0.6107421875 0.1245671875 0.6045609375
0 0.1611328125 0 0.1230234375 0.0008625000000000001 0.11426093749999999 0.016009375 0.115825 0.019896875 0.1384015625 0.0135609375 0.1611328125 0
0 0.31825156250000003 0.0381609375 0.314425 0.0418640625 0.3084953125 0.0460203125 0.300878125 0.0472390625 0.29540625 0.051545312499999996 0.29540625 0.059145312500000005 0.3019046875 0.060378125000000005 0.3066578125 0.05524375 0.31513125 0.052301562499999996 0.327175 0.0530453125 0.342090625 0.052575000000000004 0.34166093750000004 0.047459375 0.33655625 0.0424140625 0.31825156250000003 0.0381609375
0 0.47371093750000004 0.012401562500000001 0.3957625 0.068296875 0.4019828125 0.074746875 0.41595000000000004 0.07390624999999999 0.425334375 0.07123125 0.43204843750000005 0.064696875 0.4342125 0.057329687500000004 0.4471421875 0.05245625 0.461478125 0.0487703125 0.46285 0.0424734375 0.46702187500000003 0.0371265625 0.4809640625 0.03163125 0.4865046875 0.022484375 0.48032343749999995 0.0158859375 0.47371093750000004 0.012401562500000001
0 0.34966718750000003 0.26681875 0.35695625 0.27311718749999997 0.36614375 0.27023125000000003 0.37660312500000004 0.2626953125 0.3752890625 0.2565515625 0.3530609375 0.25655625 0.34966718750000003 0.26681875
0 0.1684921875 0.198809375 0.1742734375 0.1921203125 0.1728296875 0.1843390625 0.1686578125 0.1831296875 0.1621765625 0.1867828125 0.159625 0.19239375 0.1623953125 0.1956 0.1684921875 0.198809375
0 0.331746875 0.9063281249999999 0.3351921875 0.9123281249999999 0.3454140625 0.914178125 0.355434375 0.9069484375 0.3566359375 0.9034000000000001 0.352709375 0.8996578124999999 0.3439375 0.897003125 0.3342984375 0.8992609375 0.331746875 0.9063281249999999
0 0.0998203125 0.969846875 0.101246875 0.9595593750000001 0.0962390625 0.9571640625000001 0.0889109375 0.9581484375 0.084234375 0.9608796875 0.0824328125 0.9697609375 0.0928515625 0.9738625000000001 0.0998203125 0.969846875
0 0.45619375 0.9745421875 0.45825781250000003 0.9669281249999999 0.44849531249999997 0.964353125 0.4416515625 0.968034375 0.44139062500000004 0.97426875 0.4432890625 0.977059375 0.45096875000000003 0.9787546875 0.45619375 0.9745421875
0 0.0726765625 0.8143234375 0.0726875 0.8059499999999999 0.06726093749999999 0.803890625 0.06183593750000001 0.8015078125 0.05745 0.8012734375000001 0.0512109375 0.8056984375 0.0545375 0.8117890624999999 0.0613515625 0.817403125 0.069984375 0.819278125 0.0726765625 0.8143234375
0 0.133328125 0.13871875 0.12783125 0.137603125 0.12440781249999999 0.139859375 0.1220515625 0.1439 0.12128593750000001 0.14889375 0.12354218749999998 0.151478125 0.1356625 0.1514828125 0.13910781249999998 0.1452109375 0.133328125 0.13871875
0 0.2365484375 0.0520734375 0.22865000000000002 0.061045312500000004 0.23194374999999998 0.064775 0.24231875 0.0657609375 0.2531703125 0.05945625 0.25206875 0.050889062500000005 0.24215781249999999 0.0480921875 0.2365484375 0.0520734375
0 0 0 0 0.0040140625 0 0.012834375 0.009020312499999999 0.0126 0.014965625 0.0056046875 0.006946875 0 0 0
0 0.16216250000000001 0.5076140625 0.1620984375 0.5008375 0.1589203125 0.49617500000000003 0.1438484375 0.48921093750000005 0.1416015625 0.49534374999999997 0.1460390625 0.502 0.14940625000000002 0.5120125 0.151228125 0.5134671875000001 0.16216250000000001 0.5076140625
0 0.12138906249999999 0.4770140625 0.1168578125 0.484084375 0.12081718749999999 0.48892499999999994 0.12755 0.48925937499999994 0.1326625 0.48121875000000003 0.1292875 0.47278281250000004 0.12138906249999999 0.4770140625
0 0.1682828125 0.83574375 0.1634640625 0.829778125 0.15363125 0.8292093749999999 0.147653125 0.8341984374999999 0.13625625 0.8450124999999999 0.130346875 0.8473593749999999 0.1215734375 0.8531812499999999 0.1177078125 0.8670312499999999 0.12198281250000001 0.8679390625 0.13770625 0.8611109375 0.15033749999999999 0.852653125 0.15976718750000002 0.8492625 0.1655890625 0.843534375 0.1682828125 0.83574375