0 0.507771875 0.9903281249999999 0.5102515624999999 0.9884671875000001 0.5085984375 0.980034375 0.509259375 0.9765625 0.5122359375000001 0.97259375 0.50760625 0.9604421875 0.50033125 0.9539937500000001 0.49702343750000005 0.9415921875000001 0.48644218749999996 0.9361359374999999 0.4847890625 0.926215625 0.4828046875 0.9217515625000001 0.472884375 0.9095984375 0.4770171875 0.9057546875 0.484953125 0.9012890625000001 0.49454374999999995 0.8983140625000001 0.5282734375 0.8807046875 0.52943125 0.87884375 0.5282734375 0.8767359375 0.5233140625 0.8764875 0.5127312500000001 0.878471875 0.49685781249999994 0.8834328125 0.48230781250000004 0.889384375 0.46378906249999996 0.894096875 0.45519218749999996 0.8973218749999999 0.4366734375 0.9077375 0.42807500000000004 0.909721875 0.4165015625 0.9151781250000001 0.40906093749999994 0.9217515625000001 0.4054234375 0.9408484375 0.4087296875 0.9579609375 0.4084 0.9609375 0.40343906250000006 0.9637890625000001 0.40343906250000006 0.9768109375 0.39351875000000003 0.98363125 0.4143515625 0.9959078124999999 0.4201390625 1 0.47189218750000006 0.9998765625000001 0.4771828125 0.9966515625 0.476521875 0.9931796875 0.474703125 0.9918156249999999 0.46742656250000003 0.9908234374999999 0.464946875 0.98821875 0.4745375 0.9817703124999999 0.48032343749999995 0.9759421875 0.48859062499999995 0.97271875 0.4915671875 0.96949375 0.49685781249999994 0.9685015625 0.4976859375 0.9735859375 0.5029765625 0.98053125 0.5029765625 0.9844984374999999 0.507771875 0.9903281249999999
0 0.3578046875 0.9021578124999999 0.358796875 0.9118296875 0.3573078125 0.9134421875 0.3459 0.9177828124999999 0.34556875 0.9217515625000001 0.343584375 0.925471875 0.3442453125 0.9277031250000001 0.345403125 0.9295640625000001 0.349371875 0.9305562500000001 0.3556546875 0.9342765625 0.3609453125 0.9330359375 0.3662375 0.9293156249999999 0.36772499999999997 0.93043125 0.37466875 0.948040625 0.380953125 0.95696875 0.3928578125 0.9817703124999999 0.397321875 0.9866078125 0.3998015625 0.9864828125 0.4037703125 0.9852437500000001 0.4041 0.98053125 0.3998015625 0.9673859374999999 0.394840625 0.9589531250000001 0.3928578125 0.9490328124999999 0.38988125 0.9415921875000001 0.3776453125 0.9207593749999999 0.376653125 0.9165421874999999 0.37070156249999997 0.9061265625000001 0.3682203125 0.9045140625 0.3629296875 0.903521875 0.3611109375 0.9004218749999999 0.3596234375 0.9005453125 0.3578046875 0.9021578124999999
0 0.5515875 0.946925 0.545634375 0.9603171875 0.5469578125 0.9662703125000001 0.5734125 0.9608140625000001 0.58465625 0.9548609375 0.5767203125 0.9444437499999999 0.5767203125 0.9384921875 0.5740734375 0.9295640625000001 0.56944375 0.9250984375 0.5515875 0.946925
0 0.5324078125 0.2495046875 0.5370375000000001 0.2291671875 0.5410046875 0.2197421875 0.5284390625000001 0.22271875 0.516534375 0.24007968750000003 0.5324078125 0.2495046875
0 0.47222187499999996 0.2797625 0.4709 0.28670625 0.47354531250000004 0.290675 0.48148125 0.2966265625 0.5119046875000001 0.2490078125 0.5019843749999999 0.2495046875 0.48148125 0.25396874999999997 0.46362500000000006 0.25694374999999997 0.446428125 0.25694374999999997 0.439153125 0.2564484375 0.4312171875 0.2455359375 0.41600468749999997 0.2450390625 0.42261875 0.258928125 0.4252640625 0.2673609375 0.43783125 0.2842265625 0.44444375 0.2817453125 0.45039687500000003 0.2767859375 0.47222187499999996 0.2797625
0 0.617725 0.2748015625 0.62169375 0.2817453125 0.6256609375 0.2807546875 0.6269843749999999 0.272321875 0.6269843749999999 0.26636875 0.62169375 0.2619046875 0.6170640625 0.2599203125 0.6091265625 0.2579359375 0.611771875 0.261409375 0.6170640625 0.2658734375 0.617725 0.2688484375 0.617725 0.2748015625
0 1 0.4295640625 0.9973546875 0.42410781249999996 0.9993390625 0.42410781249999996 0.9709 0.41121093750000004 0.9497359375000001 0.41964218750000004 0.924603125 0.42609062499999995 0.9100531249999999 0.4399796875 0.90806875 0.44444375 0.8935187499999999 0.4479171875 0.8902109375 0.4533734375 0.888228125 0.4608140625 0.887565625 0.46577343750000005 0.8921953125 0.4915671875 0.9014546875 0.4975203125 0.8981484375000001 0.4875984375 0.8981484375000001 0.4791671875 0.8921953125 0.4682546875 0.895503125 0.4588296875 0.9074078125 0.4583328125 0.924603125 0.45684531249999993 0.93716875 0.45585312499999997 0.9596562499999999 0.46775781250000004 0.9715609374999999 0.4826390625 0.9775124999999999 0.498015625 0.9470906250000001 0.494046875 0.935846875 0.4915671875 0.9265874999999999 0.49503906249999996 0.9272484375 0.49702343750000005 0.9338625 0.498015625 0.93783125 0.4975203125 0.9477515625 0.5019843749999999 0.950396875 0.503471875 0.9444437499999999 0.50694375 0.93716875 0.5138890625 0.935846875 0.516865625 0.9325390625000001 0.52430625 0.9351859375 0.5327375 0.9444437499999999 0.5272812499999999 0.9411375 0.5188484375 0.9464281250000001 0.5158734375 0.9550265625 0.5104171875 0.9570109375 0.5024796874999999 0.9742062499999999 0.5029765625 1 0.512896875 1 0.4895828125 1 0.47222187499999996 1 0.454365625 1 0.4295640625
0 0.9563484375 0.1056546875 0.9563484375 0.09771875 0.9424609374999999 0.09622968750000001 0.9365078125 0.097221875 0.9279093749999999 0.102678125 0.9332015625000001 0.1116078125 0.9510578125 0.1091265625 0.9563484375 0.1056546875
0 0.8207671875000001 0.19146875000000002 0.7936515625 0.1860125 0.8181218749999999 0.20039687499999997 0.8220906250000001 0.1984125 0.8320109375 0.196925 0.8207671875000001 0.19146875000000002
0 0.0304234375 1 0.0443125 0.9786703125 0.0416671875 0.9791671875000001 0.0343921875 0.9796625000000001 0.0264546875 0.9811515625 0.0079359375 0.983134375 0 0.988590625 0 1 0.0304234375 1
0 0.939153125 0.56485625 0.9368390625 0.5725453125 0.9383265625 0.5783734375 0.9472546875000001 0.5791171875 0.955853125 0.5766375 0.9568453124999999 0.5751484375 0.957671875 0.577009375 0.9618062500000001 0.5796125 0.9677578125 0.5796125 0.9718921875 0.5767609375 0.9702375 0.5722968749999999 0.9730484374999999 0.5709328124999999 0.9745375 0.5722968749999999 0.9732140625 0.5765125 0.9780093750000001 0.5818453124999999 0.9811515625 0.5765125 0.9791671875000001 0.568825 0.980159375 0.5663437499999999 0.9833000000000001 0.5642359375 0.9942125 0.5662203124999999 0.9990078125 0.563615625 0.9990078125 0.553446875 0.9955359375 0.550346875 0.9935515625000001 0.5500984375 0.9899140624999999 0.554315625 0.9829703125 0.555803125 0.980159375 0.5532 0.979496875 0.54923125 0.980159375 0.5412953125 0.9833000000000001 0.53993125 0.9902453124999999 0.5391859375 0.9904093749999999 0.5373265625 0.9963625 0.53360625 0.9957015625000001 0.5313734375 0.9935515625000001 0.530009375 0.9882609375 0.53050625 0.9811515625 0.529390625 0.979828125 0.5177328125 0.9829703125 0.5158734375 0.989253125 0.5166171875 0.9918984375000001 0.515625 0.9943781250000001 0.513765625 0.99603125 0.5102921874999999 0.9943781250000001 0.5058281250000001 0.9976859375 0.501859375 0.9990078125 0.4973953125 1 0.4837546875 0.9990078125 0.43514375000000005 0.9927250000000001 0.42596718750000007 0.9826390625 0.4193953125 0.97205625 0.41691406249999996 0.9674265625 0.41840312500000004 0.9621359375 0.41741093749999997 0.9609781249999999 0.41951875000000005 0.95750625 0.42088281250000004 0.946925 0.420634375 0.9454359374999999 0.4197671875 0.9528765625 0.4134421875 0.9571765624999999 0.41319375 0.9621359375 0.415178125 0.9674265625 0.4141859375 0.97271875 0.415178125 0.9778437500000001 0.41331875 0.9778437500000001 0.41059062500000004 0.9699078125 0.4061265625 0.9675921875 0.40190937499999996 0.9621359375 0.397321875 0.959325 0.39918125 0.95750625 0.407490625 0.9465937500000001 0.4064984375 0.942790625 0.408109375 0.9413031249999999 0.4109625 0.94080625 0.40786249999999996 0.937334375 0.4047625 0.9360125 0.404265625 0.9332015625000001 0.4056296875 0.9318781250000001 0.40786249999999996 0.9348546875 0.4123265625 0.9360125 0.4134421875 0.93931875 0.413690625 0.94080625 0.415303125 0.9398140625 0.421503125 0.9363421875 0.42410781249999996 0.9307203124999999 0.4221234375 0.9221234375 0.4216265625 0.9151781250000001 0.42286718749999996 0.8996359375 0.4221234375 0.8974875000000001 0.4232390625 0.899140625 0.427703125 0.896825 0.430928125 0.8996359375 0.43477187500000003 0.9098875 0.4295640625 0.9153437500000001 0.431671875 0.9118718749999999 0.43253906249999996 0.90955625 0.435515625 0.9052578125 0.43650781250000004 0.8996359375 0.4357640625 0.8943453124999999 0.4392359375 0.8837624999999999 0.43675625 0.8774796874999999 0.4372515625 0.8743390625 0.4388640625 0.87318125 0.44246093750000004 0.8682203124999999 0.44146875 0.8664015624999999 0.44258437500000003 0.8672281249999999 0.4446921875 0.87169375 0.44605625 0.873346875 0.44928125 0.87466875 0.459696875 0.87318125 0.46875 0.867890625 0.4689984375 0.8647484375 0.4606890625 0.85863125 0.45858125000000005 0.8568125 0.458953125 0.8578046875 0.46192968749999996 0.8561515625 0.4661453125 0.8568125 0.469121875 0.8576390625 0.4702375 0.862434375 0.4708578125 0.8576390625 0.47172656249999995 0.8564812500000001 0.47432968750000004 0.854496875 0.484746875 0.855159375 0.4904515625 0.8538359375000001 0.49838750000000004 0.8576390625 0.5019843749999999 0.8629296875 0.5 0.8644187499999999 0.5045890625 0.869709375 0.5060765625 0.8688828125000001 0.50868125 0.8645828124999999 0.508928125 0.86375625 0.5097968749999999 0.8682203124999999 0.5106640625 0.871528125 0.508928125 0.8824406249999999 0.5084328124999999 0.8887234375 0.50545625 0.8969906249999999 0.5037203124999999 0.8996359375 0.501240625 0.9012890625000001 0.5014875 0.902778125 0.50235625 0.9007937500000001 0.5060765625 0.9049265625 0.508184375 0.9072421875 0.508184375 0.9077375 0.5093 0.9037703125000001 0.513765625 0.9050921875 0.5157484375 0.9163359375000001 0.51798125 0.9163359375000001 0.5231890625 0.9117062499999999 0.529390625 0.9148484375000001 0.530009375 0.9166671875000001 0.5326140625 0.9160046875000001 0.543775 0.917328125 0.553446875 0.9143515624999999 0.5569203125 0.9136906249999999 0.560640625 0.9072421875 0.5610125 0.906415625 0.5569203125 0.904596875 0.55555625 0.9012890625000001 0.5610125 0.87285 0.5634921875 0.8685515625000001 0.5647328125 0.8682203124999999 0.565971875 0.86375625 0.563615625 0.861771875 0.5608875 0.8630953124999999 0.5596484375 0.8630953124999999 0.5564234375 0.8573078125 0.5525796875 0.8558203125 0.5546875 0.8558203125 0.5611359375 0.8591265625 0.56485625 0.8591265625 0.568825 0.8611109375 0.5722968749999999 0.86011875 0.574528125 0.8526781250000001 0.57738125 0.84705625 0.5771328125 0.8368062500000001 0.5791171875 0.8356484375000001 0.58048125 0.8349875000000001 0.58519375 0.836640625 0.5891609375 0.8430890625 0.5887890625 0.8468921875 0.59065 0.847221875 0.5921375 0.8425921875 0.59610625 0.8450734375 0.5977187500000001 0.849040625 0.597965625 0.8564812500000001 0.5958578125 0.8568125 0.5921375 0.854828125 0.5884171874999999 0.856646875 0.587796875 0.8591265625 0.5884171874999999 0.8607796875 0.5943703124999999 0.8622687499999999 0.5954859375 0.8672281249999999 0.5935015625 0.875165625 0.59375 0.8788031249999999 0.592509375 0.8822749999999999 0.600075 0.8756609375 0.60230625 0.8743390625 0.6040421874999999 0.8743390625 0.6080109375 0.8839281250000001 0.611234375 0.8925265625 0.6080109375 0.8921953125 0.6055312500000001 0.8885578125 0.6040421874999999 0.8943453124999999 0.6044140625 0.896825 0.60081875 0.8971562499999999 0.5839531250000001 0.9092265625 0.5791171875 0.9151781250000001 0.57886875 0.9196421875 0.5725453125 0.917659375 0.568825 0.9250984375 0.5662203124999999 0.930390625 0.5625 0.9360125 0.5625 0.939153125 0.56485625
0 0.2524796875 0.8985609374999999 0.25330625 0.8981890625 0.2514875 0.8970734374999999 0.24785 0.896825 0.24669375 0.895709375 0.2468578125 0.894096875 0.2511578125 0.8936015625 0.25760625 0.894221875 0.25727500000000003 0.8981890625 0.262565625 0.9033984374999999 0.26455 0.9088546875000001 0.268684375 0.9114578124999999 0.27199062500000004 0.9114578124999999 0.2827375 0.9227437500000001 0.2858796875 0.924603125 0.29613125 0.9243546874999999 0.29795 0.9217515625000001 0.304728125 0.917659375 0.312665625 0.9159218750000001 0.3138234375 0.91331875 0.3169640625 0.91245 0.3207671875 0.9091015625000001 0.32308125 0.9014140625 0.3277109375 0.8986859375 0.3295296875 0.8963296875 0.332671875 0.8954609375 0.3356484375 0.8892609374999999 0.33366406249999997 0.8847968749999999 0.327215625 0.8807046875 0.31465 0.8787203124999999 0.308696875 0.879215625 0.306878125 0.878596875 0.3078703125 0.8771078125 0.3139875 0.8769843749999999 0.3189484375 0.8705359375 0.3212625 0.8730156250000001 0.3245703125 0.8735125 0.3338296875 0.8685515625000001 0.345403125 0.8668156249999999 0.3589609375 0.85863125 0.3662375 0.858134375 0.36789062499999997 0.856646875 0.371196875 0.855903125 0.373346875 0.85230625 0.37681875 0.84995 0.38210937500000003 0.8474703124999999 0.3870703125 0.847221875 0.386078125 0.84300625 0.3870703125 0.8427578125 0.3887234375 0.8447421875 0.3923609375 0.844990625 0.39566875 0.8435015625 0.4001328125 0.839409375 0.395171875 0.8361859375 0.391203125 0.831721875 0.39930625000000003 0.830853125 0.4004625 0.8277531249999999 0.4047625 0.8250249999999999 0.4084 0.8198171875 0.410053125 0.8128718750000001 0.410053125 0.798734375 0.41154062500000005 0.7971234375 0.4146828125 0.7962546875000001 0.41567499999999996 0.793278125 0.41567499999999996 0.7920390625 0.41071406250000003 0.78831875 0.4143515625 0.784846875 0.414021875 0.7806296875000001 0.416996875 0.7764140625 0.4216265625 0.7731890625 0.42394218749999996 0.769221875 0.421296875 0.75706875 0.4222890625 0.7531 0.4290671875 0.7450390625 0.43402812500000004 0.7455359374999999 0.435515625 0.7441718749999999 0.43882343749999997 0.7359875 0.4437828125 0.7297859375 0.4441140625 0.72185 0.44808125 0.713665625 0.45684531249999993 0.7088296875 0.4604828125 0.704365625 0.46577343750000005 0.70386875 0.4900796875 0.7400796875 0.4973546875 0.73511875 0.49272499999999997 0.7172625 0.46428593749999997 0.6903515625 0.4619703125 0.68663125 0.4619703125 0.6821671874999999 0.4680890625 0.6783234375 0.4750328125 0.6768359375 0.48164687500000003 0.677828125 0.48627656249999995 0.6803078124999999 0.49487500000000006 0.6822921875 0.49718906250000006 0.6837796875000001 0.5100859375 0.6837796875000001 0.5176921875 0.684771875 0.5229828125 0.6817953125 0.5282734375 0.6810515625 0.5423281249999999 0.67274375 0.545634375 0.667534375 0.545634375 0.6591015625 0.5436515625 0.656621875 0.5413359375 0.6434765625 0.542659375 0.6352921874999999 0.5439812500000001 0.631571875 0.5489421875 0.6369046875000001 0.5575390625 0.6408734375 0.5596890625000001 0.6334328124999999 0.5631609375 0.620659375 0.56465 0.61954375 0.5712625 0.6185515625 0.5752312500000001 0.6116078125 0.5782078125 0.6118546874999999 0.580521875 0.613590625 0.58465625 0.610490625 0.58614375 0.6078875 0.59408125 0.605903125 0.5960640625 0.60391875 0.60135625 0.6041671875 0.609953125 0.599703125 0.6205359374999999 0.5962296874999999 0.6278109374999999 0.594990625 0.632771875 0.5967265625 0.6367390625 0.5917656250000001 0.6446765625 0.590278125 0.648975 0.5880453125 0.669146875 0.5853171875000001 0.6744375 0.5818453124999999 0.6770828125 0.5825890625000001 0.6747687499999999 0.579365625 0.6732796875 0.5780015625 0.674271875 0.5727921874999999 0.6736109375 0.5638640625 0.6693125 0.558903125 0.6689812500000001 0.5517109375 0.6708000000000001 0.5491078125 0.676090625 0.5491078125 0.6770828125 0.5505953124999999 0.681878125 0.5527031250000001 0.687665625 0.559028125 0.691634375 0.5595234375 0.71180625 0.5600203125000001 0.7164359375 0.5585312499999999 0.7230484374999999 0.558284375 0.7313156249999999 0.556546875 0.733796875 0.553446875 0.7372687499999999 0.5518359375 0.73875625 0.5529515625 0.7374343750000001 0.5569203125 0.75 0.5529515625 0.7463625 0.5467515625 0.7453703125 0.5452625 0.7493390625 0.5412953125 0.7476859375 0.53980625 0.7470234375 0.5360859375 0.75 0.5333578125 0.74785 0.53199375 0.742559375 0.53125 0.7374343750000001 0.5271578124999999 0.7361109375 0.5212046875 0.73875625 0.5177328125 0.7372687499999999 0.5166171875 0.7323078125 0.5176093749999999 0.7311515625 0.51475625 0.7251984375 0.5100453125 0.730159375 0.5060765625 0.728175 0.5006203124999999 0.726025 0.4997515625 0.7217265625 0.5017359375 0.7194109375 0.49925625 0.711309375 0.49590781249999993 0.711475 0.4920640625 0.7167656250000001 0.49379999999999996 0.7212296874999999 0.4904515625 0.7209 0.4864828125 0.7174265625 0.484375 0.711309375 0.4844984375 0.7103171875000001 0.47953906249999995 0.7083328125 0.4760671875 0.7060187499999999 0.474578125 0.7046953125 0.4611859375 0.70238125 0.45696875 0.700728125 0.45672187500000005 0.6990734375 0.4510171875 0.6997359375000001 0.447296875 0.697090625 0.443328125 0.6899796874999999 0.4389875 0.6881609375 0.443328125 0.6850203125000001 0.4459328125 0.679728125 0.4459328125 0.6741078125 0.44866093749999997 0.6645171875 0.44766874999999995 0.661540625 0.4446921875 0.6584 0.4435765625 0.656415625 0.439359375 0.6587296874999999 0.4353921875 0.663359375 0.43340781249999993 0.6673281249999999 0.427703125 0.664021875 0.4244796875 0.66170625 0.41951875000000005 0.6613749999999999 0.41555 0.663359375 0.4123265625 0.663359375 0.40786249999999996 0.6747687499999999 0.40079374999999995 0.680059375 0.4015375 0.6846890625000001 0.40352187500000003 0.6903109374999999 0.40327343750000005 0.6956015625 0.4067453125 0.709490625 0.4077375 0.73363125 0.4077375 0.7414015625 0.420759375 0.749834375 0.4236109375 0.753471875 0.42733125000000005 0.7564484375 0.42633906250000003 0.759425 0.4236109375 0.771990625 0.42261875 0.78455625 0.41567499999999996 0.79183125 0.415178125 0.7951390625 0.41121093750000004 0.8007609375 0.4087296875 0.8245703125 0.40724218749999996 0.8298609375 0.40525781250000004 0.8417656250000001 0.3983140625 0.8473875 0.39608125 0.8556546875000001 0.39459374999999997 0.8573078125 0.3921125 0.8645828124999999 0.3921125 0.867890625 0.3936015625 0.8705359375 0.3923609375 0.874834375 0.3921125 0.878471875 0.394096875 0.8797953125 0.3938484375 0.8852515625 0.3912453125 0.8855812500000001 0.38826875 0.88988125 0.3845484375 0.8869046875000001 0.381325 0.8887234375 0.3779765625 0.891534375 0.3823171875 0.8945109375 0.38355625 0.895503125 0.391740625 0.8998015625000001 0.3922375 0.9077375 0.40215781249999993 0.9100531249999999 0.40339843750000004 0.9110453125 0.405878125 0.9151781250000001 0.407490625 0.9217921875 0.4047625 0.9279093749999999 0.3989328125 0.9289015624999999 0.392484375 0.9270828124999999 0.3888890625 0.9203046875 0.3890125 0.9186515625 0.3805796875 0.9204703125 0.3782234375 0.924271875 0.3805796875 0.92261875 0.3843 0.9232796875 0.38678124999999997 0.9257609375 0.3883921875 0.9277453124999999 0.3881453125 0.92989375 0.3860359375 0.9295640625000001 0.3823171875 0.9279093749999999 0.3805796875 0.9289015624999999 0.376115625 0.9307203124999999 0.3745046875 0.9360125 0.3754953125 0.93716875 0.3736359375 0.9360125 0.3712796875 0.930390625 0.3712796875 0.9259265624999999 0.3689234375 0.9292328124999999 0.360490625 0.9239421875 0.32527343750000004 0.9259265624999999 0.321553125 0.9265874999999999 0.3141125 0.9305562500000001 0.3022078125 0.9308859375 0.29104687500000004 0.9361765625 0.2912953125 0.9417984374999999 0.2826140625 0.9474203125 0.28038124999999997 0.950728125 0.274678125 0.958003125 0.270709375 0.9599875000000001 0.2657484375 0.9662703125000001 0.26277343750000004 0.9694109375 0.257440625 0.9780093750000001 0.2562 0.9804890625 0.2531 0.9847890625 0.251115625 0.9786703125 0.248015625 0.9738749999999999 0.24342812500000002 0.9788359375000001 0.24193906250000002 0.980159375 0.2397078125 0.980159375 0.235490625 0.9783406250000001 0.2333828125 0.9730484374999999 0.2348703125 0.9695765625 0.2337546875 0.968584375 0.2315234375 0.9700734375 0.22743125000000003 0.9627968750000001 0.225446875 0.9613093750000001 0.223090625 0.95750625 0.2212296875 0.9465937500000001 0.220734375 0.9366734375 0.21800625 0.930390625 0.21800625 0.9217921875 0.2162703125 0.9184859375000001 0.21651718749999999 0.9151781250000001 0.21875 0.9085640625 0.21800625 0.9049265625 0.22048593749999998 0.8996359375 0.21750937499999998 0.8953374999999999 0.2237109375 0.8837624999999999 0.22494999999999998 0.875 0.2240828125 0.863921875 0.22891875 0.8657406249999999 0.2315234375 0.8573078125 0.23164687499999997 0.8535046875000001 0.2337546875 0.8528437500000001 0.2471484375 0.8541671875000001 0.2506203125 0.854496875 0.265996875 0.8535046875000001 0.2828625 0.8485453125 0.2942703125 0.8459 0.29600624999999997 0.8429234375 0.3017109375 0.834325 0.308903125 0.8316796875 0.3165921875 0.8262234375 0.3189484375 0.8215937500000001 0.32316406249999996 0.81431875 0.32713281250000004 0.8043984375000001 0.335565625 0.790178125 0.3435015625 0.773975 0.3452375 0.7693453124999999 0.34771874999999997 0.7637234375 0.34771874999999997 0.749834375 0.350446875 0.7071765625 0.35540625000000003 0.6810515625 0.3541671875 0.650628125 0.34995 0.6426921875 0.34771874999999997 0.6331015625 0.3467265625 0.6301249999999999 0.3442453125 0.617559375 0.3412703125 0.6073078125 0.33755 0.5917656250000001 0.3278765625 0.580521875 0.3236609375 0.5669640625000001 0.313740625 0.5557203125 0.308284375 0.5504296875 0.3067953125 0.5443125 0.29972656249999996 0.538525 0.2966265625 0.5332343749999999 0.2971234375 0.5282734375 0.295634375 0.522321875 0.29786718749999996 0.5173609375 0.29613125 0.507109375 0.296875 0.505290625 0.2982390625 0.507771875 0.3013390625 0.5124015625 0.3025796875 0.5152109375 0.305928125 0.52000625 0.3080359375 0.5226515625 0.31051562499999996 0.5282734375 0.3100203125 0.5335640625 0.306546875 0.539021875 0.308903125 0.53885625 0.3100203125 0.5324078125 0.31163124999999997 0.5282734375 0.3182046875 0.5233140625 0.315228125 0.5166999999999999 0.3142359375 0.5130625 0.311259375 0.5014875 0.3102671875 0.499834375 0.3087796875 0.49669375000000004 0.308159375 0.4935515625 0.30381874999999997 0.48693749999999997 0.30084374999999997 0.48131562499999997 0.2998515625 0.4788359375 0.3014640625 0.4755296875 0.3069203125 0.4692453125 0.31163124999999997 0.46560781249999994 0.3225453125 0.45767187500000006 0.3282484375 0.45502656249999995 0.337425 0.4484125 0.3453625 0.443453125 0.3572671875 0.4375 0.36173125 0.43386250000000004 0.3719 0.4290671875 0.37400781250000004 0.4272484375 0.376115625 0.42427187499999997 0.390253125 0.416996875 0.39769375 0.40972187499999996 0.408109375 0.40939218750000006 0.412078125 0.406415625 0.41555 0.4057546875 0.4197671875 0.3998015625 0.4232390625 0.3938484375 0.42894375 0.38955 0.4388640625 0.3865734375 0.44184062500000004 0.38128281249999996 0.4517609375 0.3736765625 0.459696875 0.37169375 0.46639375000000005 0.36375625 0.478546875 0.36177187499999997 0.4842515625 0.3556546875 0.4861109375 0.354496875 0.487475 0.3525125 0.498140625 0.3505296875 0.5016125 0.3442453125 0.50706875 0.339946875 0.5135171875 0.33399531250000003 0.5177328125 0.3300265625 0.5286453125 0.31878281249999996 0.545759375 0.3138234375 0.5509671875000001 0.3088625 0.5638640625 0.30324062500000004 0.567584375 0.30191875 0.5767609375 0.299934375 0.5802328125 0.29034375 0.5864328125 0.2880296875 0.593378125 0.277778125 0.608259375 0.26851875000000003 0.6176828125 0.2599203125 0.639509375 0.2546296875 0.6467015625 0.24735468749999998 0.6506703125 0.24636249999999998 0.6672859375 0.248015625 0.670759375 0.248015625 0.6744796875 0.24586562500000003 0.6748515625 0.24388281250000002 0.67261875 0.24057499999999998 0.6716265625 0.23148125 0.6777031250000001 0.21461562500000003 0.7057296875 0.20601875 0.7146578124999999 0.203703125 0.723090625 0.1977515625 0.7290421874999999 0.1937828125 0.7364828125 0.18816093750000001 0.7392109375 0.18419375 0.7451640625 0.1832015625 0.753596875 0.180225 0.7607890625 0.1755953125 0.764509375 0.17295 0.774925 0.16534374999999998 0.781621875 0.1610453125 0.79055 0.15277812500000001 0.7989828125 0.1494703125 0.8049359375 0.1425265625 0.8116312499999999 0.14285781250000001 0.81634375 0.1332671875 0.8312250000000001 0.130953125 0.8406499999999999 0.1261578125 0.8422625 0.120865625 0.8457343749999999 0.1150796875 0.8470984375 0.112103125 0.8547859375 0.112103125 0.8627234375 0.11441874999999999 0.8666921875 0.112434375 0.8743796875 0.1127640625 0.8828125 0.1089609375 0.8846718750000001 0.1025125 0.8905015625000001 0.10466249999999999 0.8926093749999999 0.11094531249999999 0.893353125 0.11375625 0.8905015625000001 0.11375625 0.886284375 0.1149140625 0.8851687500000001 0.11954374999999999 0.8849203125 0.12830625 0.8825640625 0.1235125 0.878471875 0.1311171875 0.8769843749999999 0.1329359375 0.878596875 0.132275 0.8825640625 0.1335984375 0.8912453125 0.130953125 0.8981890625 0.13624375 0.9006703125 0.13955 0.9063734374999999 0.1388890625 0.9095984375 0.13624375 0.9130703125 0.1263234375 0.9215031249999999 0.12599218750000002 0.92571875 0.12896875000000002 0.9299359375 0.13161406250000002 0.931175 0.14930625 0.9270828124999999 0.15228124999999998 0.9255953124999999 0.1588953125 0.9248515625 0.160053125 0.9217515625000001 0.16749375 0.918403125 0.1860125 0.9149312500000001 0.194609375 0.9099703124999999 0.21081406249999998 0.908978125 0.213459375 0.9057546875 0.22834062500000002 0.9012890625000001 0.23561562500000002 0.8963296875 0.24355156249999999 0.8958328124999999 0.246196875 0.8983140625000001 0.2524796875 0.8985609374999999