0 0.5084328124999999 0.96949375 0.511409375 0.97271875 0.5196765625 0.9759421875 0.5254624999999999 0.9817703124999999 0.535053125 0.98821875 0.5325734375 0.9908234374999999 0.525296875 0.9918156249999999 0.523478125 0.9931796875 0.5228171875000001 0.9966515625 0.5281078124999999 0.9998765625000001 0.5798609375 1 0.5856484375 0.9959078124999999 0.6064812500000001 0.98363125 0.5965609374999999 0.9768109375 0.5965609374999999 0.9637890625000001 0.5916 0.9609375 0.5912703125000001 0.9579609375 0.5945765625 0.9408484375 0.5909390625000001 0.9217515625000001 0.5834984375000001 0.9151781250000001 0.571925 0.909721875 0.5633265625 0.9077375 0.5448078125 0.8973218749999999 0.5362109375 0.894096875 0.5176921875 0.889384375 0.5031421875000001 0.8834328125 0.48726875 0.878471875 0.4766859375 0.8764875 0.47172656249999995 0.8767359375 0.47056875 0.87884375 0.47172656249999995 0.8807046875 0.50545625 0.8983140625000001 0.515046875 0.9012890625000001 0.5229828125 0.9057546875 0.527115625 0.9095984375 0.5171953125 0.9217515625000001 0.5152109375 0.926215625 0.5135578125 0.9361359374999999 0.5029765625 0.9415921875000001 0.49966875 0.9539937500000001 0.49239375 0.9604421875 0.4877640625 0.97259375 0.49074062500000004 0.9765625 0.4914015625 0.980034375 0.4897484375 0.9884671875000001 0.492228125 0.9903281249999999 0.49702343750000005 0.9844984374999999 0.49702343750000005 0.98053125 0.5023140625 0.9735859375 0.5031421875000001 0.9685015625 0.5084328124999999 0.96949375
0 0.6292984374999999 0.9061265625000001 0.623346875 0.9165421874999999 0.6223546875 0.9207593749999999 0.61011875 0.9415921875000001 0.6071421875 0.9490328124999999 0.605159375 0.9589531250000001 0.6001984375 0.9673859374999999 0.5959 0.98053125 0.5962296874999999 0.9852437500000001 0.6001984375 0.9864828125 0.602678125 0.9866078125 0.6071421875 0.9817703124999999 0.619046875 0.95696875 0.62533125 0.948040625 0.632275 0.93043125 0.6337625 0.9293156249999999 0.6390546875 0.9330359375 0.6443453124999999 0.9342765625 0.650628125 0.9305562500000001 0.654596875 0.9295640625000001 0.6557546875 0.9277031250000001 0.656415625 0.925471875 0.65443125 0.9217515625000001 0.6541 0.9177828124999999 0.6426921875 0.9134421875 0.641203125 0.9118296875 0.6421953125 0.9021578124999999 0.6403765625 0.9005453125 0.6388890625 0.9004218749999999 0.6370703125 0.903521875 0.6317796875 0.9045140625 0.6292984374999999 0.9061265625000001
0 0.41534375 0.9548609375 0.4265875 0.9608140625000001 0.4530421875 0.9662703125000001 0.454365625 0.9603171875 0.4484125 0.946925 0.43055625 0.9250984375 0.42592656250000005 0.9295640625000001 0.4232796875 0.9384921875 0.4232796875 0.9444437499999999 0.41534375 0.9548609375
0 0.46759218750000003 0.2495046875 0.483465625 0.24007968750000003 0.47156093749999994 0.22271875 0.45899531250000003 0.2197421875 0.4629625 0.2291671875 0.46759218750000003 0.2495046875
0 0.57738125 0.258928125 0.5839953125 0.2450390625 0.5687828125000001 0.2455359375 0.560846875 0.2564484375 0.553571875 0.25694374999999997 0.5363749999999999 0.25694374999999997 0.5185187499999999 0.25396874999999997 0.498015625 0.2495046875 0.48809531249999993 0.2490078125 0.5185187499999999 0.2966265625 0.5264546875 0.290675 0.5291 0.28670625 0.527778125 0.2797625 0.549603125 0.2767859375 0.55555625 0.2817453125 0.56216875 0.2842265625 0.5747359375000001 0.2673609375 0.57738125 0.258928125
0 0.3829359375 0.2599203125 0.37830625 0.2619046875 0.37301562499999996 0.26636875 0.37301562499999996 0.272321875 0.3743390625 0.2807546875 0.37830625 0.2817453125 0.38227500000000003 0.2748015625 0.38227500000000003 0.2688484375 0.3829359375 0.2658734375 0.38822812500000003 0.261409375 0.3908734375 0.2579359375 0.3829359375 0.2599203125
0 0 0.512896875 0.025793749999999997 0.5029765625 0.0429890625 0.5024796874999999 0.044973437500000005 0.5104171875 0.053571875000000005 0.5158734375 0.0588625 0.5188484375 0.055556249999999995 0.5272812499999999 0.0648140625 0.5327375 0.0674609375 0.52430625 0.064153125 0.516865625 0.06283125 0.5138890625 0.055556249999999995 0.50694375 0.049603125 0.503471875 0.0522484375 0.5019843749999999 0.062168749999999995 0.4975203125 0.0661375 0.498015625 0.0727515625 0.49702343750000005 0.0734125 0.49503906249999996 0.064153125 0.4915671875 0.052909375 0.494046875 0.0224875 0.498015625 0.0284390625 0.4826390625 0.04034375 0.46775781250000004 0.06283125 0.45585312499999997 0.075396875 0.45684531249999993 0.0925921875 0.4583328125 0.104496875 0.4588296875 0.10780468750000001 0.4682546875 0.1018515625 0.4791671875 0.1018515625 0.4875984375 0.09854531250000001 0.4975203125 0.10780468750000001 0.4915671875 0.112434375 0.46577343750000005 0.111771875 0.4608140625 0.1097890625 0.4533734375 0.10648125 0.4479171875 0.09193124999999999 0.44444375 0.08994687500000001 0.4399796875 0.075396875 0.42609062499999995 0.0502640625 0.41964218750000004 0.029099999999999997 0.41121093750000004 0.0006609375 0.42410781249999996 0.0026453125 0.42410781249999996 0 0.4295640625 0 0.454365625 0 0.47222187499999996 0 0.4895828125 0 0.512896875
0 0.0575390625 0.09622968750000001 0.043651562500000005 0.09771875 0.043651562500000005 0.1056546875 0.0489421875 0.1091265625 0.0667984375 0.1116078125 0.07209062499999999 0.102678125 0.06349218749999999 0.097221875 0.0575390625 0.09622968750000001
0 0.1792328125 0.19146875000000002 0.1679890625 0.196925 0.17790937499999998 0.1984125 0.181878125 0.20039687499999997 0.20634843749999998 0.1860125 0.1792328125 0.19146875000000002
0 1 0.988590625 0.9920640625000001 0.983134375 0.9735453125 0.9811515625 0.9656078125 0.9796625000000001 0.9583328124999999 0.9791671875000001 0.9556875 0.9786703125 0.9695765625 1 1 1 1 0.988590625
0 0.0803578125 0.5725453125 0.084821875 0.57886875 0.0907734375 0.5791171875 0.10284374999999998 0.5839531250000001 0.10317499999999999 0.60081875 0.1056546875 0.6044140625 0.11144218749999998 0.6040421874999999 0.10780468750000001 0.6055312500000001 0.1074734375 0.6080109375 0.116071875 0.611234375 0.12566093750000001 0.6080109375 0.12566093750000001 0.6040421874999999 0.1243390625 0.60230625 0.117725 0.600075 0.12119687500000001 0.592509375 0.12483437500000001 0.59375 0.132771875 0.5935015625 0.13773125 0.5954859375 0.1392203125 0.5943703124999999 0.1408734375 0.5884171874999999 0.143353125 0.587796875 0.145171875 0.5884171874999999 0.1431875 0.5921375 0.14351875 0.5958578125 0.150959375 0.597965625 0.1549265625 0.5977187500000001 0.1574078125 0.59610625 0.15277812500000001 0.5921375 0.1531078125 0.59065 0.15691093750000001 0.5887890625 0.163359375 0.5891609375 0.1650125 0.58519375 0.1643515625 0.58048125 0.16319375 0.5791171875 0.15294375 0.5771328125 0.147321875 0.57738125 0.13988125 0.574528125 0.1388890625 0.5722968749999999 0.1408734375 0.568825 0.1408734375 0.56485625 0.14417968750000001 0.5611359375 0.14417968750000001 0.5546875 0.14269218749999998 0.5525796875 0.1369046875 0.5564234375 0.1369046875 0.5596484375 0.13822812499999998 0.5608875 0.13624375 0.563615625 0.1317796875 0.565971875 0.1314484375 0.5647328125 0.12715 0.5634921875 0.0987109375 0.5610125 0.095403125 0.55555625 0.093584375 0.5569203125 0.09275781250000001 0.5610125 0.086309375 0.560640625 0.0856484375 0.5569203125 0.08267187499999999 0.553446875 0.0839953125 0.543775 0.08333281249999999 0.5326140625 0.0851515625 0.530009375 0.08829375 0.529390625 0.0836640625 0.5231890625 0.0836640625 0.51798125 0.0949078125 0.5157484375 0.09622968750000001 0.513765625 0.0922625 0.5093 0.09275781250000001 0.508184375 0.0950734375 0.508184375 0.09920625 0.5060765625 0.097221875 0.50235625 0.0987109375 0.5014875 0.1003640625 0.501240625 0.103009375 0.5037203124999999 0.1112765625 0.50545625 0.117559375 0.5084328124999999 0.12847187499999999 0.508928125 0.1317796875 0.5106640625 0.13624375 0.5097968749999999 0.1354171875 0.508928125 0.1311171875 0.50868125 0.130290625 0.5060765625 0.13558125000000001 0.5045890625 0.13707031249999999 0.5 0.1423609375 0.5019843749999999 0.1461640625 0.49838750000000004 0.144840625 0.4904515625 0.145503125 0.484746875 0.14351875 0.47432968750000004 0.1423609375 0.47172656249999995 0.137565625 0.4708578125 0.1423609375 0.4702375 0.1431875 0.469121875 0.1438484375 0.4661453125 0.1421953125 0.46192968749999996 0.1431875 0.458953125 0.14136875 0.45858125000000005 0.1352515625 0.4606890625 0.132109375 0.4689984375 0.12681875 0.46875 0.12533125 0.459696875 0.126653125 0.44928125 0.12830625 0.44605625 0.132771875 0.4446921875 0.1335984375 0.44258437500000003 0.1317796875 0.44146875 0.12681875 0.44246093750000004 0.12566093750000001 0.4388640625 0.12252031249999999 0.4372515625 0.1162375 0.43675625 0.1056546875 0.4392359375 0.1003640625 0.4357640625 0.09474218749999999 0.43650781250000004 0.09044375 0.435515625 0.088128125 0.43253906249999996 0.08465625 0.431671875 0.0901125 0.4295640625 0.1003640625 0.43477187500000003 0.10317499999999999 0.430928125 0.100859375 0.427703125 0.1025125 0.4232390625 0.1003640625 0.4221234375 0.084821875 0.42286718749999996 0.0778765625 0.4216265625 0.06927968749999999 0.4221234375 0.0636578125 0.42410781249999996 0.060185937499999995 0.421503125 0.05919375 0.415303125 0.06068125 0.413690625 0.0639875 0.4134421875 0.0651453125 0.4123265625 0.068121875 0.40786249999999996 0.0667984375 0.4056296875 0.0639875 0.404265625 0.062665625 0.4047625 0.05919375 0.40786249999999996 0.058696875 0.4109625 0.05720937499999999 0.408109375 0.05340625 0.4064984375 0.042493750000000004 0.407490625 0.040675 0.39918125 0.037864062500000004 0.397321875 0.0324078125 0.40190937499999996 0.0300921875 0.4061265625 0.02215625 0.41059062500000004 0.02215625 0.41331875 0.02728125 0.415178125 0.0325734375 0.4141859375 0.037864062500000004 0.415178125 0.0428234375 0.41319375 0.0471234375 0.4134421875 0.054564062499999996 0.4197671875 0.053075000000000004 0.420634375 0.042493750000000004 0.42088281250000004 0.039021875 0.41951875000000005 0.037864062500000004 0.41741093749999997 0.0325734375 0.41840312500000004 0.02794375 0.41691406249999996 0.0173609375 0.4193953125 0.007274999999999999 0.42596718750000007 0.0009921875 0.43514375000000005 0 0.4837546875 0.0009921875 0.4973953125 0.0023140625 0.501859375 0.005621875 0.5058281250000001 0.00396875 0.5102921874999999 0.005621875 0.513765625 0.0081015625 0.515625 0.010746875 0.5166171875 0.017029687499999998 0.5158734375 0.020171875 0.5177328125 0.018848437500000002 0.529390625 0.0117390625 0.53050625 0.006448437499999999 0.530009375 0.0042984375 0.5313734375 0.0036374999999999997 0.53360625 0.009590625 0.5373265625 0.009754687500000001 0.5391859375 0.0167 0.53993125 0.019840625 0.5412953125 0.020503125 0.54923125 0.019840625 0.5532 0.017029687499999998 0.555803125 0.0100859375 0.554315625 0.006448437499999999 0.5500984375 0.0044640625 0.550346875 0.0009921875 0.553446875 0.0009921875 0.563615625 0.0057875 0.5662203124999999 0.0167 0.5642359375 0.019840625 0.5663437499999999 0.0208328125 0.568825 0.018848437500000002 0.5765125 0.021990625 0.5818453124999999 0.026785937500000002 0.5765125 0.0254625 0.5722968749999999 0.026951562499999998 0.5709328124999999 0.029762499999999997 0.5722968749999999 0.028107812500000003 0.5767609375 0.032242187500000005 0.5796125 0.03819375 0.5796125 0.042328125 0.577009375 0.0431546875 0.5751484375 0.044146875 0.5766375 0.052745312499999995 0.5791171875 0.0616734375 0.5783734375 0.0631609375 0.5725453125 0.060846875 0.56485625 0.0639875 0.5625 0.069609375 0.5625 0.07490156249999999 0.5662203124999999 0.082340625 0.568825 0.0803578125 0.5725453125
0 0.786540625 0.9057546875 0.7891859375 0.908978125 0.805390625 0.9099703124999999 0.8139875 0.9149312500000001 0.83250625 0.918403125 0.8399468750000001 0.9217515625000001 0.8411046875 0.9248515625 0.84771875 0.9255953124999999 0.8506937499999999 0.9270828124999999 0.8683859375 0.931175 0.87103125 0.9299359375 0.8740078125 0.92571875 0.8736765625 0.9215031249999999 0.86375625 0.9130703125 0.8611109375 0.9095984375 0.8604499999999999 0.9063734374999999 0.86375625 0.9006703125 0.8690468750000001 0.8981890625 0.8664015624999999 0.8912453125 0.8677250000000001 0.8825640625 0.8670640625000001 0.878596875 0.8688828125000001 0.8769843749999999 0.8764875 0.878471875 0.87169375 0.8825640625 0.8804562499999999 0.8849203125 0.8850859375000001 0.8851687500000001 0.88624375 0.886284375 0.88624375 0.8905015625000001 0.8890546875 0.893353125 0.8953374999999999 0.8926093749999999 0.8974875000000001 0.8905015625000001 0.8910390625 0.8846718750000001 0.8872359375000001 0.8828125 0.887565625 0.8743796875 0.8855812500000001 0.8666921875 0.887896875 0.8627234375 0.887896875 0.8547859375 0.8849203125 0.8470984375 0.8791343749999999 0.8457343749999999 0.8738421875 0.8422625 0.8690468750000001 0.8406499999999999 0.8667328124999999 0.8312250000000001 0.8571421875 0.81634375 0.8574734375 0.8116312499999999 0.8505296875000001 0.8049359375 0.847221875 0.7989828125 0.8389546875 0.79055 0.8346562499999999 0.781621875 0.8270500000000001 0.774925 0.8244046875000001 0.764509375 0.8197749999999999 0.7607890625 0.8167984374999999 0.753596875 0.81580625 0.7451640625 0.8118390625 0.7392109375 0.8062171875 0.7364828125 0.8022484375 0.7290421874999999 0.796296875 0.723090625 0.7939812500000001 0.7146578124999999 0.785384375 0.7057296875 0.7685187499999999 0.6777031250000001 0.759425 0.6716265625 0.7561171875 0.67261875 0.754134375 0.6748515625 0.7519843749999999 0.6744796875 0.7519843749999999 0.670759375 0.7536375 0.6672859375 0.7526453125 0.6506703125 0.7453703125 0.6467015625 0.7400796875 0.639509375 0.7314812500000001 0.6176828125 0.722221875 0.608259375 0.7119703125 0.593378125 0.70965625 0.5864328125 0.7000656249999999 0.5802328125 0.69808125 0.5767609375 0.696759375 0.567584375 0.6911375 0.5638640625 0.6861765625 0.5509671875000001 0.6812171874999999 0.545759375 0.6699734375 0.5286453125 0.6660046875 0.5177328125 0.660053125 0.5135171875 0.6557546875 0.50706875 0.6494703125 0.5016125 0.6474875 0.498140625 0.6455031250000001 0.487475 0.6443453124999999 0.4861109375 0.638228125 0.4842515625 0.63624375 0.478546875 0.62830625 0.46639375000000005 0.6263234375 0.459696875 0.6187171874999999 0.4517609375 0.6134265625 0.44184062500000004 0.6104499999999999 0.4388640625 0.6061515625 0.42894375 0.6001984375 0.4232390625 0.5942453125 0.4197671875 0.593584375 0.41555 0.5906078124999999 0.412078125 0.590278125 0.408109375 0.5830031250000001 0.39769375 0.575728125 0.390253125 0.5727515624999999 0.376115625 0.5709328124999999 0.37400781250000004 0.5661375 0.3719 0.5625 0.36173125 0.556546875 0.3572671875 0.5515875 0.3453625 0.5449734375 0.337425 0.5423281249999999 0.3282484375 0.5343921875000001 0.3225453125 0.5307546875 0.31163124999999997 0.5244703125 0.3069203125 0.5211640625 0.3014640625 0.5186843750000001 0.2998515625 0.5130625 0.30084374999999997 0.5064484375 0.30381874999999997 0.50330625 0.308159375 0.500165625 0.3087796875 0.4985125 0.3102671875 0.48693749999999997 0.311259375 0.4833 0.3142359375 0.4766859375 0.315228125 0.47172656249999995 0.3182046875 0.46759218750000003 0.31163124999999997 0.46114375 0.3100203125 0.460978125 0.308903125 0.4664359375 0.306546875 0.47172656249999995 0.3100203125 0.4773484375 0.31051562499999996 0.47999375000000005 0.3080359375 0.4847890625 0.305928125 0.4875984375 0.3025796875 0.492228125 0.3013390625 0.49470937499999995 0.2982390625 0.49289062499999997 0.296875 0.4826390625 0.29613125 0.477678125 0.29786718749999996 0.47172656249999995 0.295634375 0.466765625 0.2971234375 0.46147499999999997 0.2966265625 0.45568749999999997 0.29972656249999996 0.4495703125 0.3067953125 0.4442796875 0.308284375 0.43303593749999997 0.313740625 0.41947812500000003 0.3236609375 0.408234375 0.3278765625 0.3926921875 0.33755 0.382440625 0.3412703125 0.369875 0.3442453125 0.3668984375 0.3467265625 0.3573078125 0.34771874999999997 0.349371875 0.34995 0.3189484375 0.3541671875 0.2928234375 0.35540625000000003 0.250165625 0.350446875 0.2362765625 0.34771874999999997 0.2306546875 0.34771874999999997 0.226025 0.3452375 0.209821875 0.3435015625 0.1956015625 0.335565625 0.18568125 0.32713281250000004 0.17840625000000002 0.32316406249999996 0.1737765625 0.3189484375 0.16832031249999999 0.3165921875 0.165675 0.308903125 0.1570765625 0.3017109375 0.1541 0.29600624999999997 0.1514546875 0.2942703125 0.1464953125 0.2828625 0.145503125 0.265996875 0.1458328125 0.2506203125 0.14715625000000002 0.2471484375 0.1464953125 0.2337546875 0.14269218749999998 0.23164687499999997 0.13425937500000001 0.2315234375 0.136078125 0.22891875 0.125 0.2240828125 0.1162375 0.22494999999999998 0.10466249999999999 0.2237109375 0.1003640625 0.21750937499999998 0.0950734375 0.22048593749999998 0.0914359375 0.21800625 0.084821875 0.21875 0.0815140625 0.21651718749999999 0.0782078125 0.2162703125 0.069609375 0.21800625 0.0633265625 0.21800625 0.05340625 0.220734375 0.042493750000000004 0.2212296875 0.038690625 0.223090625 0.037203125 0.225446875 0.029926562499999997 0.22743125000000003 0.031415625 0.2315234375 0.0304234375 0.2337546875 0.026951562499999998 0.2348703125 0.021659375 0.2333828125 0.019840625 0.235490625 0.019840625 0.2397078125 0.0211640625 0.24193906250000002 0.026125 0.24342812500000002 0.0213296875 0.248015625 0.015210937499999999 0.251115625 0.0195109375 0.2531 0.021990625 0.2562 0.030589062500000003 0.257440625 0.0337296875 0.26277343750000004 0.0400125 0.2657484375 0.041996875 0.270709375 0.049271875 0.274678125 0.05257968750000001 0.28038124999999997 0.058201562500000005 0.2826140625 0.0638234375 0.2912953125 0.06911406249999999 0.29104687500000004 0.06944375 0.3022078125 0.0734125 0.3141125 0.07407343749999999 0.321553125 0.0760578125 0.32527343750000004 0.0707671875 0.360490625 0.07407343749999999 0.3689234375 0.069609375 0.3712796875 0.0639875 0.3712796875 0.06283125 0.3736359375 0.0639875 0.3754953125 0.06927968749999999 0.3745046875 0.0710984375 0.376115625 0.07209062499999999 0.3805796875 0.0704359375 0.3823171875 0.07010625000000001 0.3860359375 0.0722546875 0.3881453125 0.0742390625 0.3883921875 0.0767203125 0.38678124999999997 0.07738125 0.3843 0.07572812500000001 0.3805796875 0.0795296875 0.3782234375 0.08134843750000001 0.3805796875 0.0796953125 0.3890125 0.07291718750000001 0.3888890625 0.0710984375 0.392484375 0.07209062499999999 0.3989328125 0.0782078125 0.4047625 0.084821875 0.407490625 0.08895468749999999 0.405878125 0.08994687500000001 0.40339843750000004 0.0922625 0.40215781249999993 0.10019843749999999 0.3922375 0.104496875 0.391740625 0.10548906250000001 0.38355625 0.10846562500000001 0.3823171875 0.1112765625 0.3779765625 0.1130953125 0.381325 0.11011875 0.3845484375 0.11441874999999999 0.38826875 0.1147484375 0.3912453125 0.12020468749999999 0.3938484375 0.12152812500000001 0.394096875 0.125165625 0.3921125 0.1294640625 0.3923609375 0.132109375 0.3936015625 0.1354171875 0.3921125 0.14269218749999998 0.3921125 0.1443453125 0.39459374999999997 0.15261249999999998 0.39608125 0.15823437499999998 0.3983140625 0.1701390625 0.40525781250000004 0.17542968750000001 0.40724218749999996 0.1992390625 0.4087296875 0.20486093749999998 0.41121093750000004 0.20816875 0.415178125 0.21544375 0.41567499999999996 0.228009375 0.42261875 0.24057499999999998 0.4236109375 0.24355156249999999 0.42633906250000003 0.246528125 0.42733125000000005 0.250165625 0.4236109375 0.2585984375 0.420759375 0.26636875 0.4077375 0.29050937499999996 0.4077375 0.3043984375 0.4067453125 0.3096890625 0.40327343750000005 0.3153109375 0.40352187500000003 0.319940625 0.4015375 0.32523124999999997 0.40079374999999995 0.33664062499999997 0.40786249999999996 0.33664062499999997 0.4123265625 0.338625 0.41555 0.33829375 0.41951875000000005 0.335978125 0.4244796875 0.332671875 0.427703125 0.33664062499999997 0.43340781249999993 0.3412703125 0.4353921875 0.343584375 0.439359375 0.3416 0.4435765625 0.338459375 0.4446921875 0.3354828125 0.44766874999999995 0.3258921875 0.44866093749999997 0.320271875 0.4459328125 0.3149796875 0.4459328125 0.3118390625 0.443328125 0.3100203125 0.4389875 0.302909375 0.443328125 0.30026406250000004 0.447296875 0.3009265625 0.4510171875 0.29927187499999997 0.45672187500000005 0.29761875 0.45696875 0.2953046875 0.4611859375 0.29398124999999997 0.474578125 0.2916671875 0.4760671875 0.2896828125 0.47953906249999995 0.288690625 0.4844984375 0.2825734375 0.484375 0.2791 0.4864828125 0.2787703125 0.4904515625 0.28323437500000004 0.49379999999999996 0.28852500000000003 0.4920640625 0.288690625 0.49590781249999993 0.2805890625 0.49925625 0.2782734375 0.5017359375 0.27397499999999997 0.4997515625 0.271825 0.5006203124999999 0.269840625 0.5060765625 0.2748015625 0.5100453125 0.2688484375 0.51475625 0.2676921875 0.5176093749999999 0.26273124999999997 0.5166171875 0.26124375 0.5177328125 0.2638890625 0.5212046875 0.262565625 0.5271578124999999 0.257440625 0.53125 0.25215 0.53199375 0.25 0.5333578125 0.2529765625 0.5360859375 0.2523140625 0.53980625 0.2506609375 0.5412953125 0.2546296875 0.5452625 0.2536375 0.5467515625 0.25 0.5529515625 0.262565625 0.5569203125 0.26124375 0.5529515625 0.26273124999999997 0.5518359375 0.266203125 0.553446875 0.268684375 0.556546875 0.27695156249999997 0.558284375 0.2835640625 0.5585312499999999 0.28819374999999997 0.5600203125000001 0.30836562500000003 0.5595234375 0.312334375 0.559028125 0.318121875 0.5527031250000001 0.3229171875 0.5505953124999999 0.323909375 0.5491078125 0.3292 0.5491078125 0.33101875000000003 0.5517109375 0.33068749999999997 0.558903125 0.3263890625 0.5638640625 0.32572812500000003 0.5727921874999999 0.3267203125 0.5780015625 0.32523124999999997 0.579365625 0.3229171875 0.5825890625000001 0.32556250000000003 0.5818453124999999 0.330853125 0.5853171875000001 0.35102500000000003 0.5880453125 0.3553234375 0.590278125 0.3632609375 0.5917656250000001 0.367228125 0.5967265625 0.3721890625 0.594990625 0.3794640625 0.5962296874999999 0.390046875 0.599703125 0.39864375 0.6041671875 0.4039359375 0.60391875 0.40591875 0.605903125 0.41385625 0.6078875 0.41534375 0.610490625 0.41947812500000003 0.613590625 0.4217921875 0.6118546874999999 0.42476875 0.6116078125 0.4287375 0.6185515625 0.43535 0.61954375 0.4368390625 0.620659375 0.44031093749999994 0.6334328124999999 0.44246093750000004 0.6408734375 0.45105781250000004 0.6369046875000001 0.45601875 0.631571875 0.45734062499999995 0.6352921874999999 0.4586640625 0.6434765625 0.4563484375 0.656621875 0.454365625 0.6591015625 0.454365625 0.667534375 0.45767187500000006 0.67274375 0.47172656249999995 0.6810515625 0.4770171875 0.6817953125 0.48230781250000004 0.684771875 0.4899140625 0.6837796875000001 0.5028109374999999 0.6837796875000001 0.5051249999999999 0.6822921875 0.5137234375 0.6803078124999999 0.518353125 0.677828125 0.5249671874999999 0.6768359375 0.5319109375 0.6783234375 0.5380296875 0.6821671874999999 0.5380296875 0.68663125 0.5357140625000001 0.6903515625 0.507275 0.7172625 0.5026453125 0.73511875 0.5099203125 0.7400796875 0.5342265625 0.70386875 0.5395171875 0.704365625 0.5431546875000001 0.7088296875 0.55191875 0.713665625 0.5558859375 0.72185 0.5562171874999999 0.7297859375 0.5611765625 0.7359875 0.5644843749999999 0.7441718749999999 0.565971875 0.7455359374999999 0.5709328124999999 0.7450390625 0.5777109375 0.7531 0.578703125 0.75706875 0.5760578125 0.769221875 0.5783734375 0.7731890625 0.5830031250000001 0.7764140625 0.585978125 0.7806296875000001 0.5856484375 0.784846875 0.5892859374999999 0.78831875 0.584325 0.7920390625 0.584325 0.793278125 0.5853171875000001 0.7962546875000001 0.588459375 0.7971234375 0.589946875 0.798734375 0.589946875 0.8128718750000001 0.5916 0.8198171875 0.5952375 0.8250249999999999 0.5995375000000001 0.8277531249999999 0.60069375 0.830853125 0.608796875 0.831721875 0.6048281249999999 0.8361859375 0.5998671875 0.839409375 0.60433125 0.8435015625 0.6076390625 0.844990625 0.6112765625 0.8447421875 0.6129296875 0.8427578125 0.6139218750000001 0.84300625 0.6129296875 0.847221875 0.617890625 0.8474703124999999 0.62318125 0.84995 0.626653125 0.85230625 0.628803125 0.855903125 0.632109375 0.856646875 0.6337625 0.858134375 0.6410390625 0.85863125 0.654596875 0.8668156249999999 0.6661703125 0.8685515625000001 0.6754296875 0.8735125 0.6787375 0.8730156250000001 0.6810515625 0.8705359375 0.6860125 0.8769843749999999 0.6921296875 0.8771078125 0.693121875 0.878596875 0.691303125 0.879215625 0.68535 0.8787203124999999 0.672784375 0.8807046875 0.6663359375 0.8847968749999999 0.6643515625 0.8892609374999999 0.6673281249999999 0.8954609375 0.6704703125 0.8963296875 0.6722890625 0.8986859375 0.67691875 0.9014140625 0.6792328125 0.9091015625000001 0.6830359374999999 0.91245 0.6861765625 0.91331875 0.687334375 0.9159218750000001 0.695271875 0.917659375 0.7020500000000001 0.9217515625000001 0.70386875 0.9243546874999999 0.7141203125 0.924603125 0.7172625 0.9227437500000001 0.728009375 0.9114578124999999 0.7313156249999999 0.9114578124999999 0.7354499999999999 0.9088546875000001 0.7374343750000001 0.9033984374999999 0.742725 0.8981890625 0.74239375 0.894221875 0.7488421875 0.8936015625 0.7531421875000001 0.894096875 0.75330625 0.895709375 0.75215 0.896825 0.7485125 0.8970734374999999 0.74669375 0.8981890625 0.7475203125000001 0.8985609374999999 0.753803125 0.8983140625000001 0.7564484375 0.8958328124999999 0.764384375 0.8963296875 0.771659375 0.9012890625000001 0.786540625 0.9057546875