0 0.4862875 0.25303437500000003 0.46822187499999995 0.2534578125 0.46176093749999997 0.25937343749999997 0.44820312500000004 0.275471875 0.4317046875 0.2826078125 0.410115625 0.2898484375 0.3868609375 0.30391406249999997 0.3787421875 0.29948593749999997 0.360284375 0.290675 0.355365625 0.27778281250000003 0.3481828125 0.2694578125 0.3207625 0.29805000000000004 0.3084 0.3136765625 0.3162734375 0.3275796875 0.3294171875 0.3538515625 0.32132499999999997 0.3743484375 0.2813765625 0.3980828125 0.26347343749999996 0.42316562500000005 0.2648875 0.44369375 0.310490625 0.44459687499999995 0.3359046875 0.45613125 0.3331671875 0.4673015625 0.322184375 0.49214375 0.3348171875 0.51484375 0.3505109375 0.534115625 0.370628125 0.5545890625000001 0.39025625 0.573846875 0.4111625 0.5834453125 0.4253390625 0.586478125 0.43780156249999996 0.5857390625 0.45737812499999997 0.5775234375 0.478453125 0.581003125 0.502221875 0.5934234375 0.5417546875 0.5917015625000001 0.5534453125 0.5968703125 0.580275 0.5969 0.596990625 0.5869984374999999 0.6130687499999999 0.5776015625 0.6382140625 0.5744625 0.6611546875000001 0.5692515625000001 0.682296875 0.5720296874999999 0.6728671875 0.5487453125 0.698525 0.542203125 0.7146296875 0.5315796875000001 0.7279796875 0.5194625 0.7377484375 0.5037843750000001 0.7105390625 0.5102875 0.7379875 0.48783281250000005 0.7529171875 0.4757421875 0.7399515625 0.45428125 0.7199875 0.4554984375 0.6984375 0.45045156249999996 0.6867828125 0.43420625 0.7042734375 0.43310000000000004 0.7113171875 0.4197796875 0.7298921875 0.40691249999999995 0.7489671875 0.38856406250000003 0.735371875 0.392271875 0.7445625 0.3724578125 0.721228125 0.368325 0.7093046875 0.35905156250000003 0.6953953125 0.34230625 0.6759390625 0.3270109375 0.6502484374999999 0.31577968749999996 0.6424078125 0.309234375 0.6384078125 0.3035 0.632775 0.28449375 0.6279375 0.268815625 0.6125328125 0.26932187500000004 0.5952375 0.274803125 0.5936546875000001 0.274803125 0.5818484374999999 0.2712625 0.5633828125 0.2709375 0.5530484375 0.26510625 0.563275 0.2509109375 0.552134375 0.24843281250000002 0.53359375 0.2485265625 0.5183875 0.2493359375 0.502940625 0.24910312499999998 0.4862875 0.25303437500000003
0 0.39405625 0.260046875 0.3912921875 0.254715625 0.3846359375 0.2509125 0.370925 0.2508734375 0.3798765625 0.26665625 0.39405625 0.260046875
0 0.6555187499999999 0.2413046875 0.6550874999999999 0.24477500000000002 0.6550874999999999 0.24618437499999998 0.660790625 0.24674374999999998 0.6638765624999999 0.24617968750000002 0.669025 0.24594062499999997 0.67369375 0.24626406250000002 0.6761484375 0.2479984375 0.67668125 0.2507921875 0.6771171875 0.2523828125 0.6761781250000001 0.254028125 0.6715015625 0.25579843750000003 0.6641265625 0.2560296875 0.6583218750000001 0.2503296875 0.6583218750000001 0.2489046875 0.655190625 0.2489015625 0.65425 0.2500765625 0.652684375 0.25430625 0.6549421875 0.2579046875 0.657909375 0.2604359375 0.6711406249999999 0.262528125 0.676765625 0.262528125 0.6868640625 0.2554875 0.6877359375000001 0.252159375 0.6877359375000001 0.2460421875 0.6858109375 0.241053125 0.6804593750000001 0.23733906249999998 0.6718796874999999 0.2357046875 0.662821875 0.2365328125 0.6573249999999999 0.23835625 0.6555187499999999 0.2413046875
0 0.75199375 0.2608359375 0.7419671875 0.266528125 0.74095625 0.2692625 0.7640484375 0.267696875 0.76893125 0.25634999999999997 0.7689390625 0.2506484375 0.75199375 0.2608359375
0 0.7538796875 0.1436875 0.746671875 0.150578125 0.7378390625 0.158509375 0.7305125 0.168965625 0.714390625 0.1781203125 0.71729375 0.181984375 0.7353562499999999 0.17826875 0.7449765625 0.173703125 0.761253125 0.1607578125 0.77366875 0.14204531250000002 0.759540625 0.1401828125 0.7538796875 0.1436875
0 0.5169312500000001 0.1157125 0.510378125 0.11689374999999999 0.5056640625 0.1243390625 0.5347578125 0.142503125 0.5402984375 0.13849375 0.535778125 0.12780156250000002 0.5268125 0.12055468750000001 0.5169312500000001 0.1157125
0 0.6928671875 0.1405453125 0.6974328125 0.13327187499999998 0.6889796875 0.124271875 0.6910359374999999 0.126803125 0.6749640625 0.1303734375 0.6928671875 0.1405453125
0 0.91875 0.42421875 0.928125 0.43203125 0.9390625 0.42890625 0.93359375 0.41875 0.91875 0.42421875
0 0.8640625 0.43671875 0.865625 0.44609375 0.8765625 0.44453125 0.87421875 0.434375 0.8640625 0.43671875
0 0.7375 0.31328125 0.7390625 0.31953125 0.759375 0.31484375 0.74765625 0.3078125 0.7375 0.31328125
0 0.86875 0.31953125 0.8703125 0.32890625 0.88125 0.32578125 0.87734375 0.315625 0.86875 0.31953125
0 0.73203125 0.6703125 0.73125 0.68203125 0.74453125 0.68125 0.746875 0.67421875 0.73203125 0.6703125
0 0.95078125 0.646875 0.9390625 0.64765625 0.9515625 0.65390625 0.95078125 0.646875
0 0.8890625 0.69609375 0.89375 0.70234375 0.9015625 0.69921875 0.90078125 0.69375 0.8890625 0.69609375
0 0.7984375 0.73671875 0.81171875 0.7375 0.815625 0.73046875 0.79921875 0.7234375 0.7921875 0.72734375 0.7984375 0.73671875
0 0.59921875 0.0328125 0.59375 0.04453125 0.60859375 0.040625 0.6109375 0.03203125 0.59921875 0.0328125
0 0.59609375 0.0625 0.5921875 0.07265625 0.60390625 0.0703125 0.6125 0.06015625 0.59609375 0.0625
0 0.384375 0.14140625 0.390625 0.14921875 0.3984375 0.14453125 0.39140625 0.134375 0.384375 0.14140625
0 0.44453125 0.15625 0.4421875 0.16171875 0.45546875 0.1609375 0.4640625 0.15234375 0.44453125 0.15625
0 0.259375 0.04453125 0.25390625 0.0421875 0.2515625 0.04765625 0.259375 0.04453125