0 0.698565625 0.422634375 0.6971671875000001 0.42046875000000006 0.69410625 0.4212546875 0.69149375 0.417728125 0.6903734375 0.41471875 0.6890375 0.41284375000000006 0.6852640625 0.410625 0.68310625 0.41083437500000003 0.6792875 0.413375 0.677365625 0.4158609375 0.6742609374999999 0.4228203125 0.6710453125 0.42656406249999995 0.6697671875 0.42993750000000003 0.670203125 0.43371562499999994 0.6725796875000001 0.4367828125 0.6758875 0.439640625 0.6786187499999999 0.44167968750000003 0.6860062499999999 0.44349218749999997 0.689134375 0.44697812499999995 0.693171875 0.44914531249999995 0.69580625 0.4450015625 0.6961828125 0.44119843750000004 0.69665625 0.43892968750000005 0.700778125 0.4378984375 0.70438125 0.43354375 0.70438125 0.43042968750000005 0.702515625 0.42691875 0.7002015625 0.42741562499999997 0.698565625 0.422634375
0 0.8092234375 0.4461203125 0.811065625 0.442 0.8065359375 0.43193906249999997 0.8039578125 0.427978125 0.798871875 0.42124218750000003 0.7939046875 0.4179125 0.7880640624999999 0.41685625000000004 0.7844015625 0.4191375 0.7849453125 0.42413749999999995 0.7882921875 0.43188281249999994 0.792865625 0.43864843750000004 0.798253125 0.4461953125 0.8020156249999999 0.44810625000000004 0.8092234375 0.4461203125
0 0.86195 0.50705 0.8640890625000001 0.51079375 0.8677703125 0.5114203125000001 0.8731953125 0.5091234375 0.874384375 0.50833125 0.876384375 0.50476875 0.87548125 0.49980624999999995 0.8722765625 0.4957671875 0.869290625 0.49349375 0.8625999999999999 0.49872500000000003 0.86195 0.50375625 0.86195 0.50705
0 1 0.7089203125 0.72209375 0.72283125 0.7296968749999999 0.727465625 0.73924375 0.7302515625 0.7454640625 0.7313562499999999 0.758046875 0.7289421875000001 0.7663234375 0.7297281250000001 0.7750484375 0.7297281250000001 0.7806328125 0.7317171874999999 0.7847921875 0.733109375 0.788159375 0.727565625 0.792475 0.7269796875 0.798415625 0.7294953125 0.8037859375 0.7271421874999999 0.8103609374999999 0.7216750000000001 0.8167359375000001 0.7213046875 0.8225171874999999 0.722796875 0.8265968750000001 0.7236609374999999 0.833925 0.7238703125 0.8382421875 0.7238703125 0.8464046875 0.7241593749999999 0.8530218749999999 0.7238687500000001 0.8527515625 0.7254921875 0.851065625 0.7283203125 0.8518796875 0.7313109375 0.8542140625 0.7336875 0.8596046875000001 0.7336875 0.862178125 0.7331859374999999 0.86186875 0.727459375 0.860246875 0.7246890625 0.8682484374999999 0.7215953125000001 0.8700687500000001 0.7205921875 0.8737140625 0.7255515625 0.8787437499999999 0.72670625 0.8867875 0.7274421875 0.8945140625000001 0.7250609375 0.896415625 0.7244796874999999 0.90445625 0.72476875 0.9090906249999999 0.7239484375 0.9218609375 0.7225125 0.9226140624999999 0.72355625 0.9234890625000001 0.72834375 0.9259437500000001 0.7286328125 0.9277859375 0.726284375 0.929171875 0.72364375 0.9339437500000001 0.7218484375 0.9340468749999999 0.7245484375 0.935553125 0.729659375 0.9385234375 0.731521875 0.9400671875000001 0.7284609375 0.941571875 0.7229703125 0.9461656250000001 0.71943125 0.9480265625 0.72089375 0.949315625 0.7273328125 0.9506609375 0.7319109375 0.9560484375 0.7288421875 0.9578906249999999 0.726965625 0.9575203125 0.7202625 0.9608671875000001 0.7194140625000001 0.9653796874999999 0.7203593749999999 0.9680312499999999 0.72085625 0.97203125 0.7184 0.9762296875 0.7171828125 0.9814578125000001 0.7187546874999999 0.98494375 0.7167484375 0.9872390624999999 0.7164578125000001 0.9948046875 0.7213859375 0.9970015625 0.7192999999999999 1 0.71555 1 0.7089203125
0 0.797703125 0.7708015625 0.8021218749999999 0.771621875 0.8098875 0.770965625 0.8168546875 0.770965625 0.821696875 0.7708078125 0.8398937500000001 0.7719984375 0.847971875 0.7719984375 0.8600515625 0.768846875 0.8635328124999999 0.762915625 0.861525 0.76058125 0.7799140625 0.7638453125 0.797703125 0.7708015625
0 0.9733328125 0.801628125 0.958946875 0.804125 0.95086875 0.802540625 0.9450156249999999 0.8036890624999999 0.9427765625 0.8100890625 0.9402859375 0.8156984375 0.94339375 0.8182031249999999 1 0.8154828125 0.9986265624999999 0.79783125 0.9947968749999999 0.8042109375000001 0.9931468750000001 0.7977390625 0.99326875 0.7943078125 0.9883124999999999 0.7937265625000001 0.984096875 0.79516875 0.982725 0.799459375 0.9816640624999999 0.8013390625 0.9733328125 0.801628125
0 0.7959015625 0.8165140624999999 0.79221875 0.8149390625 0.7834625 0.8131281250000001 0.7789859375 0.8113484375000001 0.77229375 0.8096171875 0.75789375 0.811503125 0.7496078125000001 0.8147578125000001 0.7336609375 0.8199078125 0.7262640625000001 0.8282109375 0.796121875 0.8235093750000001 0.7959015625 0.8165140624999999
0 0.852653125 0.9205 0.8905687500000001 0.9185656249999999 0.88086875 0.8489359375 0.8427359375 0.8515234375 0.852653125 0.9205
0 0.79700625 0.8565640625000001 0.8004734375 0.8634203125000001 0.8061171874999999 0.8666750000000001 0.808175 0.8679109374999999 0.815584375 0.8643671875000001 0.821371875 0.8562031250000001 0.8230562499999999 0.8519796875000001 0.8201499999999999 0.8523171875 0.81068125 0.8542765625 0.8105375 0.85729375 0.8096953125 0.8593343750000001 0.8063593750000001 0.85938125 0.8035046875 0.8567937499999999 0.8028171875 0.8532578125000001 0.7963515625 0.8546515625 0.79700625 0.8565640625000001
0 0.6253796875 0.6198203125 0.62799375 0.618578125 0.6284703125 0.6159578125 0.6239874999999999 0.61500625 0.618840625 0.6167859375 0.6182515625 0.6185375 0.6253796875 0.6198203125
0 0.4032171875 0.898796875 0.40490624999999997 0.8934124999999999 0.4017015625 0.8871828125000001 0.396615625 0.880815625 0.395534375 0.8876937500000001 0.3978140625 0.8898453125 0.3904296875 0.886728125 0.38974375 0.8937531249999999 0.3908390625 0.8978515625 0.3972546875 0.9071421875000001 0.40240468749999997 0.90629375 0.4032171875 0.898796875
0 0 0.91454375 0.000584375 0.9177640625000001 0.0075953125 0.9230234375 0.01275625 0.9292031250000001 0.0171359375 0.9368343749999999 0.024671875 0.9376890625 0.026914062500000002 0.936196875 0.039435937500000004 0.9291421874999999 0.043643749999999995 0.9270734375 0.043857812499999996 0.921625 0.045509375000000005 0.9176718749999999 0.0453234375 0.91100625 0.0425703125 0.9051265624999999 0.038509375 0.8966125 0 0.89836875 0 0.91454375
0 0.0823109375 0.908284375 0.0782734375 0.914828125 0.0835203125 0.9225218749999999 0.087896875 0.9172437499999999 0.0823109375 0.908284375