0 0.299221875 0.4378984375 0.30334374999999997 0.43892968750000005 0.30381718750000003 0.44119843750000004 0.30419375 0.4450015625 0.306828125 0.44914531249999995 0.31086562500000003 0.44697812499999995 0.31399374999999996 0.44349218749999997 0.32138125 0.44167968750000003 0.32411249999999997 0.439640625 0.32742031250000003 0.4367828125 0.329796875 0.43371562499999994 0.3302328125 0.42993750000000003 0.3289546875 0.42656406249999995 0.3257390625 0.4228203125 0.322634375 0.4158609375 0.3207125 0.413375 0.31689375000000003 0.41083437500000003 0.3147359375 0.410625 0.3109625 0.41284375000000006 0.3096265625 0.41471875 0.30850625 0.417728125 0.30589374999999996 0.4212546875 0.3028328125 0.42046875000000006 0.30143437500000003 0.422634375 0.2997984375 0.42741562499999997 0.29748437499999997 0.42691875 0.29561875 0.43042968750000005 0.29561875 0.43354375 0.299221875 0.4378984375
0 0.21505468749999998 0.42413749999999995 0.21559843750000002 0.4191375 0.2119359375 0.41685625000000004 0.20609531250000002 0.4179125 0.20112812500000002 0.42124218750000003 0.1960421875 0.427978125 0.19346406249999998 0.43193906249999997 0.18893437500000002 0.442 0.1907765625 0.4461203125 0.197984375 0.44810625000000004 0.201746875 0.4461953125 0.207134375 0.43864843750000004 0.21170781249999998 0.43188281249999994 0.21505468749999998 0.42413749999999995
0 0.12451874999999998 0.49980624999999995 0.123615625 0.50476875 0.125615625 0.50833125 0.1268046875 0.5091234375 0.1322296875 0.5114203125000001 0.1359109375 0.51079375 0.13805 0.50705 0.13805 0.50375625 0.13740000000000002 0.49872500000000003 0.130709375 0.49349375 0.12772343749999998 0.4957671875 0.12451874999999998 0.49980624999999995
0 0 0.71555 0.0029984375000000002 0.7192999999999999 0.0051953125 0.7213859375 0.0127609375 0.7164578125000001 0.015056249999999998 0.7167484375 0.0185421875 0.7187546874999999 0.023770312499999998 0.7171828125 0.027968749999999997 0.7184 0.031968750000000004 0.72085625 0.0346203125 0.7203593749999999 0.0391328125 0.7194140625000001 0.0424796875 0.7202625 0.042109375 0.726965625 0.0439515625 0.7288421875 0.0493390625 0.7319109375 0.050684375000000004 0.7273328125 0.0519734375 0.72089375 0.053834375000000004 0.71943125 0.058428125 0.7229703125 0.0599328125 0.7284609375 0.0614765625 0.731521875 0.064446875 0.729659375 0.065953125 0.7245484375 0.06605625000000001 0.7218484375 0.07082812499999999 0.72364375 0.0722140625 0.726284375 0.07405625 0.7286328125 0.0765109375 0.72834375 0.0773859375 0.72355625 0.0781390625 0.7225125 0.090909375 0.7239484375 0.09554375000000001 0.72476875 0.10358437499999999 0.7244796874999999 0.10548593749999999 0.7250609375 0.11321250000000001 0.7274421875 0.12125625 0.72670625 0.1262859375 0.7255515625 0.12993125 0.7205921875 0.1317515625 0.7215953125000001 0.13975312499999998 0.7246890625 0.13813124999999998 0.727459375 0.137821875 0.7331859374999999 0.14039531249999998 0.7336875 0.1457859375 0.7336875 0.1481203125 0.7313109375 0.148934375 0.7283203125 0.1472484375 0.7254921875 0.14697812500000002 0.7238687500000001 0.1535953125 0.7241593749999999 0.16175781250000001 0.7238703125 0.166075 0.7238703125 0.173403125 0.7236609374999999 0.1774828125 0.722796875 0.1832640625 0.7213046875 0.1896390625 0.7216750000000001 0.1962140625 0.7271421874999999 0.201584375 0.7294953125 0.20752500000000002 0.7269796875 0.211840625 0.727565625 0.2152078125 0.733109375 0.2193671875 0.7317171874999999 0.22495156249999998 0.7297281250000001 0.2336765625 0.7297281250000001 0.241953125 0.7289421875000001 0.2545359375 0.7313562499999999 0.26075624999999997 0.7302515625 0.270303125 0.727465625 0.27790625 0.72283125 0 0.7089203125 0 0.71555
0 0.15202812500000001 0.7719984375 0.16010625 0.7719984375 0.178303125 0.7708078125 0.1831453125 0.770965625 0.1901125 0.770965625 0.197878125 0.771621875 0.202296875 0.7708015625 0.2200859375 0.7638453125 0.138475 0.76058125 0.1364671875 0.762915625 0.1399484375 0.768846875 0.15202812500000001 0.7719984375
0 0.006731249999999999 0.7943078125 0.006853125 0.7977390625 0.005203125 0.8042109375000001 0.0013734375 0.79783125 0 0.8154828125 0.056606250000000004 0.8182031249999999 0.0597140625 0.8156984375 0.057223437499999995 0.8100890625 0.054984374999999995 0.8036890624999999 0.04913125 0.802540625 0.041053125 0.804125 0.0266671875 0.801628125 0.0183359375 0.8013390625 0.017275 0.799459375 0.015903125 0.79516875 0.0116875 0.7937265625000001 0.006731249999999999 0.7943078125
0 0.24210625000000002 0.811503125 0.22770625 0.8096171875 0.22101406250000002 0.8113484375000001 0.2165375 0.8131281250000001 0.20778124999999997 0.8149390625 0.20409843749999998 0.8165140624999999 0.203878125 0.8235093750000001 0.2737359375 0.8282109375 0.2663390625 0.8199078125 0.25039218750000003 0.8147578125000001 0.24210625000000002 0.811503125
0 0.1572640625 0.8515234375 0.11913125 0.8489359375 0.10943125000000001 0.9185656249999999 0.14734687500000002 0.9205 0.1572640625 0.8515234375
0 0.1903046875 0.8593343750000001 0.1894625 0.85729375 0.18931875 0.8542765625 0.17985 0.8523171875 0.17694375 0.8519796875000001 0.178628125 0.8562031250000001 0.184415625 0.8643671875000001 0.191825 0.8679109374999999 0.1938828125 0.8666750000000001 0.1995265625 0.8634203125000001 0.20299375 0.8565640625000001 0.2036484375 0.8546515625 0.1971828125 0.8532578125000001 0.19649531250000002 0.8567937499999999 0.193640625 0.85938125 0.1903046875 0.8593343750000001
0 0.37200625 0.618578125 0.3746203125 0.6198203125 0.3817484375 0.6185375 0.381159375 0.6167859375 0.37601249999999997 0.61500625 0.3715296875 0.6159578125 0.37200625 0.618578125
0 0.6095703125 0.886728125 0.6021859375 0.8898453125 0.604465625 0.8876937500000001 0.603384375 0.880815625 0.5982984375 0.8871828125000001 0.59509375 0.8934124999999999 0.5967828125 0.898796875 0.5975953125 0.90629375 0.6027453125 0.9071421875000001 0.6091609375 0.8978515625 0.6102562500000001 0.8937531249999999 0.6095703125 0.886728125
0 1 0.89836875 0.961490625 0.8966125 0.9574296875 0.9051265624999999 0.9546765625000001 0.91100625 0.954490625 0.9176718749999999 0.9561421875 0.921625 0.95635625 0.9270734375 0.9605640624999999 0.9291421874999999 0.9730859374999999 0.936196875 0.9753281250000001 0.9376890625 0.9828640625 0.9368343749999999 0.98724375 0.9292031250000001 0.9924046875 0.9230234375 0.9994156249999999 0.9177640625000001 1 0.91454375 1 0.89836875
0 0.912103125 0.9172437499999999 0.9164796875000001 0.9225218749999999 0.9217265625 0.914828125 0.9176890625 0.908284375 0.912103125 0.9172437499999999