0 0.2580296875 0.3625109375 0.25156875 0.3678390625 0.24539687500000001 0.3763671875 0.2461828125 0.3825125 0.25253125 0.38673125 0.25324375 0.3960765625 0.25923124999999997 0.39570625000000004 0.27056562500000003 0.3881765625 0.2780765625 0.38036875000000003 0.2638890625 0.353175 0.26172968750000003 0.35642968750000004 0.2580296875 0.3625109375
0 0.1612546875 0.40383125 0.1682890625 0.3925828125 0.174328125 0.37395625 0.173809375 0.36669999999999997 0.16922500000000001 0.367234375 0.1626328125 0.3723984375 0.158196875 0.381809375 0.15612187500000002 0.39606875 0.1612546875 0.40383125
0 0.1059671875 0.4569640625 0.1135703125 0.45479375 0.113903125 0.44923906249999995 0.1096234375 0.443121875 0.10639375 0.440959375 0.104078125 0.440959375 0.0991671875 0.4449875 0.099740625 0.45300312500000006 0.1059671875 0.4569640625
0 0.07290156249999999 0.5987875 0.0796015625 0.5946109374999999 0.08081406249999999 0.59171875 0.0845921875 0.5974578125 0.0910109375 0.597565625 0.10189375 0.5924125 0.1185375 0.5947312499999999 0.13879375 0.5962015625 0.1485859375 0.590515625 0.15400468750000001 0.5926421875 0.15690625 0.5937546874999999 0.15881406250000002 0.6003437500000001 0.1637078125 0.599653125 0.16765312500000001 0.5981140625 0.16941250000000002 0.5905390625 0.1917609375 0.591528125 0.2048828125 0.5894515625000001 0.2134859375 0.5925234374999999 0.22451875000000002 0.5949671875 0.2361609375 0.59471875 0.24752812500000002 0.5927609375 0.2679359375 0.595078125 0.2814375 0.5888640625 0.282878125 0.5823484375 0.22869062499999998 0.5832578125000001 0.15039843749999998 0.582853125 0.07329843750000001 0.5822453125 0.0380265625 0.5825453125 0 0.5824078125 0.00022812499999999997 0.5907796875 0.014390625 0.5904328125 0.03814375 0.5890484375 0.053023437500000006 0.5922546875 0.066721875 0.589696875 0.073328125 0.5930546875 0.07290156249999999 0.5987875
0 0 0.6679890625 0.10044062499999999 0.66960625 0.08930468750000001 0.660721875 0.076534375 0.655446875 0.0521640625 0.648184375 0.0449609375 0.6543171875 0.029103125 0.656921875 0.0022890625000000003 0.65535625 0 0.6558734375 0 0.6679890625
0 0.2202015625 0.70634375 0.2247390625 0.7066874999999999 0.23083125 0.7027265625 0.2327359375 0.69835625 0.2291671875 0.696428125 0.22431562500000002 0.7016390625 0.21887343750000002 0.6940671875 0.2146921875 0.6946609375 0.21534218749999998 0.700965625 0.2202015625 0.70634375
0 0.15749531249999998 0.6923625 0.15608125 0.7015328125 0.1537375 0.7625093749999999 0.18920781250000002 0.7636171875 0.1907390625 0.6934140625 0.15749531249999998 0.6923625
0 0.9489921875 0.7285859375 0.9573328125 0.7370765625 0.9621828125 0.7379687500000001 0.9718328125 0.735640625 0.9797234375 0.7270453125 0.9928437499999999 0.7108 0.9717109374999999 0.708415625 0.9527125 0.706971875 0.95033125 0.71305625 0.9489921875 0.7285859375
0 0.6062328124999999 0.7250125 0.6176265625 0.7162234375 0.6177015625 0.7094343750000001 0.6073109375 0.71444375 0.6062328124999999 0.7250125
0 0.57738125 0.9550265625 0.5680015625 0.9565609374999999 0.5645078125 0.9674921875000001 0.561346875 0.9558249999999999 0.5545078125 0.9540109375 0.55219375 0.9650375 0.5596328125000001 0.9697296874999999 0.5631468749999999 0.9763171875 0.5598703125 0.9870875 0.5658593749999999 0.993678125 0.5789671875 0.9817765625 0.580134375 0.9736015625000001 0.5812265625 0.9657406249999999 0.57738125 0.9550265625
0 0.1355625 0.9952015624999999 0.1540875 1 0.1681765625 0.844384375 0.1477125 0.84528125 0.1355625 0.9952015624999999
0 0.2616328125 0.6186828125 0.2213765625 0.61716875 0.1590765625 0.6161578125 0.15107656249999998 0.6261015624999999 0.23850937499999997 0.629328125 0.280878125 0.6183859375 0.2616328125 0.6186828125