0 0.6016328125 0.6195703124999999 0.5944 0.608865625 0.591853125 0.6041578125 0.5886453125 0.598659375 0.583109375 0.5999375 0.5775765625 0.598759375 0.573403125 0.5982734375 0.57033125 0.6011234375 0.5675140625 0.6034328125 0.570171875 0.611371875 0.571184375 0.61591875 0.5696 0.6223640625 0.5700828125 0.6226375 0.6016328125 0.6195703124999999
0 0.5529609375 0.6171515624999999 0.5486859374999999 0.6238296875 0.5590984375 0.624528125 0.5580203125 0.6199765625 0.5558625 0.6156125 0.5529609375 0.6171515624999999
0 0.5665953125 0.6586578125 0.561396875 0.6512921875 0.5576421875 0.6449078125 0.55508125 0.6428265625 0.549178125 0.6434234375 0.550634375 0.6759265625 0.565403125 0.6894453125 0.5711984375 0.6730765625 0.5706890625 0.6665593750000001 0.5665953125 0.6586578125
0 0.6714359375 0.5873828125 0.661371875 0.5876828125 0.6598109375 0.5912796874999999 0.6565375 0.599328125 0.660590625 0.60965625 0.660415625 0.6153593749999999 0.6599375000000001 0.62155625 0.663378125 0.619675 0.666215625 0.613178125 0.6690031249999999 0.6105078125000001 0.6744656250000001 0.611925 0.6791265625 0.614840625 0.6832359375 0.613346875 0.6873437499999999 0.606375 0.683828125 0.6002875000000001 0.678546875 0.594421875 0.6761546875 0.5904843750000001 0.6714359375 0.5873828125
0 0.6719796875 0.251384375 0.676528125 0.25106875 0.6805234375 0.24872812500000002 0.6814578124999999 0.2429296875 0.67639375 0.23796562500000001 0.675259375 0.234328125 0.6728875000000001 0.2290640625 0.6698500000000001 0.23017500000000002 0.664875 0.2328703125 0.6601874999999999 0.23318906250000002 0.657421875 0.2371953125 0.6567328125 0.2430328125 0.6585671875 0.2494625 0.6613859375 0.25446562500000003 0.6627265625 0.2560734375 0.6649 0.2565703125 0.669346875 0.25430312499999996 0.6719796875 0.251384375
0 0.5623578124999999 0.0777859375 0.554346875 0.07038124999999999 0.5470843750000001 0.07078593749999999 0.547628125 0.081375 0.5502421875 0.086128125 0.5571671874999999 0.0900453125 0.5635359375 0.083703125 0.5623578124999999 0.0777859375
0 0.7708921875 0.0378484375 0.7500234375 0.0413125 0.74549375 0.04534375 0.7526203125 0.049375 0.7605796875 0.0509625 0.7656031249999999 0.052914062500000004 0.77243125 0.0463390625 0.7708921875 0.0378484375
0 0.8568515624999999 0.0361640625 0.8615703124999999 0.0378625 0.8678171875 0.0373 0.869175 0.0367375 0.8753703125 0.0342203125 0.880259375 0.031978125 0.8838765625 0.025384374999999997 0.9109234374999999 0.0208171875 0.9273421875000001 0.0222453125 0.9330828125 0.0222453125 0.9406328125 0.0204453125 0.9483375 0.0159203125 0.9486890625 0.010975 0.8673421875 0.02526875 0.7812484375000001 0.03668125 0.7879578125 0.0420109375 0.7964 0.044853125 0.8018046875 0.0465109375 0.8063234375 0.0479171875 0.8126390625000001 0.045015625 0.81845 0.0444125 0.8229 0.0418953125 0.8302156249999999 0.0439234375 0.8340859375 0.044309375 0.8383968749999999 0.044309375 0.841825 0.0410875 0.851284375 0.040234375 0.8568515624999999 0.0361640625
0 0.914390625 0.0427015625 0.9131421874999999 0.0467296875 0.9131421874999999 0.0479515625 0.92166875 0.051056250000000004 0.9304218750000001 0.0394796875 0.923515625 0.039946875 0.9204046874999999 0.042515625 0.9161578125000001 0.0420890625 0.914390625 0.0427015625
0 0.9776171874999999 0.029459375 0.9731640625000001 0.0298484375 0.9721546875 0.0329734375 0.9711421874999999 0.0366390625 0.9717437500000001 0.0416890625 0.9765453125000001 0.0430015625 0.9779203125 0.0419 0.9841656249999999 0.0357484375 0.9832281249999999 0.0318828125 0.980821875 0.029459375 0.9776171874999999 0.029459375
0 0.7488578125 0.174784375 0.7451109375 0.17668124999999998 0.748334375 0.17997968749999999 0.7488578125 0.174784375
0 0.7387234375 0.1834140625 0.7430328125 0.1834859375 0.7412124999999999 0.1776265625 0.740803125 0.17784843749999998 0.738378125 0.179203125 0.7387234375 0.1834140625
0 0.9878359375000001 0.3060015625 0.9842453125 0.3079265625 0.9816453125000001 0.3143296875 0.9845140625000001 0.3200109375 0.9923890625 0.3197359375 0.9970046874999999 0.3176703125 0.9878359375000001 0.3060015625
0 0.85686875 0.42131718749999997 0.8533781250000001 0.42668125 0.8545468749999999 0.431525 0.8596875 0.42946093750000003 0.8620109375 0.42582343749999996 0.8616781250000001 0.42044531249999995 0.85686875 0.42131718749999997
0 0.8657296875 0.40532031249999995 0.8700234375000001 0.4075375 0.8718734375 0.40429843749999994 0.8704625 0.40217187499999996 0.86775625 0.40267187499999996 0.8657296875 0.40532031249999995
0 0.8337359375 0.5987609375 0.8322890624999999 0.5974390625 0.8271421875 0.5932546875 0.8233843750000001 0.5998640625 0.8315812499999999 0.603471875 0.8361671875000001 0.5999625 0.8337359375 0.5987609375
0 0.8099828125 0.5995781250000001 0.8071953125 0.59933125 0.8026046875 0.6029078125 0.8060546875 0.6065765625 0.8095171875 0.60545 0.8134921875 0.6018515625 0.8099828125 0.5995781250000001