0 0.5462140625 0.31163124999999997 0.5434796875 0.3035375 0.5389421875 0.30070625 0.5321453125 0.30450937499999997 0.5293640625 0.3082171875 0.5267999999999999 0.3129671875 0.523978125 0.3432953125 0.5293125 0.343896875 0.5325875 0.3402078125 0.5357968750000001 0.3355234375 0.542 0.3269625 0.5454703125 0.3210828125 0.5462140625 0.31163124999999997
0 0.5496000000000001 0.3887875 0.555396875 0.3899171875 0.5622890625 0.3919890625 0.5654484375 0.38656875 0.568728125 0.3796625 0.576428125 0.3665796875 0.5726125 0.3652140625 0.54945625 0.3647203125 0.545521875 0.369615625 0.542521875 0.380246875 0.5441812500000001 0.3867109375 0.5496000000000001 0.3887875
0 0.6463390625 0.378134375 0.6435328124999999 0.37744374999999997 0.641253125 0.3729125 0.6361687500000001 0.37484687499999997 0.6318171875 0.378684375 0.6322625000000001 0.3932578125 0.6368171874999999 0.3993734375 0.6413593750000001 0.401465625 0.6473718749999999 0.4002828125 0.6540703125 0.393534375 0.658815625 0.3881578125 0.6615031250000001 0.383278125 0.6575796875 0.37884687499999997 0.656296875 0.378 0.6545625 0.374953125 0.6509015625 0.3749953125 0.6463390625 0.378134375
0 0.8099578125000001 0.3872484375 0.8075828125 0.38425937499999996 0.799071875 0.384646875 0.7957453125 0.3857890625 0.7970453125 0.3905421875 0.8004453125 0.393709375 0.8033250000000001 0.393709375 0.8076234375 0.39301718750000003 0.8099578125000001 0.3872484375
0 0.778790625 0.39013437500000003 0.7842609375 0.3888015625 0.788775 0.3865515625 0.787784375 0.3856515625 0.785165625 0.38308593750000003 0.780815625 0.3830453125 0.7771281250000001 0.38678124999999997 0.778790625 0.39013437500000003
0 0.6342875 0.7270140625 0.6310546875 0.7296750000000001 0.62881875 0.7381671875 0.6282953124999999 0.745140625 0.63050625 0.7502718749999999 0.640428125 0.7520156250000001 0.646853125 0.757590625 0.64816875 0.7565875 0.648809375 0.7513234375 0.6523671875 0.7445546875 0.655315625 0.7402734375 0.653771875 0.7359734375 0.6502546875 0.734684375 0.6431734375 0.731128125 0.6404640625 0.7275421875 0.63595 0.72590625 0.6342875 0.7270140625
0 0.532353125 0.907990625 0.5351578124999999 0.9025140625000001 0.5324453124999999 0.8936140625 0.5286906250000001 0.8931203125 0.5229421875 0.8960687500000001 0.520065625 0.899303125 0.5189453125 0.9110250000000001 0.5218546875000001 0.9133703125 0.5281281250000001 0.9126749999999999 0.532353125 0.907990625
0 0.7405781250000001 0.9364968749999999 0.7415734375 0.9291515625000001 0.7344484375 0.9267843750000001 0.7309359375 0.929409375 0.7220390625 0.9290140625 0.7168390625 0.934090625 0.71671875 0.9382453125 0.721540625 0.9361234375 0.721440625 0.9388140625 0.74140625 0.9412703125 0.7405781250000001 0.9364968749999999
0 0.8270734375 0.9420718750000001 0.8200156249999999 0.94255625 0.8122999999999999 0.93910625 0.8062171875 0.9341687500000001 0.7927953125 0.9349296875 0.7787296875 0.9340703124999999 0.7682640625 0.93533125 0.7600859375 0.9390750000000001 0.7492828125 0.9412109375 0.819215625 0.9541578124999999 0.8589703125 0.959321875 0.9213265625 0.9703265625 0.9716640625 0.9771109375 0.9835312500000001 0.9769890625000001 0.9749328125 0.9732375 0.9769 0.9688968750000001 0.9752359374999999 0.9638828125 0.9727546874999999 0.9625859374999999 0.9671140625 0.9666953125 0.9652531249999999 0.9688609375 0.9572234375 0.9700625 0.9467546875 0.9678515624999999 0.9336874999999999 0.9665578125 0.9203359375 0.9638984374999999 0.9146328125000001 0.9641828125 0.9094546875 0.9589593750000001 0.90806875 0.957665625 0.9004875 0.955071875 0.895334375 0.9555875 0.8894453125 0.95638125 0.8803828125000001 0.955890625 0.8652359374999999 0.953028125 0.85055625 0.95255625 0.847725 0.9486390625000001 0.8405265625 0.940940625 0.8270734375 0.9420718750000001
0 0.8922921875000001 0.930715625 0.8870374999999999 0.93055 0.8847140625 0.931325 0.8822203125 0.933840625 0.8839640624999999 0.9384171875 0.886725 0.9387515625 0.8909328125 0.938403125 0.8917406250000001 0.9385359375 0.8948421874999999 0.9348359374999999 0.8922921875000001 0.930715625
0 0.9476000000000001 0.940025 0.9457000000000001 0.937840625 0.9400999999999999 0.9369484375000001 0.9377890624999999 0.9390265624999999 0.9369406250000001 0.9413500000000001 0.938515625 0.944571875 0.9420546875 0.9507562500000001 0.945640625 0.95095 0.94850625 0.9501125 0.9504234374999999 0.9440593749999999 0.9476000000000001 0.940025
0 0.7153765625 0.7971796875 0.707228125 0.8011265625 0.7108453124999999 0.8033812499999999 0.71180625 0.804159375 0.71806875 0.7986125000000001 0.7153765625 0.7971796875
0 0.7226109375 0.807040625 0.7206046875000001 0.804909375 0.7151609375 0.8050671875000001 0.716103125 0.808603125 0.7226109375 0.807040625
0 0.9652078124999999 0.667390625 0.96576875 0.666115625 0.9597171875000001 0.664715625 0.9537421875 0.66373125 0.9515234375 0.6666890624999999 0.9496484374999999 0.6704203125 0.9490390625 0.6736234375000001 0.9503796875000001 0.676528125 0.9542828125 0.678421875 0.9652078124999999 0.667390625
0 0.8394031249999999 0.5838484375 0.8419203124999999 0.5848203125 0.84401875 0.583825 0.8425 0.5793999999999999 0.8392781250000001 0.5779328125000001 0.8365984375 0.5806984374999999 0.8384640624999999 0.5835671875 0.8394031249999999 0.5838484375
0 0.8286468749999999 0.5644109375 0.8319000000000001 0.5656078124999999 0.8343921875 0.5633390625 0.8328484375 0.5588484375 0.8299562500000001 0.555284375 0.8264578124999999 0.5567515625 0.82570625 0.5590578125000001 0.8286468749999999 0.5644109375