0 0.574528125 0.6514546875 0.5765125 0.65079375 0.578125 0.6483140625 0.569940625 0.6387234375 0.56485625 0.6299609375 0.5569203125 0.630953125 0.5529515625 0.626653125 0.548734375 0.63260625 0.5455109375 0.633928125 0.5436515625 0.6383921875 0.547990625 0.6517859374999999 0.5494796875 0.652778125 0.5585312499999999 0.6526125 0.574528125 0.6514546875
0 0.5491078125 0.7015546875 0.5500984375 0.6956015625 0.53980625 0.6851859375 0.533109375 0.6752640624999999 0.5298859375 0.6729499999999999 0.5283984375 0.6732796875 0.5265375 0.6774140625 0.5280265625 0.7061843750000001 0.529390625 0.7089953125 0.5360859375 0.715278125 0.54141875 0.7180890625 0.5443953125000001 0.7161046875 0.5491078125 0.7015546875
0 0.636409375 0.643021875 0.6396328125 0.646659375 0.6439109375000001 0.6357468749999999 0.651971875 0.6452546875 0.661334375 0.6435187499999999 0.66319375 0.6387234375 0.66245 0.6334328124999999 0.6579859375 0.6274796874999999 0.6529015625000001 0.6245859375 0.6533984375 0.619709375 0.6498015625 0.6200390625 0.6439734374999999 0.61441875 0.640253125 0.6150796875 0.63516875 0.6221890625000001 0.634425 0.62681875 0.636409375 0.643021875
0 0.5388140625 0.7622359375000001 0.5412953125 0.7655421875 0.5431546875000001 0.7622359375000001 0.5403640625 0.758928125 0.5388140625 0.7622359375000001
0 0.651165625 0.2817453125 0.6557546875 0.27728125000000003 0.6545140625 0.272321875 0.65079375 0.268353125 0.647196875 0.26058125 0.6338046875 0.266865625 0.6294640625000001 0.27199062500000004 0.63045625 0.2766203125 0.6297125 0.2825734375 0.6352921874999999 0.2876984375 0.6396328125 0.2878640625 0.643725 0.28306875 0.651165625 0.2817453125
0 0.530134375 0.1120203125 0.528584375 0.1091265625 0.525484375 0.10540624999999999 0.5208328125 0.10292656250000001 0.5220734375 0.119875 0.5264140625 0.12152812500000001 0.53199375 0.12483437500000001 0.53354375 0.119875 0.5419140625 0.1194609375 0.54141875 0.11590625000000002 0.530134375 0.1120203125
0 0.7412578125 0.079778125 0.7390875 0.0777109375 0.7145953125 0.08060468750000001 0.720609375 0.08432500000000001 0.7375984375 0.0874671875 0.7412578125 0.08432500000000001 0.7412578125 0.079778125
0 0.78993125 0.070271875 0.78125 0.07151093750000001 0.7502484375 0.076471875 0.7714531250000001 0.0796953125 0.7767859374999999 0.0838296875 0.7806296875000001 0.0806875 0.7920390625 0.0780421875 0.8002234375 0.0780421875 0.8044390625 0.0806875 0.8084078124999999 0.08134843750000001 0.8121281249999999 0.0777109375 0.8272562499999999 0.0724203125 0.8314734375 0.07407343749999999 0.8431296875 0.0724203125 0.848834375 0.068121875 0.8519343750000001 0.062665625 0.8505703125 0.0611765625 0.8457343749999999 0.061590624999999996 0.78993125 0.070271875
0 0.8813859374999999 0.0863921875 0.8854171875000001 0.08845937499999999 0.8897562499999999 0.0901125 0.8937250000000001 0.085978125 0.8953374999999999 0.08060468750000001 0.8913078125 0.0789515625 0.88820625 0.0818453125 0.8844859375 0.079778125 0.8813859374999999 0.0863921875
0 0.9490734375000001 0.07357812500000001 0.9474203125 0.070546875 0.9468 0.0697203125 0.9441140625 0.0686171875 0.9414265625 0.0697203125 0.9395671875 0.06999531249999999 0.9399796874999999 0.07467968750000001 0.9383265625 0.07523125 0.9368796875 0.0774359375 0.93770625 0.0801921875 0.9426671875 0.0821203125 0.9439078125 0.079915625 0.9468 0.0782625 0.9488671875 0.07523125 0.9490734375000001 0.07357812500000001
0 0.9126984374999999 0.057043750000000004 0.9143515624999999 0.055665624999999996 0.9112515625000001 0.0540125 0.919725 0.052909375 0.9219984374999999 0.0507046875 0.91373125 0.0507046875 0.9083578125 0.052909375 0.894096875 0.055114062500000005 0.8930640625 0.05373750000000001 0.879215625 0.058421875 0.8796296874999999 0.06090156249999999 0.8856234374999999 0.061728125 0.8889296874999999 0.0611765625 0.89265 0.06310625 0.8969906249999999 0.064759375 0.8994703124999999 0.06448437500000001 0.9007109375000001 0.0620046875 0.9038109375 0.0611765625 0.9083578125 0.0622796875 0.9095984375 0.0620046875 0.910425 0.06090156249999999 0.908771875 0.0595234375 0.9126984374999999 0.057043750000000004
0 0.9730484374999999 0.04795 0.97325625 0.046571875 0.97056875 0.0457453125 0.9666421875 0.0454703125 0.963334375 0.0457453125 0.9631281250000001 0.046846874999999996 0.96436875 0.05125625 0.965815625 0.0542875 0.9676750000000001 0.055940625 0.9730484374999999 0.0562171875 0.9759421875 0.0548390625 0.9773890625 0.05125625 0.9755296875000001 0.049328125 0.9730484374999999 0.04795
0 0.9563078125000001 0.3419859375 0.9558937500000001 0.33950625 0.953828125 0.340884375 0.9525874999999999 0.3425375 0.9501078125 0.34529375 0.9490734375000001 0.34612031249999997 0.9501078125 0.34804843750000003 0.9521750000000001 0.35135625 0.9544484375 0.35300937499999996 0.9579609375 0.353284375 0.96168125 0.35300937499999996 0.9627156250000001 0.3524578125 0.9639546875 0.3505296875 0.9631281250000001 0.3477734375 0.9585812499999999 0.3436390625 0.9563078125000001 0.3419859375
0 0.7157328125 0.2204578125 0.7157328125 0.2185296875 0.7144921875 0.21356875 0.7113921875 0.212190625 0.7089125000000001 0.21549843750000003 0.7157328125 0.2204578125
0 0.72110625 0.2097109375 0.7190390625 0.20915937499999998 0.7186265625 0.2110890625 0.7204859375 0.21412031250000002 0.72110625 0.2097109375
0 0.7142859374999999 0.160659375 0.71221875 0.163690625 0.7142859374999999 0.16561874999999998 0.7159390625000001 0.1623125 0.7142859374999999 0.160659375
0 0.6440140624999999 0.1253859375 0.6440140624999999 0.12290625 0.6425671875 0.12152812500000001 0.6394671875 0.1220796875 0.6440140624999999 0.1253859375
0 0.43940156249999995 0 0.43836875 0.0060625 0.438575 0.016534375 0.44353437500000004 0.013778124999999999 0.4468421875 0 0.44477500000000003 0 0.4420890625 0 0.43940156249999995 0
0 0.4859046875 0 0.4859046875 0.013503125 0.4861109375 0.02094375 0.488384375 0.029485937499999997 0.48714375 0.03940625 0.48797187500000005 0.04795 0.48755781249999997 0.055390625000000006 0.48714375 0.061728125 0.488384375 0.06889375 0.48983125000000005 0.0760578125 0.49251875 0.0777109375 0.48921093750000005 0 0.4877640625 0 0.4859046875 0
0 0.4830109375 0.112984375 0.48197812500000003 0.11739375 0.48507812499999997 0.12125156249999999 0.48507812499999997 0.0912140625 0.483425 0.0906640625 0.482390625 0.0939703125 0.482184375 0.10389062499999999 0.48363125 0.11133124999999999 0.4830109375 0.112984375
0 0.4623421875 0.1763671875 0.461515625 0.181878125 0.46317031249999996 0.1824296875 0.46440937499999996 0.1782953125 0.4623421875 0.1763671875
0 0.8423 0.4395609375 0.8449703124999999 0.436253125 0.8453531249999999 0.43421875 0.8428718749999999 0.4332015625 0.8407734375 0.43142031249999996 0.83905625 0.4332015625 0.838484375 0.438034375 0.8411546875000001 0.44006875 0.8423 0.4395609375
0 0.8293265625 0.4614359375 0.8318078124999999 0.46041875 0.8350500000000001 0.456603125 0.8350500000000001 0.45405937500000004 0.831425 0.4510078125 0.8300906250000001 0.45075312500000003 0.8281828125 0.45431406250000006 0.8255109375 0.45940156249999997 0.8293265625 0.4614359375
0 0.8014734375 0.6239828125 0.79975625 0.627034375 0.7988015625 0.6311046874999999 0.8035718749999999 0.6321218749999999 0.8129203125 0.6300874999999999 0.8037625 0.62321875 0.8014734375 0.6239828125
0 0.78525 0.634665625 0.7892625 0.631359375 0.788303125 0.629578125 0.7862046874999999 0.6285609375 0.7829609375000001 0.628053125 0.7793359375 0.6311046874999999 0.7808625 0.6349203125 0.78525 0.634665625