0 0.5455109375 0.366071875 0.548734375 0.36739375 0.5529515625 0.373346875 0.5569203125 0.369046875 0.56485625 0.37003906249999996 0.569940625 0.3612765625 0.578125 0.3516859375 0.5765125 0.34920625 0.574528125 0.3485453125 0.5585312499999999 0.3473875 0.5494796875 0.347221875 0.547990625 0.3482140625 0.5436515625 0.3616078125 0.5455109375 0.366071875
0 0.5280265625 0.293815625 0.5265375 0.32258593750000003 0.5283984375 0.3267203125 0.5298859375 0.32705 0.533109375 0.32473593749999996 0.53980625 0.3148140625 0.5500984375 0.3043984375 0.5491078125 0.2984453125 0.5443953125000001 0.2838953125 0.54141875 0.2819109375 0.5360859375 0.284721875 0.529390625 0.29100468749999997 0.5280265625 0.293815625
0 0.6498015625 0.37996093750000004 0.6533984375 0.380290625 0.6529015625000001 0.3754140625 0.6579859375 0.3725203125 0.66245 0.3665671875 0.66319375 0.3612765625 0.661334375 0.35648124999999997 0.651971875 0.3547453125 0.6439109375000001 0.364253125 0.6396328125 0.353340625 0.636409375 0.35697812500000003 0.634425 0.37318125 0.63516875 0.3778109375 0.640253125 0.3849203125 0.6439734374999999 0.38558125 0.6498015625 0.37996093750000004
0 0.5403640625 0.241071875 0.5431546875000001 0.2377640625 0.5412953125 0.2344578125 0.5388140625 0.2377640625 0.5403640625 0.241071875
0 0.63045625 0.7233796875 0.6294640625000001 0.728009375 0.6338046875 0.733134375 0.647196875 0.73941875 0.65079375 0.731646875 0.6545140625 0.727678125 0.6557546875 0.7227187500000001 0.651165625 0.7182546875 0.643725 0.71693125 0.6396328125 0.7121359375 0.6352921874999999 0.7123015625 0.6297125 0.7174265625 0.63045625 0.7233796875
0 0.5264140625 0.878471875 0.5220734375 0.8801249999999999 0.5208328125 0.8970734374999999 0.525484375 0.89459375 0.528584375 0.8908734375 0.530134375 0.8879796875 0.54141875 0.8840937500000001 0.5419140625 0.8805390624999999 0.53354375 0.8801249999999999 0.53199375 0.875165625 0.5264140625 0.878471875
0 0.7390875 0.9222890625 0.7412578125 0.920221875 0.7412578125 0.915675 0.7375984375 0.9125328125 0.720609375 0.915675 0.7145953125 0.9193953125000001 0.7390875 0.9222890625
0 0.8431296875 0.9275796875 0.8314734375 0.9259265624999999 0.8272562499999999 0.9275796875 0.8121281249999999 0.9222890625 0.8084078124999999 0.9186515625 0.8044390625 0.9193125 0.8002234375 0.9219578125 0.7920390625 0.9219578125 0.7806296875000001 0.9193125 0.7767859374999999 0.9161703125 0.7714531250000001 0.9203046875 0.7502484375 0.923528125 0.78125 0.9284890625 0.78993125 0.9297281249999999 0.8457343749999999 0.938409375 0.8505703125 0.9388234375 0.8519343750000001 0.937334375 0.848834375 0.9318781250000001 0.8431296875 0.9275796875
0 0.8937250000000001 0.9140218750000001 0.8897562499999999 0.9098875 0.8854171875000001 0.911540625 0.8813859374999999 0.9136078124999999 0.8844859375 0.920221875 0.88820625 0.9181546875000001 0.8913078125 0.9210484375 0.8953374999999999 0.9193953125000001 0.8937250000000001 0.9140218750000001
0 0.93770625 0.9198078125 0.9368796875 0.9225640625 0.9383265625 0.9247687499999999 0.9399796874999999 0.9253203125 0.9395671875 0.9300046875 0.9414265625 0.9302796875 0.9441140625 0.9313828125000001 0.9468 0.9302796875 0.9474203125 0.929453125 0.9490734375000001 0.926421875 0.9488671875 0.9247687499999999 0.9468 0.9217375000000001 0.9439078125 0.9200843750000001 0.9426671875 0.9178796874999999 0.93770625 0.9198078125
0 0.9038109375 0.9388234375 0.9007109375000001 0.9379953125 0.8994703124999999 0.9355156250000001 0.8969906249999999 0.9352406249999999 0.89265 0.93689375 0.8889296874999999 0.9388234375 0.8856234374999999 0.9382718750000001 0.8796296874999999 0.9390984375 0.879215625 0.941578125 0.8930640625 0.9462624999999999 0.894096875 0.9448859374999999 0.9083578125 0.9470906250000001 0.91373125 0.9492953125 0.9219984374999999 0.9492953125 0.919725 0.9470906250000001 0.9112515625000001 0.9459875 0.9143515624999999 0.9443343750000001 0.9126984374999999 0.9429562499999999 0.908771875 0.9404765625 0.910425 0.9390984375 0.9095984375 0.9379953125 0.9083578125 0.9377203125 0.9038109375 0.9388234375
0 0.9676750000000001 0.9440593749999999 0.965815625 0.9457125 0.96436875 0.94874375 0.9631281250000001 0.953153125 0.963334375 0.9542546875 0.9666421875 0.9545296875 0.97056875 0.9542546875 0.97325625 0.953428125 0.9730484374999999 0.9520500000000001 0.9755296875000001 0.9506718749999999 0.9773890625 0.94874375 0.9759421875 0.9451609375000001 0.9730484374999999 0.9437828125 0.9676750000000001 0.9440593749999999
0 0.96168125 0.646990625 0.9579609375 0.646715625 0.9544484375 0.646990625 0.9521750000000001 0.64864375 0.9501078125 0.6519515625000001 0.9490734375000001 0.6538796875 0.9501078125 0.65470625 0.9525874999999999 0.6574625000000001 0.953828125 0.659115625 0.9558937500000001 0.66049375 0.9563078125000001 0.6580140625 0.9585812499999999 0.6563609375 0.9631281250000001 0.6522265625 0.9639546875 0.6494703125 0.9627156250000001 0.6475421875 0.96168125 0.646990625
0 0.7157328125 0.7795421874999999 0.7089125000000001 0.7845015625 0.7113921875 0.7878093749999999 0.7144921875 0.7864312499999999 0.7157328125 0.7814703125 0.7157328125 0.7795421874999999
0 0.7204859375 0.7858796875 0.7186265625 0.7889109375000001 0.7190390625 0.790840625 0.72110625 0.7902890625000001 0.7204859375 0.7858796875
0 0.7159390625000001 0.8376875 0.7142859374999999 0.8343812500000001 0.71221875 0.8363093750000001 0.7142859374999999 0.839340625 0.7159390625000001 0.8376875
0 0.6394671875 0.8779203125 0.6425671875 0.878471875 0.6440140624999999 0.87709375 0.6440140624999999 0.8746140625000001 0.6394671875 0.8779203125
0 0.4468421875 1 0.44353437500000004 0.986221875 0.438575 0.983465625 0.43836875 0.9939375 0.43940156249999995 1 0.4420890625 1 0.44477500000000003 1 0.4468421875 1
0 0.48921093750000005 1 0.49251875 0.9222890625 0.48983125000000005 0.9239421875 0.488384375 0.93110625 0.48714375 0.9382718750000001 0.48755781249999997 0.944609375 0.48797187500000005 0.9520500000000001 0.48714375 0.9605937499999999 0.488384375 0.9705140625 0.4861109375 0.97905625 0.4859046875 0.9864968749999999 0.4859046875 1 0.4877640625 1 0.48921093750000005 1
0 0.48507812499999997 0.9087859375 0.48507812499999997 0.8787484375 0.48197812500000003 0.88260625 0.4830109375 0.8870156250000001 0.48363125 0.8886687500000001 0.482184375 0.896109375 0.482390625 0.9060296875 0.483425 0.9093359375000001 0.48507812499999997 0.9087859375
0 0.46440937499999996 0.8217046874999999 0.46317031249999996 0.8175703125 0.461515625 0.8181218749999999 0.4623421875 0.8236328125 0.46440937499999996 0.8217046874999999
0 0.8428718749999999 0.5667984374999999 0.8453531249999999 0.56578125 0.8449703124999999 0.563746875 0.8423 0.5604390625 0.8411546875000001 0.55993125 0.838484375 0.561965625 0.83905625 0.5667984374999999 0.8407734375 0.5685796875 0.8428718749999999 0.5667984374999999
0 0.8350500000000001 0.545940625 0.8350500000000001 0.543396875 0.8318078124999999 0.53958125 0.8293265625 0.5385640625 0.8255109375 0.5405984375 0.8281828125 0.5456859374999999 0.8300906250000001 0.5492468749999999 0.831425 0.5489921875 0.8350500000000001 0.545940625
0 0.79975625 0.372965625 0.8014734375 0.3760171875 0.8037625 0.37678124999999996 0.8129203125 0.3699125 0.8035718749999999 0.367878125 0.7988015625 0.36889531249999996 0.79975625 0.372965625
0 0.788303125 0.370421875 0.7892625 0.368640625 0.78525 0.365334375 0.7808625 0.3650796875 0.7793359375 0.36889531249999996 0.7829609375000001 0.371946875 0.7862046874999999 0.37143906250000003 0.788303125 0.370421875