0 0.4486671875 0.08735937499999999 0.447746875 0.083478125 0.4478640625 0.0726609375 0.44685312499999996 0.05366875 0.44727812499999997 0.04980625 0.44930624999999996 0.0436828125 0.450275 0.0297609375 0.44611406249999996 0.0158125 0.44314375000000006 0.0141875 0.44146875 0.013640625 0.44547968750000005 0.1570359375 0.44913437500000003 0.1501046875 0.45166093749999997 0.144340625 0.4516296875 0.1369703125 0.45216093749999997 0.1320984375 0.450465625 0.1275828125 0.45161093750000003 0.12421718749999999 0.451284375 0.120296875 0.44820937499999997 0.11645468750000001 0.44776249999999995 0.110709375 0.45033593749999995 0.10046718750000001 0.453125 0.0938921875 0.45326875 0.0876765625 0.4486671875 0.08735937499999999
0 0.4563859375 0.0991515625 0.45281874999999994 0.10366875 0.452884375 0.1100484375 0.45413125 0.11392968750000002 0.45739843750000003 0.11825000000000001 0.45974531250000006 0.11778124999999999 0.4572984375 0.1156625 0.45994375 0.1137984375 0.4690984375 0.11366406250000001 0.46967968750000005 0.10873437500000001 0.4628734375 0.10996718750000001 0.45783281249999996 0.10056562499999999 0.4563859375 0.0991515625
0 0.48995468750000004 0.16144843749999999 0.48794062499999996 0.1692109375 0.4924109375 0.1720625 0.49204687500000005 0.160546875 0.48995468750000004 0.16144843749999999
0 0.44725937499999996 0.2060234375 0.44782656249999997 0.245515625 0.450609375 0.2462703125 0.45016875 0.2065765625 0.44725937499999996 0.2060234375
0 0.44555625 0.2779609375 0.44507343749999995 0.2822765625 0.4455234375 0.288196875 0.4413796875 0.28688125000000003 0.4386671875 0.2873015625 0.43617656250000003 0.2948671875 0.44899218750000003 0.2949625 0.44828906249999995 0.2620703125 0.444365625 0.26463125 0.444159375 0.26653125 0.44555625 0.2779609375
0 0.4094421875 0.189471875 0.4137046875 0.1891546875 0.41846562499999995 0.1900203125 0.423671875 0.19013750000000001 0.42981875 0.1920625 0.4351671875 0.1920609375 0.43850468749999993 0.190059375 0.44361249999999997 0.18638125 0.32699687499999996 0.18788906249999998 0.3377625 0.1910859375 0.343134375 0.192646875 0.3471890625 0.19118125 0.3542140625 0.1893375 0.35865 0.191146875 0.3659984375 0.1907703125 0.3699984375 0.191934375 0.3758421875 0.1933765625 0.3803625 0.19206875 0.3823140625 0.18878124999999998 0.39396875 0.1886234375 0.400609375 0.18895937499999998 0.4094421875 0.189471875
0 0.064325 0.1981921875 0.061 0.2037984375 0.0632140625 0.2081703125 0.067675 0.209396875 0.0715171875 0.2102328125 0.075975 0.2126125 0.0817078125 0.21659531250000003 0.08446875000000001 0.2133921875 0.08113437500000001 0.21099687500000003 0.0766140625 0.2083640625 0.0743984375 0.206003125 0.0733078125 0.20001406249999998 0.0712546875 0.197653125 0.06768437499999999 0.1972203125 0.064325 0.1981921875
0 0.07564531249999999 0.188078125 0.0753046875 0.190428125 0.095871875 0.1913796875 0.10710312500000001 0.1909734375 0.1340140625 0.1900140625 0.134859375 0.18889375 0.1303390625 0.1878125 0.12452343749999999 0.18781562499999999 0.118428125 0.1887265625 0.11099218749999999 0.188609375 0.09533125 0.1863765625 0.09187656250000001 0.1863765625 0.08558750000000001 0.1866546875 0.07564531249999999 0.188078125
0 0 0.2211671875 0.006221875 0.230609375 0.011740625000000001 0.23557968749999997 0.009334375 0.22492499999999999 0.0042125 0.2197828125 0 0.21512343750000001 0 0.2211671875
0 0.08619062499999999 0.342846875 0.08415937500000001 0.337303125 0.0794890625 0.3332703125 0.078315625 0.334025 0.08614374999999999 0.347371875 0.090615625 0.3537703125 0.096559375 0.3608609375 0.0982515625 0.35730625 0.0944921875 0.354134375 0.0899921875 0.347109375 0.0884578125 0.347584375 0.08619062499999999 0.342846875
0 0.10615156249999999 0.071759375 0.101934375 0.07407343749999999 0.10168593749999999 0.0760578125 0.10515937500000001 0.08333281249999999 0.10863125 0.0873015625 0.1123515625 0.0892859375 0.11483125000000001 0.0929234375 0.11359062499999999 0.09622968750000001 0.11458281249999999 0.097884375 0.1235125 0.1035046875 0.12723281250000001 0.10019843749999999 0.134671875 0.10482812500000001 0.13516875 0.10780468750000001 0.139384375 0.1094578125 0.15625 0.1097890625 0.15724218750000002 0.10780468750000001 0.15426562500000002 0.10515937500000001 0.1530265625 0.09755312499999999 0.155009375 0.0952375 0.15550625 0.0909390625 0.15699375 0.0906078125 0.16245 0.0995375 0.1619546875 0.1038359375 0.1626984375 0.10515937500000001 0.165675 0.10648125 0.1750984375 0.10615156249999999 0.178075 0.1091265625 0.17584375000000002 0.115409375 0.184771875 0.12169375 0.1845234375 0.12566093750000001 0.181546875 0.12962968749999998 0.1817953125 0.13194375 0.18353124999999998 0.1332671875 0.1994046875 0.13459062500000002 0.201140625 0.13425937500000001 0.20386875 0.12996093749999998 0.20585312500000003 0.1312828125 0.21230156249999999 0.13161406250000002 0.22147812500000003 0.12996093749999998 0.22494999999999998 0.126653125 0.22494999999999998 0.12533125 0.22147812500000003 0.123015625 0.22098281250000001 0.12103124999999999 0.224703125 0.117725 0.23115156250000002 0.1150796875 0.232390625 0.11144218749999998 0.23164687499999997 0.1071421875 0.2393359375 0.09556875000000001 0.237846875 0.08895468749999999 0.2333828125 0.0873015625 0.22966250000000002 0.079034375 0.2239578125 0.0777109375 0.2224703125 0.07407343749999999 0.21899843749999998 0.0727515625 0.216765625 0.07407343749999999 0.2172625 0.0760578125 0.21651718749999999 0.0767203125 0.21255000000000002 0.07638906250000001 0.21006874999999997 0.0744046875 0.2068453125 0.07572812500000001 0.20535781250000001 0.0796953125 0.2056046875 0.0816796875 0.20436562500000002 0.083003125 0.20188437499999998 0.082340625 0.1984125 0.078703125 0.1966765625 0.079034375 0.194940625 0.08134843750000001 0.1954359375 0.086309375 0.18353124999999998 0.0734125 0.180059375 0.0744046875 0.178571875 0.078703125 0.1765875 0.0796953125 0.17137968750000002 0.071759375 0.16691406250000002 0.07010625000000001 0.16121093749999998 0.0707671875 0.1587296875 0.069775 0.1579859375 0.0687828125 0.1592265625 0.06448437500000001 0.1579859375 0.06283125 0.15848281250000001 0.055556249999999995 0.15426562500000002 0.0502640625 0.1515375 0.0486109375 0.0952375 0.04795 0.081596875 0.0486109375 0.07911718749999999 0.05125625 0.0786203125 0.054564062499999996 0.08060468750000001 0.056878125 0.0818453125 0.0611765625 0.089534375 0.0661375 0.09474218749999999 0.06779062500000001 0.10094218749999999 0.06779062500000001 0.1071421875 0.0667984375 0.10887968750000002 0.0651453125 0.112103125 0.0654765625 0.108134375 0.068453125 0.10615156249999999 0.071759375
0 0.27265625 0.296875 0.2625 0.29921875 0.2734375 0.30390625 0.27265625 0.296875