0 0.597884375 0.427828125 0.5998671875 0.4322921875 0.6018515625 0.4327875 0.6005296875 0.42807500000000004 0.5988749999999999 0.4265875 0.5856484375 0.42088281250000004 0.5651453125 0.40997031249999993 0.55555625 0.40625 0.5439812500000001 0.3998015625 0.5416671875 0.399553125 0.5317453125 0.40997031249999993 0.5340609374999999 0.4223703125 0.5370375000000001 0.42559531249999993 0.539021875 0.4350203125 0.5423281249999999 0.4427078125 0.5410046875 0.45014843750000005 0.5439812500000001 0.45014843750000005 0.5443125 0.4407234375 0.540675 0.43204374999999995 0.552909375 0.4350203125 0.5796953125 0.4310515625 0.586640625 0.431546875 0.5873015625 0.43055625 0.584325 0.4295640625 0.5873015625 0.4270828125 0.59556875 0.42633906250000003 0.597884375 0.427828125
0 0.68419375 0.42286718749999996 0.6845234375 0.4109625 0.68783125 0.4161703125 0.689153125 0.4213796875 0.6937828125000001 0.423115625 0.6957671875 0.4223703125 0.6984125 0.41840312500000004 0.694775 0.4134421875 0.6957671875 0.412203125 0.714615625 0.40922656249999995 0.70965625 0.4037703125 0.6855156250000001 0.3834328125 0.6220234375 0.36483125 0.6200390625 0.366071875 0.619709375 0.3685515625 0.62466875 0.3812 0.630621875 0.380953125 0.641534375 0.378471875 0.6474875 0.378471875 0.6481484375 0.3814484375 0.646825 0.384425 0.6498015625 0.387153125 0.649140625 0.394840625 0.6537703125000001 0.4047625 0.6584 0.41170625000000005 0.6673281249999999 0.4186515625 0.6722890625 0.41914687500000003 0.674603125 0.41840312500000004 0.6765875 0.4216265625 0.68419375 0.42286718749999996
0 0.696515625 0.428903125 0.69133125 0.435396875 0.6912890625 0.43791874999999997 0.6999515625 0.4308375 0.6991953125 0.42980156249999996 0.696515625 0.428903125
0 0.6606796875 0.373090625 0.6626875 0.374153125 0.665046875 0.3736046875 0.6662265625 0.371403125 0.6656015625 0.36954375 0.6642296875 0.369371875 0.6616359375 0.37083125 0.6606796875 0.373090625
0 0.6718578125 0.37506093749999997 0.670159375 0.3749703125 0.6692328125 0.37527343750000003 0.6689453125 0.37751718749999996 0.671734375 0.37845 0.6737421875 0.3780296875 0.674565625 0.376771875 0.6733515625 0.3751640625 0.6718578125 0.37506093749999997
0 0.4834703125 0.20447968749999998 0.483240625 0.20290312500000002 0.479984375 0.20044218749999998 0.47204375 0.19421875 0.4658015625 0.1863609375 0.4625203125 0.1801328125 0.45517812500000004 0.17694062500000002 0.45591406250000005 0.17261875 0.439190625 0.1676140625 0.4300171875 0.15949375 0.4237921875 0.1513078125 0.4099375 0.14209375 0.3970125 0.131771875 0.39303125 0.1283484375 0.3859484375 0.124759375 0.5133625 0.2344859375 0.582378125 0.2933484375 0.5849859375 0.29128125 0.581253125 0.285909375 0.5824765625 0.2834828125 0.5771703125000001 0.275225 0.5681703125 0.267075 0.5646203125 0.26237656249999997 0.55450625 0.258996875 0.5499078125 0.25465625 0.5460828125 0.2501234375 0.5370578125 0.24479062499999998 0.5278828125 0.23663125 0.5196921875 0.23113125 0.5081421875000001 0.22061250000000002 0.502040625 0.21576875 0.49382656249999995 0.21465625 0.48929999999999996 0.20910781250000002 0.4834703125 0.20447968749999998
0 0.6009796875 0.29860312499999997 0.60214375 0.2939484375 0.600553125 0.2913765625 0.598978125 0.29010156249999997 0.5967921875 0.29 0.5925296875 0.2935984375 0.5922578125 0.29647812500000004 0.5923984375 0.2985109375 0.5976671875 0.29934531249999996 0.6009796875 0.29860312499999997
0 0.8009031249999999 0.4315171875 0.7978375 0.42874999999999996 0.7943687500000001 0.426721875 0.7930828125 0.42449843749999994 0.78999375 0.42926875000000003 0.7956765625 0.433728125 0.7991625 0.43417031250000004 0.8009031249999999 0.4315171875
0 0.751996875 0.3801609375 0.7484984375 0.3817125 0.7565890625 0.3893125 0.756659375 0.3882078125 0.7559765625 0.382953125 0.7558906249999999 0.3824015625 0.7543 0.380846875 0.751996875 0.3801609375
0 0.91275 0.41235625000000004 0.9088671875 0.40523437500000004 0.8999593750000001 0.40255625000000006 0.8928 0.403928125 0.8851640625 0.4053 0.8779046875000001 0.4051578125 0.8736921875 0.40357031250000003 0.8678234375 0.40342500000000003 0.872075 0.397409375 0.8704625 0.39584375 0.8651687499999999 0.3949890625 0.862846875 0.4043140625 0.860525 0.4094203125 0.8498078124999999 0.419984375 0.8531578124999999 0.42243593749999997 0.8926703125 0.44274375 0.90246875 0.44063281249999997 0.8987031249999999 0.43533906250000004 0.8973109375 0.431021875 0.8980109374999999 0.42719375 0.8971031249999999 0.42214999999999997 0.894925 0.418575 0.8918984375000001 0.4148484375 0.8887546875 0.4111109375 0.887609375 0.407625 0.8980640624999999 0.404421875 0.9109875000000001 0.411878125 0.91275 0.41235625000000004
0 0.8942921875 0.365065625 0.8715468749999999 0.3541109375 0.8710875 0.3566421875 0.872790625 0.360384375 0.8713484375 0.36253125 0.8704984375 0.3643328125 0.872303125 0.3662078125 0.8774078125000001 0.366321875 0.8827953125000001 0.3642359375 0.8942921875 0.365065625
0 0.978284375 0.29174375 0.97625 0.2888125 0.97406875 0.2873328125 0.9728078124999999 0.28446875 0.9722531249999999 0.2800390625 0.9718890625000001 0.2771546875 0.9696265625 0.27815 0.9658609374999999 0.2779609375 0.9662609375000001 0.28169218749999997 0.964540625 0.28309687499999997 0.9620562500000001 0.2812203125 0.9661875 0.2772515625 0.972425 0.26692343749999997 0.9964187499999999 0.23978125 0.9943 0.23763125000000002 0.9869859375000001 0.2448078125 0.9798562499999999 0.2543421875 0.9730078125 0.26254374999999996 0.9606656250000001 0.2646921875 0.9518140624999999 0.2646234375 0.9504640625 0.2627484375 0.944571875 0.26435624999999996 0.9421765625 0.2654953125 0.93845625 0.2683140625 0.9371937499999999 0.2649453125 0.9386859375000001 0.26942499999999997 0.9329625 0.2596484375 0.9252890624999999 0.2599875 0.92469375 0.26289843749999997 0.9268921875 0.265696875 0.9232296874999999 0.268353125 0.9196375 0.26799375 0.9107953125 0.2694375 0.8981843749999999 0.27130156250000004 0.927725 0.30571875 0.934671875 0.305025 0.93965 0.30383125 0.9414546874999999 0.3044875 0.9453703125 0.30261875 0.9466734375 0.30525156249999996 0.9506406249999999 0.31043125 0.9522796874999999 0.31223125 0.954409375 0.315128125 0.9569765625000001 0.31579999999999997 0.9645781250000001 0.315203125 0.973040625 0.3149328125 0.9766921875 0.31434843749999997 0.9783109375000001 0.3108890625 0.9767515625 0.3069359375 0.973925 0.3016203125 0.9767484375000001 0.29936250000000003 0.9851140624999999 0.2931859375 0.9840046875 0.2919390625 0.978284375 0.29174375
0 0.9075890624999999 0.2341078125 0.9088875 0.23163125 0.90661875 0.23132031249999999 0.9036937500000001 0.23155781250000002 0.903503125 0.23221875 0.9040328125 0.23440937499999998 0.9075890624999999 0.2341078125
0 1 0.3465671875 0.998303125 0.347284375 0.9972749999999999 0.346846875 0.9934359374999999 0.34745 0.9908531249999999 0.3487296875 0.9897984375 0.3477734375 0.989003125 0.34498281249999996 0.98649375 0.34175 0.9857390625000001 0.34579218749999996 0.987078125 0.3493703125 0.9895968749999999 0.35250625 0.991125 0.34983125 0.9916890625000001 0.35241875 0.9938218750000001 0.3570890625 0.99460625 0.360415625 0.9969312499999999 0.36310937499999996 0.99960625 0.364159375 1 0.3465671875
0 0.8155374999999999 0.5947453125 0.8218156249999999 0.5978 0.8210875 0.60213125 0.8242375 0.60133125 0.82756875 0.601240625 0.830459375 0.6023265624999999 0.8374734374999999 0.6065234375 0.8437296875 0.60704375 0.8412656249999999 0.60596875 0.8413546875 0.6042500000000001 0.8436999999999999 0.599328125 0.8486156250000001 0.6005015625000001 0.842321875 0.5952484375 0.823853125 0.5815421875 0.8197359375 0.5875359375 0.8155374999999999 0.5947453125
0 0.8886843750000001 0.55704375 0.886034375 0.5613406249999999 0.8791390625 0.567103125 0.8769296875 0.569659375 0.8818625000000001 0.570171875 0.888753125 0.569909375 0.8945874999999999 0.5688078125 0.9008703125 0.5679203125 0.896528125 0.5633375 0.8886843750000001 0.55704375
0 0.84413125 0.658365625 0.84451875 0.6590390625 0.845665625 0.6648640625 0.8509296875000001 0.6678203125 0.8474640625 0.6536640625000001 0.8307609375 0.653246875 0.8309749999999999 0.6554765625 0.8356046875 0.657371875 0.8335828125000001 0.659234375 0.8333515625000001 0.6622703125 0.8402828124999999 0.660959375 0.84413125 0.658365625
0 0.8553796874999999 0.677715625 0.846859375 0.678053125 0.8396609375 0.6774078125 0.8325890625 0.67791875 0.830453125 0.6829203125000001 0.8300328125 0.6853234375 0.8337656250000001 0.6881906250000001 0.8352031249999999 0.690609375 0.83691875 0.6959640625 0.8383109375 0.69908125 0.8458718749999999 0.698615625 0.84249375 0.7001875 0.8447390625000001 0.7019171875 0.8498890625 0.7013265625 0.8528499999999999 0.6975796875 0.8617953125 0.7045140625 0.859240625 0.6943078125000001 0.8573546875 0.689521875 0.85603125 0.6854875 0.8560265625 0.6810937499999999 0.8553796874999999 0.677715625
0 0.7835921875 0.6943937499999999 0.7897546875 0.6928640625 0.8001531249999999 0.6963921875 0.8052484375000001 0.697278125 0.8015203124999999 0.6935265625 0.795421875 0.6903406249999999 0.8044890625000001 0.688853125 0.8121484375 0.687371875 0.8118390625 0.683284375 0.805175 0.6798093749999999 0.7998921875 0.6819265624999999 0.7911078125000001 0.683790625 0.7814828125 0.684784375 0.7705234375 0.6856 0.7656640625 0.6850453125 0.75364375 0.6831515625 0.7668359375 0.686359375 0.77315 0.6950984375 0.761609375 0.6916578125 0.7545796874999999 0.6940765625 0.755278125 0.6970578125 0.7589406249999999 0.699296875 0.7687015625 0.6974265625 0.77666875 0.703625 0.779221875 0.703990625 0.7800109375 0.69776875 0.7835921875 0.6943937499999999
0 0.8104234375000001 0.9277124999999999 0.8080187499999999 0.9307890625 0.8044796875 0.9359531249999999 0.80458125 0.9382375 0.8078203125 0.9375359375000001 0.8101203124999999 0.9414390625 0.8117421874999999 0.9448421874999999 0.8136578125 0.9476015625 0.8182171874999999 0.945640625 0.8206828125 0.9475843749999999 0.8212828125 0.9427359375 0.8212421875 0.9372390625 0.8206921875000001 0.9346640624999999 0.8171703125 0.9294218750000001 0.8152234375 0.9277234375000001 0.8104234375000001 0.9277124999999999
0 0.8939625 1 0.8963984375 0.99560625 0.8962796875000001 0.992909375 0.890015625 0.971525 0.8937640625000001 0.9743375000000001 0.8967234375 0.979584375 0.8992453125000001 0.9812890624999999 0.9020640625 0.9796578125 0.9060296875 0.9773921874999999 0.9094125 0.9746796874999999 0.9113515624999999 0.9709312499999999 0.91198125 0.9685937499999999 0.9110734375 0.9648031250000001 0.9112921875 0.9618328125 0.9110390625000001 0.9586062500000001 0.9086812500000001 0.9568687499999999 0.9048343750000001 0.95638125 0.900075 0.95685 0.8789765624999999 0.9615218750000001 0.8783593749999999 0.9596218750000001 0.880503125 0.9577500000000001 0.8813000000000001 0.9523734375 0.884540625 0.9523484375000001 0.883165625 0.9489281249999999 0.8727124999999999 0.9433390625 0.8691531250000001 0.9426249999999999 0.8675953125 0.939153125 0.8559609375000001 0.9431046875 0.8569703125 0.9457625000000001 0.8561249999999999 0.9512546875 0.8589453125000001 0.9581406250000001 0.8626984375 0.9724828125 0.8626953125 0.9804468749999999 0.8574453125 0.9772203125000001 0.8545984375 0.9787640625 0.8532859374999999 0.981828125 0.8547921875 0.9856578125000001 0.8605359375000001 0.9874046875 0.8666874999999999 0.986515625 0.8731500000000001 0.9851078125000001 0.8748421875 0.9864890624999999 0.877034375 0.987496875 0.870959375 0.9885875000000001 0.8688734374999999 0.9915484375 0.8690890625 0.997303125 0.8719234374999999 1 0.8939625 1
0 0.5651453125 0.8467265625 0.56216875 0.8506937499999999 0.5638234375 0.8588796875 0.5727515624999999 0.865575 0.5803578125 0.8675593750000001 0.5856484375 0.8653281249999999 0.585978125 0.8539187500000001 0.58829375 0.8536703125 0.5929234375 0.8678078125 0.59556875 0.8725203125000001 0.597884375 0.8732640625 0.603175 0.8720234375 0.6054890625 0.8700390625000001 0.6061515625 0.8683031250000001 0.6048281249999999 0.8650796875 0.6127640624999999 0.86011875 0.6140875 0.8561515625 0.615740625 0.8556546875000001 0.6164015625 0.8539187500000001 0.616071875 0.8514390625000001 0.6147484375000001 0.8514390625000001 0.6127640624999999 0.8484624999999999 0.6164015625 0.8489578124999999 0.6183859375 0.846478125 0.612103125 0.8221718750000001 0.61011875 0.8199406249999999 0.6054890625 0.8191968749999999 0.608465625 0.8139875 0.5995375000000001 0.8129953125 0.5952375 0.8142359375 0.5945765625 0.8191968749999999 0.5876328125 0.8206843750000001 0.5816796875 0.8271328125 0.5767203125 0.8286203125 0.575396875 0.831596875 0.5770500000000001 0.8365578125 0.5760578125 0.8382937500000001 0.5873015625 0.8373015625000001 0.5886250000000001 0.8368062500000001 0.5886250000000001 0.8353171875 0.590278125 0.8350687499999999 0.5995375000000001 0.8350687499999999 0.6005296875 0.8363093750000001 0.5995375000000001 0.8377968750000001 0.597884375 0.8390375000000001 0.5651453125 0.8467265625
0 0.5479812500000001 0.8559687500000001 0.54774375 0.860721875 0.5532890625 0.8618859375 0.553240625 0.855159375 0.5479812500000001 0.8559687500000001
0 0.5194109375 0.8576140625 0.5239812500000001 0.8544859375 0.5213015624999999 0.8531546875 0.519103125 0.8537968749999999 0.5151484375 0.8566125 0.5163078125 0.85820625 0.5194109375 0.8576140625
0 0.5105078125 0.8391515625 0.5108828125 0.8352187499999999 0.5088234375 0.8331625 0.5073671875 0.8359687499999999 0.5091875 0.8376546875 0.5105078125 0.8391515625
0 0.645040625 0.6810171875 0.642228125 0.683584375 0.643275 0.6870890625 0.647621875 0.68665 0.660384375 0.6817953125 0.6566062500000001 0.6799328124999999 0.652965625 0.6799328124999999 0.645040625 0.6810171875
0 0.3315109375 0.71323125 0.33940468749999997 0.71205 0.3406890625 0.715128125 0.3419578125 0.7237078125 0.3468953125 0.730665625 0.3503328125 0.7336 0.3543421875 0.7374968749999999 0.386225 0.73090625 0.3882203125 0.72893125 0.389490625 0.72566875 0.38763281250000003 0.722040625 0.3823453125 0.721234375 0.3757328125 0.7175125 0.374428125 0.7120968750000001 0.3686359375 0.7092046875 0.366071875 0.7057203125 0.36229062500000003 0.7033343750000001 0.3592796875 0.6952453125 0.3563640625 0.69283125 0.3418734375 0.6938609375 0.3379359375 0.6979140625 0.3328609375 0.6968171875 0.3260046875 0.7046953125 0.32916249999999997 0.7095828125 0.3315109375 0.71323125
0 0.29788749999999997 0.7776453125 0.2978078125 0.77068125 0.2967421875 0.7631015624999999 0.2925421875 0.756875 0.3057796875 0.7499374999999999 0.3066640625 0.746325 0.31663125000000003 0.7457046875 0.323459375 0.7481015625 0.331715625 0.751171875 0.3295828125 0.74405 0.329278125 0.7288765625 0.32313281250000003 0.7293203125 0.3143203125 0.728115625 0.311515625 0.7264875 0.3085859375 0.72321875 0.3167390625 0.719215625 0.315578125 0.71561875 0.322815625 0.7045546875 0.325325 0.6962828125 0.323803125 0.6927296875 0.32072968749999997 0.6887375 0.31683125 0.6856828125 0.307228125 0.6860046875 0.2970890625 0.691175 0.2820578125 0.6922515625 0.2786984375 0.6975875 0.2758125 0.7016078125 0.2699796875 0.7092515625 0.2610109375 0.7151796874999999 0.2544296875 0.72574375 0.23883593749999998 0.7418375 0.231828125 0.7499140625 0.22380468750000002 0.7599640625 0.222515625 0.7698046875 0.23158125 0.7867796874999999 0.2412828125 0.787146875 0.2578375 0.785571875 0.282178125 0.78110625 0.2936671875 0.784965625 0.29774218750000003 0.7850109375 0.29788749999999997 0.7776453125
0 0.31891875000000003 0.6620234375 0.3354234375 0.6588328125 0.341053125 0.6597703125 0.3419859375 0.6575359375 0.33135781249999996 0.6557046875 0.3226703125 0.6563671875 0.3151046875 0.6573156250000001 0.309921875 0.662915625 0.31891875000000003 0.6620234375
0 0.43853593750000003 0.66478125 0.44708125 0.6607671875000001 0.4495078125 0.6552890625 0.44772968750000003 0.6468265625 0.438928125 0.6374328125 0.4436453125 0.629040625 0.44783906250000005 0.6186078125 0.438490625 0.6177374999999999 0.4341953125 0.6107750000000001 0.43846406250000003 0.5963859375 0.43314062499999995 0.5895046875000001 0.41547343750000004 0.5818125000000001 0.405896875 0.569421875 0.40162812499999995 0.5711453125 0.4002796875 0.5758171875 0.39068749999999997 0.5825421875 0.3859015625 0.5865640625 0.3776640625 0.5869187499999999 0.372453125 0.5907734375 0.3661765625 0.5991265625 0.361471875 0.605159375 0.35757343750000004 0.6084640625 0.35424687499999996 0.6146765624999999 0.354128125 0.623859375 0.353871875 0.6332546875 0.35621718750000003 0.6419703125 0.3615703125 0.6466359374999999 0.36904375 0.649359375 0.3882671875 0.64644375 0.39744531250000004 0.6485015625 0.3931015625 0.6548484375 0.38896406250000004 0.6589765625 0.39585312500000003 0.6661953125 0.40101875 0.6714562500000001 0.4070578125 0.672078125 0.42202343750000004 0.669428125 0.43853593750000003 0.66478125
0 0.2514296875 0.182634375 0.2650078125 0.1769296875 0.27308750000000004 0.173678125 0.2529265625 0.16404375 0.2133921875 0.1458328125 0.2111328125 0.1456875 0.209125 0.15045312500000002 0.2075734375 0.1589234375 0.20232187499999998 0.1643953125 0.205003125 0.1939890625 0.209440625 0.19625937499999999 0.20847968749999998 0.174665625 0.22329062500000002 0.17257499999999998 0.23374375 0.1772265625 0.24796093749999998 0.18650625 0.24580937500000002 0.1952046875 0.2450546875 0.2020453125 0.25229218750000004 0.2074796875 0.2566 0.2072359375 0.26083124999999996 0.1962984375 0.2564203125 0.18888125 0.2514296875 0.182634375
0 0.2882703125 0.032537500000000004 0.26905 0.023421875 0.2952375 0.046712500000000004 0.350959375 0.0949046875 0.3566625 0.0952375 0.3600359375 0.0936546875 0.36331875 0.084978125 0.3617859375 0.0799953125 0.3555328125 0.06801718749999999 0.34910625 0.060965625 0.3420875 0.0521203125 0.336078125 0.0455828125 0.3241171875 0.039153125 0.31655 0.03111875 0.3090296875 0.023884375 0.29970625 0.017984375 0.27584375 0.016109375000000002 0.2882703125 0.032537500000000004
0 0.1324515625 0.9319843750000001 0.12212343750000001 0.935734375 0.1091234375 0.93888125 0.1182421875 0.9415171875 0.124475 0.9407046875 0.1283453125 0.9373531249999999 0.1356625 0.93551875 0.143046875 0.933415625 0.143 0.9339437500000001 0.143759375 0.93291875 0.14342656250000002 0.9302890625 0.14265624999999998 0.9295953125 0.1324515625 0.9319843750000001
0 0.12097031250000001 0.9556796875 0.119809375 0.957225 0.123703125 0.9583875000000001 0.12728124999999998 0.959315625 0.1323390625 0.96085625 0.137028125 0.9606656250000001 0.1373125 0.9582015625 0.1338 0.9561937500000001 0.133175 0.955684375 0.132121875 0.954775 0.128178125 0.9541421874999999 0.12556406250000002 0.9542875000000001 0.12097031250000001 0.9556796875
0 0.13703749999999998 1 0.14704843750000002 0.9948265624999999 0.15097031249999998 0.9916937499999999 0.15055156249999999 0.9884015625 0.14728125 0.9858203124999999 0.14427812499999998 0.9821359375000001 0.141934375 0.9777796875 0.14129843749999998 0.974671875 0.1398609375 0.9709046875 0.13523125 0.9726703125 0.1211953125 0.96849375 0.1026515625 0.9687875 0.0953953125 0.9705937499999999 0.0879390625 0.9738390625 0.07373437499999999 0.977534375 0.07165 0.9810890625 0.0672671875 0.98589375 0.06224062500000001 0.9865953125000001 0.0557015625 0.980128125 0.054253125 0.9819015625 0.053265625000000004 0.9880828125000001 0.0501515625 0.9923609375 0.0427 0.9996734375 0.0346140625 1 0.0723796875 1 0.11671093749999999 1 0.131003125 1 0.13703749999999998 1
0 0.1671390625 0.1653859375 0.1585 0.1725171875 0.1464828125 0.1838515625 0.154034375 0.1825109375 0.1667671875 0.18073125 0.17219062499999999 0.17865 0.170203125 0.175534375 0.1672328125 0.16705625 0.1671390625 0.1653859375