0 0.44000000000000006 0.41498437499999996 0.43710625 0.41585625000000004 0.4348546875 0.416253125 0.43920312499999997 0.4197484375 0.444828125 0.4244140625 0.4495234375 0.42961875000000005 0.45355937500000004 0.437784375 0.45355937500000004 0.44353125000000004 0.45355937500000004 0.4487859375 0.45063437500000003 0.45661406250000003 0.4568796875 0.45917031250000007 0.4580421875 0.451984375 0.457815625 0.42163125 0.45753125 0.41660624999999996 0.4436296875 0.4159578125 0.44000000000000006 0.41498437499999996
0 0.41116875 0.5205124999999999 0.40698125 0.5243765625 0.40159218750000003 0.522965625 0.397603125 0.522628125 0.3796875 0.5161734375 0.38018125 0.5203078125 0.3788328125 0.5232703125 0.3720203125 0.53000625 0.3733625 0.5359359375 0.3745734375 0.5418984375 0.3860078125 0.5524671875 0.38104375 0.5547296875 0.3749703125 0.5576328125 0.37383125 0.563990625 0.38139531249999997 0.56489375 0.38584375 0.564228125 0.393034375 0.5645578125 0.405359375 0.555828125 0.4152125 0.5609796874999999 0.4222578125 0.5642328125 0.433478125 0.5565187500000001 0.43766875 0.5516171875 0.4438953125 0.5495140625 0.43962812500000004 0.5431375 0.43837656249999996 0.5387390625 0.44648281250000005 0.5278078125000001 0.4485140625 0.5264703125 0.4522125 0.52945625 0.44929375 0.54363125 0.44342499999999996 0.5399546875000001 0.44226093750000006 0.5417125 0.4478046875 0.5499484375 0.45406250000000004 0.5579796875 0.45450937500000005 0.5404359375000001 0.4554703125 0.520028125 0.455540625 0.508834375 0.452528125 0.508421875 0.44884218750000004 0.505834375 0.4397734375 0.5089937499999999 0.42896406249999997 0.5123015625 0.42809375000000005 0.5106359375 0.4269453125 0.51333125 0.42145312500000004 0.5175156249999999 0.4167640625 0.515765625 0.40675 0.5113078125 0.410815625 0.5182609375 0.41116875 0.5205124999999999
0 0.31745 0.9739093750000001 0.319840625 0.9720296875000001 0.31794375 0.9700312500000001 0.3123671875 0.96156875 0.310034375 0.965128125 0.308225 0.9653484375 0.30901875 0.9671406250000001 0.3140546875 0.9719875 0.31745 0.9739093750000001
0 0.3358984375 0.9473609375 0.340884375 0.9432875 0.3377234375 0.9427312499999999 0.3349421875 0.9427312499999999 0.3337453125 0.944375 0.3321578125 0.9470890624999999 0.3355828125 0.9475171874999999 0.3358984375 0.9473609375
0 0.3245828125 0.9521328125 0.32268906249999996 0.95385625 0.3206953125 0.9584125 0.3238375 0.9574765624999999 0.3290921875 0.9532093749999999 0.32738125 0.9515546875 0.3245828125 0.9521328125
0 0.32362812500000004 0.9866359375 0.32145 0.9882500000000001 0.3200078125 0.9919046874999999 0.3234828125 0.9925499999999999 0.326759375 0.989165625 0.3254953125 0.986525 0.32362812500000004 0.9866359375
0 0.277765625 0.9763015625 0.28019375 0.975821875 0.2786046875 0.97056875 0.275225 0.9710234375000001 0.2742140625 0.9734203125 0.277765625 0.9763015625
0 0.271540625 0.965834375 0.2695984375 0.96889375 0.2722921875 0.970784375 0.274746875 0.966021875 0.271540625 0.965834375
0 0.2916578125 0.9819171875 0.289640625 0.9803703125000001 0.28734375 0.9814624999999999 0.2861390625 0.9827796875000001 0.2877375 0.985028125 0.29090625000000003 0.9852015625 0.2922265625 0.98339375 0.2916578125 0.9819171875
0 0.2804640625 0.9863109375000001 0.27971875 0.9875390625 0.2790375 0.9905484375 0.28171875 0.9916984375 0.283725 0.9896296875000001 0.28384062499999996 0.9866890625 0.2804640625 0.9863109375000001
0 0.12164375000000001 0.3415109375 0.123221875 0.34579218749999996 0.12437187499999999 0.34840781249999997 0.12581875 0.35110312499999996 0.1245359375 0.3526703125 0.12774687499999998 0.354409375 0.133359375 0.35435 0.131346875 0.34953124999999996 0.11281875 0.3185328125 0.10437343750000001 0.30474999999999997 0.10026874999999999 0.3045015625 0.12164375000000001 0.3415109375
0 0.1448421875 0.3820734375 0.151815625 0.38481875 0.147403125 0.37877031250000004 0.144271875 0.378996875 0.1435421875 0.37930156249999997 0.1448421875 0.3820734375
0 0.0006203125 0.404265625 0.07550781250000001 0.4069484375 0.082465625 0.4066421875 0.0817046875 0.40569062499999997 0.06764218749999999 0.4044140625 0.024715624999999998 0.4032578125 0 0.4025765625 0.0006203125 0.404265625
0 0.078225 0.2694109375 0.07920625 0.2727671875 0.0830109375 0.2725625 0.08143125 0.267265625 0.078225 0.2694109375
0 0.09922031249999999 0.23867656249999997 0.0977875 0.23643437500000003 0.09726718749999999 0.2363171875 0.0956828125 0.23664374999999999 0.0954671875 0.23760937499999998 0.095575 0.239346875 0.098734375 0.23998750000000002 0.09922031249999999 0.23867656249999997
0 0.057279687499999996 0.235753125 0.059459375 0.23599375 0.0600875 0.23368125 0.057556249999999996 0.22802656250000003 0.0563921875 0.2267484375 0.054521875 0.22918750000000002 0.0542453125 0.231696875 0.0534875 0.2338078125 0.057279687499999996 0.235753125
0 0.08984375 0.053125 0.0828125 0.05546875 0.0890625 0.05859375 0.08984375 0.053125