0 0.28538437499999997 0.3400296875 0.2893515625 0.344990625 0.2953046875 0.3489578125 0.2972890625 0.34920625 0.30026406250000004 0.352678125 0.30522499999999997 0.355903125 0.31580625 0.3596234375 0.3240734375 0.36011875 0.33465625 0.35863125 0.3482140625 0.3541671875 0.3561515625 0.34771874999999997 0.3591265625 0.33506874999999997 0.358796875 0.3209328125 0.3571421875 0.3147328125 0.35085937500000003 0.3092765625 0.34788437499999997 0.305059375 0.3482140625 0.3033234375 0.3465609375 0.3025796875 0.33829375 0.30084374999999997 0.2986109375 0.29885937500000004 0.29034375 0.30233125 0.2820765625 0.311259375 0.27414062499999997 0.3169640625 0.2688484375 0.3229171875 0.26818749999999997 0.326884375 0.27414062499999997 0.3333328125 0.28538437499999997 0.3400296875
0 0.3928578125 0.3576390625 0.3921953125 0.35838281250000004 0.3726859375 0.3623515625 0.37301562499999996 0.3650796875 0.37599218749999996 0.3685515625 0.387896875 0.3767359375 0.3902109375 0.384425 0.39616406249999997 0.38665625000000003 0.402446875 0.3911203125 0.40145468749999996 0.39756874999999997 0.4054234375 0.40972187499999996 0.40972187499999996 0.41170625000000005 0.4150125 0.4119546875 0.41898125 0.4141859375 0.41765937500000005 0.42088281250000004 0.4150125 0.42584375 0.4123671875 0.4290671875 0.402115625 0.4360125 0.4004625 0.4392359375 0.410053125 0.4407234375 0.42261875 0.4392359375 0.435846875 0.4360125 0.443121875 0.4310515625 0.4586640625 0.4295640625 0.46560781249999994 0.430059375 0.47387499999999994 0.43377968750000007 0.4775125 0.4389875 0.4847890625 0.43973281249999996 0.4897484375 0.4432046875 0.4914015625 0.4459328125 0.49040937500000004 0.45808593750000004 0.49239375 0.46006875 0.49669375000000004 0.4595734375 0.5006609375 0.461309375 0.505621875 0.4583328125 0.5145500000000001 0.445684375 0.5155421875 0.44196406250000003 0.5142203125 0.4379953125 0.5201718750000001 0.4298109375 0.5191796875 0.42261875 0.5158734375 0.41840312500000004 0.5122359375000001 0.4067453125 0.5039687500000001 0.3938484375 0.4666 0.360615625 0.4533734375 0.3509421875 0.4457671875 0.3467265625 0.431546875 0.3412703125 0.42559531249999993 0.3405265625 0.41732812499999994 0.342509375 0.413690625 0.347965625 0.3921953125 0.353421875 0.3908734375 0.355903125 0.3928578125 0.3576390625
0 1 0.353175 0.9973546875 0.353175 0.9914015624999999 0.35540625000000003 0.9861109375 0.3541671875 0.9788359375000001 0.355159375 0.9596562499999999 0.3549109375 0.9497359375000001 0.3618546875 0.9460984375000001 0.3678078125 0.9421296874999999 0.370784375 0.9381609375 0.3697921875 0.9338625 0.3665671875 0.924934375 0.36483125 0.9123671874999999 0.36011875 0.90806875 0.36036718749999996 0.90806875 0.36135937500000004 0.9193125 0.3692953125 0.9467593750000001 0.3936015625 0.9530421875 0.40327343750000005 0.95238125 0.4047625 0.950728125 0.4047625 0.9384921875 0.396825 0.9332015625000001 0.3943453125 0.9282406249999999 0.3936015625 0.9269187499999999 0.3921125 0.9150124999999999 0.3874015625 0.9103843749999999 0.3841765625 0.9057546875 0.3774796875 0.9004625 0.3732640625 0.8895500000000001 0.359375 0.887565625 0.35243125000000003 0.8786375 0.3501984375 0.875 0.3591265625 0.8786375 0.36805625000000003 0.87896875 0.387896875 0.8819437499999999 0.399553125 0.8829359374999999 0.40997031249999993 0.8812828125 0.413690625 0.87533125 0.41914687500000003 0.873346875 0.42286718749999996 0.875 0.4310515625 0.875 0.43973281249999996 0.873346875 0.44766874999999995 0.8743390625 0.4588296875 0.8908734375 0.4672625 0.906084375 0.4771828125 0.9394843749999999 0.5032234375 0.9533734375 0.5171125 0.959325 0.521578125 0.9709 0.5260421875 0.9814812500000001 0.523065625 0.9917328124999999 0.5166171875 0.9937171875 0.5136406250000001 1 0.5104171875 1 0.44370000000000004 0.9933859375 0.4499015625 0.9745375 0.4623015625 0.9699078125 0.4635421875 0.9672625 0.46602187500000003 0.9629625 0.467509375 0.9613093750000001 0.4670140625 0.9609781249999999 0.46527812500000004 0.9629625 0.459821875 0.9659390625000001 0.45610156249999995 0.9712296874999999 0.45238125 0.9748671874999999 0.4513890625 0.9811515625 0.4451890625 1 0.430803125 1 0.353175
0 0.568853125 0.46806875000000003 0.608134375 0.494046875 0.6179390625 0.5007328125 0.6378453125 0.49651249999999997 0.580259375 0.46359374999999997 0.568853125 0.46806875000000003
0 0.9636046875 0.6147328125 0.9636046875 0.5863359375 0.9386484375 0.5893453125 0.933171875 0.6017406249999999 0.9365500000000001 0.6166890625 0.95320625 0.629953125 0.9636046875 0.6147328125
0 0.732134375 0.0725984375 0.70474375 0.09545000000000001 0.7060484375 0.0976390625 0.721703125 0.09547343750000001 0.7331046875 0.08795625 0.732134375 0.0725984375
0 0.6880484375 0.34169218749999997 0.6955609375 0.3329125 0.7012343750000001 0.3288390625 0.7084953125 0.3248328125 0.707934375 0.31733125 0.675921875 0.3407171875 0.6800265624999999 0.34465 0.6824515625 0.3450203125 0.6880484375 0.34169218749999997
0 0.9627328125 0.5457359375 0.9577953125 0.5507125 0.9612624999999999 0.5712875000000001 0.9661062499999999 0.5713125 0.9708343749999999 0.5690046875 0.9845890624999999 0.5570640625000001 0.9811890625 0.550521875 0.9627328125 0.5457359375
0 0.8750953125 0.43215624999999996 0.8705812500000001 0.42406249999999995 0.8469390625000001 0.449759375 0.8461515625 0.452621875 0.8488484375 0.453984375 0.8535703124999999 0.4534859375 0.8617859375 0.4445046875 0.8750953125 0.43215624999999996
0 0.8708562499999999 0.383765625 0.8675937499999999 0.388340625 0.8606390625 0.412203125 0.864084375 0.4142 0.8694828125 0.41251718750000005 0.8768328125 0.4092375 0.8811640625000001 0.398484375 0.8708562499999999 0.383765625
0 0.8078125 0.25390625 0.803125 0.26640625 0.81171875 0.271875 0.8171875 0.25703125 0.8078125 0.25390625
0 0.8390625 0.33359375 0.85078125 0.3328125 0.85 0.32578125 0.8390625 0.33359375
0 0.9 0.30546875 0.8953125 0.31484375 0.90859375 0.3203125 0.9125 0.30703125 0.9 0.30546875
0 0.82578125 0.2265625 0.8328125 0.22265625 0.8296875 0.21953125 0.82578125 0.2265625
0 0.79921875 0.2171875 0.8078125 0.21484375 0.7984375 0.21015625 0.79921875 0.2171875
0 0.9359375 0.31015625 0.93828125 0.31875 0.9484375 0.31953125 0.94453125 0.3109375 0.9359375 0.31015625
0 0.8328125 0.38203125 0.83671875 0.390625 0.8515625 0.39140625 0.84921875 0.38125 0.8328125 0.38203125
0 0.8265625 0.40859375 0.82578125 0.415625 0.8421875 0.41484375 0.83984375 0.4078125 0.8265625 0.40859375
0 0.778125 0.42109375 0.775 0.42734375 0.78203125 0.4296875 0.7859375 0.42265625 0.778125 0.42109375
0 0.7984375 0.54765625 0.7921875 0.55859375 0.81015625 0.5609375 0.8140625 0.55234375 0.7984375 0.54765625
0 0.671875 0.57265625 0.665625 0.58359375 0.68203125 0.5921875 0.6828125 0.57265625 0.671875 0.57265625
0 0.61875 0.58359375 0.6140625 0.59140625 0.61796875 0.6 0.625 0.59609375 0.61875 0.58359375
0 0.72890625 0.4171875 0.734375 0.41171875 0.7265625 0.40703125 0.72890625 0.4171875
0 0.64609375 0.375 0.6484375 0.36796875 0.6421875 0.36796875 0.64609375 0.375
0 0.7734375 0.47421875 0.77265625 0.48125 0.7828125 0.47890625 0.78203125 0.4734375 0.7734375 0.47421875
0 0.6796875 0.73828125 0.68046875 0.746875 0.6875 0.74453125 0.68515625 0.7375 0.6796875 0.73828125
0 0.9328125 0.76171875 0.93125 0.77109375 0.93828125 0.7734375 0.9421875 0.76640625 0.9328125 0.76171875
0 0.2546875 0.14453125 0.25078125 0.153125 0.2640625 0.15234375 0.26171875 0.14375 0.2546875 0.14453125
0 0.25625 0.63828125 0.26953125 0.640625 0.26875 0.63203125 0.25625 0.63828125
0 0.26015625 0.65625 0.26875 0.65390625 0.265625 0.64765625 0.26015625 0.65625
0 0.02109375 0.465625 0.03515625 0.4671875 0.0484375 0.45859375 0.04609375 0.4484375 0.0265625 0.44765625 0.02109375 0.465625
0 0.00234375 0.396875 0.00625 0.38828125 0 0.38828125 0.00234375 0.396875