0 0.2016375 0.3786375 0.20882968750000003 0.37929843750000003 0.2135421875 0.37830625 0.2172625 0.38128281249999996 0.21750937499999998 0.3849203125 0.210565625 0.38955 0.2080859375 0.3981484375 0.21106093750000002 0.40277812500000004 0.2313984375 0.40906093749999994 0.2495046875 0.4130296875 0.28993125000000003 0.4183203125 0.3345734375 0.4216265625 0.341021875 0.4236109375 0.3578875 0.4252640625 0.370784375 0.42989375 0.37574375 0.4292328125 0.3794640625 0.4265875 0.3814484375 0.4236109375 0.3802078125 0.4183203125 0.38194374999999997 0.4150125 0.3876484375 0.40972187499999996 0.39459374999999997 0.4070765625 0.3958328125 0.4054234375 0.3953375 0.402115625 0.3938484375 0.4001328125 0.3901296875 0.3978171875 0.358134375 0.391203125 0.2075890625 0.36805625000000003 0.1736109375 0.3614421875 0.101190625 0.351190625 0.0776296875 0.3495375 0.07266875 0.351190625 0.072171875 0.353175 0.0744046875 0.3561515625 0.0786203125 0.358465625 0.097965625 0.3607796875 0.11855156250000001 0.3597890625 0.14285781250000001 0.369046875 0.1614578125 0.37169375 0.1671625 0.3756609375 0.178571875 0.37599218749999996 0.18526718749999999 0.3779765625 0.19618125 0.375 0.2016375 0.3786375
0 0.89136875 0.6130953124999999 0.8970734374999999 0.6130953124999999 0.8950890625 0.6107796875 0.896825 0.6091265625 0.8973218749999999 0.6038359375 0.8903765625 0.6018515625 0.8886406250000001 0.6061515625 0.886409375 0.6068125 0.8861609375 0.615409375 0.89136875 0.6130953124999999
0 0.9134421875 0.6213625 0.9146828125 0.6210312499999999 0.9134421875 0.6187171874999999 0.915675 0.6114421875 0.9149312500000001 0.6094578125 0.91245 0.6091265625 0.9112109374999999 0.6140875 0.9060015625 0.61375625 0.9057546875 0.61011875 0.9010421875000001 0.6097890625 0.8993062500000001 0.616071875 0.8943453124999999 0.619378125 0.8955859374999999 0.6226859375 0.8970734374999999 0.623346875 0.8970734374999999 0.626653125 0.8998015625000001 0.62533125 0.9094734375 0.6256609375 0.91245 0.6243390625 0.9134421875 0.6213625
0 0.95386875 0.5783734375 0.95386875 0.5767203125 0.9508921875 0.575728125 0.950396875 0.5763890625 0.9513890625 0.57738125 0.95386875 0.5783734375
0 0.9598218749999999 0.5839953125 0.9623015625000001 0.5873015625 0.9662703125000001 0.5876328125 0.9682546875 0.5853171875000001 0.967509375 0.5830031250000001 0.9615578125 0.5816796875 0.9598218749999999 0.5839953125
0 0.9739578124999999 0.5982140625000001 0.9774312500000001 0.5982140625000001 0.9791671875000001 0.600859375 0.9806546875000001 0.6005296875 0.9813984375 0.5942453125 0.9751984374999999 0.5909390625000001 0.9742062499999999 0.5932546875 0.9712296874999999 0.5952375 0.9712296874999999 0.5965609374999999 0.9739578124999999 0.5982140625000001
0 1 0.6104499999999999 0.9962796875000001 0.6097890625 0.9935515625000001 0.6048281249999999 0.9910718749999999 0.6044968749999999 0.9910718749999999 0.608465625 0.98511875 0.608465625 0.9841265625 0.6094578125 0.9853671875 0.6114421875 0.990575 0.61375625 0.9942953125 0.6183859375 0.9888390625 0.619378125 0.9875984375 0.62830625 0.9935515625000001 0.6299609375 0.9955359375 0.6316140625 0.995784375 0.6332671875 1 0.6332671875 1 0.6104499999999999
0 0.8883921875 0.7182546875 0.8896328125 0.718915625 0.8896328125 0.7209 0.8938484375 0.722221875 0.89459375 0.7235453125 0.8970734374999999 0.718915625 0.8950890625 0.7172625 0.8908734375 0.71693125 0.891865625 0.7129624999999999 0.8911203125 0.710978125 0.8886406250000001 0.714615625 0.8883921875 0.7182546875
0 1 0.7609125 0.9925593750000001 0.762896875 0.9915671875 0.7602515624999999 0.9898312499999999 0.7691796875 0.9940468750000001 0.771825 1 0.7724875 1 0.7609125
0 0.66493125 0.8657406249999999 0.66493125 0.8670640625000001 0.67113125 0.8687171875 0.6721234375 0.8647484375 0.6750984375 0.8647484375 0.6721234375 0.8630953124999999 0.66493125 0.8657406249999999
0 0.652778125 0.8743390625 0.652778125 0.8726859375 0.6512890625 0.8726859375 0.6498015625 0.8740078125 0.6510421875 0.8763234375 0.652778125 0.8743390625
0 0.67733125 0.8720234375 0.6768359375 0.8703703125000001 0.6716265625 0.8693781250000001 0.6738593749999999 0.8720234375 0.67733125 0.8720234375
0 0.81328125 0.646875 0.809375 0.65703125 0.8171875 0.66015625 0.81328125 0.646875