0 0.3625265625 0.442540625 0.36226250000000004 0.43979999999999997 0.35822031249999997 0.438784375 0.35436718749999996 0.44018750000000006 0.35114999999999996 0.44318125 0.3484625 0.45039687500000003 0.350125 0.45071874999999995 0.3524171875 0.45163125 0.3560109375 0.452496875 0.3565734375 0.4523703125 0.36007812499999997 0.45026093749999996 0.3621140625 0.4460265625 0.3625265625 0.442540625
0 0.3322703125 0.436509375 0.332078125 0.439528125 0.3333984375 0.4438765625 0.3344828125 0.44472500000000004 0.3373359375 0.44291562500000003 0.3367765625 0.44038125 0.336665625 0.43903437500000003 0.3415859375 0.4392078125 0.34404375 0.43942812499999995 0.3443015625 0.44286250000000005 0.3454015625 0.44480000000000003 0.347878125 0.44315156250000004 0.34804375 0.440840625 0.350109375 0.4368484375 0.35507656249999997 0.43600625 0.35684062499999997 0.43335937500000005 0.35580625 0.43198125000000004 0.35309843750000003 0.4295234375 0.353228125 0.4290484375 0.3527140625 0.42511875000000005 0.349215625 0.4247015625 0.34671875 0.42589531249999996 0.3429640625 0.42483281249999993 0.33878125 0.42495781250000003 0.3356328125 0.42719375 0.3341125 0.4305484375 0.333696875 0.43252499999999994 0.3322703125 0.436509375
0 0.2910453125 0.4662625 0.29049843750000004 0.46523281250000004 0.28585937499999997 0.4608203125 0.2829125 0.4612140625 0.27920625 0.46311875 0.277946875 0.4660609375 0.2787703125 0.468084375 0.2812734375 0.4689015625 0.2820796875 0.4700921875 0.28375 0.470765625 0.28684375 0.47076406249999997 0.2897015625 0.47088906250000007 0.290634375 0.4704140625 0.2910453125 0.4662625
0 0.2776140625 0.4514125 0.2762703125 0.4488765625 0.2735953125 0.44691093750000005 0.26948125 0.4469875 0.26815 0.4500703125 0.26854062500000003 0.4526171875 0.268265625 0.45381875000000005 0.269053125 0.45516875 0.2699859375 0.4561125 0.2746296875 0.4579578125 0.2777734375 0.45711562499999997 0.2789453125 0.45546718750000004 0.2776140625 0.4514125
0 0.24378906250000001 0.42456250000000006 0.24705 0.42756875 0.250859375 0.42895312499999994 0.248840625 0.4316234375 0.249440625 0.4323953125 0.25419375 0.4362453125 0.2562609375 0.4401859375 0.258884375 0.4398375 0.26000625 0.438975 0.26523906249999996 0.440646875 0.2679515625 0.44089687499999997 0.268625 0.440246875 0.26858125 0.43677031250000004 0.2634640625 0.43184374999999997 0.25791875000000003 0.42715625 0.25933125 0.42663124999999996 0.2637578125 0.42680468749999995 0.2649171875 0.421478125 0.2652359375 0.41669375000000003 0.261040625 0.41362343749999997 0.2542234375 0.40977499999999994 0.25234531250000003 0.409803125 0.2483765625 0.4108890625 0.2443234375 0.4149265625 0.24222968749999998 0.4177015625 0.243175 0.4222796875 0.24378906250000001 0.42456250000000006
0 0.2087140625 0.35125937500000004 0.206053125 0.3528015625 0.20286875000000001 0.3545953125 0.20229218750000003 0.3578828125 0.2046078125 0.3598328125 0.211584375 0.3628265625 0.21318125000000002 0.3641421875 0.2146609375 0.362921875 0.21635624999999997 0.35696249999999996 0.214109375 0.3532078125 0.21296875 0.3509578125 0.210009375 0.3499875 0.2087140625 0.35125937500000004
0 0.12340312499999999 0.535109375 0.1259703125 0.5353796875 0.12956875 0.5351296875 0.131546875 0.5336140625 0.1310875 0.53075 0.12915000000000001 0.52968125 0.1241828125 0.5294609375 0.121796875 0.52894375 0.118934375 0.5300390625 0.11926718750000001 0.5323515624999999 0.11987343749999999 0.5338390625 0.12340312499999999 0.535109375
0 0.1166578125 0.5321265625 0.1144953125 0.5305125 0.11187968749999999 0.528703125 0.1101109375 0.5313656250000001 0.1101453125 0.5333421875 0.1121046875 0.5338140625000001 0.114453125 0.5354046875 0.1157984375 0.5351046875 0.1166578125 0.5321265625
0 0.2491859375 0.0592765625 0.251434375 0.0606609375 0.25351093750000003 0.0587765625 0.2552234375 0.0578546875 0.25644374999999997 0.0533859375 0.25644374999999997 0.0510734375 0.25801875 0.0503421875 0.25666406249999996 0.049771875 0.2491015625 0.047859374999999996 0.24646249999999997 0.052071875000000004 0.245640625 0.05591406249999999 0.24689062499999997 0.0578609375 0.2491859375 0.0592765625
0 0.3103265625 0.07614531249999999 0.309446875 0.0738328125 0.306784375 0.0719625 0.3036234375 0.0719625 0.300153125 0.074196875 0.29915625 0.0764640625 0.29900625000000003 0.0781015625 0.302115625 0.0805078125 0.30295937500000003 0.0816390625 0.3038046875 0.0817640625 0.3070875 0.08258125 0.309215625 0.082453125 0.3103875 0.0804546875 0.3103265625 0.07614531249999999
0 0.24639531250000002 0.24895312500000003 0.24616875 0.2522234375 0.24134375000000002 0.2567390625 0.27768125 0.25942656249999996 0.2760828125 0.2551796875 0.2749296875 0.2506796875 0.2722140625 0.2462078125 0.2666234375 0.2393625 0.25837656249999996 0.2401703125 0.25319375 0.24298125 0.24827343750000003 0.245596875 0.24639531250000002 0.24895312500000003
0 0.2533546875 0.223725 0.25454374999999996 0.225753125 0.2578375 0.2283703125 0.2619125 0.229028125 0.260025 0.226190625 0.2598453125 0.2208390625 0.25327968749999996 0.2168640625 0.2511046875 0.2193203125 0.2533546875 0.223725
0 0.1018625 0.2493265625 0.1013796875 0.2506359375 0.10892500000000001 0.25247031249999996 0.11816093750000001 0.253084375 0.12126250000000001 0.2546828125 0.1240359375 0.2490890625 0.1273640625 0.244025 0.1303078125 0.2405875 0.1302078125 0.23352187500000002 0.12689999999999999 0.22982343749999998 0.1266046875 0.2222015625 0.12378750000000001 0.2197578125 0.116490625 0.218865625 0.1117375 0.2180234375 0.10718593750000001 0.214315625 0.100478125 0.21514843749999998 0.096246875 0.21819843749999998 0.0950453125 0.2221828125 0.095846875 0.22330156250000002 0.1035765625 0.23393437499999997 0.10609687500000001 0.2397015625 0.1057375 0.24462343749999998 0.1018625 0.2493265625
0 0.05939375 0.18600468750000002 0.0648359375 0.1875 0.0654546875 0.186415625 0.0665453125 0.184403125 0.0659640625 0.181740625 0.063346875 0.1785875 0.0584984375 0.17649375 0.056265625 0.1775796875 0.0542453125 0.1813078125 0.0557046875 0.184971875 0.05939375 0.18600468750000002
0 0.46699375 0.1761015625 0.4661734375 0.1740890625 0.46424843750000006 0.173090625 0.46038750000000006 0.1714421875 0.4603859375 0.17368125 0.46217031249999996 0.177484375 0.46332031249999994 0.1776546875 0.46622812500000005 0.17713125000000002 0.46699375 0.1761015625
0 0.49472812499999996 0.22660312500000002 0.4946140625 0.2310390625 0.49618593750000006 0.2314703125 0.4976015625 0.2310734375 0.5010171875 0.22921718750000003 0.501478125 0.22449687499999998 0.5007875 0.2223421875 0.49812500000000004 0.220296875 0.49536875 0.22042343749999999 0.493715625 0.223903125 0.49472812499999996 0.22660312500000002