0 0.649875 0.54928125 0.6475828124999999 0.5483687500000001 0.6439890625 0.547503125 0.6434265625 0.5476296875 0.639921875 0.5497390625 0.6378859375 0.5539734375 0.6374734375 0.557459375 0.6377375 0.5602 0.6417796874999999 0.561215625 0.6456328124999999 0.5598124999999999 0.64885 0.5568187499999999 0.6515375 0.549603125 0.649875 0.54928125
0 0.65328125 0.5741046875 0.6570359375 0.5751671875000001 0.66121875 0.5750421875 0.6643671875 0.57280625 0.6658875 0.5694515625000001 0.666303125 0.5674750000000001 0.6677296875 0.563490625 0.667921875 0.560471875 0.6666015625 0.5561234374999999 0.6655171875 0.555275 0.6626640625 0.557084375 0.6632234375 0.55961875 0.663334375 0.5609656249999999 0.6584140625 0.5607921874999999 0.65595625 0.560571875 0.6556984375 0.5571375 0.6545984375 0.5551999999999999 0.652121875 0.5568484375 0.65195625 0.559159375 0.649890625 0.5631515625 0.6449234374999999 0.5639937500000001 0.643159375 0.566640625 0.64419375 0.56801875 0.6469015625 0.5704765625 0.646771875 0.5709515625 0.6472859375 0.57488125 0.650784375 0.5752984375 0.65328125 0.5741046875
0 0.7187265625 0.5310984375000001 0.7179203125 0.5299078125000001 0.7162499999999999 0.5292343749999999 0.71315625 0.5292359375 0.7102984375 0.5291109374999999 0.709365625 0.5295859375 0.7089546875 0.5337375 0.7095015625000001 0.5347671875 0.714140625 0.5391796875 0.7170875 0.5387859374999999 0.72079375 0.53688125 0.722053125 0.5339390625 0.7212296874999999 0.531915625 0.7187265625 0.5310984375000001
0 0.731734375 0.54618125 0.730946875 0.54483125 0.7300140625 0.5438875000000001 0.7253703125000001 0.5420421875 0.7222265625000001 0.5428843750000001 0.7210546875 0.5445328125 0.7223859375 0.5485875 0.7237296875 0.5511234375 0.7264046875 0.5530890625 0.73051875 0.5530125 0.73185 0.5499296874999999 0.731459375 0.5473828125 0.731734375 0.54618125
0 0.7457765625 0.590225 0.7476546875000001 0.590196875 0.7516234374999999 0.5891109375 0.7556765624999999 0.5850734375 0.7577703125 0.5822984375 0.756825 0.5777203125 0.7562109375 0.5754374999999999 0.75295 0.57243125 0.749140625 0.5710468750000001 0.7511593750000001 0.5683765625 0.750559375 0.5676046875 0.74580625 0.5637546875 0.7437390625 0.5598140625 0.7411156250000001 0.5601625 0.73999375 0.561025 0.7347609375 0.559353125 0.7320484375 0.559103125 0.731375 0.5597531250000001 0.73141875 0.5632296875 0.7365359375 0.56815625 0.74208125 0.57284375 0.74066875 0.57336875 0.7362421875 0.5731953125 0.7350828125 0.5785218750000001 0.7347640625 0.5833062499999999 0.7389593750000001 0.5863765625 0.7457765625 0.590225
0 0.78681875 0.6358578125000001 0.7853390625000001 0.637078125 0.78364375 0.6430374999999999 0.7858906250000001 0.6467921875 0.78703125 0.6490421875 0.789990625 0.6500125 0.7912859375 0.6487406250000001 0.7939468749999999 0.6471984375 0.79713125 0.6454046875 0.7977078125 0.6421171875 0.7953921875 0.6401671875 0.7884156250000001 0.6371734375 0.78681875 0.6358578125000001
0 0.8708500000000001 0.47031875 0.8758171875 0.4705390625 0.878203125 0.47105625 0.881065625 0.46996093749999995 0.8807328125 0.4676484375 0.8801265624999999 0.46616093750000004 0.876596875 0.46489062499999995 0.8740296875 0.4646203125 0.87043125 0.4648703125 0.8684531249999999 0.4663859375 0.8689125000000001 0.46925 0.8708500000000001 0.47031875
0 0.8881203125000001 0.471296875 0.8898890625 0.468634375 0.8898546875 0.4666578125 0.8878953125000001 0.4661859375 0.885546875 0.4645953125 0.8842015625 0.46489531250000005 0.8833421875 0.46787343750000004 0.8855046874999999 0.46948749999999995 0.8881203125000001 0.471296875
0 0.74198125 0.9496578124999999 0.7433359375 0.950228125 0.7508984375 0.952140625 0.7535375 0.947928125 0.754359375 0.9440859375 0.753109375 0.9421390625000001 0.7508140625 0.9407234375 0.748565625 0.9393390625 0.7464890625 0.9412234375 0.7447765625 0.9421453124999999 0.7435562499999999 0.9466140624999999 0.7435562499999999 0.9489265625 0.74198125 0.9496578124999999
0 0.697884375 0.9194921875000001 0.697040625 0.9183609374999999 0.6961953125 0.9182359375000001 0.6929125 0.9174187500000001 0.690784375 0.917546875 0.6896125 0.9195453125 0.6896734375 0.9238546875000001 0.690553125 0.9261671874999999 0.693215625 0.9280375 0.6963765625 0.9280375 0.699846875 0.9258031250000001 0.70084375 0.9235359375 0.7009937500000001 0.9218984375 0.697884375 0.9194921875000001
0 0.7250703125 0.7493203125 0.7277859375 0.7537921875 0.7333765624999999 0.7606375 0.7416234375 0.7598296875 0.74680625 0.7570187500000001 0.7517265625 0.754403125 0.7536046875 0.751046875 0.75383125 0.7477765625 0.75865625 0.7432609375 0.72231875 0.7405734374999999 0.7239171875 0.7448203125 0.7250703125 0.7493203125
0 0.7421625 0.7716296875 0.7380875 0.7709718750000001 0.739975 0.773809375 0.7401546875 0.7791609375 0.7467203125 0.7831359375 0.7488953125 0.7806796874999999 0.7466453125 0.7762749999999999 0.7454562499999999 0.774246875 0.7421625 0.7716296875
0 0.903753125 0.7818015625 0.9049546875000001 0.7778171875 0.904153125 0.7766984375 0.8964234375 0.766065625 0.8939031249999999 0.7602984375 0.8942625 0.7553765625 0.8981375 0.7506734374999999 0.8986203125 0.7493640625 0.8910750000000001 0.7475296874999999 0.8818390624999999 0.746915625 0.8787375000000001 0.7453171875 0.8759640624999999 0.7509109375 0.8726359374999999 0.7559750000000001 0.8696921874999999 0.7594125 0.8697921875000001 0.766478125 0.8731 0.7701765625 0.8733953124999999 0.7777984375 0.8762125 0.7802421875000001 0.883509375 0.7811343749999999 0.8882625000000001 0.7819765624999999 0.8928140625 0.785684375 0.8995218749999999 0.7848515625 0.903753125 0.7818015625
0 0.9340359375 0.818259375 0.936653125 0.8214124999999999 0.9415015625 0.82350625 0.943734375 0.8224203125 0.9457546875 0.8186921875 0.9442953125000001 0.8150281250000001 0.9406062500000001 0.8139953125 0.9351640625 0.8125 0.9345453125000001 0.8135843749999999 0.9334546874999999 0.815596875 0.9340359375 0.818259375
0 0.5357515625 0.826909375 0.5396124999999999 0.8285578125 0.5396140625 0.8263187500000001 0.5378296875 0.822515625 0.5366796875000001 0.8223453125000001 0.533771875 0.8228687499999999 0.53300625 0.8238984374999999 0.5338265625 0.8259109375 0.5357515625 0.826909375
0 0.4989828125 0.7707828125 0.49852187499999995 0.775503125 0.49921249999999995 0.7776578125 0.501875 0.7797031249999999 0.50463125 0.7795765625 0.506284375 0.776096875 0.505271875 0.773396875 0.5053859375 0.7689609374999999 0.5038140624999999 0.7685296875 0.5023984375 0.7689265625 0.4989828125 0.7707828125