0 0.52215625 0.5233140625 0.5264546875 0.5329859375 0.5297625 0.5359625 0.5380296875 0.53993125 0.5489421875 0.5424109374999999 0.5644843749999999 0.53819375 0.56944375 0.5344734375 0.5777109375 0.523809375 0.6074734375 0.5151296875 0.61441875 0.5116562499999999 0.6167328125 0.508928125 0.6170640625 0.5052078125 0.615409375 0.498759375 0.611771875 0.494046875 0.6044968749999999 0.49057500000000004 0.597221875 0.491071875 0.564153125 0.5017359375 0.5618390625 0.5017359375 0.5522484375000001 0.4982640625 0.546296875 0.4975203125 0.5357140625000001 0.5004953125 0.527778125 0.5062 0.5208328125 0.5131453125000001 0.52215625 0.5233140625
0 0.3429234375 0.519096875 0.3465609375 0.52430625 0.3521828125 0.5280265625 0.36045 0.5295140625 0.36739375 0.5329859375 0.373346875 0.5329859375 0.38624375 0.5295140625 0.3928578125 0.5255453125 0.40277812500000004 0.5161203125 0.4070765625 0.508928125 0.428571875 0.501240625 0.44047656249999995 0.49578437500000005 0.4441140625 0.49131875 0.44477500000000003 0.48660781249999996 0.44212968750000003 0.47991093749999997 0.43716875 0.474703125 0.42989375 0.47172656249999995 0.41964218750000004 0.47222187499999996 0.3885578125 0.4838796875 0.37830625 0.4811515625 0.36772499999999997 0.48015937500000005 0.36011875 0.482390625 0.3462296875 0.4920640625 0.33961562500000003 0.5002484375 0.3429234375 0.519096875
0 0.4917328125 0.349703125 0.4841265625 0.3521828125 0.47982812499999994 0.3556546875 0.476190625 0.362103125 0.4751984375 0.3688 0.48247343750000005 0.386409375 0.4877640625 0.391865625 0.5026453125 0.40228125 0.5082671875 0.405009375 0.51488125 0.40550625 0.5251328125 0.40277812500000004 0.5317453125 0.39756874999999997 0.535384375 0.389384375 0.5340609374999999 0.3859125 0.5423281249999999 0.3797125 0.5429890625 0.3732640625 0.571428125 0.3608625 0.5800265625 0.3549109375 0.5813484375 0.35069374999999997 0.579365625 0.3442453125 0.5770500000000001 0.3405265625 0.572090625 0.3373015625 0.5615078125 0.3373015625 0.527446875 0.352678125 0.5251328125 0.352678125 0.5178578125 0.349703125 0.50760625 0.351934375 0.5026453125 0.3501984375 0.4917328125 0.349703125
0 0.299934375 0.31349218749999996 0.295634375 0.3189484375 0.2946421875 0.3303578125 0.295634375 0.334821875 0.302909375 0.34771874999999997 0.31051562499999996 0.3556546875 0.31977500000000003 0.3623515625 0.3316796875 0.3673109375 0.339946875 0.3688 0.3498671875 0.3688 0.36177187499999997 0.365328125 0.36772499999999997 0.36011875 0.37003906249999996 0.3563984375 0.37070156249999997 0.34920625 0.373346875 0.34474218749999996 0.37599218749999996 0.3325890625 0.40178593749999997 0.3182046875 0.4087296875 0.3122515625 0.41071406250000003 0.3072921875 0.40939218750000006 0.3015875 0.4067453125 0.29786718749999996 0.3978171875 0.2924109375 0.387896875 0.29141875 0.383928125 0.2924109375 0.354496875 0.3095234375 0.338625 0.3092765625 0.3263890625 0.30704375 0.30820156249999997 0.308284375 0.299934375 0.31349218749999996
0 0.9237015625 0.16058125 0.9237390624999999 0.1523 0.9181734374999999 0.1556796875 0.901628125 0.16402343749999998 0.9018203124999999 0.15386093750000002 0.894021875 0.15521093749999998 0.8678781250000001 0.1562859375 0.8638953125000001 0.1517984375 0.851871875 0.15978125 0.8480109375 0.1647515625 0.8494078125 0.169053125 0.8434265625 0.1685921875 0.8380984375 0.172684375 0.8278734375000001 0.16836875 0.8245265625 0.1690015625 0.8298390625 0.175215625 0.8392078125 0.177203125 0.9112500000000001 0.179884375 0.9237015625 0.16058125
0 0.743303125 0.10001249999999999 0.7439250000000001 0.10333125000000001 0.7523609375 0.10619062500000001 0.75733125 0.10341562500000001 0.7638640624999999 0.1038546875 0.7610640625 0.10894531249999999 0.7615125 0.1164828125 0.77339375 0.1184625 0.7774375 0.11451249999999999 0.7774125 0.102596875 0.77635625 0.09216875 0.7703859375000001 0.0809265625 0.760084375 0.07777500000000001 0.7441515625 0.07468125 0.739875 0.0744 0.7391140625 0.0785671875 0.7398609375 0.08814999999999999 0.7312046875 0.09130625 0.736653125 0.09490156250000001 0.743303125 0.10001249999999999
0 0.8183765624999999 0.11860156250000001 0.8219296875 0.1149046875 0.8214890625000001 0.10994375 0.8167765625 0.10934999999999999 0.8155875 0.10780468750000001 0.811034375 0.10538125000000001 0.8087562500000001 0.113565625 0.8091890625 0.11604062500000001 0.81395 0.1206578125 0.8183765624999999 0.11860156250000001
0 0.5794406249999999 0.02134375 0.5824296875 0.0199296875 0.5835109375 0.0168703125 0.581609375 0.013395312500000001 0.5771546875 0.0159890625 0.576396875 0.020471875 0.5794406249999999 0.02134375
0 0.77810625 0.051035937499999996 0.775096875 0.0486609375 0.7706609375 0.047843750000000004 0.7682453125 0.050356250000000005 0.7693625 0.0534109375 0.77471875 0.053818750000000005 0.77810625 0.051035937499999996
0 0.7907546875 0.0875578125 0.7923453125 0.0863546875 0.792734375 0.08154375 0.7871109374999999 0.081540625 0.783665625 0.085709375 0.7899296875 0.08787500000000001 0.7907546875 0.0875578125
0 0.175046875 0.1454671875 0.17286718750000002 0.1505453125 0.17986875 0.15059687500000002 0.18565156249999998 0.14825 0.1848296875 0.145575 0.175046875 0.1454671875
0 0.3810734375 0.09024062499999999 0.381359375 0.0839703125 0.37805 0.0817546875 0.371359375 0.0802515625 0.3711328125 0.0829703125 0.3721921875 0.0870671875 0.3734046875 0.0889640625 0.3780109375 0.09080468750000001 0.3810734375 0.09024062499999999
0 0.4572625 0.12283437500000001 0.4561125 0.1177234375 0.449696875 0.1171546875 0.45044375 0.1205078125 0.44983593749999995 0.12554375 0.4459359375 0.12823437499999998 0.4469875 0.131909375 0.45472812500000004 0.128815625 0.4572625 0.12283437500000001
0 0.3038578125 0.1133390625 0.30322499999999997 0.11170625 0.299959375 0.1099390625 0.29695 0.112196875 0.2971625 0.11582343749999999 0.3016125 0.11754687500000001 0.3038578125 0.1133390625
0 0.0463640625 0.7855515625 0.060371875 0.7813921875000001 0.061057812499999996 0.77545 0.05883125 0.7610187500000001 0.041448437500000004 0.7631812499999999 0.0380609375 0.76899375 0.0369921875 0.7735593749999999 0.03950625 0.779465625 0.043071874999999996 0.7842265625 0.0463640625 0.7855515625
0 0.06179375 0.8158765625 0.061640625000000004 0.795315625 0.0535578125 0.79141875 0.042684375000000004 0.7951343750000001 0.0469296875 0.8021703125 0.0513390625 0.8146078125 0.048984375000000004 0.8179796874999999 0.0522625 0.8188203125 0.06179375 0.8158765625