0 0.4381609375 0.4982640625 0.4477515625 0.5017359375 0.453703125 0.5024796874999999 0.46428593749999997 0.4995046875 0.47222187499999996 0.49379999999999996 0.4791671875 0.4868546875 0.47784375 0.4766859375 0.47354531250000004 0.4670140625 0.4702375 0.4640375 0.4619703125 0.46006875 0.45105781250000004 0.45758906250000003 0.435515625 0.46180625 0.43055625 0.4655265625 0.4222890625 0.476190625 0.3925265625 0.4848703125 0.38558125 0.48834375 0.3832671875 0.491071875 0.3829359375 0.4947921875 0.384590625 0.501240625 0.38822812500000003 0.505953125 0.395503125 0.509425 0.40277812500000004 0.508928125 0.435846875 0.4982640625 0.4381609375 0.4982640625
0 0.6114421875 0.5161203125 0.62169375 0.5188484375 0.632275 0.519840625 0.63988125 0.5176093749999999 0.6537703125000001 0.5079359375 0.660384375 0.4997515625 0.6570765625 0.48090312500000004 0.6534390625000001 0.47569375 0.6478171875000001 0.4719734375 0.6395500000000001 0.4704859375 0.63260625 0.4670140625 0.626653125 0.4670140625 0.61375625 0.4704859375 0.6071421875 0.4744546875 0.597221875 0.4838796875 0.5929234375 0.491071875 0.571428125 0.498759375 0.5595234375 0.504215625 0.5558859375 0.50868125 0.555225 0.5133921875 0.5578703125 0.5200890625000001 0.56283125 0.525296875 0.57010625 0.5282734375 0.5803578125 0.527778125 0.6114421875 0.5161203125
0 0.43849218749999996 0.6626984375 0.472553125 0.647321875 0.4748671875 0.647321875 0.48214218750000004 0.650296875 0.49239375 0.648065625 0.4973546875 0.6498015625 0.5082671875 0.650296875 0.5158734375 0.6478171875000001 0.5201718750000001 0.6443453124999999 0.523809375 0.637896875 0.5248015625 0.6312 0.5175265625 0.613590625 0.5122359375000001 0.608134375 0.4973546875 0.5977187500000001 0.4917328125 0.594990625 0.48511875 0.59449375 0.4748671875 0.597221875 0.4682546875 0.60243125 0.464615625 0.610615625 0.46593906250000006 0.6140875 0.45767187500000006 0.6202875 0.45701093750000005 0.6267359375 0.428571875 0.6391375 0.41997343750000005 0.6450890625000001 0.4186515625 0.64930625 0.420634375 0.6557546875 0.42295 0.6594734375 0.42790937500000004 0.6626984375 0.43849218749999996 0.6626984375
0 0.612103125 0.70858125 0.616071875 0.7075890625000001 0.6455031250000001 0.6904765625 0.6613749999999999 0.6907234375 0.6736109375 0.69295625 0.6917984374999999 0.691715625 0.7000656249999999 0.6865078125 0.704365625 0.6810515625 0.7053578125 0.6696421875 0.704365625 0.665178125 0.697090625 0.6522812499999999 0.6894843749999999 0.6443453124999999 0.680225 0.6376484375 0.6683203125 0.6326890625 0.660053125 0.6312 0.6501328125 0.6312 0.638228125 0.634671875 0.632275 0.63988125 0.6299609375 0.6436015625 0.6292984374999999 0.65079375 0.626653125 0.6552578125 0.6240078125 0.6674109374999999 0.5982140625000001 0.6817953125 0.5912703125000001 0.6877484375 0.5892859374999999 0.6927078125 0.5906078124999999 0.6984125 0.5932546875 0.7021328125 0.6021828124999999 0.7075890625000001 0.612103125 0.70858125
0 0.1619015625 0.827315625 0.1721265625 0.83163125 0.1754734375 0.8309984375000001 0.1701609375 0.8247843749999999 0.1607921875 0.8227968750000001 0.08875 0.820115625 0.07629843750000001 0.8394187499999999 0.0762609375 0.8477 0.0818265625 0.8443203125000001 0.098371875 0.8359765625 0.0981796875 0.8461390625 0.10597812499999999 0.8447890625 0.132121875 0.8437140624999999 0.1361046875 0.8482015625000001 0.148128125 0.84021875 0.1519890625 0.8352484375 0.1505921875 0.8309468750000001 0.1565734375 0.8314078125 0.1619015625 0.827315625
0 0.25584843749999997 0.92531875 0.260125 0.9256 0.2608859375 0.9214328125 0.2601390625 0.9118499999999999 0.2687953125 0.90869375 0.263346875 0.9050984375000001 0.256696875 0.8999874999999999 0.256075 0.8966687500000001 0.2476390625 0.893809375 0.24266875 0.896584375 0.2361359375 0.8961453125000001 0.23893593750000003 0.8910546874999999 0.23848750000000002 0.8835171875000001 0.22660624999999998 0.8815375 0.2225625 0.8854875 0.2225875 0.897403125 0.22364375 0.9078312499999999 0.2296140625 0.9190734375 0.239915625 0.9222250000000001 0.25584843749999997 0.92531875
0 0.1832234375 0.8906499999999999 0.1844125 0.8921953125 0.188965625 0.89461875 0.19124375 0.886434375 0.1908109375 0.8839593750000001 0.18605 0.8793421875 0.1816234375 0.8813984375 0.1780703125 0.8850953125000001 0.1785109375 0.89005625 0.1832234375 0.8906499999999999
0 0.420559375 0.97865625 0.4175703125 0.9800703125 0.4164890625 0.9831296875 0.41839062499999996 0.9866046875000001 0.42284531249999996 0.9840109375000001 0.42360312499999997 0.9795281250000001 0.420559375 0.97865625
0 0.22189375 0.9489640625 0.22490312499999998 0.9513390625 0.22933906249999997 0.95215625 0.2317546875 0.9496437500000001 0.2306375 0.9465890625 0.22528125000000002 0.9461812500000001 0.22189375 0.9489640625
0 0.2092453125 0.9124421875 0.2076546875 0.9136453124999999 0.207265625 0.91845625 0.2128890625 0.918459375 0.21633437500000002 0.9142906249999999 0.2100703125 0.912125 0.2092453125 0.9124421875
0 0.8151703124999999 0.854425 0.8249531250000001 0.8545328124999999 0.8271328125 0.8494546875 0.82013125 0.849403125 0.8143484375 0.85175 0.8151703124999999 0.854425
0 0.62195 0.9182453125000001 0.628640625 0.9197484375 0.6288671875 0.9170296875 0.6278078125000001 0.9129328125 0.6265953125 0.9110359375 0.6219890625 0.9091953125 0.6189265625 0.9097593749999999 0.618640625 0.9160296875 0.62195 0.9182453125000001
0 0.550303125 0.8828453125 0.54955625 0.8794921875 0.5501640625 0.87445625 0.5540640625 0.8717656249999999 0.5530125 0.868090625 0.545271875 0.871184375 0.5427375 0.877165625 0.5438875000000001 0.8822765625000001 0.550303125 0.8828453125
0 0.6961421875 0.8866609375 0.6967749999999999 0.8882937500000001 0.700040625 0.8900609375 0.70305 0.8878031249999999 0.7028375 0.8841765625000001 0.6983875 0.882453125 0.6961421875 0.8866609375
0 0.9411687499999999 0.23898125 0.9585515625 0.23681875 0.9619390624999999 0.23100625 0.9630078125000001 0.226440625 0.96049375 0.220534375 0.9569281249999999 0.2157734375 0.9536359375 0.21444843750000003 0.9396281249999999 0.2186078125 0.9389421875 0.22454999999999997 0.9411687499999999 0.23898125
0 0.9464421875 0.20858125 0.957315625 0.204865625 0.9530703125000001 0.19782968750000002 0.9486609375 0.1853921875 0.9510156249999999 0.1820203125 0.9477375 0.1811796875 0.93820625 0.1841234375 0.9383593749999999 0.20468437499999997 0.9464421875 0.20858125