0 0.63624375 0.91245 0.6312828125000001 0.9087296874999999 0.6286375 0.9079859375 0.6259921875 0.91021875 0.6230156250000001 0.9099703124999999 0.6210312499999999 0.9079859375 0.6183859375 0.9072421875 0.619046875 0.9045140625 0.6164015625 0.903521875 0.5985453125 0.90228125 0.5959 0.9030265625 0.5965609374999999 0.9060015625 0.593915625 0.9109624999999999 0.589615625 0.91245 0.5869703125 0.9154265625000001 0.5839953125 0.9159218750000001 0.5836640625 0.9082343749999999 0.586309375 0.9072421875 0.5869703125 0.9057546875 0.5816796875 0.9042656250000001 0.5750656249999999 0.9047625 0.57308125 0.903521875 0.5734125 0.9017859375 0.579034375 0.8978171875 0.5734125 0.8928578125 0.5760578125 0.890625 0.5830031250000001 0.8876484375 0.5836640625 0.8859125000000001 0.5820109375 0.8851687500000001 0.5654765625 0.8836812500000001 0.5582015625000001 0.886409375 0.553571875 0.8854171875000001 0.5396828124999999 0.8859125000000001 0.5324078125 0.8888890625 0.534721875 0.8911203125 0.5343921875000001 0.8923609375 0.5188484375 0.8960812499999999 0.513228125 0.9017859375 0.498015625 0.909721875 0.49669375000000004 0.9141859374999999 0.49900781250000004 0.9154265625000001 0.49867656250000003 0.920634375 0.5036375 0.921875 0.5036375 0.9238593749999999 0.5066140625 0.925346875 0.512896875 0.92261875 0.516534375 0.9243546874999999 0.5195109375 0.9243546874999999 0.527115625 0.919146875 0.5304234375 0.9193953125000001 0.5320765625 0.921875 0.534721875 0.9221234375 0.5370375000000001 0.920634375 0.539021875 0.9171625000000001 0.5413359375 0.91790625 0.5423281249999999 0.9238593749999999 0.545634375 0.9265874999999999 0.5499343750000001 0.9250984375 0.553571875 0.9223703125 0.5562171874999999 0.9223703125 0.557209375 0.928075 0.5625 0.9295640625000001 0.5667984374999999 0.9285718749999999 0.5691140625 0.9303078125 0.567790625 0.9322921875000001 0.56283125 0.9342765625 0.560846875 0.9384921875 0.5634921875 0.9441968749999999 0.568453125 0.9461812500000001 0.637896875 0.9501484375 0.6402109375 0.9481640625000001 0.6431875 0.9476687500000001 0.6464953125 0.9444437499999999 0.6455031250000001 0.9422124999999999 0.6474875 0.9392359375 0.6455031250000001 0.9372515625 0.6375656249999999 0.9345234375 0.630621875 0.934028125 0.616071875 0.9360125 0.6170640625 0.9345234375 0.6213625 0.934028125 0.6296296875 0.9303078125 0.63558125 0.9290671875 0.6369046875000001 0.9236109375 0.6349203125 0.9203875 0.6312828125000001 0.91790625 0.63260625 0.9151781250000001 0.63624375 0.9136906249999999 0.63624375 0.91245
0 0.7695109375 0.840278125 0.7744703125 0.8365578125 0.7678578125 0.8358140625000001 0.766865625 0.8340781249999999 0.7599203125 0.8313484375 0.759590625 0.8345734374999999 0.7609125 0.8363093750000001 0.7579359375 0.8405265625 0.7655421875 0.8407734375 0.7695109375 0.840278125
0 0.8042328124999999 0.84300625 0.80853125 0.8497031249999999 0.80919375 0.8154765625 0.8082015625000001 0.8058031250000001 0.80489375 0.821925 0.8042328124999999 0.84300625
0 0.8511906249999999 1 0.8492062499999999 0.9935515625000001 0.8505296875000001 0.9657734375 0.8482140625 0.9508921875 0.8485453125 0.94146875 0.8465609374999999 0.9407234375 0.8452375 0.93824375 0.8425921875 0.9536203125 0.8442453125 0.9620531250000001 0.8432546875 0.9682546875 0.847221875 0.9863593749999999 0.8475531249999999 0.99925625 0.8478843749999999 1 0.8511906249999999 1
0 0.8578046875 0.93824375 0.8564812500000001 0.9399796874999999 0.8578046875 0.9427078124999999 0.8574734375 0.9456843750000001 0.8647484375 0.946925 0.8640874999999999 0.9407234375 0.8578046875 0.93824375
0 0.8664015624999999 0.98363125 0.8664015624999999 0.9818953125000001 0.8634265624999999 0.9779265625000001 0.86375625 0.9754468749999999 0.8693781250000001 0.9717265625 0.858796875 0.9697421875 0.8574734375 0.9811515625 0.8597890625 0.98511875 0.8627640624999999 0.985615625 0.8664015624999999 0.98363125
0 0.2476859375 0.9372515625 0.2457015625 0.9325390625000001 0.23214218749999999 0.926090625 0.2304890625 0.9290671875 0.23148125 0.9327875000000001 0.23511875 0.93353125 0.23478906249999998 0.9370046875 0.236771875 0.938740625 0.24206406249999998 0.9397328125 0.2476859375 0.9372515625
0 0.25 0.8958328124999999 0.2470234375 0.8995531250000001 0.23941875 0.903521875 0.23611093749999998 0.910465625 0.23115156250000002 0.915675 0.22486718749999998 0.91790625 0.223875 0.9273312499999999 0.222553125 0.9303078125 0.2179234375 0.934771875 0.2156078125 0.941715625 0.21164062499999997 0.9464281250000001 0.20634843749999998 0.9486609375 0.2050265625 0.950396875 0.20535781250000001 0.9533734375 0.207340625 0.954365625 0.2103171875 0.95238125 0.21395468750000002 0.9466765625000001 0.2182546875 0.9432046875 0.2255296875 0.934028125 0.2291671875 0.9268359374999999 0.24338593749999998 0.9117062499999999 0.255290625 0.8958328124999999 0.2652109375 0.886409375 0.27149531250000003 0.8769843749999999 0.276125 0.8727671875 0.2787703125 0.8675593750000001 0.2744703125 0.8675593750000001 0.271825 0.8688 0.270171875 0.8720234375 0.26455 0.8772328125 0.2635578125 0.8812 0.259590625 0.8846718750000001 0.25496093750000004 0.8926093749999999 0.25 0.8958328124999999
0 0.2373328125 0.8901484375000001 0.23984999999999998 0.8999218750000001 0.24787656249999998 0.8972749999999999 0.2515890625 0.889146875 0.2373328125 0.8901484375000001
0 0.17121875 1 0.1993265625 0.9686187500000001 0.199740625 0.962678125 0.1666984375 1 0.17121875 1
0 0.1828515625 0.2838375 0.22879999999999998 0.2289421875 0.26887500000000003 0.18706562499999999 0.292659375 0.159390625 0.3117125 0.14388281249999998 0.3192953125 0.1281640625 0.331778125 0.12035 0.3298375 0.1020453125 0.34121562499999997 0.0984359375 0.3523046875 0.08973281250000001 0.3531015625 0.07427500000000001 0.3462890625 0.05609375 0.34031406249999996 0.054303124999999994 0.3177296875 0.0803546875 0.23765312500000002 0.1806375 0.1834234375 0.24151093750000002 0.1800796875 0.2618125 0.169028125 0.2867921875 0.17508125000000002 0.2918375 0.18360625 0.2878921875 0.1828515625 0.2838375
0 0.207609375 0.2959359375 0.21288749999999998 0.301765625 0.2143265625 0.296215625 0.20957343750000001 0.291034375 0.207609375 0.2959359375
0 0.21792656250000003 0.1557984375 0.22435312500000001 0.157021875 0.2256859375 0.15305312499999998 0.2201828125 0.1526609375 0.21792656250000003 0.1557984375
0 0.1911328125 0.1506484375 0.1936671875 0.150378125 0.1950046875 0.15205312499999998 0.1988421875 0.1525296875 0.2002140625 0.15221562500000002 0.203453125 0.153140625 0.20653281250000002 0.1544765625 0.20776406249999999 0.1530609375 0.2111265625 0.151234375 0.1757609375 0.1447171875 0.17765 0.1486375 0.1819796875 0.1486375 0.18486562499999998 0.14837499999999998 0.186590625 0.15042187499999998 0.1911328125 0.1506484375
0 0.224540625 0.13036562499999998 0.2438265625 0.134425 0.245534375 0.1313703125 0.226915625 0.127234375 0.224540625 0.13036562499999998
0 0.0986921875 0.1322203125 0.058595312499999996 0.1255046875 0.061906249999999996 0.1305875 0.068003125 0.1322125 0.0867859375 0.1358109375 0.0947796875 0.133503125 0.1080921875 0.138578125 0.12341875 0.1413984375 0.11982656249999998 0.136896875 0.11634531249999999 0.135509375 0.0986921875 0.1322203125
0 0.025660937499999998 0.270109375 0 0.270759375 0.0034375000000000005 0.2776015625 0.025868750000000003 0.2756421875 0.025660937499999998 0.270109375
0 0.097515625 0.26755625 0.098575 0.272296875 0.114484375 0.271478125 0.134740625 0.2663578125 0.097515625 0.26755625
0 0.1387453125 0.21582343750000002 0.1367703125 0.22326562499999997 0.1516890625 0.22518125000000003 0.15059375 0.217965625 0.1387453125 0.21582343750000002
0 0.013498437499999998 0.11895156250000001 0.013307812499999998 0.122 0.008225 0.1228203125 0.0215046875 0.1267609375 0.028776562500000002 0.12512812499999998 0.028095312500000004 0.1209953125 0.013498437499999998 0.11895156250000001
0 0.027453125000000002 0.022093750000000002 0.0449984375 0.02703125 0.08125 0.015640625 0.1074953125 0.011895312500000001 0.141709375 0 0.0949140625 0.002990625 0.0459828125 0.0160421875 0.027453125000000002 0.022093750000000002
0 0.246875 0.04609375 0.23984375 0.0375 0.2328125 0.03828125 0.240625 0.04140625 0.2328125 0.04453125 0.23515625 0.0484375 0.246875 0.04609375