0 0.5181046874999999 0.5671296875 0.52430625 0.5747359375000001 0.5563 0.578703125 0.571925 0.5780421875 0.5731640625 0.5598546875 0.5629953125 0.5539015625 0.5587796875000001 0.5505953124999999 0.5553078124999999 0.5446421875 0.5500984375 0.5419968749999999 0.5359625 0.5443125 0.528521875 0.5479499999999999 0.5200890625000001 0.5466265625 0.51488125 0.5439812500000001 0.5104171875 0.5446421875 0.5044640625000001 0.5486109375 0.5024796874999999 0.5486109375 0.50074375 0.546296875 0.49727187500000003 0.546296875 0.49727187500000003 0.5545640625 0.50545625 0.5575390625 0.5079359375 0.5611765625 0.5181046874999999 0.5671296875
0 0.2936515625 0.516865625 0.2700890625 0.519840625 0.26661718749999996 0.5224875 0.2633921875 0.527115625 0.2333828125 0.5267859374999999 0.222221875 0.523478125 0.21949375 0.5214953125 0.21701406250000002 0.5145500000000001 0.21255000000000002 0.512896875 0.1939484375 0.5138890625 0.1889875 0.5158734375 0.18824375 0.5178578125 0.1899796875 0.5201718750000001 0.19246093749999998 0.527778125 0.1959328125 0.5304234375 0.20039687499999997 0.5317453125 0.3087796875 0.5466265625 0.3938484375 0.5562171874999999 0.4166671875 0.5575390625 0.4193953125 0.555225 0.4203875 0.5522484375000001 0.41741093749999997 0.5433203125 0.4119546875 0.539021875 0.3936015625 0.5357140625000001 0.3720234375 0.5357140625000001 0.3692953125 0.53306875 0.368303125 0.5304234375 0.362103125 0.527778125 0.3452375 0.527115625 0.337796875 0.5291 0.3244046875 0.5287703125000001 0.31746093750000004 0.527115625 0.3025796875 0.5188484375 0.2936515625 0.516865625
0 0.1421125 0.5181875 0.148065625 0.5214953125 0.1515375 0.5214953125 0.1525296875 0.5195109375 0.148809375 0.5185187499999999 0.1483140625 0.516865625 0.1510421875 0.5152109375 0.1490578125 0.5079359375 0.14409687499999999 0.5042984374999999 0.14136875 0.5062828125000001 0.14112031249999998 0.516534375 0.1421125 0.5181875
0 0.1586453125 0.519878125 0.16519062499999998 0.524684375 0.16724375 0.5245265625 0.1650890625 0.5203640625 0.1669796875 0.5163171875 0.1701328125 0.5180046875000001 0.1722625 0.515209375 0.1724921875 0.5131640625 0.1702671875 0.5119125 0.16842656250000002 0.5133578125 0.16687812500000002 0.5111234375 0.1615078125 0.5174531250000001 0.1586453125 0.519878125
0 0.1731953125 0.5187671875000001 0.170384375 0.522484375 0.1770171875 0.525803125 0.17719218750000001 0.52411875 0.1731953125 0.5187671875000001
0 0.003865625 0.80259375 0.0083859375 0.7994921875000001 0.0109640625 0.7959328125 0.009064062500000001 0.7936515625 0.002775 0.7973859375 0.003865625 0.80259375
0 0.040615625 0.48136875 0.0430578125 0.4835859375 0.0495171875 0.48416875 0.05695 0.4802765625 0.061393750000000004 0.48163125000000007 0.06493750000000001 0.4806515625 0.0713734375 0.482025 0.08159374999999999 0.48289375 0.08392031250000001 0.4813015625 0 0.47182031249999995 0.0056609375 0.4784625 0.017334375 0.47946718749999995 0.0260546875 0.4797140625 0.030396875 0.4826578125 0.03510625 0.4813734375 0.040615625 0.48136875
0 0.1336015625 0.5138703125 0.1324578125 0.513446875 0.13040000000000002 0.5134875 0.127996875 0.51164375 0.127590625 0.514490625 0.130453125 0.5176359374999999 0.1328953125 0.5170265625 0.1336015625 0.5138703125
0 0.5208328125 0.30489375 0.5240578124999999 0.30489375 0.53125 0.3005953125 0.5307546875 0.29761875 0.5272812499999999 0.2972890625 0.523809375 0.29431250000000003 0.5255453125 0.2896828125 0.5255453125 0.28670625 0.521825 0.285053125 0.5181046874999999 0.29034375 0.512896875 0.289021875 0.5104171875 0.2896828125 0.5099203125 0.291996875 0.505953125 0.292328125 0.505953125 0.295634375 0.5208328125 0.30489375
0 0.5314984375 0.284721875 0.5287703125000001 0.28538437499999997 0.5262890625 0.2896828125 0.5260421875 0.292328125 0.5280265625 0.2949734375 0.5322421875 0.2949734375 0.5329859375 0.29398124999999997 0.5327375 0.28670625 0.5314984375 0.284721875
0 0.7402562500000001 0.295215625 0.7490140625 0.294334375 0.757346875 0.2918125 0.7701953125000001 0.2894234375 0.7768703125 0.281471875 0.7543796875 0.2643015625 0.7150296875000001 0.2635578125 0.664434375 0.25925937499999996 0.5977187500000001 0.2585984375 0.4766859375 0.25925937499999996 0.3953375 0.2615734375 0.0491078125 0.262896875 0.0141375 0.26455 0.003471875 0.2671953125 0.021825 0.270171875 0.0907734375 0.27116406249999997 0.09920625 0.2731484375 0.101934375 0.27711562500000003 0.11175625 0.2781296875 0.1323 0.28092656250000003 0.16121093749999998 0.2900125 0.248465625 0.2868203125 0.258671875 0.285925 0.2856203125 0.28445 0.314146875 0.29193281249999997 0.398065625 0.29100468749999997 0.44692499999999996 0.28835937500000003 0.48511875 0.289021875 0.49578437500000005 0.29133593750000003 0.50694375 0.295965625 0.51016875 0.2989421875 0.5124015625 0.30522499999999997 0.5119078125 0.3019921875 0.522321875 0.30555625000000003 0.527034375 0.3039015625 0.5302578125 0.30224843749999997 0.53125 0.2989421875 0.548296875 0.29196093749999996 0.5583375 0.2929296875 0.5660078125 0.3031484375 0.59300625 0.2982328125 0.6124296874999999 0.29054375 0.6278859375 0.3050625 0.7073703124999999 0.3068265625 0.7363062499999999 0.3049296875 0.74016875 0.2990984375 0.7402562500000001 0.295215625
0 0.6376046875 0.57356875 0.6329578125 0.577640625 0.6269421875 0.5804453125 0.6216437499999999 0.5810734375 0.615125 0.577903125 0.616771875 0.57154375 0.6153062499999999 0.562653125 0.612371875 0.5624718750000001 0.610990625 0.5653078125000001 0.6101859375 0.575790625 0.612596875 0.5840921875 0.62098125 0.58595625 0.62885625 0.5855234375 0.6359359375 0.5834875 0.6389046875 0.580071875 0.6396515625 0.5734625 0.6362265625 0.5689140625 0.6376046875 0.57356875
0 0.8985609374999999 0.8720234375 0.9263390625 0.8786375 0.9270828124999999 0.8756609375 0.9308031250000001 0.8730156250000001 0.9320437500000001 0.8703703125000001 0.9320437500000001 0.8627640624999999 0.9283234374999999 0.8568125 0.9243546874999999 0.854828125 0.918403125 0.8482140625 0.9154265625000001 0.8492062499999999 0.9139390625000001 0.8518515624999999 0.9099703124999999 0.8495375 0.9094734375 0.8521828125 0.9064984375 0.8505296875000001 0.9045140625 0.8518515624999999 0.9025296875000001 0.850859375 0.8995531250000001 0.8541671875000001 0.8978171875 0.8538359375000001 0.8975687499999999 0.861771875 0.8993062500000001 0.8654093749999999 0.8985609374999999 0.8720234375
0 0.67733125 0.81580625 0.6783234375 0.81580625 0.6783234375 0.8078703125000001 0.6763390625000001 0.8078703125000001 0.6738593749999999 0.8101859375 0.6743546874999999 0.8134921875 0.67733125 0.81580625
0 0.690228125 0.8247359375000001 0.684028125 0.8194437499999999 0.6798109375 0.817790625 0.6755953124999999 0.8194437499999999 0.6755953124999999 0.8204359374999999 0.6783234375 0.8227515625 0.690228125 0.8247359375000001
0 0.9569640625 0.8856796875 0.958771875 0.8740703125 0.952315625 0.8657078125 0.9417171874999999 0.865646875 0.9175171875 0.851125 0.887734375 0.84790625 0.8674828124999999 0.8429046874999999 0.8283953125 0.8338625000000001 0.7323234375000001 0.8109125 0.7172625 0.80993125 0.7019546875 0.8035109374999999 0.692784375 0.8005296875000001 0.6864140625 0.8070546875 0.69219375 0.8168890624999999 0.69618125 0.8204359374999999 0.695684375 0.82374375 0.697171875 0.8260578125 0.701884375 0.8277109375 0.7361109375 0.834325 0.7973703125 0.8485453125 0.821925 0.8528437500000001 0.8675593750000001 0.8657406249999999 0.8779765625 0.86739375 0.88665625 0.87103125 0.8936015625 0.8720234375 0.90005 0.8707015625000001 0.9017265625 0.8728 0.9039531249999999 0.8725578125 0.909834375 0.8730984375 0.9309203125 0.8801593750000001 0.949128125 0.8841140624999999 0.9569640625 0.8856796875