0 0.4649375 0.3868484375 0.430803125 0.39887656250000003 0.38710468750000004 0.36198593749999997 0.3869 0.374184375 0.4418875 0.42907031250000005 0.45767187500000006 0.44022812499999997 0.4517203125 0.44146875 0.435515625 0.44022812499999997 0.43055625 0.43849218749999996 0.42394218749999996 0.43402812500000004 0.4077375 0.4322921875 0.39914062499999997 0.43253906249999996 0.3865734375 0.43526718750000004 0.3773140625 0.438740625 0.37301562499999996 0.4422125 0.3703703125 0.4466765625 0.37070156249999997 0.4536203125 0.3683859375 0.45858125000000005 0.365409375 0.4615578125 0.3558203125 0.46602187500000003 0.3561515625 0.4682546875 0.3630953125 0.46775781250000004 0.373346875 0.4635421875 0.3763234375 0.4610609375 0.38822812500000003 0.45758906250000003 0.38955 0.4615578125 0.3832671875 0.46478125 0.3832671875 0.46949375 0.391203125 0.47569375 0.3974875 0.48536718749999996 0.4084 0.49627968750000007 0.4437828125 0.523809375 0.44940468750000007 0.525296875 0.460978125 0.53199375 0.4695765625 0.532490625 0.4775125 0.5317453125 0.483796875 0.53670625 0.4917328125 0.5404265625 0.4957015625 0.52108125 0.5171953125 0.5104171875 0.556878125 0.49454374999999995 0.5626671875 0.475528125 0.583990625 0.46908281250000006 0.5924671874999999 0.46594218749999994 0.6026421875 0.4438640625 0.6021828124999999 0.45089218750000004 0.6048281249999999 0.4479171875 0.6064812500000001 0.4479171875 0.6140875 0.45213281250000004 0.6289687500000001 0.462796875 0.646825 0.46428593749999997 0.6652765625 0.4820640625 0.6945796875 0.534009375 0.6939421875 0.4835640625 0.7001265625 0.48162656249999997 0.7004203125 0.47281874999999995 0.6703046875 0.4689984375 0.665675 0.4630453125 0.66534375 0.459078125 0.667659375 0.45535781249999996 0.6765875 0.4506453125 0.694775 0.44444375 0.7017203125 0.44047656249999995 0.7056875 0.43675625 0.7070109375 0.4322921875 0.7103171875000001 0.428571875 0.773478125 0.40228125 0.8068781250000001 0.384425 0.8488749999999999 0.366071875 0.858796875 0.3596234375 0.8604499999999999 0.35739062499999996 0.8604499999999999 0.3541671875 0.858134375 0.3509421875 0.8449078125 0.346478125 0.7910046875 0.33878906249999996 0.7562828125000001 0.336309375 0.7175921875 0.3276296875 0.66170625 0.3189484375 0.633928125 0.3177078125 0.62830625 0.318453125 0.6210312499999999 0.32118125000000003 0.6107796875 0.3311015625 0.579034375 0.3541671875 0.5783734375 0.3908734375 0.575728125 0.39608125 0.5724203125 0.39608125 0.5661375 0.3908734375 0.56283125 0.38988125 0.5214953125 0.3883921875 0.5013234375 0.3891375 0.47056875 0.39459374999999997 0.4649375 0.3868484375
0 0.35286093749999997 0.32828124999999997 0.36605625 0.3305109375 0.412809375 0.2938984375 0.40366093750000004 0.2940265625 0.3745484375 0.31354375 0.35286093749999997 0.32828124999999997
0 0.20319375 0.2953046875 0.2107546875 0.3148171875 0.2137484375 0.3387953125 0.2385875 0.3590015625 0.2617859375 0.3713046875 0.26971875 0.366203125 0.2510515625 0.3502953125 0.237378125 0.33488281249999996 0.216440625 0.3174796875 0.217303125 0.2910390625 0.23834218749999997 0.263478125 0.22715156250000001 0.258965625 0.20923281249999998 0.262221875 0.21425156250000002 0.28087968750000003 0.2015796875 0.27139375 0.18199062500000002 0.278153125 0.1678203125 0.29922031250000003 0.1862515625 0.3180421875 0.20319375 0.2953046875
0 0.17365 0.4461953125 0.191875 0.440425 0.21152031249999997 0.43200781250000003 0.23339531249999998 0.418940625 0.23359375 0.4140265625 0.2087890625 0.414153125 0.20004218749999997 0.41247656250000003 0.18025 0.4182453125 0.1715640625 0.4297984375 0.17365 0.4461953125
0 0.09049375 0.3246125 0.0969859375 0.339775 0.131709375 0.37345625 0.166896875 0.39673125 0.176309375 0.39850625 0.1738109375 0.3783765625 0.16636718749999999 0.34923125 0.1410671875 0.3354375 0.1300453125 0.34176875 0.102971875 0.3235125 0.09132812500000001 0.31684999999999997 0.09049375 0.3246125
0 0.0779859375 0.25356875 0.091490625 0.241815625 0.08575625 0.236040625 0.080196875 0.234803125 0.0695296875 0.2358328125 0.0617859375 0.240546875 0.060446875 0.2527890625 0.0779859375 0.25356875
0 0.048915625000000004 0.2841125 0.06607031249999999 0.258246875 0.0621609375 0.2550984375 0.05423750000000001 0.2520171875 0.0383171875 0.25843906250000004 0.026860937499999998 0.275765625 0.031192187500000003 0.28974375 0.048915625000000004 0.2841125
0 0.41870312500000006 0.5142203125 0.4266546875 0.524803125 0.4419328125 0.5378203125 0.45241875 0.5400375000000001 0.4458375 0.5321703125 0.43007656250000004 0.5175390625 0.42186250000000003 0.511871875 0.41870312500000006 0.5142203125
0 1 0.4194484375 0.9886828124999999 0.4208421875 0.9642781250000001 0.4343875 0.9496015625 0.4425734375 0.9502296875 0.448153125 1 0.4516625 1 0.4403125 1 0.4194484375
0 0.8379015624999999 0.46164375 0.8160624999999999 0.44734375000000004 0.8079468750000001 0.4447015625 0.8074546874999999 0.45571093749999997 0.8232765625 0.473234375 0.8451578124999999 0.4884953125 0.8534265624999999 0.47747031250000005 0.8379015624999999 0.46164375
0 0.794440625 0.5073890624999999 0.7662921875 0.5064765625 0.7618375000000001 0.505384375 0.7492687499999999 0.499853125 0.7356453125 0.5017343750000001 0.7305203125 0.5117578125 0.7505015625 0.519478125 0.7873578125 0.511909375 0.794440625 0.5073890624999999
0 0.9112703124999999 0.5288078125 0.9072250000000001 0.5185484375 0.8849562499999999 0.5023234375000001 0.8782859375 0.49196718749999996 0.866903125 0.49119375 0.8611593750000001 0.49969374999999994 0.8823265625 0.5150140624999999 0.8968093749999999 0.5267109375000001 0.9088453124999999 0.5430953125 0.9112703124999999 0.5288078125
0 0.9218078125 0.586140625 0.9412203124999999 0.58235 0.9548625 0.57645 0.9550015625 0.5667703125 0.9526718750000001 0.56445625 0.9292781250000001 0.5681875 0.9134890625000001 0.58279375 0.9218078125 0.586140625