0 0.13516875 0.207671875 0.13665624999999998 0.2010578125 0.136409375 0.1537703125 0.141865625 0.1498015625 0.1450890625 0.144840625 0.144840625 0.12533125 0.13988125 0.1183859375 0.1297125 0.1147484375 0.1205359375 0.11342656250000001 0.1049109375 0.11441874999999999 0.10292656250000001 0.125 0.10292656250000001 0.1388890625 0.10615156249999999 0.1438484375 0.1130953125 0.15079375 0.11359062499999999 0.19709062500000002 0.11458281249999999 0.20337343749999998 0.11656718749999999 0.207340625 0.11879999999999999 0.2083328125 0.13194375 0.20965625000000002 0.13516875 0.207671875
0 0.21750937499999998 0.207340625 0.2232140625 0.203703125 0.22420625 0.1901453125 0.22891875 0.18849218750000002 0.23214218749999999 0.18551562500000002 0.23313437499999998 0.17824062499999999 0.2294140625 0.1736109375 0.2239578125 0.170634375 0.206596875 0.166996875 0.19444375 0.167328125 0.1872515625 0.16898125 0.183284375 0.1716265625 0.18253906250000002 0.1759265625 0.1842765625 0.182209375 0.19295625 0.18816093750000001 0.1927078125 0.20039687499999997 0.1984125 0.203703125 0.19965312500000001 0.2070109375 0.198909375 0.21329375 0.19965312500000001 0.2215609375 0.1986609375 0.22652187499999998 0.1994046875 0.22817500000000002 0.1986609375 0.23545 0.19915624999999998 0.248015625 0.1999015625 0.24933906249999999 0.2061015625 0.251653125 0.21403750000000002 0.25198437500000004 0.2157734375 0.2513234375 0.21701406250000002 0.24834687500000002 0.21750937499999998 0.207340625
0 0.3201890625 0.1792328125 0.3177078125 0.178571875 0.31795625 0.1759265625 0.3234125 0.17295 0.324653125 0.1693125 0.32911718749999996 0.16832031249999999 0.3296125 0.15972187499999999 0.32886875 0.1577375 0.325396875 0.1554234375 0.3169640625 0.1570765625 0.315228125 0.160053125 0.3154765625 0.174934375 0.31646874999999997 0.18088593749999998 0.31795625 0.18353124999999998 0.321925 0.1848546875 0.3229171875 0.18849218750000002 0.322171875 0.19146875000000002 0.32316406249999996 0.192790625 0.3224203125 0.1960984375 0.3234125 0.1974203125 0.32266875 0.2010578125 0.3236609375 0.20205 0.3229171875 0.2046953125 0.3236609375 0.20601875 0.3229171875 0.2099875 0.323909375 0.21097812500000002 0.32316406249999996 0.2129625 0.32415625000000003 0.21990781250000002 0.3236609375 0.222553125 0.325396875 0.2255296875 0.3358140625 0.22354531249999998 0.34176562499999996 0.226190625 0.3422625 0.215278125 0.3412703125 0.18948437499999998 0.339534375 0.18088593749999998 0.334821875 0.1775796875 0.330853125 0.1765875 0.3201890625 0.1792328125
0 0.2713296875 0.11805625 0.27108125 0.1164015625 0.2693453125 0.1150796875 0.262896875 0.1164015625 0.2624015625 0.11805625 0.2678578125 0.119378125 0.2713296875 0.11805625
0 0.257440625 0.1421953125 0.25868125000000003 0.1425265625 0.261409375 0.13955 0.2658734375 0.13822812499999998 0.2780265625 0.13955 0.277778125 0.13194375 0.27430625000000003 0.1263234375 0.26760937500000004 0.1213625 0.2584328125 0.1207015625 0.2562 0.12103124999999999 0.2557046875 0.1240078125 0.2564484375 0.12698437499999998 0.2557046875 0.1312828125 0.256696875 0.132275 0.2557046875 0.13624375 0.257440625 0.1421953125
0 0.42485156249999995 0.57010625 0.4139390625 0.5724203125 0.45238125 0.5747359375000001 0.461309375 0.5727515624999999 0.491815625 0.571428125 0.49057500000000004 0.56944375 0.48660781249999996 0.568121875 0.46502968750000007 0.567790625 0.45932500000000004 0.5651453125 0.451140625 0.567790625 0.42485156249999995 0.57010625
0 0.4822375 0.8034437499999999 0.49251093749999997 0.83003125 0.5418062499999999 0.8357468750000001 0.54654375 0.7991625 0.5269874999999999 0.7953796875 0.49280156249999996 0.8006265625 0.4822375 0.8034437499999999
0 0.6165421875 0.848840625 0.628009375 0.855353125 0.63395 0.8590265625000001 0.6393578125 0.8621624999999999 0.639509375 0.8508328125 0.6393953125 0.8399015625 0.63310625 0.8328234374999999 0.627153125 0.8266718750000001 0.6196640625 0.8303359374999999 0.6144921875 0.836696875 0.6165421875 0.848840625
0 0.634509375 0.9229593749999999 0.6371625 0.9096109374999999 0.6377015625 0.8917890625 0.6352375 0.8828109375000001 0.6306015625 0.8748374999999999 0.6258421875 0.8688687500000001 0.6193859374999999 0.8696515625 0.6121671875 0.8713640625 0.607809375 0.8741875 0.6047640624999999 0.8815109375000001 0.5986390625 0.877390625 0.599325 0.8841890625 0.6052078125 0.892934375 0.6026343749999999 0.9027 0.6058609374999999 0.9081812499999999 0.6145453125 0.9084031250000001 0.619734375 0.9097828124999999 0.6267265625 0.918665625 0.634509375 0.9229593749999999
0 0.551040625 0.5986359375 0.5610999999999999 0.5903375 0.5573625 0.58690625 0.55705625 0.5845640624999999 0.55000625 0.5912609375 0.551040625 0.5986359375
0 0.9495906250000001 0.94065 0.9492734374999999 0.9319390625 0.9416109374999999 0.9272375 0.93605625 0.9251234374999999 0.9292109375000001 0.9252 0.9265828125000001 0.9254890625 0.922496875 0.9278953124999999 0.9237875000000001 0.9316875 0.9255953124999999 0.9319890624999999 0.9417828125 0.941915625 0.9495906250000001 0.94065
0 0.8381562499999999 0.8763234375 0.8333859374999999 0.8755265624999999 0.83281875 0.8794859374999999 0.8480265625 0.884825 0.8484078125 0.8822640625 0.8444703125 0.8779359375 0.8381562499999999 0.8763234375
0 0.9677125 0.799496875 0.9607203125 0.799496875 0.9556093750000001 0.8019234375 0.9582593749999999 0.8028703125 0.9708921875 0.8044609375 0.981025 0.8059140625 0.9853453125 0.806775 0.9875171875 0.8037515624999999 0.9857093750000001 0.8022578125000001 0.9770390624999999 0.7995187500000001 0.9733046875 0.7991578125000001 0.9677125 0.799496875
0 0.9670328125 0.945028125 0.9724234375 0.9434437499999999 0.976096875 0.9429187499999999 0.9763484375000001 0.9402109375000001 0.9732468750000001 0.937515625 0.9693984375 0.9358859374999999 0.9660046875000001 0.9371015625 0.9606937500000001 0.9401890625 0.9622140625 0.9426500000000001 0.9670328125 0.945028125
0 1 0.8025328125 0.99870625 0.8011640625 0.9949609374999999 0.801521875 0.99494375 0.8048343750000001 0.9980874999999999 0.8064796875000001 1 0.8044640624999999 1 0.8025328125
0 0.9397437500000001 0.769128125 0.937296875 0.7659859375 0.9314921875 0.76380625 0.9282671875 0.7633593750000001 0.9236625 0.7650296875 0.9278796874999999 0.768359375 0.9385640625 0.7702515625 0.940096875 0.7706515625 0.9397437500000001 0.769128125
0 0.8875859374999999 0.7764609375 0.8876859375 0.77165 0.8872203125 0.7717890625 0.8810640624999999 0.7725640625 0.8805703125000001 0.7738937499999999 0.8823953124999999 0.7774875 0.8875859374999999 0.7764609375
0 0.8838796875 0.8041828125 0.8836140625000001 0.8033515625 0.8796515625 0.8016359375000001 0.8757953125 0.8021078125000001 0.8736984375000001 0.8049109375000001 0.87896875 0.8062296874999999 0.882884375 0.806834375 0.8838796875 0.8041828125
0 0.9329921875 0.8017375 0.9296859375000001 0.7987375 0.9278906250000001 0.798475 0.9263468749999999 0.7993609375 0.926465625 0.8023578125 0.9292953125000001 0.8041 0.9329921875 0.8017375
0 0.8317859375 0.7802359375 0.8298406249999999 0.7781906249999999 0.8270500000000001 0.7791125 0.8267109375 0.7828359375 0.82935625 0.7850171875 0.8316984375 0.7831453125000001 0.8317859375 0.7802359375
0 0.80781875 0.7450671875 0.80554375 0.74529375 0.8008656249999999 0.7461703125 0.8036421875 0.750315625 0.8096109374999999 0.7506125 0.8095796875 0.746378125 0.80781875 0.7450671875
0 0.8497937500000001 0.7409796875 0.8466578124999999 0.7404609375 0.8453625 0.742184375 0.845703125 0.74524375 0.8506078125000001 0.7466421875 0.8525562499999999 0.744321875 0.8497937500000001 0.7409796875
0 0.8744781250000001 0.726109375 0.8714187499999999 0.72649375 0.8701328125 0.730265625 0.8741203125 0.730878125 0.8763343750000001 0.7311062500000001 0.8767796875 0.729146875 0.8744781250000001 0.726109375
0 0.7693921875 0.7384515625 0.7659484375 0.7375296875 0.7626203125 0.7374796875 0.7659812500000001 0.7429578125 0.771425 0.7447046875 0.77265625 0.742040625 0.7693921875 0.7384515625
0 0.8023250000000001 0.7052125 0.7959921875 0.70115625 0.79421875 0.7008625 0.7878437500000001 0.7028671875 0.788690625 0.7049984375 0.792246875 0.70940625 0.8024015625 0.710346875 0.8064718750000001 0.706884375 0.8023250000000001 0.7052125
0 0.88830625 0.7625265625 0.8896140625 0.7663125 0.8919171875 0.7679171874999999 0.9000578125 0.766984375 0.9008578125 0.76635 0.8957625 0.7620109375 0.88830625 0.7625265625
0 0.9338484375 0.7440859375 0.9314359375000001 0.7452875 0.9319109375 0.7476140625000001 0.9377046874999999 0.7495484375 0.939325 0.7496609375000001 0.9370234375000001 0.7450375 0.9338484375 0.7440859375
0 1 0.9893328125 0.9995671875 0.9857484375000001 0.9985625 0.98601875 0.9957156250000001 0.987253125 0.9985421875 0.9911468749999999 1 0.9893328125
0 0.97734375 0.9878140625 0.9762328124999999 0.9878140625 0.97915 0.9918812499999999 0.9804562499999999 0.9925828125 0.9844312499999999 0.9907234375 0.9857921875000001 0.98803125 0.9847546875000001 0.9861015625 0.9821828125 0.9861015625 0.9800921875 0.9857828124999999 0.97734375 0.9878140625