0 0.8648312499999999 0.7923281249999999 0.86334375 0.7989421875 0.863590625 0.8462296874999999 0.858134375 0.8501984374999999 0.8549109375 0.855159375 0.855159375 0.87466875 0.86011875 0.8816140625 0.8702875000000001 0.8852515625 0.8794640625 0.8865734375000001 0.8950890625 0.8855812500000001 0.8970734374999999 0.875 0.8970734374999999 0.8611109375 0.8938484375 0.8561515625 0.8869046875000001 0.8492062499999999 0.886409375 0.8029093749999999 0.8854171875000001 0.7966265625 0.8834328125 0.792659375 0.8812 0.7916671875 0.8680562500000001 0.79034375 0.8648312499999999 0.7923281249999999
0 0.782490625 0.792659375 0.7767859374999999 0.796296875 0.77579375 0.8098546875 0.77108125 0.8115078125 0.7678578125 0.8144843749999999 0.766865625 0.8217593750000001 0.7705859375 0.8263890625 0.7760421875 0.829365625 0.793403125 0.833003125 0.8055562500000001 0.832671875 0.8127484375 0.8310187499999999 0.816715625 0.8283734375 0.8174609374999999 0.8240734375000001 0.8157234375 0.817790625 0.8070437500000001 0.8118390625 0.8072921875000001 0.799603125 0.8015874999999999 0.796296875 0.800346875 0.7929890625 0.801090625 0.78670625 0.800346875 0.7784390625000001 0.8013390625 0.773478125 0.8005953124999999 0.771825 0.8013390625 0.7645500000000001 0.80084375 0.7519843749999999 0.8000984375 0.7506609375 0.7938984375 0.748346875 0.7859625 0.7480156250000001 0.7842265625 0.7486765625 0.7829859375 0.751653125 0.782490625 0.792659375
0 0.6798109375 0.8207671875000001 0.6822921875 0.8214281250000001 0.68204375 0.8240734375000001 0.6765875 0.8270500000000001 0.675346875 0.8306875 0.6708828125 0.8316796875 0.6703875 0.840278125 0.67113125 0.8422625 0.674603125 0.8445765625 0.6830359374999999 0.8429234375 0.684771875 0.8399468750000001 0.6845234375 0.825065625 0.6835312499999999 0.8191140625 0.68204375 0.81646875 0.678075 0.8151453125 0.6770828125 0.8115078125 0.677828125 0.80853125 0.6768359375 0.807209375 0.6775796875 0.8039015624999999 0.6765875 0.8025796875 0.67733125 0.7989421875 0.6763390625000001 0.7979499999999999 0.6770828125 0.7953046875 0.6763390625000001 0.7939812500000001 0.6770828125 0.7900125 0.676090625 0.789021875 0.6768359375 0.7870375000000001 0.6758437500000001 0.7800921875 0.6763390625000001 0.777446875 0.674603125 0.7744703125 0.6641859375 0.7764546875 0.6582343749999999 0.773809375 0.6577375 0.784721875 0.6587296874999999 0.8105156250000001 0.660465625 0.8191140625 0.665178125 0.8224203125 0.669146875 0.8234125000000001 0.6798109375 0.8207671875000001
0 0.7286703125 0.8819437499999999 0.72891875 0.8835984375000001 0.7306546875000001 0.8849203125 0.737103125 0.8835984375000001 0.7375984375 0.8819437499999999 0.7321421875 0.8806218749999999 0.7286703125 0.8819437499999999
0 0.742559375 0.8578046875 0.74131875 0.8574734375 0.738590625 0.8604499999999999 0.7341265625 0.861771875 0.7219734375 0.8604499999999999 0.722221875 0.8680562500000001 0.72569375 0.8736765625 0.7323906250000001 0.8786375 0.7415671875000001 0.8792984374999999 0.7438 0.87896875 0.7442953125 0.8759921875 0.7435515625 0.8730156250000001 0.7442953125 0.8687171875 0.743303125 0.8677250000000001 0.7442953125 0.86375625 0.742559375 0.8578046875
0 0.5751484375 0.42989375 0.5860609375 0.4275796875 0.54761875 0.4252640625 0.538690625 0.4272484375 0.508184375 0.428571875 0.509425 0.43055625 0.5133921875 0.431878125 0.5349703124999999 0.43220937499999995 0.540675 0.4348546875 0.5488593749999999 0.43220937499999995 0.5751484375 0.42989375
0 0.5177625 0.19655625000000002 0.5074890625 0.16996875 0.45819375000000007 0.164253125 0.45345625 0.2008375 0.4730125 0.20462031249999998 0.5071984375 0.1993734375 0.5177625 0.19655625000000002
0 0.3834578125 0.151159375 0.371990625 0.144646875 0.36605 0.1409734375 0.3606421875 0.1378375 0.360490625 0.1491671875 0.3606046875 0.1600984375 0.36689375 0.1671765625 0.372846875 0.173328125 0.3803359375 0.1696640625 0.3855078125 0.163303125 0.3834578125 0.151159375
0 0.36549062499999996 0.077040625 0.36283750000000003 0.09038906249999999 0.3622984375 0.10821093749999999 0.3647625 0.11718906250000001 0.3693984375 0.1251625 0.3741578125 0.13113125 0.38061406249999996 0.1303484375 0.3878328125 0.1286359375 0.392190625 0.1258125 0.39523593749999997 0.11848906249999999 0.40136093749999996 0.12260937499999999 0.400675 0.1158109375 0.3947921875 0.10706562500000001 0.397365625 0.0973 0.39413906249999997 0.09181875 0.3854546875 0.091596875 0.380265625 0.09021718749999999 0.3732734375 0.081334375 0.36549062499999996 0.077040625
0 0.448959375 0.4013640625 0.4389 0.40966250000000004 0.4426375 0.41309375 0.44294374999999997 0.4154359375 0.44999374999999997 0.4087390625 0.448959375 0.4013640625
0 0.050409375 0.05935 0.0507265625 0.0680609375 0.0583890625 0.0727625 0.06394375 0.0748765625 0.0707890625 0.0748 0.07341718750000001 0.0745109375 0.07750312499999999 0.0721046875 0.0762125 0.0683125 0.0744046875 0.06801093750000001 0.0582171875 0.058084375 0.050409375 0.05935
0 0.16184375 0.1236765625 0.1666140625 0.12447343749999999 0.16718125 0.1205140625 0.1519734375 0.115175 0.1515921875 0.1177359375 0.1555296875 0.12206406249999999 0.16184375 0.1236765625
0 0.032287500000000004 0.200503125 0.0392796875 0.200503125 0.044390625 0.1980765625 0.041740624999999996 0.19712968749999998 0.029107812500000003 0.1955390625 0.018975 0.1940859375 0.0146546875 0.193225 0.012482812499999999 0.1962484375 0.014290625000000001 0.1977421875 0.0229609375 0.20048125 0.026695312500000002 0.2008421875 0.032287500000000004 0.200503125
0 0.0329671875 0.054971875 0.027576562500000002 0.056556249999999995 0.023903125 0.05708124999999999 0.0236515625 0.059789062500000004 0.026753125 0.062484375 0.030601562500000002 0.0641140625 0.0339953125 0.0628984375 0.03930625 0.05981093750000001 0.0377859375 0.05735 0.0329671875 0.054971875
0 0 0.1974671875 0.00129375 0.1988359375 0.0050390625 0.198478125 0.00505625 0.195165625 0.0019125 0.19352031249999999 0 0.1955359375 0 0.1974671875
0 0.06025625 0.230871875 0.062703125 0.2340140625 0.0685078125 0.23619374999999998 0.07173281249999999 0.236640625 0.0763375 0.2349703125 0.07212031249999999 0.231640625 0.0614359375 0.22974843749999999 0.059903125 0.22934843749999997 0.06025625 0.230871875
0 0.1124140625 0.2235390625 0.1123140625 0.22835 0.1127796875 0.22821093750000002 0.1189359375 0.2274359375 0.1194296875 0.22610625 0.1176046875 0.22251249999999997 0.1124140625 0.2235390625
0 0.11612031249999999 0.1958171875 0.1163859375 0.1966484375 0.12034843749999999 0.1983640625 0.1242046875 0.19789218749999998 0.1263015625 0.1950890625 0.12103124999999999 0.1937703125 0.11711562499999999 0.193165625 0.11612031249999999 0.1958171875
0 0.0670078125 0.1982625 0.0703140625 0.20126249999999998 0.072109375 0.201525 0.073653125 0.2006390625 0.073534375 0.1976421875 0.0707046875 0.19590000000000002 0.0670078125 0.1982625
0 0.16821406249999998 0.2197640625 0.170159375 0.221809375 0.17295 0.2208875 0.1732890625 0.21716406250000003 0.17064375 0.2149828125 0.1683015625 0.2168546875 0.16821406249999998 0.2197640625
0 0.19218125 0.2549328125 0.19445625 0.25470625 0.199134375 0.2538296875 0.1963578125 0.24968437500000001 0.1903890625 0.2493875 0.1904203125 0.253621875 0.19218125 0.2549328125
0 0.15020625 0.2590203125 0.1533421875 0.2595390625 0.1546375 0.257815625 0.154296875 0.25475625 0.1493921875 0.2533578125 0.14744375 0.255678125 0.15020625 0.2590203125
0 0.125521875 0.273890625 0.12858125 0.27350625 0.12986718749999998 0.26973437499999997 0.1258796875 0.269121875 0.123665625 0.26889375000000004 0.12322031250000001 0.27085312500000003 0.125521875 0.273890625
0 0.2306078125 0.2615484375 0.2340515625 0.26247031249999997 0.2373796875 0.2625203125 0.23401875 0.2570421875 0.22857500000000003 0.25529531250000004 0.22734375 0.257959375 0.2306078125 0.2615484375
0 0.197675 0.2947875 0.2040078125 0.29884374999999996 0.20578124999999997 0.2991375 0.21215625 0.2971328125 0.211309375 0.2950015625 0.20775312499999998 0.29059375 0.1975984375 0.28965312499999996 0.193528125 0.293115625 0.197675 0.2947875
0 0.11169375 0.2374734375 0.1103859375 0.2336875 0.1080828125 0.23208281249999999 0.0999421875 0.233015625 0.0991421875 0.23365 0.10423750000000001 0.2379890625 0.11169375 0.2374734375
0 0.06615156250000001 0.2559140625 0.0685640625 0.2547125 0.06808906249999999 0.2523859375 0.0622953125 0.2504515625 0.060675 0.25033906250000004 0.0629765625 0.2549625 0.06615156250000001 0.2559140625
0 0 0.0106671875 0.00043281250000000004 0.0142515625 0.0014375 0.01398125 0.004284375 0.012746875 0.0014578125000000001 0.008853125 0 0.0106671875
0 0.02265625 0.0121859375 0.023767187500000002 0.0121859375 0.02085 0.00811875 0.01954375 0.0074171875 0.015568750000000001 0.0092765625 0.0142078125 0.01196875 0.0152453125 0.0138984375 0.0178171875 0.0138984375 0.0199078125 0.0142171875 0.02265625 0.0121859375