0 0.07118125 0.891534375 0.06944375 0.8988093750000001 0.0701890625 0.9050921875 0.0731640625 0.9074078125 0.087053125 0.9084 0.1049109375 0.9047625 0.1143359375 0.8998015625000001 0.11631875 0.8974875000000001 0.1150796875 0.8935187499999999 0.1138390625 0.8720234375 0.11259843750000001 0.8690468750000001 0.10887968750000002 0.8677250000000001 0.10590312500000001 0.8630953124999999 0.10590312500000001 0.8181218749999999 0.1036703125 0.810846875 0.10069375 0.8095234375 0.08978125 0.8111765625 0.08506875 0.81580625 0.08358125 0.8260578125 0.0825890625 0.8680562500000001 0.0811015625 0.87169375 0.074653125 0.8773140625 0.071428125 0.8835984375000001 0.07118125 0.891534375
0 0.17237031249999998 0.8125 0.1661703125 0.8174609374999999 0.1666671875 0.829034375 0.1592265625 0.833003125 0.15525781249999998 0.8396156250000001 0.1579859375 0.8459 0.1626984375 0.8485453125 0.16840312500000001 0.8501984374999999 0.1775796875 0.8501984374999999 0.1904765625 0.8485453125 0.1986609375 0.8459 0.2036203125 0.8432546875 0.20783749999999998 0.8379625 0.207340625 0.8320109375 0.2056046875 0.829034375 0.2016375 0.8263890625 0.198909375 0.8260578125 0.1986609375 0.8161375 0.19766875 0.8125 0.1919640625 0.8088625 0.1907234375 0.799271875 0.190228125 0.7800921875 0.1889875 0.7784390625000001 0.1822921875 0.77943125 0.179315625 0.7767859374999999 0.1733625 0.7807546875 0.1733625 0.80919375 0.17237031249999998 0.8125
0 0.306546875 0.8614421875 0.30704375 0.8561515625 0.302828125 0.8465609374999999 0.30233125 0.8406078125 0.3120046875 0.8392859375 0.3169640625 0.8359781249999999 0.31746093750000004 0.8174609374999999 0.316715625 0.8134921875 0.3095234375 0.8098546875 0.3072921875 0.792659375 0.305803125 0.7900125 0.302828125 0.7900125 0.3013390625 0.7913359375 0.3000984375 0.7969578125 0.2983625 0.8270500000000001 0.2973703125 0.8303578125 0.293403125 0.8346562499999999 0.2896828125 0.858134375 0.29141875 0.8597890625 0.306546875 0.8614421875
0 0.2380953125 0.8707015625000001 0.23561562500000002 0.8660718749999999 0.23115156250000002 0.8657406249999999 0.2299109375 0.86739375 0.2291671875 0.8730156250000001 0.2291671875 0.895171875 0.22966250000000002 0.8961640624999999 0.2328875 0.8961640624999999 0.24231093750000002 0.891534375 0.246528125 0.8872359375000001 0.24727187499999997 0.8839281250000001 0.242559375 0.8776453125 0.238590625 0.8759921875 0.2380953125 0.8707015625000001
0 0.47120468750000005 0.1841015625 0.4671609375 0.1944 0.4684015625 0.21233437500000002 0.47015 0.2143703125 0.47863749999999994 0.2175890625 0.4883890625 0.2188609375 0.5011921874999999 0.2207671875 0.5209718750000001 0.2229265625 0.5158437499999999 0.1820640625 0.47120468750000005 0.1841015625
0 0.6033890625 0.1610734375 0.59370625 0.16399999999999998 0.5867453125 0.1725625 0.5797671875 0.18116875 0.585240625 0.185709375 0.5940937500000001 0.18856562500000001 0.5976515625000001 0.1915296875 0.5995734374999999 0.1900578125 0.60446875 0.1872734375 0.6065968749999999 0.177790625 0.60779375 0.16923593750000002 0.608975 0.1616765625 0.6033890625 0.1610734375
0 0.6072484375 0.118809375 0.608796875 0.097609375 0.6008265625 0.0929453125 0.5952078125 0.09429375 0.5887046875 0.1090515625 0.5777703125 0.11111562500000001 0.5735921875 0.11646875000000001 0.570075 0.1353234375 0.57198125 0.1404578125 0.581359375 0.14640781249999998 0.58435625 0.1497578125 0.5917390625000001 0.1524390625 0.6002265625 0.146353125 0.6076296875 0.13973437500000002 0.6072484375 0.118809375
0 0.527171875 0.4199984375 0.5390453125 0.430271875 0.5403328125 0.42287968749999993 0.5282703125 0.41296406250000006 0.527171875 0.4199984375
0 0.4002078125 0.4422359375 0.39769375 0.44831562500000005 0.420925 0.44775 0.4337890625 0.448065625 0.44890937500000005 0.4466609375 0.4626765625 0.44641093749999994 0.47215937500000005 0.43984843749999997 0.4625796875 0.4367203125 0.4492359375 0.4375828125 0.43618125 0.43829531250000003 0.4283984375 0.43840312499999995 0.4002078125 0.4422359375
0 0.81335625 0.0143671875 0.8094859375000001 0.015284375 0.8072765625 0.0154359375 0.79838125 0.016960937500000002 0.79364375 0.0212953125 0.7927265625000001 0.022615625 0.796115625 0.026606249999999998 0.7997625 0.025790625 0.8072984375000001 0.02515625 0.8127015625 0.0269296875 0.81651875 0.026610937499999997 0.8252734374999999 0.020628125 0.83155625 0.0152 0.8271765625 0.013318749999999999 0.819875 0.0147796875 0.81335625 0.0143671875
0 0.80646875 0.031778125000000004 0.8066000000000001 0.0287921875 0.804053125 0.026823437500000002 0.79998125 0.025353124999999997 0.7965015625 0.028340625 0.795953125 0.033103125 0.798640625 0.0339078125 0.8011312500000001 0.033659375000000005 0.80646875 0.031778125000000004
0 0.7589421875 0.0622390625 0.7627531249999999 0.0646609375 0.76511875 0.062193750000000006 0.76023125 0.058867187499999994 0.7589421875 0.0622390625
0 0.9389468750000001 0 0.9381328124999999 0.00170625 0.9370515625 0.005207812500000001 0.941628125 0.010728125 0.947809375 0.0134234375 0.96034375 0.013654687500000002 0.96225 0.0120984375 0.9655890625 0.0135921875 0.9726015625000001 0.0121015625 0.974903125 0.0160359375 0.9784875 0.0157875 0.98351875 0.0136078125 0.9902921875 0.0127046875 0.9989859375 0.011289062499999999 1 0.01228125 1 0 0.9751406250000001 0 0.9504765624999999 0 0.9389468750000001 0
0 0.9209453125 0.002059375 0.9175578124999999 0.0064625 0.9164796875000001 0.009128124999999999 0.9177859375 0.0124953125 0.9202921875 0.0127265625 0.9232484375000001 0.011920312499999999 0.9215796875000001 0.012109375 0.9256718749999999 0.01043125 0.9282546875 0.008687499999999999 0.930640625 0.006046875 0.9305999999999999 0.0016890625 0.92624375 0.000671875 0.9209453125 0.002059375
0 0.89879375 0.026424999999999997 0.9020234374999999 0.026568750000000002 0.90474375 0.02469375 0.9070890625000001 0.021934375 0.9073062500000001 0.0205390625 0.9067718749999999 0.0195359375 0.9043953124999999 0.0201359375 0.8998406250000001 0.021265625 0.8980390625 0.0217375 0.8945624999999999 0.02315 0.8964125 0.0254546875 0.89879375 0.026424999999999997
0 0.9395562500000001 0.0403484375 0.9424765624999999 0.040925 0.9454156250000001 0.041146875 0.9470078125000001 0.0410015625 0.9488203125 0.039918749999999996 0.94909375 0.0370140625 0.94709375 0.03595625 0.9446375 0.0346890625 0.94180625 0.0353046875 0.9386078124999999 0.038125 0.9395562500000001 0.0403484375
0 0.9220703125 0.088790625 0.91613125 0.087784375 0.9153296875000001 0.0869265625 0.9092265625 0.08445312499999999 0.90439375 0.08464374999999999 0.900275 0.086321875 0.8950546875000001 0.0897546875 0.8887875 0.094521875 0.8914125 0.0956125 0.8938750000000001 0.0995328125 0.9014328125000001 0.09811875 0.9041281250000001 0.096046875 0.9082265625 0.09720625000000001 0.911321875 0.09685 0.91901875 0.0937296875 0.9220703125 0.088790625
0 0.9412843750000001 0.0857984375 0.9404781249999999 0.083434375 0.936971875 0.0817828125 0.9337406250000001 0.08141875 0.9306109375 0.080678125 0.9288296875000001 0.07921249999999999 0.9295265625000001 0.0824125 0.9285453125 0.0812640625 0.9252968750000001 0.08215312500000001 0.9256062500000001 0.08434375 0.9272406249999999 0.0851296875 0.93135625 0.0879921875 0.9326796875 0.088125 0.9366078124999999 0.08875625000000001 0.9394640624999999 0.08755468749999999 0.9412843750000001 0.0857984375
0 0.806915625 0.1378390625 0.802003125 0.14033281250000001 0.8009359375 0.14099062499999998 0.8020984375 0.1426765625 0.8061171874999999 0.1431078125 0.8107703125000001 0.1436453125 0.8151249999999999 0.14252343750000002 0.8185062500000001 0.1404625 0.81540625 0.1375296875 0.8138421875 0.1371734375 0.806915625 0.1378390625
0 0.9199999999999999 0.21741875 0.9207828125 0.21967656249999998 0.9214859375 0.22042968749999997 0.927190625 0.2202 0.9292296875 0.219846875 0.934815625 0.21951874999999998 0.9416078125 0.218821875 0.9472625000000001 0.219490625 0.9523203125 0.216315625 0.9477984375 0.21431874999999997 0.9436859375 0.21539687500000002 0.937990625 0.216534375 0.931378125 0.21492343749999998 0.9276640625000001 0.21510781250000002 0.9229749999999999 0.216190625 0.9199999999999999 0.21741875
0 0.98685625 0.2702140625 0.9909625 0.27168749999999997 0.9945328124999999 0.26916406249999997 0.9954859375 0.2652046875 0.988315625 0.26513593750000003 0.9810984375 0.2667 0.979478125 0.26994375000000004 0.98074375 0.27069062499999996 0.98685625 0.2702140625
0 0.9036031250000001 0.2491453125 0.8960171875 0.250128125 0.8909953125 0.25295 0.89163125 0.2545875 0.8965484375000001 0.2548109375 0.8999203124999999 0.253859375 0.9040578125 0.251665625 0.9036031250000001 0.2491453125
0 0.8440312499999999 0.2906734375 0.8483953124999999 0.290278125 0.8501218749999999 0.2873046875 0.8477062500000001 0.28709375000000004 0.8463015625000001 0.28709375000000004 0.841509375 0.287775 0.8424546875000001 0.29045 0.8440312499999999 0.2906734375
0 0.8463046875 0.21741562499999997 0.850878125 0.215671875 0.8542890625 0.213465625 0.854484375 0.21070625 0.8497718750000001 0.21278125 0.844446875 0.2134953125 0.841015625 0.21281875 0.8411578125 0.2147140625 0.8463046875 0.21741562499999997
0 0.8431296875 0.22066406249999998 0.8364750000000001 0.21799375 0.8321781250000001 0.219028125 0.8313859375 0.22002812500000002 0.8310124999999999 0.22287343750000002 0.8352499999999999 0.2233453125 0.8405156249999999 0.2225140625 0.8431296875 0.22066406249999998
0 0.8501203125 0.24294375 0.850734375 0.243721875 0.8532890625 0.246653125 0.8582609375000001 0.2457875 0.8609937499999999 0.2442796875 0.8629046875 0.24253906249999999 0.86129375 0.24135625 0.8557281250000001 0.2424796875 0.8542937500000001 0.24219062500000002 0.8516171874999999 0.24090625000000002 0.8501203125 0.24294375
0 0.86729375 0.2504828125 0.8623375 0.252215625 0.8592046874999999 0.2526125 0.8556578125 0.25275781249999996 0.8546359375 0.253153125 0.856853125 0.25448750000000003 0.8591890624999999 0.2547546875 0.863584375 0.2550453125 0.8663968750000001 0.2552703125 0.8692 0.2542828125 0.86885625 0.2517203125 0.86729375 0.2504828125
0 0.8154796875000001 0.273034375 0.8165687500000001 0.2757265625 0.8202328124999999 0.2752140625 0.823184375 0.2740203125 0.8257375 0.27290625 0.8266890625000001 0.27236875 0.8231765624999999 0.27040312499999997 0.821740625 0.2710625 0.8191578125 0.271315625 0.8154796875000001 0.273034375
0 0.9020374999999999 0.26866093750000003 0.89991875 0.27028281249999997 0.8990390625 0.27271718749999996 0.9023218749999999 0.2728140625 0.9057499999999999 0.27343125 0.9092296875000001 0.27171249999999997 0.9068296874999999 0.269428125 0.9020374999999999 0.26866093750000003
0 0.77501875 0.27104374999999997 0.7764234375 0.27035468749999997 0.7800328125 0.2698140625 0.7840546875000001 0.27014218749999996 0.7874828125 0.26887343750000003 0.7846296875000001 0.26808125 0.7796375 0.26592812499999996 0.777084375 0.266071875 0.77370625 0.269065625 0.77501875 0.27104374999999997
0 0.8029296875 0.234459375 0.7991859375 0.2348671875 0.796909375 0.2364390625 0.798328125 0.2384484375 0.8012312500000001 0.23929062499999998 0.8041109375 0.2380875 0.8055421875000001 0.235753125 0.8029296875 0.234459375
0 0.7591218750000001 0.30315 0.7564968750000001 0.3084515625 0.7630546875 0.30884375 0.7616671875 0.310284375 0.7413546875 0.311828125 0.738809375 0.30880625 0.7368890625 0.31212968750000003 0.7315484375 0.311259375 0.72970625 0.313940625 0.7659078125 0.31209375 0.76848125 0.3111796875 0.773865625 0.30738750000000004 0.76629375 0.3043578125 0.7634531250000001 0.300728125 0.7591218750000001 0.30315
0 0.7397453125 0.3051140625 0.747028125 0.3061296875 0.7482328125000001 0.30544375 0.7497375 0.3015078125 0.7465890625 0.300053125 0.7424390625 0.3049921875 0.7397453125 0.3051140625
0 0.74338125 0.277103125 0.74870625 0.27657656249999996 0.7490765625 0.274228125 0.7457203125 0.2723390625 0.7386 0.27440000000000003 0.73694375 0.2782046875 0.7387921875 0.27855625 0.7408390625 0.27782968750000003 0.74338125 0.277103125
0 0.7766359375 0.2812328125 0.777540625 0.281128125 0.7775953125 0.278303125 0.7755171875 0.27702343749999997 0.7744093750000001 0.27683749999999996 0.7750984375 0.2814703125 0.7766359375 0.2812328125
0 0.898909375 0.310853125 0.9064343750000001 0.31079218750000004 0.9066421874999999 0.309946875 0.9041671875 0.308190625 0.9019390625 0.3092265625 0.898909375 0.310853125
0 0.89204375 0.21881093749999997 0.8928156250000001 0.21969375000000002 0.8956468750000001 0.22063125 0.8976078125000001 0.22038281249999997 0.9004406250000001 0.2209546875 0.89879375 0.2186296875 0.89690625 0.2178828125 0.8932609375 0.21788593750000002 0.89204375 0.21881093749999997
0 0.9521421875 0.1401765625 0.9501125 0.14514218750000002 0.9529296875 0.14626406249999999 0.958590625 0.1429734375 0.9521421875 0.1401765625
0 0.9347171875000001 0.1462953125 0.9302390624999999 0.14597500000000002 0.9335093750000001 0.14930625 0.9347171875000001 0.1462953125
0 0.9263406249999999 0.1460578125 0.9277265625 0.144221875 0.9273765624999999 0.1421390625 0.9184984375 0.144765625 0.9163703125 0.14677500000000002 0.924765625 0.146859375 0.9263406249999999 0.1460578125
0 0.94293125 0.14620468749999999 0.9425437499999999 0.1473046875 0.9430578125 0.14969062500000002 0.9473546875000001 0.1484734375 0.9433718750000001 0.1442984375 0.9450937500000001 0.1422390625 0.9443171875 0.14154843749999999 0.940015625 0.1412015625 0.9377093750000001 0.1447671875 0.94293125 0.14620468749999999
0 0.651109375 0.22394843749999999 0.6556375 0.22271875 0.6566234375 0.221496875 0.6574234375 0.22129531249999998 0.657390625 0.21935156249999999 0.6556640625 0.2191515625 0.652146875 0.2185265625 0.650278125 0.22051875 0.6464765625 0.2217046875 0.646628125 0.223225 0.651109375 0.22394843749999999
0 0.6500046875 0.258203125 0.648665625 0.257071875 0.6466937500000001 0.26064375 0.6476390624999999 0.26064375 0.650103125 0.2603578125 0.6500046875 0.258203125