0 0.464090625 0.6236453125 0.4680703125 0.607571875 0.47230625000000004 0.5176578125 0.46159531249999997 0.5066890625 0.45989218750000005 0.6234890625 0.464090625 0.6236453125
0 0.5641171875000001 0.1617890625 0.5668765625 0.146646875 0.5243156250000001 0.145684375 0.510396875 0.1437109375 0.495946875 0.14349375 0.49594531249999996 0.1732515625 0.5018765625 0.16818125 0.5043890625 0.16659531249999998 0.5081921875 0.16940312500000002 0.5130390625000001 0.1780046875 0.520521875 0.18141093749999998 0.5327203125 0.181834375 0.536628125 0.1815140625 0.5471421875 0.17836093749999998 0.548534375 0.177721875 0.5553890625 0.18086249999999998 0.5625 0.17905312499999998 0.5641171875000001 0.1617890625
0 0.3761625 0.1527078125 0.3739890625 0.15481406250000002 0.3738015625 0.161240625 0.3755875 0.16617656249999999 0.380440625 0.1681453125 0.391515625 0.16568906249999998 0.39298125 0.162921875 0.3946640625 0.158609375 0.3955203125 0.158003125 0.3939390625 0.15154218749999998 0.38930625 0.1457453125 0.3790359375 0.1378734375 0.37279062500000004 0.1362109375 0.368853125 0.1356484375 0.36711875 0.14166875 0.37772031250000004 0.1467234375 0.3817609375 0.1505296875 0.3855921875 0.1541734375 0.3853265625 0.1595609375 0.3786265625 0.15869843749999998 0.37798125 0.15851874999999999 0.3761625 0.1527078125
0 0.3778453125 0.0834484375 0.3665 0.07933124999999999 0.3672671875 0.09331249999999999 0.3662078125 0.107896875 0.3671828125 0.1165453125 0.3718765625 0.125759375 0.379221875 0.1309 0.38832187500000004 0.1308359375 0.39268125 0.1280140625 0.397053125 0.1199734375 0.3974234375 0.11321406249999999 0.39723281250000003 0.1015390625 0.3933625 0.09524218749999999 0.38518125 0.0936515625 0.3778453125 0.0834484375
0 0.7619046875000001 0.7298281249999999 0.7591765625 0.7476859375 0.7532234375 0.7536375 0.7519843749999999 0.763228125 0.7467765625 0.7655421875 0.74454375 0.771825 0.745784375 0.777446875 0.7522328125 0.7820765625 0.77108125 0.785053125 0.787946875 0.7834 0.7929062499999999 0.7784390625000001 0.7924109374999999 0.7748015625 0.7891859375 0.7701718750000001 0.7837296874999999 0.7671953125 0.7837296874999999 0.755621875 0.777778125 0.75 0.777778125 0.714946875 0.777034375 0.71329375 0.7755453125 0.71329375 0.772321875 0.7288359375 0.7681046874999999 0.7298281249999999 0.7626484375 0.7288359375 0.7619046875000001 0.7298281249999999
0 0.81646875 0.8244046875000001 0.8142359375 0.8161375 0.8105156250000001 0.8151453125 0.80853125 0.81216875 0.8072921875000001 0.8131609375 0.8070437500000001 0.8244046875000001 0.8092765625 0.82738125 0.815971875 0.8320109375 0.83755 0.8359781249999999 0.8492062499999999 0.8346562499999999 0.8519343750000001 0.8333328124999999 0.8534218750000001 0.8296953125 0.8526781250000001 0.8277109375 0.8459828125 0.8224203125 0.8442453125 0.8105156250000001 0.8365578125 0.8005953124999999 0.8365578125 0.7529765625 0.8358140625000001 0.75033125 0.831596875 0.7463625 0.8199406249999999 0.7457015625000001 0.8179562499999999 0.7480156250000001 0.816715625 0.7579359375 0.8157234375 0.7939812500000001 0.8144843749999999 0.7982796875 0.8110125 0.8022484375 0.8110125 0.8042328124999999 0.8318453124999999 0.8115078125 0.8335812499999999 0.8144843749999999 0.8360609374999999 0.8247359375000001 0.8350687499999999 0.825728125 0.8258921875 0.8260578125 0.8201890625000001 0.8240734375000001 0.81646875 0.8244046875000001
0 0.6365984375 0.7425578125000001 0.636584375 0.761 0.639171875 0.763321875 0.6491078124999999 0.7650578125 0.6543249999999999 0.7611671875 0.650778125 0.7361421874999999 0.6365984375 0.7425578125000001
0 0.180875 0.047462500000000005 0.17369375 0.050270312500000004 0.17040625 0.0527640625 0.1773875 0.057034375000000005 0.180915625 0.0595234375 0.1838484375 0.0605703125 0.1865 0.0601 0.192940625 0.061607812500000005 0.194859375 0.062376562499999996 0.2004984375 0.057884375 0.195028125 0.054740625 0.18935 0.0511765625 0.180875 0.047462500000000005
0 0.160384375 0.043393749999999995 0.159434375 0.043393749999999995 0.1548234375 0.0447890625 0.15273281249999998 0.045882812499999995 0.15009375 0.0496046875 0.15183750000000001 0.0512671875 0.1560265625 0.0525828125 0.1578046875 0.053028125 0.1601046875 0.0516796875 0.1646609375 0.048596875 0.160384375 0.043393749999999995
0 0.145328125 0.0073546875 0.1463296875 0.007274999999999999 0.1501828125 0.004703125 0.1486 0.00284375 0.1457125 0.0002015625 0.1418125 0.002040625 0.14035625000000002 0.00535625 0.145328125 0.0073546875
0 0.0726359375 0.0917875 0.0758640625 0.0945890625 0.081671875 0.09340625 0.081728125 0.0914703125 0.078615625 0.0898328125 0.0746703125 0.0892359375 0.0717 0.0904578125 0.0726359375 0.0917875
0 0.26659375 0.09901093749999999 0.26532187500000004 0.099709375 0.266609375 0.10100781249999999 0.27002187499999997 0.101675 0.27216874999999996 0.10115624999999999 0.2750390625 0.10145937499999999 0.2756890625 0.10285312499999999 0.2785390625 0.10250625 0.28106875 0.10139374999999999 0.27781406249999996 0.100134375 0.2744625 0.09867187499999999 0.27123125 0.0979796875 0.26659375 0.09901093749999999
0 0.2409875 0.1714515625 0.238290625 0.17049375 0.23564218750000002 0.1703390625 0.23534843749999998 0.171459375 0.2367109375 0.17371406250000002 0.23809375 0.1742140625 0.23917187499999998 0.17459375 0.2420453125 0.1737578125 0.24248281249999998 0.1725171875 0.2409875 0.1714515625
0 0.20181875 0.2102796875 0.193665625 0.206453125 0.19116093750000002 0.210525 0.1972640625 0.21030937500000002 0.20181875 0.2102796875
0 0.173903125 0.17650625 0.16030781249999998 0.17546250000000002 0.156178125 0.1764640625 0.153325 0.1753984375 0.14794374999999998 0.1729171875 0.14634687500000002 0.1763359375 0.155221875 0.1781796875 0.1643765625 0.17820625 0.1730390625 0.1793859375 0.173903125 0.17650625
0 0.23269687499999997 0.2106046875 0.23350468750000003 0.20908125000000002 0.2240359375 0.20813437499999998 0.22145625 0.208259375 0.22255625 0.21074687499999997 0.226746875 0.2104671875 0.2294265625 0.21156562499999998 0.23269687499999997 0.2106046875
0 0.23824843750000002 0.20148749999999999 0.23657656249999998 0.1986875 0.232103125 0.1993640625 0.2307203125 0.2009046875 0.23450156249999998 0.20227187500000002 0.23621875 0.20240624999999998 0.2373984375 0.2018140625 0.23824843750000002 0.20148749999999999
0 0.2419171875 0.242715625 0.243546875 0.24448281249999998 0.24701093749999997 0.24550624999999998 0.24815468749999997 0.24391875000000002 0.24680156250000002 0.24229531249999997 0.24306875 0.2423859375 0.2419171875 0.242715625
0 0.2849484375 0.1955828125 0.286896875 0.194321875 0.286446875 0.19029374999999998 0.284125 0.1909890625 0.2810734375 0.1921453125 0.2817171875 0.1944359375 0.2833671875 0.1955828125 0.2849484375 0.1955828125
0 0.267284375 0.226328125 0.2644140625 0.22796249999999998 0.26866093750000003 0.2314609375 0.27059687499999996 0.23198124999999997 0.27230468750000003 0.22780781249999998 0.267284375 0.226328125
0 0.24820625000000002 0.1788765625 0.2562421875 0.1802625 0.25395625 0.177934375 0.2523296875 0.17726875 0.24820625000000002 0.1788765625
0 0.30644218749999996 0.22517187500000002 0.3112375 0.22642968749999998 0.312121875 0.225115625 0.30760624999999997 0.2216640625 0.30274375 0.221390625 0.3011234375 0.2244140625 0.30644218749999996 0.22517187500000002
0 0.11277343749999999 0.227053125 0.11494374999999998 0.227065625 0.122665625 0.22636875 0.11965937499999998 0.2262734375 0.11367968749999999 0.22357343749999997 0.112271875 0.22439375 0.1094578125 0.22621093750000001 0.11277343749999999 0.227053125
0 0.1925796875 0.22889374999999998 0.19358906250000002 0.2286921875 0.19380625 0.22801718750000002 0.19149218750000002 0.2267203125 0.190084375 0.22652812500000002 0.188965625 0.22789375 0.1907671875 0.22879531250000001 0.1925796875 0.22889374999999998
0 0.0795421875 0.1953640625 0.081009375 0.197790625 0.08291875 0.199484375 0.0850859375 0.2004734375 0.0907953125 0.202121875 0.09346875 0.2016046875 0.092915625 0.19911406250000002 0.0891671875 0.19745625 0.08732187500000001 0.19737031249999998 0.08520781250000001 0.19382656250000002 0.0820375 0.1925359375 0.0801359375 0.1930125 0.0795421875 0.1953640625
0 0.05926875 0.1849140625 0.058428125 0.18576718750000001 0.058882812500000006 0.1866328125 0.0615078125 0.18666875 0.063346875 0.1853 0.05926875 0.1849140625
0 0.056521875 0.1711703125 0.0541640625 0.171340625 0.0477375 0.171490625 0.042365625000000004 0.17213125 0.0386515625 0.17084375000000002 0.035907812500000004 0.171209375 0.030003125000000002 0.1691484375 0.022254687500000002 0.1691484375 0.024060937499999997 0.1704671875 0.027857812500000002 0.1741375 0.029659374999999998 0.1746140625 0.032984374999999996 0.17495624999999998 0.039760937499999996 0.176103125 0.0422390625 0.1759125 0.0467265625 0.174140625 0.052078124999999996 0.1748984375 0.0537015625 0.175471875 0.05770937499999999 0.1746828125 0.060934375 0.1739953125 0.0647984375 0.175215625 0.0682984375 0.17578906249999998 0.0728171875 0.17578906249999998 0.07959374999999999 0.1763625 0.0847609375 0.1757578125 0.08223125 0.17319374999999998 0.07844218750000001 0.172015625 0.06930625 0.1718765625 0.067896875 0.17201093750000002 0.06484375 0.17127187500000002 0.060528125 0.1714109375 0.056521875 0.1711703125