0 0.535909375 0.3763546875 0.5319296875 0.392428125 0.52769375 0.4823421875 0.5384046875 0.4933109375 0.5401078125 0.37651093750000003 0.535909375 0.3763546875
0 0.43588281249999994 0.8382109375000001 0.43312343750000004 0.8533531249999999 0.475684375 0.8543156249999999 0.48960312500000003 0.8562890624999999 0.504053125 0.85650625 0.5040546875 0.8267484375 0.4981234375 0.83181875 0.49561093749999996 0.8334046875000001 0.4918078125 0.830596875 0.48696093749999997 0.8219953125 0.479478125 0.8185890625000001 0.46727968750000004 0.818165625 0.463371875 0.8184859375 0.4528578125 0.8216390625000001 0.451465625 0.8222781250000001 0.44461093749999997 0.8191375000000001 0.4375 0.820946875 0.43588281249999994 0.8382109375000001
0 0.6238374999999999 0.8472921875000001 0.6260109375 0.8451859374999999 0.6261984375 0.8387593750000001 0.6244125 0.8338234375000001 0.6195593749999999 0.8318546874999999 0.608484375 0.8343109375 0.60701875 0.837078125 0.6053359375 0.8413906250000001 0.6044796875 0.8419968750000001 0.6060609375 0.8484578125000001 0.61069375 0.8542546874999999 0.6209640624999999 0.8621265625 0.627209375 0.8637890625000001 0.631146875 0.8643515624999999 0.63288125 0.85833125 0.6222796875000001 0.8532765625 0.6182390625 0.8494703124999999 0.6144078125 0.8458265624999999 0.6146734375 0.8404390625 0.6213734375 0.8413015625 0.62201875 0.84148125 0.6238374999999999 0.8472921875000001
0 0.6221546874999999 0.9165515624999999 0.6335 0.9206687499999999 0.6327328125 0.9066875 0.6337921875 0.892103125 0.6328171874999999 0.8834546874999999 0.6281234375 0.874240625 0.620778125 0.8691000000000001 0.611678125 0.8691640625 0.60731875 0.8719859375000001 0.602946875 0.8800265625 0.6025765625 0.8867859375 0.6027671875 0.8984609375 0.6066374999999999 0.9047578125 0.61481875 0.9063484374999999 0.6221546874999999 0.9165515624999999
0 0.2380953125 0.270171875 0.24082343750000001 0.2523140625 0.24677656250000002 0.24636249999999998 0.248015625 0.236771875 0.2532234375 0.2344578125 0.25545625 0.22817500000000002 0.254215625 0.222553125 0.24776718749999999 0.2179234375 0.22891875 0.214946875 0.212053125 0.2166 0.20709375 0.2215609375 0.2075890625 0.22519843750000001 0.21081406249999998 0.229828125 0.2162703125 0.2328046875 0.2162703125 0.24437812499999997 0.222221875 0.25 0.222221875 0.285053125 0.222965625 0.28670625 0.22445468750000003 0.28670625 0.227678125 0.27116406249999997 0.2318953125 0.270171875 0.2373515625 0.27116406249999997 0.2380953125 0.270171875
0 0.18353124999999998 0.1755953125 0.1857640625 0.18386249999999998 0.18948437499999998 0.1848546875 0.19146875000000002 0.18783125 0.1927078125 0.18683906249999999 0.19295625 0.1755953125 0.1907234375 0.17261875 0.18402812500000001 0.1679890625 0.16245 0.164021875 0.15079375 0.16534374999999998 0.148065625 0.1666671875 0.146578125 0.1703046875 0.147321875 0.1722890625 0.15401718749999999 0.1775796875 0.15575468750000002 0.18948437499999998 0.1634421875 0.1994046875 0.1634421875 0.2470234375 0.1641859375 0.24966875000000002 0.16840312500000001 0.2536375 0.180059375 0.25429843750000003 0.18204375 0.25198437500000004 0.183284375 0.24206406249999998 0.1842765625 0.20601875 0.18551562500000002 0.2017203125 0.1889875 0.1977515625 0.1889875 0.1957671875 0.1681546875 0.18849218750000002 0.16641875 0.18551562500000002 0.1639390625 0.17526406249999998 0.16493125 0.17427187500000002 0.17410781250000001 0.17394218749999998 0.1798109375 0.1759265625 0.18353124999999998 0.1755953125
0 0.3634015625 0.25744218750000003 0.363415625 0.23900000000000002 0.360828125 0.236678125 0.3508921875 0.2349421875 0.345675 0.23883281250000002 0.349221875 0.2638578125 0.3634015625 0.25744218750000003
0 0.819125 0.9525375 0.82630625 0.9497296875 0.8295937500000001 0.9472359375 0.8226125 0.942965625 0.8190843750000001 0.9404765625 0.8161515625 0.9394296875 0.8135 0.9399 0.807059375 0.9383921875000001 0.8051406249999999 0.9376234374999999 0.7995015624999999 0.9421156249999999 0.804971875 0.945259375 0.8106500000000001 0.9488234375 0.819125 0.9525375
0 0.8396156250000001 0.9566062499999999 0.840565625 0.9566062499999999 0.8451765625000001 0.9552109375000001 0.8472671875 0.9541171875 0.8499062500000001 0.9503953125000001 0.8481624999999999 0.9487328125 0.8439734375000001 0.9474171874999999 0.8421953125 0.946971875 0.8398953125 0.9483203124999999 0.8353390624999999 0.951403125 0.8396156250000001 0.9566062499999999
0 0.854671875 0.9926453125 0.8536703125 0.9927250000000001 0.8498171875 0.995296875 0.8513999999999999 0.99715625 0.8542875000000001 0.9997984375 0.8581875 0.997959375 0.85964375 0.99464375 0.854671875 0.9926453125
0 0.9273640625 0.9082125 0.9241359375 0.9054109374999999 0.918328125 0.9065937500000001 0.918271875 0.9085296875 0.921384375 0.9101671874999999 0.9253296875 0.9107640625 0.9282999999999999 0.9095421874999999 0.9273640625 0.9082125
0 0.73340625 0.9009890625000001 0.7346781250000001 0.900290625 0.733390625 0.8989921875 0.7299781249999999 0.898325 0.72783125 0.8988437499999999 0.7249609375 0.8985406250000001 0.7243109375000001 0.897146875 0.7214609375000001 0.89749375 0.71893125 0.8986062499999999 0.7221859375 0.899865625 0.7255375 0.901328125 0.72876875 0.9020203125 0.73340625 0.9009890625000001
0 0.7590125 0.8285484375 0.761709375 0.82950625 0.7643578125 0.8296609374999999 0.7646515625 0.8285406249999999 0.7632890625 0.8262859375 0.76190625 0.8257859375000001 0.760828125 0.82540625 0.7579546875000001 0.8262421874999999 0.7575171875 0.8274828125000001 0.7590125 0.8285484375
0 0.7981812500000001 0.7897203125 0.8063343749999999 0.793546875 0.8088390625 0.789475 0.8027359374999999 0.789690625 0.7981812500000001 0.7897203125
0 0.826096875 0.8234937499999999 0.8396921875000001 0.8245374999999999 0.843821875 0.8235359375 0.846675 0.8246015625 0.8520562500000001 0.8270828124999999 0.8536531249999999 0.8236640625 0.844778125 0.8218203125000001 0.8356234375 0.82179375 0.8269609375 0.8206140625 0.826096875 0.8234937499999999
0 0.767303125 0.7893953125000001 0.7664953125 0.79091875 0.7759640625 0.791865625 0.77854375 0.791740625 0.77744375 0.789253125 0.773253125 0.7895328125 0.7705734375 0.788434375 0.767303125 0.7893953125000001
0 0.7617515625 0.7985125 0.7634234375 0.8013125000000001 0.767896875 0.8006359375000001 0.7692796875 0.7990953125 0.7654984375 0.797728125 0.76378125 0.79759375 0.7626015625 0.7981859375 0.7617515625 0.7985125
0 0.7580828125 0.757284375 0.756453125 0.7555171875 0.7529890625 0.75449375 0.7518453125 0.75608125 0.7531984375 0.7577046875 0.7569312499999999 0.7576140625 0.7580828125 0.757284375
0 0.7150515625 0.8044171875 0.7131031250000001 0.805678125 0.713553125 0.80970625 0.715875 0.8090109375000001 0.7189265625 0.8078546875000001 0.7182828125 0.8055640625 0.7166328125 0.8044171875 0.7150515625 0.8044171875
0 0.732715625 0.773671875 0.7355859375 0.7720374999999999 0.7313390625 0.7685390625 0.7294031249999999 0.76801875 0.7276953125000001 0.7721921875 0.732715625 0.773671875
0 0.75179375 0.8211234375 0.7437578125 0.8197374999999999 0.74604375 0.8220656249999999 0.7476703125 0.82273125 0.75179375 0.8211234375
0 0.6935578125 0.774828125 0.6887624999999999 0.7735703125 0.687878125 0.774884375 0.69239375 0.7783359375 0.69725625 0.778609375 0.6988765625 0.7755859375 0.6935578125 0.774828125
0 0.8872265625000001 0.7729468749999999 0.8850562500000001 0.772934375 0.877334375 0.77363125 0.880340625 0.7737265625 0.8863203125 0.7764265625 0.887728125 0.7756062499999999 0.8905421875 0.7737890625 0.8872265625000001 0.7729468749999999
0 0.8074203125 0.77110625 0.8064109374999999 0.7713078125 0.80619375 0.7719828125 0.8085078125 0.7732796875 0.809915625 0.773471875 0.811034375 0.77210625 0.8092328125 0.7712046875 0.8074203125 0.77110625
0 0.9204578124999999 0.8046359375 0.918990625 0.802209375 0.9170812500000001 0.8005156250000001 0.9149140625 0.7995265625 0.9092046874999999 0.797878125 0.9065312499999999 0.7983953125000001 0.9070843749999999 0.8008859375 0.9108328125 0.8025437500000001 0.912678125 0.8026296875 0.9147921875 0.8061734375 0.9179625 0.8074640625 0.9198640625 0.8069875 0.9204578124999999 0.8046359375
0 0.94073125 0.8150859374999999 0.941571875 0.8142328125 0.9411171875000001 0.8133671874999999 0.9384921875 0.8133312500000001 0.936653125 0.8147 0.94073125 0.8150859374999999
0 0.9434781250000001 0.8288296875000001 0.9458359375000001 0.828659375 0.9522625 0.828509375 0.9576343749999999 0.82786875 0.9613484375000001 0.8291562499999999 0.9640921875 0.8287906250000001 0.969996875 0.8308515625 0.9777453125 0.8308515625 0.9759390625 0.8295328124999999 0.9721421875 0.8258625 0.9703406250000001 0.8253859374999999 0.9670156249999999 0.8250437500000001 0.9602390625 0.823896875 0.9577609375 0.8240875000000001 0.9532734375 0.825859375 0.9479218749999999 0.8251015625000001 0.9462984375 0.824528125 0.942290625 0.8253171874999999 0.9390656249999999 0.8260046875 0.9352015625 0.8247843749999999 0.9317015625 0.8242109375 0.9271828125000001 0.8242109375 0.9204062499999999 0.8236375 0.9152390625000001 0.8242421875 0.9177687499999999 0.82680625 0.9215578125 0.827984375 0.93069375 0.8281234375000001 0.932103125 0.8279890625 0.93515625 0.8287281249999999 0.939471875 0.8285890625000001 0.9434781250000001 0.8288296875000001