0 0.464090625 0.3763546875 0.45989218750000005 0.37651093750000003 0.46159531249999997 0.4933109375 0.47230625000000004 0.4823421875 0.4680703125 0.392428125 0.464090625 0.3763546875
0 0.536628125 0.8184859375 0.5327203125 0.818165625 0.520521875 0.8185890625000001 0.5130390625000001 0.8219953125 0.5081921875 0.830596875 0.5043890625 0.8334046875000001 0.5018765625 0.83181875 0.49594531249999996 0.8267484375 0.495946875 0.85650625 0.510396875 0.8562890624999999 0.5243156250000001 0.8543156249999999 0.5668765625 0.8533531249999999 0.5641171875000001 0.8382109375000001 0.5625 0.820946875 0.5553890625 0.8191375000000001 0.548534375 0.8222781250000001 0.5471421875 0.8216390625000001 0.536628125 0.8184859375
0 0.3817609375 0.8494703124999999 0.37772031250000004 0.8532765625 0.36711875 0.85833125 0.368853125 0.8643515624999999 0.37279062500000004 0.8637890625000001 0.3790359375 0.8621265625 0.38930625 0.8542546874999999 0.3939390625 0.8484578125000001 0.3955203125 0.8419968750000001 0.3946640625 0.8413906250000001 0.39298125 0.837078125 0.391515625 0.8343109375 0.380440625 0.8318546874999999 0.3755875 0.8338234375000001 0.3738015625 0.8387593750000001 0.3739890625 0.8451859374999999 0.3761625 0.8472921875000001 0.37798125 0.84148125 0.3786265625 0.8413015625 0.3853265625 0.8404390625 0.3855921875 0.8458265624999999 0.3817609375 0.8494703124999999
0 0.397053125 0.8800265625 0.39268125 0.8719859375000001 0.38832187500000004 0.8691640625 0.379221875 0.8691000000000001 0.3718765625 0.874240625 0.3671828125 0.8834546874999999 0.3662078125 0.892103125 0.3672671875 0.9066875 0.3665 0.9206687499999999 0.3778453125 0.9165515624999999 0.38518125 0.9063484374999999 0.3933625 0.9047578125 0.39723281250000003 0.8984609375 0.3974234375 0.8867859375 0.397053125 0.8800265625
0 0.777034375 0.28670625 0.777778125 0.285053125 0.777778125 0.25 0.7837296874999999 0.24437812499999997 0.7837296874999999 0.2328046875 0.7891859375 0.229828125 0.7924109374999999 0.22519843750000001 0.7929062499999999 0.2215609375 0.787946875 0.2166 0.77108125 0.214946875 0.7522328125 0.2179234375 0.745784375 0.222553125 0.74454375 0.22817500000000002 0.7467765625 0.2344578125 0.7519843749999999 0.236771875 0.7532234375 0.24636249999999998 0.7591765625 0.2523140625 0.7619046875000001 0.270171875 0.7626484375 0.27116406249999997 0.7681046874999999 0.270171875 0.772321875 0.27116406249999997 0.7755453125 0.28670625 0.777034375 0.28670625
0 0.8335812499999999 0.18551562500000002 0.8318453124999999 0.18849218750000002 0.8110125 0.1957671875 0.8110125 0.1977515625 0.8144843749999999 0.2017203125 0.8157234375 0.20601875 0.816715625 0.24206406249999998 0.8179562499999999 0.25198437500000004 0.8199406249999999 0.25429843750000003 0.831596875 0.2536375 0.8358140625000001 0.24966875000000002 0.8365578125 0.2470234375 0.8365578125 0.1994046875 0.8442453125 0.18948437499999998 0.8459828125 0.1775796875 0.8526781250000001 0.1722890625 0.8534218750000001 0.1703046875 0.8519343750000001 0.1666671875 0.8492062499999999 0.16534374999999998 0.83755 0.164021875 0.815971875 0.1679890625 0.8092765625 0.17261875 0.8070437500000001 0.1755953125 0.8072921875000001 0.18683906249999999 0.80853125 0.18783125 0.8105156250000001 0.1848546875 0.8142359375 0.18386249999999998 0.81646875 0.1755953125 0.8201890625000001 0.1759265625 0.8258921875 0.17394218749999998 0.8350687499999999 0.17427187500000002 0.8360609374999999 0.17526406249999998 0.8335812499999999 0.18551562500000002
0 0.636584375 0.23900000000000002 0.6365984375 0.25744218750000003 0.650778125 0.2638578125 0.6543249999999999 0.23883281250000002 0.6491078124999999 0.2349421875 0.639171875 0.236678125 0.636584375 0.23900000000000002
0 0.192940625 0.9383921875000001 0.1865 0.9399 0.1838484375 0.9394296875 0.180915625 0.9404765625 0.1773875 0.942965625 0.17040625 0.9472359375 0.17369375 0.9497296875 0.180875 0.9525375 0.18935 0.9488234375 0.195028125 0.945259375 0.2004984375 0.9421156249999999 0.194859375 0.9376234374999999 0.192940625 0.9383921875000001
0 0.15183750000000001 0.9487328125 0.15009375 0.9503953125000001 0.15273281249999998 0.9541171875 0.1548234375 0.9552109375000001 0.159434375 0.9566062499999999 0.160384375 0.9566062499999999 0.1646609375 0.951403125 0.1601046875 0.9483203124999999 0.1578046875 0.946971875 0.1560265625 0.9474171874999999 0.15183750000000001 0.9487328125
0 0.1501828125 0.995296875 0.1463296875 0.9927250000000001 0.145328125 0.9926453125 0.14035625000000002 0.99464375 0.1418125 0.997959375 0.1457125 0.9997984375 0.1486 0.99715625 0.1501828125 0.995296875
0 0.081671875 0.9065937500000001 0.0758640625 0.9054109374999999 0.0726359375 0.9082125 0.0717 0.9095421874999999 0.0746703125 0.9107640625 0.078615625 0.9101671874999999 0.081728125 0.9085296875 0.081671875 0.9065937500000001
0 0.2785390625 0.89749375 0.2756890625 0.897146875 0.2750390625 0.8985406250000001 0.27216874999999996 0.8988437499999999 0.27002187499999997 0.898325 0.266609375 0.8989921875 0.26532187500000004 0.900290625 0.26659375 0.9009890625000001 0.27123125 0.9020203125 0.2744625 0.901328125 0.27781406249999996 0.899865625 0.28106875 0.8986062499999999 0.2785390625 0.89749375
0 0.2367109375 0.8262859375 0.23534843749999998 0.8285406249999999 0.23564218750000002 0.8296609374999999 0.238290625 0.82950625 0.2409875 0.8285484375 0.24248281249999998 0.8274828125000001 0.2420453125 0.8262421874999999 0.23917187499999998 0.82540625 0.23809375 0.8257859375000001 0.2367109375 0.8262859375
0 0.1972640625 0.789690625 0.19116093750000002 0.789475 0.193665625 0.793546875 0.20181875 0.7897203125 0.1972640625 0.789690625
0 0.14794374999999998 0.8270828124999999 0.153325 0.8246015625 0.156178125 0.8235359375 0.16030781249999998 0.8245374999999999 0.173903125 0.8234937499999999 0.1730390625 0.8206140625 0.1643765625 0.82179375 0.155221875 0.8218203125000001 0.14634687500000002 0.8236640625 0.14794374999999998 0.8270828124999999
0 0.2240359375 0.791865625 0.23350468750000003 0.79091875 0.23269687499999997 0.7893953125000001 0.2294265625 0.788434375 0.226746875 0.7895328125 0.22255625 0.789253125 0.22145625 0.791740625 0.2240359375 0.791865625
0 0.232103125 0.8006359375000001 0.23657656249999998 0.8013125000000001 0.23824843750000002 0.7985125 0.2373984375 0.7981859375 0.23621875 0.79759375 0.23450156249999998 0.797728125 0.2307203125 0.7990953125 0.232103125 0.8006359375000001
0 0.243546875 0.7555171875 0.2419171875 0.757284375 0.24306875 0.7576140625 0.24680156250000002 0.7577046875 0.24815468749999997 0.75608125 0.24701093749999997 0.75449375 0.243546875 0.7555171875
0 0.286446875 0.80970625 0.286896875 0.805678125 0.2849484375 0.8044171875 0.2833671875 0.8044171875 0.2817171875 0.8055640625 0.2810734375 0.8078546875000001 0.284125 0.8090109375000001 0.286446875 0.80970625
0 0.267284375 0.773671875 0.27230468750000003 0.7721921875 0.27059687499999996 0.76801875 0.26866093750000003 0.7685390625 0.2644140625 0.7720374999999999 0.267284375 0.773671875
0 0.2523296875 0.82273125 0.25395625 0.8220656249999999 0.2562421875 0.8197374999999999 0.24820625000000002 0.8211234375 0.2523296875 0.82273125
0 0.3112375 0.7735703125 0.30644218749999996 0.774828125 0.3011234375 0.7755859375 0.30274375 0.778609375 0.30760624999999997 0.7783359375 0.312121875 0.774884375 0.3112375 0.7735703125
0 0.122665625 0.77363125 0.11494374999999998 0.772934375 0.11277343749999999 0.7729468749999999 0.1094578125 0.7737890625 0.112271875 0.7756062499999999 0.11367968749999999 0.7764265625 0.11965937499999998 0.7737265625 0.122665625 0.77363125
0 0.19380625 0.7719828125 0.19358906250000002 0.7713078125 0.1925796875 0.77110625 0.1907671875 0.7712046875 0.188965625 0.77210625 0.190084375 0.773471875 0.19149218750000002 0.7732796875 0.19380625 0.7719828125
0 0.0891671875 0.8025437500000001 0.092915625 0.8008859375 0.09346875 0.7983953125000001 0.0907953125 0.797878125 0.0850859375 0.7995265625 0.08291875 0.8005156250000001 0.081009375 0.802209375 0.0795421875 0.8046359375 0.0801359375 0.8069875 0.0820375 0.8074640625 0.08520781250000001 0.8061734375 0.08732187500000001 0.8026296875 0.0891671875 0.8025437500000001
0 0.05926875 0.8150859374999999 0.063346875 0.8147 0.0615078125 0.8133312500000001 0.058882812500000006 0.8133671874999999 0.058428125 0.8142328125 0.05926875 0.8150859374999999
0 0.07844218750000001 0.827984375 0.08223125 0.82680625 0.0847609375 0.8242421875 0.07959374999999999 0.8236375 0.0728171875 0.8242109375 0.0682984375 0.8242109375 0.0647984375 0.8247843749999999 0.060934375 0.8260046875 0.05770937499999999 0.8253171874999999 0.0537015625 0.824528125 0.052078124999999996 0.8251015625000001 0.0467265625 0.825859375 0.0422390625 0.8240875000000001 0.039760937499999996 0.823896875 0.032984374999999996 0.8250437500000001 0.029659374999999998 0.8253859374999999 0.027857812500000002 0.8258625 0.024060937499999997 0.8295328124999999 0.022254687500000002 0.8308515625 0.030003125000000002 0.8308515625 0.035907812500000004 0.8287906250000001 0.0386515625 0.8291562499999999 0.042365625000000004 0.82786875 0.0477375 0.828509375 0.0541640625 0.828659375 0.056521875 0.8288296875000001 0.060528125 0.8285890625000001 0.06484375 0.8287281249999999 0.067896875 0.8279890625 0.06930625 0.8281234375000001 0.07844218750000001 0.827984375