0 0.48387343749999995 0.6083078125 0.4668546875 0.6077515625000001 0.4652359375 0.607534375 0.4620578125 0.6127484375 0.4572421875 0.6078703125 0.45196718750000003 0.6133640625 0.4491921875 0.6137374999999999 0.44360625000000004 0.618303125 0.44003125 0.6215625 0.4415265625 0.63214375 0.45705625000000005 0.6376125 0.5045578125 0.6415625 0.50340625 0.6302671875 0.498253125 0.62336875 0.496490625 0.619434375 0.4945828125 0.6132671875 0.48387343749999995 0.6083078125
0 0.45508125 0.49600156249999994 0.4580828125 0.4971421875 0.46221875 0.4971421875 0.46138124999999997 0.49337656250000006 0.454846875 0.4905828125 0.45508125 0.49600156249999994
0 0.6092734375 0.84441875 0.610953125 0.844840625 0.6135890625 0.8541203124999999 0.6161734375 0.8533984374999999 0.6179140624999999 0.8434296874999999 0.6159609374999999 0.83903125 0.6119671875 0.8341 0.609453125 0.833384375 0.6068 0.83586875 0.5973765625 0.8433453125 0.5972593749999999 0.8473625 0.5976234375 0.856634375 0.60138125 0.8602234375 0.6059578125 0.8684062499999999 0.614359375 0.8736015625 0.6203078125 0.87499375 0.6185453125 0.86633125 0.6134203125 0.8634921875 0.6052734375 0.8557140625 0.6040281249999999 0.851315625 0.6092734375 0.84441875
0 0.6198640625 0.917978125 0.6223484375 0.9079984375000001 0.6206343750000001 0.9012625 0.6168390625 0.8956375 0.6091624999999999 0.888009375 0.60298125 0.8863859375 0.59351875 0.8919312500000001 0.592165625 0.8946093749999999 0.5918593750000001 0.8972234374999999 0.584540625 0.8981609374999999 0.5819859375 0.9000484375 0.586225 0.9064781249999999 0.5880375 0.91095 0.58894375 0.91808125 0.5885765625 0.9279765624999999 0.5935515625 0.9321046875000001 0.5977109375 0.9334859375000001 0.605275 0.9397703125 0.6078625 0.9445656250000001 0.614278125 0.9493218750000001 0.62233125 0.950834375 0.6204296874999999 0.9460734375 0.6180718749999999 0.9353328125000001 0.6198640625 0.917978125
0 0.5592734375 0.16519843750000002 0.5523374999999999 0.24578281249999998 0.5608171875 0.24829062500000001 0.571553125 0.09176562499999999 0.567559375 0.09737812500000001 0.5649140625 0.1088453125 0.5592734375 0.16519843750000002
0 0.8666171874999999 0.7254984375 0.865190625 0.726371875 0.8562468750000001 0.7253093749999999 0.8531875 0.724346875 0.849325 0.7251593749999999 0.8455953125000001 0.7277750000000001 0.8424171875 0.73151875 0.8437531249999999 0.737934375 0.8841703125 0.7400703125 0.9064421875 0.743353125 0.9068781250000001 0.739340625 0.9087203125000001 0.7370046875 0.904678125 0.7334171875 0.9012609375 0.7306609374999999 0.8965671875 0.729025 0.8914546874999999 0.7281 0.8848593749999999 0.7254171875 0.8818421875 0.7229359375 0.8747718750000001 0.7222671875 0.8737625 0.7236734375 0.8715796875 0.7252984375 0.8701234375 0.7244546875 0.8666171874999999 0.7254984375
0 0.8242015625000001 0.7310265625000001 0.8286265625 0.732915625 0.8334109375000001 0.7333484375 0.836053125 0.7306359375 0.8356843749999999 0.725725 0.8302828124999999 0.7249296875 0.824646875 0.722990625 0.8236421875 0.722990625 0.8235796875 0.7236875 0.8222265625 0.7277250000000001 0.8242015625000001 0.7310265625000001
0 0.8055937500000001 0.6449359375 0.8210750000000001 0.65610625 0.8268234375000001 0.6516703125000001 0.8255687500000001 0.6471953125 0.8226046874999999 0.6434328125000001 0.8152625 0.6408953125 0.812721875 0.640240625 0.8071390624999999 0.642090625 0.8055937500000001 0.6449359375
0 0.7386703125 0.712165625 0.734559375 0.709471875 0.7304828125 0.708759375 0.72806875 0.7098171875 0.726134375 0.7117828125 0.721228125 0.7090515625 0.7192203125 0.707921875 0.7154328125 0.7100046875 0.7161125 0.711384375 0.717984375 0.714828125 0.7288953125 0.7167625 0.7365375000000001 0.71875625 0.7409953125000001 0.71875625 0.7388296875 0.713709375 0.7386703125 0.712165625
0 0.93141875 0.743103125 0.9309234375000001 0.74605 0.9391515625 0.7473859375 0.9349546875 0.7433062500000001 0.93141875 0.743103125
0 0.8646671874999999 0.5220671875 0.8617265625 0.519528125 0.8559625000000001 0.5202234375 0.8524578125 0.520996875 0.84945625 0.5197953125 0.8454750000000001 0.5197406250000001 0.8467125 0.5214624999999999 0.8526859375000001 0.5235828125 0.859059375 0.52241875 0.8643656249999999 0.526325 0.8670546874999999 0.5250515625000001 0.8674578125 0.5233421875000001 0.8646671874999999 0.5220671875
0 0.9264765625000001 0.6164156249999999 0.929521875 0.6154046875 0.9293156249999999 0.6127515625 0.928075 0.6105328125 0.9226749999999999 0.614059375 0.9264765625000001 0.6164156249999999
0 0.757478125 0.459525 0.7556171875000001 0.45855468750000006 0.7540375 0.45795624999999995 0.7514968750000001 0.4600984375 0.7530609375 0.46196562500000005 0.7578734375 0.4619625 0.757478125 0.459525
0 0.7863921875 0.4900796875 0.7846203125 0.490571875 0.782175 0.49345937500000003 0.7855609375 0.49491406250000003 0.7882640624999999 0.4939234375 0.7891109375 0.4911703125 0.7863921875 0.4900796875
0 0.82001875 0.48395625000000003 0.8270421875 0.48837343750000006 0.8301000000000001 0.4846953125 0.8280078124999999 0.484859375 0.82001875 0.48395625000000003
0 0.934215625 0.5004203125 0.930571875 0.49802187499999995 0.926525 0.4985125 0.9357296875 0.5086234375 0.9398296875 0.5072515625 0.9399546875 0.502878125 0.934215625 0.5004203125
0 0.9889718750000001 0.5321625 0.986603125 0.531309375 0.9841906249999999 0.5309328125 0.9813546875 0.5321374999999999 0.9922421874999999 0.53681875 0.9889718750000001 0.5321625
0 0.8471921874999999 0.7001875 0.84775625 0.7007171875 0.8506562499999999 0.7017890625 0.8512203125 0.7001859375 0.8490500000000001 0.6963468749999999 0.8469546875 0.69768125 0.8471921874999999 0.7001875
0 0.81495625 0.7150624999999999 0.8150015625 0.71304375 0.8112953125000001 0.710509375 0.8083375 0.7104171874999999 0.8093953125000001 0.7128375 0.81495625 0.7150624999999999
0 0.06795625 0.1018515625 0.069940625 0.1018515625 0.0731640625 0.10416718750000001 0.0758921875 0.10284374999999998 0.07638906250000001 0.098875 0.074653125 0.08697031250000001 0.0736609375 0.0839953125 0.0709328125 0.0816796875 0.03993125 0.078703125 0.020585937500000002 0.0800265625 0.01959375 0.0836640625 0.0213296875 0.10284374999999998 0.022568750000000002 0.10648125 0.0260421875 0.11011875 0.033978125 0.1130953125 0.0369546875 0.116071875 0.0362109375 0.1220234375 0.037946875000000005 0.130621875 0.0376984375 0.1402109375 0.040178124999999995 0.1759265625 0.04141875 0.185846875 0.0431546875 0.19146875000000002 0.044890625 0.19411406250000002 0.0491078125 0.192790625 0.054810937500000004 0.19411406250000002 0.065228125 0.19411406250000002 0.0672125 0.19113750000000002 0.06770781249999999 0.17989375000000002 0.0669640625 0.1458328125 0.065228125 0.13855781250000002 0.0647328125 0.12599218750000002 0.063740625 0.12268593750000001 0.06572343750000001 0.115409375 0.037946875000000005 0.111771875 0.0362109375 0.11045 0.032490625 0.097221875 0.0342265625 0.0949078125 0.039185937500000004 0.0949078125 0.0500984375 0.097884375 0.0540671875 0.10152187500000001 0.0620046875 0.10317499999999999 0.06497968750000001 0.1074734375 0.06646875 0.10780468750000001 0.066715625 0.10416718750000001 0.06795625 0.1018515625
0 0.1661703125 0.12996093749999998 0.170634375 0.12896875000000002 0.171875 0.1273140625 0.17137968750000002 0.10615156249999999 0.1790671875 0.104496875 0.180059375 0.1018515625 0.1798109375 0.0982140625 0.1750984375 0.0952375 0.13665624999999998 0.0916 0.12028749999999999 0.09193124999999999 0.11855156250000001 0.0932546875 0.118303125 0.0959 0.12078437500000001 0.10052968749999999 0.1279765625 0.10152187500000001 0.1312 0.1035046875 0.13194375 0.123346875 0.13566406250000002 0.1273140625 0.13988125 0.1276453125 0.14161718750000002 0.12962968749999998 0.14161718750000002 0.141534375 0.14285781250000001 0.151125 0.1423609375 0.161375 0.1438484375 0.1650125 0.1515375 0.1643515625 0.1634421875 0.165675 0.1641859375 0.1646828125 0.163690625 0.137565625 0.164434375 0.13161406250000002 0.1661703125 0.12996093749999998
0 0.319665625 0.13265156250000001 0.299015625 0.1312609375 0.3020078125 0.1578859375 0.3204578125 0.1585828125 0.319665625 0.13265156250000001
0 0.305953125 0.11432656249999999 0.29046875 0.1021671875 0.2912953125 0.1234015625 0.305953125 0.11432656249999999
0 0.7404468750000001 0.5953593749999999 0.734478125 0.5945078125000001 0.7323031249999999 0.5962640625 0.741184375 0.6001125 0.7455796875 0.5993609375 0.7436640625 0.597359375 0.7404468750000001 0.5953593749999999
0 0.8435593750000001 0.650659375 0.8371656249999999 0.6555421875 0.840759375 0.65705625 0.8444140625 0.65576875 0.84839375 0.6571078124999999 0.8505609375000001 0.6559796875 0.8514015625000001 0.6529906249999999 0.8460875 0.651246875 0.8435593750000001 0.650659375
0 0.7104421875 0.460896875 0.7137578125 0.46552187500000003 0.7192828125 0.46715625000000005 0.7211109375 0.46519374999999996 0.7220015625 0.463590625 0.717946875 0.4623046875 0.7111328125 0.4599234375 0.709984375 0.45970625 0.7104421875 0.460896875