0 0.5103187499999999 0.004065625 0.45580625 0.019121875 0.45580625 0.0368265625 0.458015625 0.068196875 0.46533281249999997 0.09624374999999999 0.4814671875 0.1154359375 0.503246875 0.131 0.52735625 0.1295265625 0.5605156250000001 0.11954374999999999 0.5842640625 0.083421875 0.5711015625 0.048296875 0.5523125 0.008503125 0.5103187499999999 0.004065625
0 0.5122234375 0.18009999999999998 0.5430843750000001 0.187409375 0.5572609374999999 0.19566875 0.55519375 0.206834375 0.5310312500000001 0.19111875 0.5128828125 0.20129687500000001 0.5178234374999999 0.2143703125 0.538059375 0.2234 0.5490640625000001 0.2336703125 0.5783671874999999 0.220634375 0.5881015625 0.2098609375 0.5994296875 0.1947140625 0.5853234375 0.1753328125 0.5571953125 0.1643609375 0.5170359375 0.149203125 0.4962765625 0.15871249999999998 0.4962703125 0.17225625 0.5122234375 0.18009999999999998
0 0.266853125 0.4054734375 0.2695984375 0.4046625 0.2744046875 0.4028578125 0.2844390625 0.40170781250000004 0.29521406250000004 0.39976406249999996 0.2978015625 0.3977046875 0.301209375 0.392753125 0.2971796875 0.3902921875 0.250465625 0.395678125 0.2195390625 0.40088749999999995 0.2238109375 0.4057328125 0.23297343750000002 0.4102453125 0.23967812500000002 0.40864218750000003 0.24986718749999998 0.40792812500000003 0.2650859375 0.40875781250000004 0.266853125 0.4054734375
0 0.3350078125 0.448496875 0.34409999999999996 0.4506734375 0.3494828125 0.449446875 0.349778125 0.450125 0.351365625 0.4517765625 0.3537578125 0.45151718750000003 0.356071875 0.4504921875 0.360421875 0.45105000000000006 0.36871718750000004 0.45014843750000005 0.373790625 0.447321875 0.36906875 0.44633124999999996 0.352178125 0.44217500000000004 0.3417109375 0.44641562500000004 0.3350078125 0.448496875
0 0.32432343750000003 0.4504390625 0.32932968749999997 0.4453625 0.323103125 0.44449843749999995 0.32158125000000004 0.44679062500000005 0.320853125 0.4481359375 0.3146875 0.44828906249999995 0.3140390625 0.45049687499999996 0.3176203125 0.45112500000000005 0.32432343750000003 0.4504390625
0 0.4657 0.46194218749999993 0.4624046875 0.46353437499999994 0.46108125 0.46479375 0.46348124999999996 0.46537656250000003 0.46590156250000003 0.46489375 0.46753906250000005 0.46466874999999996 0.469903125 0.4645390625 0.47135 0.46427968750000004 0.4761578125 0.4627625 0.4719125 0.461584375 0.4657 0.46194218749999993
0 0.50031875 0.530359375 0.50036875 0.529971875 0.499575 0.5291750000000001 0.496565625 0.5291750000000001 0.4942515625 0.5302921875 0.4936015625 0.5322171875 0.49619843750000003 0.53229375 0.4988921875 0.5312109375 0.50031875 0.530359375
0 0.3332203125 0.5400046875 0.3279625 0.540078125 0.329075 0.54145625 0.331815625 0.5426203125 0.33597968749999996 0.5428109375 0.339153125 0.5431671875 0.34090625 0.5425093750000001 0.34188125 0.541628125 0.3397953125 0.5402453125 0.3366265625 0.540771875 0.3332203125 0.5400046875
0 0.3533359375 0.5387453125 0.3503453125 0.5387453125 0.349778125 0.5402375 0.35358125 0.540496875 0.3553875 0.5402359375 0.3586671875 0.53911875 0.3578875 0.53816875 0.35593906249999996 0.538615625 0.3533359375 0.5387453125
0 0.4417984375 0.523809375 0.44123124999999996 0.5224875 0.43812656250000004 0.5224875 0.43483124999999995 0.5224875 0.43267656250000003 0.5228078125 0.43391875 0.5240078125000001 0.43501874999999995 0.524234375 0.4377578125 0.5243640625 0.4417984375 0.523809375
0 0.4595703125 0.574346875 0.4575765625 0.573840625 0.4523484375 0.5749828124999999 0.45162031249999995 0.5756 0.452496875 0.5761703125000001 0.45369374999999995 0.5765265625 0.45508125 0.5765265625 0.45766406249999997 0.5758328125000001 0.4595703125 0.574346875
0 0.43882343749999997 0.546875 0.44203749999999997 0.544390625 0.43814062500000006 0.5441890625 0.4369203125 0.54483125 0.43882343749999997 0.546875
0 0.1071703125 0.8341375 0.1066046875 0.8361234375000001 0.1089671875 0.8361015625 0.112309375 0.8339046874999999 0.11011562500000001 0.8312796875 0.1063046875 0.83205 0.1071703125 0.8341375
0 0.0833171875 0.7997 0.088628125 0.7993609375 0.090025 0.7986156249999999 0.1038359375 0.7963578124999999 0.1020375 0.794553125 0.074921875 0.79740625 0.0833171875 0.7997
0 0.128378125 0.7958999999999999 0.1227828125 0.79525625 0.11680781250000001 0.7960390625 0.11408750000000001 0.798753125 0.12849375000000002 0.7973671875 0.128378125 0.7958999999999999
0 0.0720421875 0.7277140625 0.07069062499999999 0.724803125 0.069253125 0.7230125000000001 0.0669046875 0.7220875 0.062578125 0.7221796875 0.054609375 0.72384375 0.0504625 0.7250234375 0.0478515625 0.72580625 0.045196875 0.728 0.0720421875 0.7277140625
0 0.12515 0.726040625 0.1235359375 0.727890625 0.1362640625 0.727578125 0.1351203125 0.7261484375 0.13511875 0.724284375 0.1342796875 0.722121875 0.12318437499999998 0.7226874999999999 0.12515 0.726040625
0 0.078125 0.72578125 0.08125 0.72578125 0.08125 0.72265625 0.078125 0.72265625 0.078125 0.72578125
0 0.04591875 0.65305625 0.0480921875 0.6518078125 0.046984375 0.6499171875 0.045251562499999995 0.6479484375 0.041767187500000004 0.648603125 0.037465625 0.6486359375 0.0338671875 0.6496125 0.031815625 0.651240625 0.032651562499999995 0.6516953125 0.04591875 0.65305625
0 0.028842187499999998 0.6501890625 0.0291828125 0.6489 0.025465625 0.6496000000000001 0.0222609375 0.6507703125 0.0274 0.6511828125 0.028842187499999998 0.6501890625
0 0.0778578125 0.6542078124999999 0.0761828125 0.6549031249999999 0.0744046875 0.6557890625 0.080384375 0.6566125 0.082553125 0.6556953125 0.0816359375 0.6543421875 0.0778578125 0.6542078124999999
0 0.10985156250000001 0.6594703125 0.11108437499999999 0.658384375 0.10904687500000002 0.6576921875 0.10648906250000001 0.6576921875 0.10422499999999998 0.6578375000000001 0.10394218749999999 0.65596875 0.10213125 0.6557109375 0.098984375 0.656621875 0.09655 0.6578296875 0.10985156250000001 0.6594703125
0 0.130525 0.6936765625 0.1286703125 0.6929453125 0.12722187499999998 0.692734375 0.125896875 0.693878125 0.1314765625 0.6944781250000001 0.130525 0.6936765625
0 0.0486 0.5169453125000001 0.045068750000000005 0.516853125 0.0426015625 0.5175062500000001 0.0418078125 0.5182609375 0.043 0.5192296875 0.0460171875 0.5201374999999999 0.0495015625 0.51960625 0.051775 0.519009375 0.052673437499999996 0.5184953125 0.051587499999999994 0.5175015625 0.0486 0.5169453125000001
0 0.061917187500000005 0.575796875 0.07004375 0.5744625 0.069921875 0.5733828125 0.06782031250000001 0.5728734375 0.0653484375 0.572846875 0.060909375 0.5729390624999999 0.0576234375 0.573403125 0.057343750000000006 0.5754796875 0.061917187500000005 0.575796875
0 0.0982265625 0.569315625 0.0978359375 0.570115625 0.09146093749999999 0.570028125 0.08944375 0.570028125 0.086528125 0.570878125 0.08479375 0.5717359375 0.0828375 0.5717359375 0.0799734375 0.5714718750000001 0.0707796875 0.5724453125 0.0769484375 0.5748 0.07954375 0.5749578125 0.08096875 0.5739062500000001 0.0847734375 0.5731421875 0.08717343749999999 0.5731421875 0.08794375 0.573275 0.09387656250000001 0.57278125 0.0973609375 0.5720921875 0.0998046875 0.572184375 0.1037453125 0.572184375 0.10716406249999999 0.5706640625 0.1080921875 0.5692046875 0.10614375000000001 0.5686375 0.10308593749999999 0.56835625 0.09908281249999999 0.56835625 0.0982265625 0.569315625
0 0.141340625 0.5650390625 0.137328125 0.56559375 0.133325 0.564584375 0.1341578125 0.5660015625 0.13392656249999998 0.5667234375 0.1376859375 0.5667234375 0.1406765625 0.5673515625000001 0.1418890625 0.5674203125 0.1433875 0.5664078124999999 0.14406093749999999 0.5650593749999999 0.141340625 0.5650390625
0 0.1277859375 0.56615 0.13408124999999999 0.56538125 0.1268421875 0.5642 0.1277859375 0.56615
0 0.19749375 0.558015625 0.188121875 0.5568875 0.194228125 0.5604390625 0.201246875 0.5588 0.19749375 0.558015625
0 0.15948125 0.603165625 0.1579765625 0.601496875 0.15385625 0.602821875 0.1575078125 0.6032375 0.15948125 0.603165625
0 0.1072421875 0.5942875 0.0985 0.5934781250000001 0.1004890625 0.5952171875000001 0.1072421875 0.5942875
0 0.0548 0.6012265625000001 0.0564921875 0.6000921875 0.0544671875 0.5991328125 0.052440625 0.6004578125 0.0548 0.6012265625000001
0 0.2533125 0.5672406249999999 0.257009375 0.5687875 0.2606203125 0.5677984375 0.26186875 0.5668375 0.2554296875 0.565015625 0.2533125 0.5672406249999999
0 0.2623703125 0.5689953125 0.2636375 0.570471875 0.26573125000000003 0.570578125 0.2682421875 0.569215625 0.2661375 0.567925 0.2638515625 0.5681375 0.2623703125 0.5689953125
0 0.30098125 0.58375 0.3033671875 0.5836375 0.304378125 0.5824765625 0.3000984375 0.581590625 0.2969765625 0.582015625 0.295471875 0.58314375 0.29745 0.5841453125 0.30098125 0.58375
0 0.908315625 0.4119859375 0.9265156250000001 0.40354062500000004 0.9425812499999999 0.40097812499999996 0.97726875 0.3984625 0.9814796875 0.3968390625 0.971559375 0.38658125 0.954403125 0.371503125 0.9185000000000001 0.3751015625 0.848340625 0.385615625 0.8505218749999999 0.41212031250000003 0.8559218749999999 0.4188203125 0.8738578125 0.42011875 0.8880859375 0.41573125 0.898015625 0.41329843750000006 0.908315625 0.4119859375
0 0.87878125 0.143828125 0.8772765625 0.13790156250000002 0.8663390625 0.137921875 0.85678125 0.1424609375 0.84713125 0.1509828125 0.845228125 0.153021875 0.8563734375 0.14908749999999998 0.8634109375 0.1468875 0.8662453125 0.1522796875 0.8761812499999999 0.1467078125 0.87878125 0.143828125
0 0.8867953125 0.6399640625 0.9018499999999999 0.6308609374999999 0.89754375 0.62259375 0.881146875 0.6325546875 0.8867953125 0.6399640625
0 0.44278281249999996 0.3801609375 0.442 0.37539687499999996 0.437721875 0.375796875 0.4288453125 0.37618125 0.4248046875 0.3782875 0.4321359375 0.3782125 0.4372328125 0.380378125 0.4406078125 0.38087031250000003 0.44278281249999996 0.3801609375
0 0.31375312499999997 0.389065625 0.31069843750000004 0.3898640625 0.31001875 0.390815625 0.31045781250000004 0.39305625 0.312171875 0.39445625 0.3151234375 0.39485625 0.3203984375 0.3950421875 0.323309375 0.3950421875 0.32478281249999996 0.39395625 0.325553125 0.39211874999999996 0.323878125 0.390265625 0.3226546875 0.38953906250000003 0.3189640625 0.388853125 0.31375312499999997 0.389065625
0 0.3031625 0.416015625 0.300559375 0.41556718750000005 0.29883906250000003 0.4156625 0.295296875 0.4194796875 0.2986796875 0.419828125 0.3013515625 0.41948281249999997 0.3037359375 0.4192296875 0.30564375 0.41888437500000003 0.30743437500000004 0.4174734375 0.3079859375 0.41706093749999995 0.3031625 0.416015625
0 0.34414531249999997 0.3971984375 0.34090937499999996 0.3971984375 0.33703906250000004 0.3978953125 0.3378921875 0.398565625 0.3405375 0.4005515625 0.3443546875 0.40114687499999996 0.345746875 0.40121406249999997 0.34725625 0.400684375 0.34840312500000004 0.39997812499999996 0.3512484375 0.3983234375 0.35135625 0.39786875 0.3499640625 0.39711093750000004 0.3479734375 0.396909375 0.34414531249999997 0.3971984375
0 0.391840625 0.5568359375 0.3882625 0.5574640625 0.3884203125 0.558525 0.3898625 0.5590875 0.3976578125 0.558084375 0.391840625 0.5568359375
0 0.432309375 0.5524328125 0.4275734375 0.5524328125 0.42559375 0.5544203125 0.4283140625 0.5536625 0.4330015625 0.5538671875000001 0.43452812500000004 0.5534125000000001 0.432309375 0.5524328125
0 0.48488749999999997 0.560878125 0.4893328125 0.5598234375 0.4876875 0.5589875 0.48219218750000004 0.5589875 0.477525 0.5603312500000001 0.47957656249999997 0.5616640625 0.480746875 0.5616640625 0.482903125 0.5615046875 0.48488749999999997 0.560878125
0 0.460565625 0.525884375 0.46173906249999996 0.5251406249999999 0.4574734375 0.524184375 0.45373125 0.5249671874999999 0.4532890625 0.5260703125 0.451059375 0.5252703125 0.44840156249999996 0.52586875 0.45097031249999997 0.52700625 0.4514296875 0.5268375 0.460565625 0.525884375