0 0.46147499999999997 0.591021875 0.4664359375 0.5917656250000001 0.4875984375 0.5932546875 0.492559375 0.5912703125000001 0.49900781250000004 0.5849453125 0.4993390625 0.579984375 0.49636250000000004 0.576265625 0.4957015625 0.5725453125 0.4920640625 0.5722968749999999 0.4826390625 0.5751484375 0.46544375000000004 0.573909375 0.4563484375 0.5827140625 0.45601875 0.58445 0.4583328125 0.5884171874999999 0.46147499999999997 0.591021875
0 0.7457015625000001 0.8036953125 0.7380953124999999 0.7997265625 0.705521875 0.8075390625000001 0.6962625 0.8115078125 0.693121875 0.8116312499999999 0.7002312500000001 0.81324375 0.7046953125 0.8156000000000001 0.7056875 0.8235359375 0.7013890625 0.8272562499999999 0.70816875 0.831596875 0.7121359375 0.8333328124999999 0.7167656250000001 0.8318453124999999 0.7230484374999999 0.8325890625 0.728009375 0.8298609375 0.7333000000000001 0.8328374999999999 0.7382609375 0.8291171875 0.74454375 0.8271328125 0.7486765625 0.82428125 0.74966875 0.81956875 0.74669375 0.816096875 0.7476859375 0.807415625 0.7457015625000001 0.8036953125
0 0.5158734375 0.337178125 0.5188484375 0.3411453125 0.5205031250000001 0.3483390625 0.523975 0.350446875 0.5292656250000001 0.347965625 0.544146875 0.3482140625 0.5539015625 0.33990624999999997 0.55489375 0.337178125 0.553571875 0.33196875000000003 0.5542328125 0.3255203125 0.539021875 0.3247765625 0.516865625 0.3255203125 0.5201718750000001 0.3275046875 0.5208328125 0.329240625 0.516203125 0.332465625 0.5158734375 0.337178125
0 0.3986921875 0.326721875 0.39649531250000003 0.3294890625 0.3981484375 0.333209375 0.3958328125 0.3411453125 0.3983140625 0.34275781250000004 0.4039359375 0.342509375 0.4087296875 0.3451140625 0.4084 0.3493296875 0.44097187499999996 0.3509421875 0.4460984375 0.34759375000000003 0.44907343749999995 0.34065 0.44444375 0.3356890625 0.4401453125 0.3329609375 0.439153125 0.329240625 0.437596875 0.32646875 0.42905781249999997 0.3267265625 0.4058125 0.3268046875 0.3986921875 0.326721875
0 0.5962296874999999 0.348834375 0.59408125 0.3462296875 0.5906078124999999 0.3453625 0.584490625 0.346478125 0.5747359375000001 0.35255468749999996 0.5747359375000001 0.3580109375 0.5810187499999999 0.3607390625 0.5828375 0.36334374999999997 0.588128125 0.3623515625 0.5929234375 0.3592515625 0.5962296874999999 0.352803125 0.5962296874999999 0.348834375
0 0.9110625000000001 0.3470109375 0.915428125 0.34822031249999996 0.9184609375000001 0.346303125 0.920565625 0.3412828125 0.9185437500000001 0.337865625 0.9130765625 0.3356375 0.9093140625 0.33691875 0.9088921875 0.3438328125 0.909915625 0.3467546875 0.9110625000000001 0.3470109375
0 0.79329375 0.5518609375 0.7996515625 0.55025625 0.8030375 0.5466015625 0.8008593749999999 0.544878125 0.7939671875000001 0.5449921875 0.7896 0.551090625 0.79329375 0.5518609375
0 0.7825562500000001 0.981078125 0.7692421875 0.9766171874999999 0.7601 0.9772859374999999 0.75935 0.9804437500000001 0.7721296875 0.984625 0.8154765625 0.9899140624999999 0.8108656249999999 0.9854828124999999 0.807828125 0.9827999999999999 0.801815625 0.9762078125 0.801415625 0.9762078125 0.79525625 0.9788328125 0.7914125000000001 0.979784375 0.7825562500000001 0.981078125
0 0.8446609374999999 0.9772265625 0.8446609374999999 0.9829484374999999 0.8467437500000001 0.9854125 0.84976875 0.9886296874999999 0.854496875 0.990575 0.8560265625 0.9881515625 0.8551187499999999 0.9802140625 0.8490437500000001 0.97856875 0.8446609374999999 0.9772265625
0 0 0.618753125 0.060581249999999996 0.6101890625 0.07025624999999999 0.6155359375 0.07025624999999999 0.6174359375 0.10162656249999999 0.6164375 0.1241359375 0.6065750000000001 0.138003125 0.61323125 0.15177968749999998 0.6179593750000001 0.15637812499999998 0.606390625 0.1879875 0.5984171875000001 0.21935 0.5939375 0.23060156250000002 0.590221875 0.2538859375 0.5817390625 0.25760625 0.572171875 0 0.60173125 0 0.618753125
0 0.51875 0.90390625 0.5140625 0.91328125 0.52421875 0.915625 0.528125 0.90703125 0.51875 0.90390625