0 0.5079359375 0.427703125 0.5173609375 0.42485156249999995 0.53455625 0.42609062499999995 0.5436515625 0.4172859375 0.5439812500000001 0.41555 0.5416671875 0.4115828125 0.538525 0.40897812499999997 0.5335640625 0.408234375 0.5124015625 0.4067453125 0.507440625 0.4087296875 0.5009921875 0.41505468749999996 0.5006609375 0.420015625 0.5036375 0.423734375 0.5042984374999999 0.42745468750000004 0.5079359375 0.427703125
0 0.2617390625 0.17088281249999998 0.25545625 0.17286718750000002 0.2513234375 0.17571874999999998 0.25033125 0.18043125 0.25330625 0.183903125 0.2523140625 0.192584375 0.25429843750000003 0.19630468750000002 0.2619046875 0.2002734375 0.29447812500000003 0.19246093749999998 0.3037375 0.18849218750000002 0.306878125 0.18836875 0.29976875000000003 0.18675625 0.2953046875 0.1844 0.29431250000000003 0.1764640625 0.2986109375 0.17274375 0.29183125 0.16840312500000001 0.2878640625 0.1666671875 0.28323437500000004 0.1681546875 0.27695156249999997 0.1674109375 0.27199062500000004 0.1701390625 0.2667 0.1671625 0.2617390625 0.17088281249999998
0 0.4457671875 0.6744796875 0.460978125 0.6752234374999999 0.483134375 0.6744796875 0.47982812499999994 0.6724953124999999 0.4791671875 0.670759375 0.483796875 0.667534375 0.4841265625 0.662821875 0.4811515625 0.6588546875 0.479496875 0.6516609375 0.47602500000000003 0.649553125 0.470734375 0.652034375 0.45585312499999997 0.6517859374999999 0.4460984375 0.6600937499999999 0.44510625 0.662821875 0.446428125 0.6680312500000001 0.4457671875 0.6744796875
0 0.55555625 0.6643109375 0.5598546875 0.6670390625 0.560846875 0.670759375 0.562403125 0.67353125 0.5709421875 0.6732734375 0.5941875 0.6731953125000001 0.6013078125 0.6732781250000001 0.6035046875 0.6705109375 0.6018515625 0.666790625 0.6041671875 0.6588546875 0.6016859375 0.6572421875 0.5960640625 0.657490625 0.5912703125000001 0.6548859375 0.5916 0.6506703125 0.559028125 0.6490578124999999 0.5539015625 0.6524062500000001 0.5509265625 0.65935 0.55555625 0.6643109375
0 0.4252640625 0.6419890625 0.41898125 0.6392609375 0.4171625 0.6366562499999999 0.411871875 0.6376484375 0.4070765625 0.6407484375 0.4037703125 0.647196875 0.4037703125 0.651165625 0.40591875 0.6537703125000001 0.40939218750000006 0.6546375 0.41550937499999996 0.653521875 0.4252640625 0.6474453125 0.4252640625 0.6419890625
0 0.079434375 0.6587171875 0.08145625 0.662134375 0.0869234375 0.6643625 0.09068593750000001 0.6630812500000001 0.0911078125 0.6561671875 0.09008437500000001 0.6532453125 0.0889375 0.6529890625 0.08457187499999999 0.6517796875 0.08153906250000001 0.653696875 0.079434375 0.6587171875
0 0.20670625 0.4481390625 0.20034843750000003 0.44974375 0.19696249999999998 0.45339843750000003 0.19914062500000002 0.455121875 0.2060328125 0.4550078125 0.2104 0.44890937500000005 0.20670625 0.4481390625
0 0.18913437500000002 0.0145171875 0.192171875 0.0172 0.198184375 0.0237921875 0.19858437499999998 0.0237921875 0.20474375 0.0211671875 0.2085875 0.020215625 0.21744375 0.018921874999999998 0.2307578125 0.0233828125 0.2399 0.0227140625 0.24064999999999998 0.01955625 0.22787031249999998 0.015375 0.1845234375 0.0100859375 0.18913437500000002 0.0145171875
0 0.15325625 0.0145875 0.15023124999999998 0.0113703125 0.145503125 0.009425 0.1439734375 0.0118484375 0.14488125000000002 0.0197859375 0.15095625 0.02143125 0.1553390625 0.0227734375 0.1553390625 0.0170515625 0.15325625 0.0145875
0 1 0.381246875 0.93941875 0.3898109375 0.9297437499999999 0.3844640625 0.9297437499999999 0.3825640625 0.8983734374999999 0.3835625 0.8758640625 0.393425 0.861996875 0.38676875 0.8482203125 0.382040625 0.843621875 0.393609375 0.8120125 0.40158281249999994 0.78065 0.4060625 0.7693984375 0.409778125 0.7461140625 0.41826093750000004 0.74239375 0.427828125 1 0.39826875 1 0.381246875
0 0.47578125 0.084375 0.471875 0.09296875 0.48125 0.09609375 0.4859375 0.08671875 0.47578125 0.084375