0 0.840153125 0.6889109375 0.8532390624999999 0.6884328125 0.8577796875000001 0.6863140624999999 0.8603343750000001 0.6822812500000001 0.8609390625 0.6807984375 0.8594203125 0.6774953125 0.857165625 0.6721328125 0.8558937500000001 0.6698015625 0.8508140624999999 0.6679421875 0.8464953124999999 0.6658875 0.8406734374999999 0.6654421875 0.8329140625000001 0.6671343750000001 0.8269359375 0.6717296875 0.8272171875 0.67529375 0.83031875 0.68268125 0.833103125 0.6849140625000001 0.840153125 0.6889109375
0 0.75001875 0.730971875 0.75704375 0.7350671875 0.7787171875000001 0.7372421874999999 0.7917796874999999 0.7363578125 0.8281562499999999 0.734828125 0.8398187500000001 0.7313796875 0.8532187499999999 0.72595 0.8602968750000001 0.7211875 0.8741 0.715990625 0.8811249999999999 0.7095906249999999 0.8911718750000001 0.6953921875 0.9006203125000001 0.682684375 0.8968984375 0.674603125 0.8967453125 0.6793125 0.8939562499999999 0.6857859375 0.8810265625 0.6909046875 0.8709296875 0.6954265625 0.8531046874999999 0.69891875 0.839228125 0.702 0.8370843750000001 0.716840625 0.8298062500000001 0.7211609375 0.7991765625 0.724771875 0.782340625 0.7263703125000001 0.762675 0.7250578125 0.75261875 0.7260625 0.75001875 0.730971875
0 0.7041578125 0.7006 0.699053125 0.6965859375 0.6940109375 0.6946343749999999 0.6839999999999999 0.69660625 0.6820875 0.700040625 0.6899578125 0.709284375 0.7001546875 0.7127671875 0.7063406249999999 0.7160765625 0.71474375 0.7204296875 0.7187234375 0.7134765625 0.7140390625 0.70626875 0.7096015625 0.7035453125 0.7041578125 0.7006
0 0.74129375 0.681271875 0.7366546875 0.679346875 0.7349875 0.6856093750000001 0.7377890625 0.6894515625000001 0.744128125 0.6874890625 0.7421703125 0.6835296875 0.74129375 0.681271875
0 0.7156234375 0.611659375 0.712984375 0.6070046875 0.7108015625 0.6048734375 0.7085281250000001 0.6043359374999999 0.70425625 0.6049578125 0.7036640625 0.608971875 0.7118921874999999 0.6146390625 0.7156234375 0.611659375
0 0.683653125 0.27349843749999997 0.737025 0.282084375 0.8673437500000001 0.3013859375 0.8744859375 0.2874234375 0.866875 0.286271875 0.8380140624999999 0.28326093750000003 0.8344953125 0.2799375 0.8122296875 0.2795953125 0.784825 0.276459375 0.7697515625 0.27410625 0.7518875 0.2722 0.729225 0.2688984375 0.7090203125000001 0.265178125 0.7002484375 0.263525 0.68713125 0.2608234375 0.6776234375 0.26283124999999996 0.683653125 0.27349843749999997
0 0.7366953125 0.4488125 0.7397390625 0.44804374999999996 0.7382015625 0.4433640625 0.734340625 0.44493593750000004 0.7329421875000001 0.4476296875 0.73496875 0.4496515625 0.7361140625 0.44775625 0.7366953125 0.4488125
0 0.48295000000000005 0.14152343750000002 0.47852812499999997 0.14201875 0.47788593749999997 0.1431609375 0.48210312499999997 0.14549218749999998 0.4861734375 0.1475671875 0.486365625 0.141178125 0.48295000000000005 0.14152343750000002
0 0.4708421875 0.1488453125 0.466940625 0.1485453125 0.46438750000000006 0.14970624999999999 0.4649234375 0.1518546875 0.46867656249999995 0.1531171875 0.47676718749999997 0.1512515625 0.477984375 0.1518546875 0.48100624999999997 0.1515109375 0.4793546875 0.14974375 0.4708421875 0.1488453125
0 0.42315781250000006 0.1484421875 0.4204875 0.1481890625 0.42021406250000004 0.1509671875 0.423178125 0.1525140625 0.42559218750000005 0.15301718749999998 0.4290046875 0.15266249999999998 0.4311484375 0.15090781250000002 0.4308484375 0.1491953125 0.428496875 0.1492609375 0.42315781250000006 0.1484421875
0 0.4052828125 0.2278359375 0.4046171875 0.2261125 0.40285312500000003 0.22462187500000003 0.39942500000000003 0.22529062500000002 0.3931484375 0.225921875 0.3906046875 0.2259953125 0.389696875 0.22833593749999997 0.3914171875 0.2304109375 0.39444218750000004 0.2330546875 0.39999843749999997 0.2326734375 0.40309375000000003 0.231884375 0.4054734375 0.2276015625 0.4052828125 0.2278359375
0 0.20971875 0.1965390625 0.2078125 0.19663906250000002 0.20493437499999997 0.19714375 0.20506875 0.1980390625 0.209384375 0.20000468749999997 0.21263593749999998 0.198146875 0.20971875 0.1965390625
0 0.157990625 0.151690625 0.1615734375 0.15063437500000001 0.166375 0.15101875 0.17553593750000002 0.14849062500000001 0.175821875 0.1483578125 0.1711875 0.1471140625 0.1651875 0.1473609375 0.1523953125 0.14777656249999999 0.157990625 0.151690625
0 0.12528125 0.14836875 0.1221796875 0.1463875 0.11966874999999999 0.147034375 0.11625624999999999 0.147409375 0.11441562499999999 0.1488625 0.11884375 0.14974062500000002 0.12428125000000001 0.15009843750000001 0.12528125 0.14836875
0 0.2055515625 0.0491734375 0.20678281250000002 0.046778125 0.20503749999999998 0.04535 0.20198125 0.045221875 0.1986828125 0.045926562500000004 0.1971703125 0.047553125 0.1987171875 0.048521875 0.2055515625 0.0491734375
0 0.20322187500000002 0.042253125 0.2007453125 0.042684375000000004 0.199025 0.043853125 0.2008640625 0.045042187500000004 0.2042515625 0.044659375 0.2045828125 0.0426171875 0.20322187500000002 0.042253125
0 0.17867968750000002 0.043915625 0.1777984375 0.041675000000000004 0.1763390625 0.04173125 0.17285937499999998 0.0426828125 0.1720984375 0.04445625 0.174109375 0.0454703125 0.1784953125 0.045728124999999994 0.17867968750000002 0.043915625
0 0.231246875 0.0433171875 0.2353 0.043340625 0.2364484375 0.0424734375 0.2364484375 0.0418328125 0.23691562500000002 0.0417125 0.2321359375 0.0424109375 0.231246875 0.0433171875
0 0.078203125 0.047073437499999995 0.08520156250000001 0.0453 0.086028125 0.0445546875 0.083284375 0.0434984375 0.0797171875 0.0436 0.076946875 0.0442859375 0.0754859375 0.0464984375 0.078203125 0.047073437499999995
0 0.017534374999999998 0.0368703125 0.013718749999999998 0.0407921875 0.0200515625 0.04006875 0.027000000000000003 0.0399828125 0.027946875 0.03705625 0.0263625 0.0363796875 0.0200203125 0.036542187500000003 0.017534374999999998 0.0368703125
0 0.0078921875 0.048510937500000004 0.0048625000000000005 0.048184375 0.0029953125 0.0496203125 0.003825 0.0524078125 0.008334375 0.0506859375 0.008390625 0.049034375000000005 0.0078921875 0.048510937500000004
0 0.038804687500000004 0.0446578125 0.0359359375 0.0431234375 0.03266875 0.0430375 0.0299828125 0.043109375 0.030359375 0.0449109375 0.03343125 0.0456609375 0.038184375 0.0463921875 0.038804687500000004 0.0446578125
0 0.0347625 0.15026875 0.0363453125 0.14930625 0.046867187500000004 0.146925 0.01255 0.14615781249999998 0.016975 0.1484890625 0.0194859375 0.1496421875 0.0225109375 0.1496984375 0.027390625000000002 0.14936093749999999 0.0347625 0.15026875
0 0.0688 0.149825 0.0721765625 0.1513703125 0.0784921875 0.1505 0.080478125 0.1508015625 0.08574375 0.1507 0.0869015625 0.14880312499999998 0.0953875 0.1475328125 0.066278125 0.14679375 0.065740625 0.14706406249999998 0.06731406250000001 0.149084375 0.0688 0.149825