0 0.142834375 0.3278671875 0.14410625 0.3301984375 0.1491859375 0.3320578125 0.1535046875 0.3341125 0.1593265625 0.3345578125 0.1670859375 0.332865625 0.1730640625 0.3282703125 0.1727828125 0.32470625000000003 0.16968125 0.31731875 0.166896875 0.3150859375 0.159846875 0.3110890625 0.14676093750000002 0.3115671875 0.1422203125 0.31368593749999996 0.139665625 0.31771875 0.13906093749999998 0.3192015625 0.1405796875 0.3225046875 0.142834375 0.3278671875
0 0.14678125 0.27405 0.13970312499999998 0.2788125 0.12589999999999998 0.284009375 0.118875 0.29040937499999997 0.10882812500000001 0.3046078125 0.09937968750000001 0.317315625 0.1031015625 0.325396875 0.1032546875 0.3206875 0.10604374999999999 0.3142140625 0.1189734375 0.3090953125 0.1290703125 0.3045734375 0.1468953125 0.30108125 0.160771875 0.298 0.162915625 0.283159375 0.17019375 0.2788390625 0.20082343749999998 0.275228125 0.217659375 0.2736296875 0.237325 0.2749421875 0.24738125000000002 0.2739375 0.24998125 0.269028125 0.24295624999999998 0.2649328125 0.2212828125 0.26275781249999997 0.2082203125 0.2636421875 0.17184375000000002 0.265171875 0.16018125 0.2686203125 0.14678125 0.27405
0 0.2998453125 0.2872328125 0.293659375 0.28392343750000004 0.28525625 0.27957031250000003 0.2812765625 0.2865234375 0.28596093749999996 0.29373125 0.2903984375 0.2964546875 0.2958421875 0.2994 0.300946875 0.3034140625 0.3059890625 0.305365625 0.316 0.30339375 0.3179125 0.299959375 0.3100421875 0.290715625 0.2998453125 0.2872328125
0 0.25870625 0.318728125 0.2633453125 0.320653125 0.2650125 0.31439062500000003 0.2622109375 0.3105484375 0.255871875 0.31251093750000003 0.2578296875 0.3164703125 0.25870625 0.318728125
0 0.2881078125 0.3853609375 0.2843765625 0.388340625 0.287015625 0.39299531249999997 0.28919843749999996 0.3951265625 0.291471875 0.39566406249999997 0.29574375 0.3950421875 0.2963359375 0.391028125 0.2881078125 0.3853609375
0 0.1655046875 0.7200624999999999 0.1877703125 0.7204046875000001 0.21517499999999998 0.7235406249999999 0.2302484375 0.72589375 0.2481125 0.7278 0.270775 0.7311015624999999 0.29097968750000003 0.734821875 0.2997515625 0.736475 0.31286875 0.7391765625 0.3223765625 0.73716875 0.31634687499999997 0.7265015625 0.262975 0.7179156250000001 0.13265625 0.6986140625 0.1255140625 0.7125765625 0.133125 0.713728125 0.1619859375 0.7167390625000001 0.1655046875 0.7200624999999999
0 0.2638859375 0.5522437499999999 0.26330468749999997 0.5511874999999999 0.2602609375 0.55195625 0.2617984375 0.5566359375000001 0.265659375 0.5550640625 0.2670578125 0.5523703125 0.26503125 0.5503484375000001 0.2638859375 0.5522437499999999
0 0.51705 0.8584765624999999 0.521471875 0.8579812499999999 0.5221140625 0.8568390625 0.517896875 0.8545078125 0.5138265625 0.8524328125 0.513634375 0.858821875 0.51705 0.8584765624999999
0 0.522015625 0.8481453125 0.51899375 0.8484890625 0.5206453125 0.8502562499999999 0.5291578125 0.8511546875 0.533059375 0.8514546875000001 0.5356124999999999 0.85029375 0.5350765625 0.8481453125 0.5313234375 0.8468828125 0.5232328125000001 0.8487484375 0.522015625 0.8481453125
0 0.5688515625 0.8490921874999999 0.5691515625 0.8508046874999999 0.571503125 0.8507390625 0.5768421874999999 0.8515578125 0.5795125 0.8518109375 0.5797859375 0.8490328125 0.576821875 0.8474859374999999 0.5744078125 0.8469828125 0.5709953125 0.8473375000000001 0.5688515625 0.8490921874999999
0 0.610303125 0.7716640625 0.6085828125 0.7695890624999999 0.6055578125000001 0.7669453125000001 0.6000015624999999 0.7673265625 0.59690625 0.768115625 0.5945265625 0.7723984374999999 0.5947171875 0.7721640625 0.5953828125 0.7738875000000001 0.597146875 0.775378125 0.600575 0.774709375 0.6068515624999999 0.7740781250000001 0.6093953125 0.7740046875 0.610303125 0.7716640625
0 0.7902812499999999 0.8034609375 0.7921875 0.8033609374999999 0.795065625 0.8028562499999999 0.79493125 0.8019609375 0.790615625 0.7999953125 0.7873640625 0.801853125 0.7902812499999999 0.8034609375
0 0.8348125 0.8526390625 0.8476046875 0.8522234375 0.842009375 0.848309375 0.8384265624999999 0.8493656250000001 0.833625 0.8489812499999999 0.8244640625 0.851509375 0.8241781250000001 0.8516421875000001 0.8288125000000001 0.8528859375 0.8348125 0.8526390625
0 0.8757187500000001 0.8499015625 0.8747187500000001 0.85163125 0.8778203124999999 0.8536125 0.88033125 0.8529656250000001 0.88374375 0.852590625 0.885584375 0.8511374999999999 0.8811562500000001 0.850259375 0.8757187500000001 0.8499015625
0 0.8012828125 0.9514781250000001 0.7944484375 0.9508265625 0.7932171875 0.953221875 0.7949625 0.95465 0.79801875 0.954778125 0.8013171874999999 0.9540734375 0.8028296875 0.952446875 0.8012828125 0.9514781250000001
0 0.796778125 0.957746875 0.7992546875000001 0.957315625 0.800975 0.956146875 0.7991359375 0.9549578125 0.7957484375 0.955340625 0.7954171875 0.9573828125 0.796778125 0.957746875
0 0.8215046875 0.9542718750000001 0.8213203124999999 0.956084375 0.8222015624999999 0.958325 0.8236609375 0.95826875 0.827140625 0.9573171874999999 0.8279015624999999 0.95554375 0.8258906250000001 0.9545296875 0.8215046875 0.9542718750000001
0 0.768753125 0.9566828125000001 0.7647 0.9566593749999999 0.7635515625 0.9575265625 0.7635515625 0.9581671875 0.763084375 0.9582875 0.7678640624999999 0.9575890625 0.768753125 0.9566828125000001
0 0.9245140624999999 0.9535015625 0.9217968750000001 0.9529265625000001 0.9147984375 0.9547000000000001 0.913971875 0.9554453125 0.9167156249999999 0.9565015625 0.9202828125 0.9564 0.923053125 0.9557140625 0.9245140624999999 0.9535015625
0 0.9799796875 0.9634578125000001 0.982465625 0.9631296875 0.98628125 0.9592078125000001 0.9799484375 0.95993125 0.9730000000000001 0.9600171874999999 0.9720531250000001 0.96294375 0.9736375 0.9636203125 0.9799796875 0.9634578125000001
0 0.9921078124999999 0.9514890625 0.9951375 0.951815625 0.9970046874999999 0.9503796875000001 0.996175 0.9475921875 0.9916656250000001 0.9493140625 0.991609375 0.950965625 0.9921078124999999 0.9514890625
0 0.9618156250000001 0.9536078124999999 0.9611953124999999 0.9553421875 0.9640640625 0.9568765625 0.96733125 0.9569625 0.9700171875000001 0.956890625 0.969640625 0.9550890624999999 0.9665687500000001 0.9543390625000001 0.9618156250000001 0.9536078124999999
0 0.9774890624999999 0.8503015625 0.972609375 0.8506390625 0.9652375 0.8497312499999999 0.9636546875 0.8506937499999999 0.9531328125 0.8530749999999999 0.9874499999999999 0.8538421875 0.9830249999999999 0.8515109375 0.9805140625 0.8503578125000001 0.9774890624999999 0.8503015625
0 0.9046125 0.8524671875 0.933721875 0.85320625 0.9342593750000001 0.8529359375000001 0.9326859375 0.8509156250000001 0.9311999999999999 0.8501749999999999 0.9278234375000001 0.8486296875000001 0.9215078125 0.8494999999999999 0.919521875 0.8491984374999999 0.91425625 0.8493 0.9130984375000001 0.851196875 0.9046125 0.8524671875