0 0.3882078125 0.338465625 0.3839234375 0.34202187500000003 0.38520625000000003 0.34776406249999997 0.3927375 0.3528078125 0.4025390625 0.348846875 0.40273125 0.34146875 0.4025359375 0.34202656249999996 0.3985375 0.3376375 0.395015625 0.3376375 0.3882078125 0.338465625
0 0.362271875 0.367259375 0.36305 0.36395 0.3644234375 0.35352968749999997 0.365090625 0.3459453125 0.3599046875 0.3457359375 0.353153125 0.354525 0.3497640625 0.3668890625 0.3456828125 0.37917812500000003 0.3450140625 0.3876296875 0.3513390625 0.39256250000000004 0.35697968750000003 0.382765625 0.361709375 0.368521875 0.362271875 0.367259375
0 0.3354234375 0.41097031250000005 0.341653125 0.4114109375 0.3448109375 0.4069234375 0.3295859375 0.39866250000000003 0.32756093750000004 0.3990859375 0.326734375 0.40274687499999995 0.329534375 0.4073609375 0.3320953125 0.4094203125 0.3354234375 0.41097031250000005
0 0.38950625 0.389603125 0.3861140625 0.3868859375 0.380884375 0.38485625 0.37803749999999997 0.385103125 0.38209375 0.39734375 0.388590625 0.399846875 0.396909375 0.40776874999999996 0.40638125 0.41151406250000006 0.41615156249999996 0.4157453125 0.4243734375 0.4165109375 0.41843125 0.41180312499999994 0.4098359375 0.404525 0.3952203125 0.3933875 0.38950625 0.389603125
0 0.435753125 0.334578125 0.4254921875 0.3342984375 0.41797500000000004 0.347840625 0.41528124999999994 0.3549140625 0.41187500000000005 0.36049375 0.40975 0.36615000000000003 0.40610156249999996 0.3739578125 0.4037578125 0.383915625 0.4087078125 0.3867515625 0.413171875 0.380271875 0.4155234375 0.3741984375 0.41666875000000003 0.364975 0.419296875 0.361259375 0.4322125 0.349053125 0.435509375 0.33928125 0.435753125 0.334578125
0 0.4659171875 0.33445 0.462578125 0.32839999999999997 0.44808125 0.3284828125 0.450778125 0.3321171875 0.458671875 0.3347015625 0.4659171875 0.33445
0 0.48651875 0.350134375 0.48997812500000004 0.3510984375 0.49378124999999995 0.3416296875 0.494009375 0.3359609375 0.49428124999999995 0.330240625 0.49228281249999994 0.3309828125 0.4861328125 0.3377171875 0.4851859375 0.3474765625 0.48651875 0.350134375
0 0.49389374999999996 0.3526234375 0.490084375 0.35626718749999997 0.4853421875 0.361515625 0.4837734375 0.368734375 0.4876953125 0.36643593750000003 0.49134687499999996 0.3600828125 0.49389374999999996 0.3526234375
0 0.5035609375 0.32474375 0.5018578125000001 0.32416875 0.49683124999999995 0.329459375 0.49824531250000004 0.332453125 0.5034468750000001 0.335715625 0.5084984375 0.3262578125 0.5035609375 0.32474375
0 0.5229468749999999 0.3189484375 0.5232375 0.3200046875 0.524915625 0.324071875 0.534378125 0.3260703125 0.5394890625000001 0.3172359375 0.528425 0.31886875 0.5229468749999999 0.3189484375
0 0.5815890625 0.31256093749999997 0.5718421874999999 0.31034843749999996 0.5697578125 0.3119234375 0.5663359375 0.32027031250000004 0.55946875 0.3278734375 0.5544109374999999 0.33549531250000003 0.548490625 0.3477953125 0.5483859375 0.357415625 0.549146875 0.36113125 0.5696125000000001 0.3457828125 0.5710703125000001 0.335640625 0.5762046875 0.3286453125 0.5824609374999999 0.32163125 0.5837828125 0.315928125 0.5815890625 0.31256093749999997
0 0.6144890625 0.311190625 0.615603125 0.3050703125 0.6024140625000001 0.30643750000000003 0.6032656249999999 0.30922499999999997 0.604759375 0.312234375 0.6144890625 0.311190625
0 0.5918390625 0.36984374999999997 0.60230625 0.382015625 0.612159375 0.386296875 0.6254375 0.393975 0.6293 0.39805156249999996 0.6302828125 0.3874578125 0.6222453125 0.3800828125 0.6134937500000001 0.3718265625 0.605609375 0.36636250000000004 0.5896250000000001 0.35604843750000004 0.589271875 0.3595859375 0.5918390625 0.36984374999999997
0 0.5291750000000001 0.3868734375 0.5332765625 0.3907921875 0.546209375 0.3971921875 0.554490625 0.40037968749999997 0.5549078125 0.3952375 0.54490625 0.3879078125 0.5313109375 0.37958125 0.516975 0.3703703125 0.5139296875 0.37306875 0.5145625 0.3747578125 0.5291750000000001 0.3868734375
0 0.4871484375 0.4029109375 0.480290625 0.3971515625 0.47860781250000006 0.3948296875 0.4736140625 0.398125 0.473865625 0.40469999999999995 0.48232656250000006 0.4084390625 0.48670937500000006 0.40859218750000004 0.4871484375 0.4029109375
0 0.44677812499999997 0.3763375 0.44960468750000004 0.3839734375 0.45546718750000004 0.389865625 0.45870937500000003 0.3916703125 0.4618515625 0.38853593750000004 0.448403125 0.37806562499999996 0.44677812499999997 0.3763375
0 0.578359375 0.418721875 0.5817281249999999 0.4110921875 0.5814890625 0.40518906250000003 0.5749328125 0.4101921875 0.573846875 0.4186609375 0.5759593749999999 0.4190484375 0.578359375 0.418721875
0 0.4410046875 0.4369828125 0.44812031250000006 0.424734375 0.44808281250000004 0.41912031250000004 0.44529687500000004 0.4202484375 0.43966874999999994 0.42738437500000004 0.43840781250000005 0.43678906250000005 0.43850625 0.44064531249999994 0.4410046875 0.4369828125
0 0.389125 0.4243328125 0.3944875 0.41737812500000004 0.390078125 0.415625 0.388553125 0.41626250000000004 0.38318125 0.4223890625 0.378096875 0.43912968750000003 0.3806984375 0.43417031250000004 0.389125 0.4243328125
0 0.6467031249999999 0.301690625 0.640159375 0.3080484375 0.6375390624999999 0.322078125 0.633103125 0.33020625 0.6312765625 0.331165625 0.64686875 0.33099687499999997 0.65135625 0.3255 0.65491875 0.316909375 0.660728125 0.3113765625 0.6649484375 0.3073078125 0.6639015625 0.299346875 0.6626328125 0.29920625 0.65956875 0.29829531249999997 0.6467031249999999 0.301690625
0 0.6754015625 0.36789375 0.68291875 0.374859375 0.6904140625 0.378146875 0.708965625 0.3838546875 0.7092234375 0.3741703125 0.668265625 0.34428281250000003 0.6674046875 0.346615625 0.667115625 0.34723281250000004 0.6688734375000001 0.358715625 0.6754015625 0.36789375
0 0.6907640625 0.30003281249999997 0.7017453125 0.3021328125 0.703925 0.29519531250000003 0.701178125 0.2943078125 0.6993875 0.289159375 0.6816796875 0.2950375 0.6907640625 0.30003281249999997
0 0.75134375 0.29081875 0.7523359375 0.2848203125 0.7499281250000001 0.282990625 0.73914375 0.2850328125 0.7390531250000001 0.2958453125 0.7358484375 0.296396875 0.7329984375 0.29431875 0.7222546875 0.2994359375 0.716703125 0.311875 0.7022921875 0.33651875000000003 0.710134375 0.3321765625 0.7196828125 0.32477812500000003 0.73455625 0.3053203125 0.74618125 0.29968125 0.75134375 0.29081875
0 0.7532593750000001 0.34959375000000004 0.7682046875 0.3587625 0.78131875 0.364796875 0.7837890625 0.36198125000000003 0.7812296875 0.3538265625 0.7709515625 0.34660625 0.7601125 0.341009375 0.7414531249999999 0.32921875 0.7411890624999999 0.3284859375 0.7403187499999999 0.3291015625 0.7385203125 0.333575 0.747478125 0.3455796875 0.7532593750000001 0.34959375000000004
0 0.736771875 0.38493750000000004 0.7337515625 0.386240625 0.7284453125 0.391175 0.7284640625 0.3991328125 0.7345640625 0.39594999999999997 0.739309375 0.3875984375 0.736771875 0.38493750000000004
0 0.8488203125 0.3321328125 0.8406921875 0.334246875 0.8430609375 0.34365625 0.8542343750000001 0.3540078125 0.8731203125 0.36308281249999996 0.879778125 0.3634828125 0.8812562500000001 0.35831875 0.8760921875 0.3497125 0.8712890625 0.344028125 0.8593296875 0.3356015625 0.8598125 0.334965625 0.8488203125 0.3321328125
0 0.823859375 0.278253125 0.8222453125 0.277959375 0.8190390624999999 0.2830828125 0.8130078125000001 0.28807031250000004 0.81211875 0.2955875 0.8148515625 0.2996734375 0.820453125 0.2996234375 0.8280265625000001 0.29469687499999997 0.82971875 0.2847359375 0.8260828124999999 0.278684375 0.82749375 0.281184375 0.823859375 0.278253125
0 0.79000625 0.2847359375 0.780859375 0.279246875 0.779321875 0.2776875 0.775340625 0.278153125 0.7709921875 0.2821890625 0.77288125 0.28556875000000004 0.787921875 0.289709375 0.79000625 0.2847359375
0 0.9000921875 0.28759531250000003 0.911675 0.28468593750000004 0.9179390625 0.27825 0.9214015625 0.263815625 0.919396875 0.2644078125 0.9144875000000001 0.2659609375 0.9102046874999999 0.26987031250000004 0.9014890624999999 0.2783859375 0.9000921875 0.28759531250000003
0 0.936196875 0.2554453125 0.9286796875000001 0.258109375 0.9244640625 0.26458750000000003 0.9250125 0.26964062499999997 0.932009375 0.26618906249999996 0.9389375 0.254978125 0.936196875 0.2554453125
0 0.9452109375 0.315265625 0.9413171874999999 0.31773125 0.9363359375 0.32535625 0.9361312500000001 0.3329234375 0.943421875 0.3361328125 0.9488609374999999 0.33585 0.9492265625 0.3274421875 0.9579421874999999 0.3350125 0.9601765625 0.3410859375 0.9763671875 0.3549875 0.9800953124999999 0.35215625 0.94955625 0.315803125 0.9452109375 0.315265625
0 0.970771875 0.249796875 0.9719890625 0.260696875 0.9859125000000001 0.2582609375 0.9877375 0.2548453125 0.9876140625 0.2519125 0.9855703124999999 0.246234375 0.983690625 0.24553906250000002 0.978259375 0.2464390625 0.970771875 0.249796875
0 0.33943124999999996 0.8727562499999999 0.35281406249999997 0.8645328125 0.36155781249999996 0.8592203125 0.370078125 0.8436375 0.376515625 0.838471875 0.38325468749999997 0.8308828125 0.38218125000000003 0.8247921874999999 0.379034375 0.8248109375 0.37381875 0.8284484375 0.36732343749999996 0.8332828125 0.357984375 0.840921875 0.3503796875 0.8460765625000001 0.343871875 0.85075 0.34603125 0.8373515625 0.346684375 0.830521875 0.34231406249999996 0.8258390625 0.3398046875 0.824025 0.3366984375 0.8137375 0.33293125 0.805778125 0.32534375 0.8000890625 0.32300625 0.8019484374999999 0.3222625 0.8086109374999999 0.3179796875 0.8145609374999999 0.3141578125 0.8294921875 0.31134531249999997 0.8366578125 0.308646875 0.8445609375 0.30649375 0.8502828125 0.3022609375 0.8560593750000001 0.30010625 0.8628703124999999 0.2986109375 0.8728515625 0.3012109375 0.8792843749999999 0.30603437499999997 0.89054375 0.3092875 0.9019546875 0.31744218750000003 0.9005171875 0.3223953125 0.889215625 0.3324578125 0.8802421875 0.33943124999999996 0.8727562499999999
0 0.3863875 0.785634375 0.3823046875 0.7809453125 0.3811265625 0.7820453125 0.3801140625 0.7843328125 0.38079999999999997 0.7886984375 0.3834015625 0.79100625 0.3879953125 0.792109375 0.3863875 0.785634375