0 0.3354828125 0.5176093749999999 0.33171875 0.511575 0.313678125 0.5155046875 0.31878281249999996 0.5291421875 0.314153125 0.5313734375 0.3098546875 0.537575 0.30853125000000003 0.5452625 0.302909375 0.5529515625 0.31663437499999997 0.5595234375 0.3303578125 0.5680796875 0.3353171875 0.5670890625 0.3411046875 0.55704375 0.3609453125 0.5592765625 0.3721890625 0.5625 0.3779765625 0.5569203125 0.38525156250000003 0.54055 0.3883921875 0.537946875 0.3925265625 0.5373265625 0.39351875000000003 0.53360625 0.402446875 0.527653125 0.4087296875 0.5177328125 0.40906093749999994 0.5140125 0.397321875 0.5124015625 0.3662375 0.5141375 0.3520171875 0.5166171875 0.3354828125 0.5176093749999999
0 0.649140625 0.52195 0.6441796875 0.526909375 0.6405421875 0.5333578125 0.641534375 0.5373265625 0.6494703125 0.5447671875 0.66385625 0.555059375 0.6708000000000001 0.5585312499999999 0.680059375 0.5610125 0.6863421875 0.5639875 0.6960984375 0.5651046875 0.7121359375 0.555803125 0.7175921875 0.5514640625 0.7199078125 0.5489828125 0.7202375 0.545015625 0.7238749999999999 0.536334375 0.7285046875 0.5341015625 0.731978125 0.5297625 0.7389218750000001 0.527034375 0.74305625 0.5239328125 0.7450390625 0.5217015625 0.7463625 0.5172375 0.7523140625 0.513765625 0.745865625 0.509425 0.728009375 0.502728125 0.724703125 0.49925625 0.7223875 0.4985125 0.7161046875 0.4985125 0.709490625 0.5004953125 0.70238125 0.5053328125000001 0.6974203125 0.5135171875 0.6884921875 0.519221875 0.6860125 0.52256875 0.680059375 0.5248015625 0.6755953124999999 0.5251734375 0.6716265625 0.5194687499999999 0.6696421875 0.5135171875 0.665675 0.509053125 0.662203125 0.5071921875000001 0.6592265625 0.50694375 0.6499671874999999 0.5099203125 0.6438484375 0.513765625 0.649140625 0.52195
0 0.6023484375 0.48363125 0.595403125 0.4838796875 0.586475 0.4858625 0.5818453124999999 0.4890875 0.5762234375 0.486359375 0.5654765625 0.498140625 0.5749015625 0.5029765625 0.5887890625 0.5044640625000001 0.5916 0.5060765625 0.59193125 0.5078125 0.5947421875 0.5037203124999999 0.60135625 0.5017359375 0.6139218750000001 0.5022328125 0.6182203125 0.504215625 0.6240078125 0.4993796875 0.623346875 0.490946875 0.619709375 0.48921093750000005 0.617228125 0.4861109375 0.606978125 0.485615625 0.6023484375 0.48363125
0 0.1999015625 0.4399796875 0.2051921875 0.438740625 0.21395468750000002 0.447296875 0.2142859375 0.451265625 0.2119703125 0.454984375 0.214946875 0.4584578125 0.220734375 0.4640375 0.22503281249999998 0.46577343750000005 0.231315625 0.470734375 0.23611093749999998 0.47160156249999996 0.238921875 0.4712296875 0.2417328125 0.469121875 0.2442125 0.4635421875 0.24966875000000002 0.46168125 0.25033125 0.458953125 0.2470234375 0.4552328125 0.24669375 0.451265625 0.262565625 0.43588750000000004 0.277446875 0.42348749999999996 0.2781078125 0.4192703125 0.2764546875 0.4157984375 0.2817453125 0.41182968750000004 0.2824078125 0.406621875 0.2784390625 0.40067031249999996 0.2728171875 0.3986859375 0.262565625 0.38826875 0.26322812500000003 0.384053125 0.26818749999999997 0.3803328125 0.2691796875 0.3763640625 0.2676921875 0.3745046875 0.26306250000000003 0.3764875 0.260746875 0.3794640625 0.257440625 0.38045625 0.251653125 0.3845484375 0.244046875 0.393725 0.2303234375 0.4037703125 0.22569374999999997 0.405009375 0.21544375 0.40178593749999997 0.21015156250000003 0.40178593749999997 0.2083328125 0.40315 0.2070109375 0.4068703125 0.19973593750000002 0.4115828125 0.19709062500000002 0.41629531249999996 0.1957671875 0.42026250000000004 0.19808125000000001 0.42695937500000003 0.19709062500000002 0.4299359375 0.18055625 0.44307968750000004 0.178571875 0.45151250000000004 0.18402812500000001 0.453125 0.18948437499999998 0.44977656250000003 0.1999015625 0.4399796875
0 0.25760625 0.53360625 0.25396874999999997 0.531621875 0.25215 0.527778125 0.25099218749999996 0.5373265625 0.2528109375 0.53745 0.2536375 0.535590625 0.25760625 0.53360625
0 0.21544375 0.5052078125 0.215278125 0.506571875 0.218584375 0.5078125 0.218915625 0.5100453125 0.20188437499999998 0.5176093749999999 0.1999015625 0.5208328125 0.19444375 0.5217015625 0.19957031249999999 0.52256875 0.20188437499999998 0.52505 0.20866406249999997 0.5271578124999999 0.22437187500000003 0.5255453125 0.231315625 0.5267859374999999 0.23396093750000002 0.52579375 0.2384265625 0.5217015625 0.2333 0.5203375 0.23181250000000003 0.5177328125 0.2285046875 0.5162453124999999 0.22817500000000002 0.5140125 0.2218921875 0.5102921874999999 0.220734375 0.505953125 0.21544375 0.5052078125
0 0.1790671875 0.40525781250000004 0.203703125 0.387028125 0.2099875 0.3803328125 0.21097812500000002 0.3776046875 0.21015156250000003 0.37425625 0.2051921875 0.3745046875 0.1999015625 0.3774796875 0.1792328125 0.3927328125 0.1732796875 0.4001734375 0.1736109375 0.405134375 0.1790671875 0.40525781250000004
0 0.1759265625 0.427703125 0.17394218749999998 0.420015625 0.16964218749999999 0.41753437499999996 0.1641859375 0.41170625000000005 0.15294375 0.40625 0.1517859375 0.4076140625 0.15277812500000001 0.4172859375 0.166996875 0.4264640625 0.16848593750000002 0.429315625 0.1722890625 0.4299359375 0.1737765625 0.430059375 0.1759265625 0.427703125
0 0.15988750000000002 0.42633906250000003 0.157903125 0.42584375 0.15277812500000001 0.4296875 0.15277812500000001 0.43514375000000005 0.15806875 0.43415156250000003 0.161375 0.427703125 0.15988750000000002 0.42633906250000003
0 0.165675 0.453496875 0.165675 0.446553125 0.164021875 0.43985624999999995 0.16319375 0.4389875 0.15591875 0.43973281249999996 0.1547625 0.43663125 0.15294375 0.4357640625 0.152446875 0.4401046875 0.1547625 0.45027343750000004 0.15443125 0.462178125 0.16534374999999998 0.4634171875 0.16832031249999999 0.4584578125 0.165675 0.453496875
0 0.2599265625 0.2770296875 0.256453125 0.27410625 0.2551203125 0.27368281250000004 0.24850937499999998 0.27994375 0.250953125 0.28807499999999997 0.2599203125 0.285540625 0.2599265625 0.2770296875
0 0.8223593749999999 0.4942921875 0.8280312500000001 0.492571875 0.8367390625000001 0.49190781250000004 0.855128125 0.48902343750000005 0.855128125 0.488084375 0.8494875000000001 0.485134375 0.8299640625 0.486328125 0.82033125 0.48261562500000005 0.8077125 0.48538125 0.808940625 0.49239531249999996 0.8223593749999999 0.4942921875
0 0.6427265625 0.48688750000000003 0.6425453125 0.489471875 0.6486484375 0.49470156249999997 0.653640625 0.494940625 0.653734375 0.4920484375 0.6516421875 0.48874218750000004 0.6477 0.48662031250000004 0.644675 0.4866984375 0.6427265625 0.48688750000000003
0 0.0724265625 0.4541390625 0.075875 0.4599578125 0.07573593749999999 0.463859375 0.07795625 0.46987187500000005 0.07853750000000001 0.47385 0.08011718749999999 0.47634687500000006 0.07832343750000001 0.44796718750000003 0.0762140625 0.4458375 0.0751765625 0.4487015625 0.0724265625 0.4541390625
0 0.24926718750000001 0.5228703125 0.2400859375 0.523296875 0.237425 0.52505 0.2448578125 0.53073125 0.2514140625 0.529440625 0.253084375 0.5242796875 0.24926718750000001 0.5228703125
0 0.2496765625 0.6158609375 0.2523859375 0.6094640625000001 0.250046875 0.602865625 0.2438125 0.5939359375000001 0.2380609375 0.5911578125 0.229759375 0.5893421875 0.22462343749999997 0.589190625 0.2222265625 0.5934015625 0.22911874999999998 0.5943828124999999 0.236625 0.5958875 0.2429125 0.60043125 0.24489531250000002 0.606375 0.24308437500000002 0.611146875 0.2384703125 0.6170265625 0.2328953125 0.618540625 0.23305937499999999 0.6204562499999999 0.24473281249999998 0.6206765625 0.2496765625 0.6158609375