0 0.6116078125 0.537946875 0.6147484375000001 0.54055 0.6220234375 0.5569203125 0.6278109374999999 0.5625 0.6390546875 0.5592765625 0.6588953125 0.55704375 0.6646828124999999 0.5670890625 0.6696421875 0.5680796875 0.683365625 0.5595234375 0.697090625 0.5529515625 0.6914687500000001 0.5452625 0.6901453125 0.537575 0.685846875 0.5313734375 0.6812171874999999 0.5291421875 0.686321875 0.5155046875 0.6682812499999999 0.511575 0.6645171875 0.5176093749999999 0.6479828125 0.5166171875 0.6337625 0.5141375 0.602678125 0.5124015625 0.5909390625000001 0.5140125 0.5912703125000001 0.5177328125 0.597553125 0.527653125 0.6064812500000001 0.53360625 0.6074734375 0.5373265625 0.6116078125 0.537946875
0 0.319940625 0.5248015625 0.3139875 0.52256875 0.31150781250000004 0.519221875 0.3025796875 0.5135171875 0.29761875 0.5053328125000001 0.29050937499999996 0.5004953125 0.2838953125 0.4985125 0.2776125 0.4985125 0.275296875 0.49925625 0.27199062500000004 0.502728125 0.25413437499999997 0.509425 0.2476859375 0.513765625 0.2536375 0.5172375 0.25496093750000004 0.5217015625 0.25694374999999997 0.5239328125 0.261078125 0.527034375 0.26802187499999997 0.5297625 0.27149531250000003 0.5341015625 0.276125 0.536334375 0.2797625 0.545015625 0.2800921875 0.5489828125 0.2824078125 0.5514640625 0.2878640625 0.555803125 0.3039015625 0.5651046875 0.3136578125 0.5639875 0.319940625 0.5610125 0.3292 0.5585312499999999 0.33614375 0.555059375 0.3505296875 0.5447671875 0.358465625 0.5373265625 0.3594578125 0.5333578125 0.3558203125 0.526909375 0.35085937500000003 0.52195 0.3561515625 0.513765625 0.35003281249999996 0.5099203125 0.3407734375 0.50694375 0.337796875 0.5071921875000001 0.334325 0.509053125 0.3303578125 0.5135171875 0.3283734375 0.5194687499999999 0.3244046875 0.5251734375 0.319940625 0.5248015625
0 0.40525781250000004 0.5037203124999999 0.40806875 0.5078125 0.4084 0.5060765625 0.41121093750000004 0.5044640625000001 0.4250984375 0.5029765625 0.43452343750000005 0.498140625 0.42377656249999995 0.486359375 0.41815468750000007 0.4890875 0.41352500000000003 0.4858625 0.404596875 0.4838796875 0.3976515625 0.48363125 0.39302187499999997 0.485615625 0.382771875 0.4861109375 0.380290625 0.48921093750000005 0.376653125 0.490946875 0.37599218749999996 0.4993796875 0.3817796875 0.504215625 0.386078125 0.5022328125 0.39864375 0.5017359375 0.40525781250000004 0.5037203124999999
0 0.8002640624999999 0.4115828125 0.7929890625 0.4068703125 0.7916671875 0.40315 0.7898484375 0.40178593749999997 0.78455625 0.40178593749999997 0.77430625 0.405009375 0.7696765625 0.4037703125 0.755953125 0.393725 0.748346875 0.3845484375 0.742559375 0.38045625 0.7392531250000001 0.3794640625 0.7369375 0.3764875 0.7323078125 0.3745046875 0.7308203125 0.3763640625 0.7318125 0.3803328125 0.736771875 0.384053125 0.7374343750000001 0.38826875 0.7271828124999999 0.3986859375 0.7215609374999999 0.40067031249999996 0.7175921875 0.406621875 0.7182546875 0.41182968750000004 0.7235453125 0.4157984375 0.7218921875000001 0.4192703125 0.722553125 0.42348749999999996 0.7374343750000001 0.43588750000000004 0.75330625 0.451265625 0.7529765625 0.4552328125 0.74966875 0.458953125 0.75033125 0.46168125 0.7557875000000001 0.4635421875 0.7582671875 0.469121875 0.7610781249999999 0.4712296875 0.7638890625 0.47160156249999996 0.7686843750000001 0.470734375 0.7749671874999999 0.46577343750000005 0.7792656250000001 0.4640375 0.785053125 0.4584578125 0.7880296875 0.454984375 0.7857140625000001 0.451265625 0.7860453125 0.447296875 0.7948078125 0.438740625 0.8000984375 0.4399796875 0.8105156250000001 0.44977656250000003 0.815971875 0.453125 0.8214281250000001 0.45151250000000004 0.8194437499999999 0.44307968750000004 0.8029093749999999 0.4299359375 0.8019187499999999 0.42695937500000003 0.8042328124999999 0.42026250000000004 0.8029093749999999 0.41629531249999996 0.8002640624999999 0.4115828125
0 0.7490078125 0.5373265625 0.74785 0.527778125 0.7460312499999999 0.531621875 0.74239375 0.53360625 0.7463625 0.535590625 0.7471890625000001 0.53745 0.7490078125 0.5373265625
0 0.7686843750000001 0.5267859374999999 0.775628125 0.5255453125 0.7913359375 0.5271578124999999 0.798115625 0.52505 0.8004296875 0.52256875 0.8055562500000001 0.5217015625 0.8000984375 0.5208328125 0.798115625 0.5176093749999999 0.781084375 0.5100453125 0.781415625 0.5078125 0.784721875 0.506571875 0.78455625 0.5052078125 0.7792656250000001 0.505953125 0.7781078124999999 0.5102921874999999 0.771825 0.5140125 0.7714953125 0.5162453124999999 0.7681875 0.5177328125 0.7666999999999999 0.5203375 0.7615734375 0.5217015625 0.7660390625 0.52579375 0.7686843750000001 0.5267859374999999
0 0.796296875 0.387028125 0.8209328125 0.40525781250000004 0.8263890625 0.405134375 0.8267203125 0.4001734375 0.8207671875000001 0.3927328125 0.8000984375 0.3774796875 0.7948078125 0.3745046875 0.7898484375 0.37425625 0.789021875 0.3776046875 0.7900125 0.3803328125 0.796296875 0.387028125
0 0.8303578125 0.41753437499999996 0.8260578125 0.420015625 0.8240734375000001 0.427703125 0.8262234375 0.430059375 0.8277109375 0.4299359375 0.8315140624999999 0.429315625 0.833003125 0.4264640625 0.847221875 0.4172859375 0.8482140625 0.4076140625 0.84705625 0.40625 0.8358140625000001 0.41170625000000005 0.8303578125 0.41753437499999996
0 0.847221875 0.43514375000000005 0.847221875 0.4296875 0.842096875 0.42584375 0.8401125 0.42633906250000003 0.8386250000000001 0.427703125 0.84193125 0.43415156250000003 0.847221875 0.43514375000000005
0 0.8368062500000001 0.4389875 0.8359781249999999 0.43985624999999995 0.834325 0.446553125 0.834325 0.453496875 0.8316796875 0.4584578125 0.8346562499999999 0.4634171875 0.84556875 0.462178125 0.8452375 0.45027343750000004 0.8475531249999999 0.4401046875 0.84705625 0.4357640625 0.8452375 0.43663125 0.84408125 0.43973281249999996 0.8368062500000001 0.4389875
0 0.751490625 0.27994375 0.7448796875 0.27368281250000004 0.743546875 0.27410625 0.7400734375 0.2770296875 0.7400796875 0.285540625 0.749046875 0.28807499999999997 0.751490625 0.27994375
0 0.17196875 0.492571875 0.177640625 0.4942921875 0.191059375 0.49239531249999996 0.1922875 0.48538125 0.17966875 0.48261562500000005 0.17003593749999998 0.486328125 0.1505125 0.485134375 0.144871875 0.488084375 0.144871875 0.48902343750000005 0.16326093749999998 0.49190781250000004 0.17196875 0.492571875
0 0.355325 0.4866984375 0.3523 0.48662031250000004 0.34835781250000003 0.48874218750000004 0.346265625 0.4920484375 0.34635937499999997 0.494940625 0.3513515625 0.49470156249999997 0.3574546875 0.489471875 0.3572734375 0.48688750000000003 0.355325 0.4866984375
0 0.9275734375000001 0.4541390625 0.9248234375 0.4487015625 0.9237859374999999 0.4458375 0.9216765625000001 0.44796718750000003 0.9198828125 0.47634687500000006 0.9214625 0.47385 0.9220437499999999 0.46987187500000005 0.9242640625 0.463859375 0.9241250000000001 0.4599578125 0.9275734375000001 0.4541390625
0 0.7551421875 0.53073125 0.762575 0.52505 0.7599140625 0.523296875 0.7507328125 0.5228703125 0.746915625 0.5242796875 0.7485859375 0.529440625 0.7551421875 0.53073125
0 0.77088125 0.5943828124999999 0.7777734374999999 0.5934015625 0.7753765625 0.589190625 0.770240625 0.5893421875 0.7619390625 0.5911578125 0.7561875 0.5939359375000001 0.749953125 0.602865625 0.7476140625000001 0.6094640625000001 0.7503234375 0.6158609375 0.7552671875 0.6206765625 0.7669406249999999 0.6204562499999999 0.7671046875 0.618540625 0.7615296875 0.6170265625 0.756915625 0.611146875 0.7551046875 0.606375 0.7570875 0.60043125 0.763375 0.5958875 0.77088125 0.5943828124999999