0 0.182209375 0.077009375 0.1861765625 0.0703125 0.18551562500000002 0.0579109375 0.18816093750000001 0.046751562499999996 0.1932875 0.04290625 0.2045296875 0.03819375 0.207340625 0.0353421875 0.19675937500000001 0.021453125 0.1937828125 0.012773437500000002 0.1861765625 0.0001234375 0.0287703125 0.0001234375 0.0416671875 0.027653125 0.0472890625 0.03509375 0.053240625 0.050471875 0.05853125 0.0584078125 0.068121875 0.082465625 0.0783734375 0.102803125 0.08895468749999999 0.1201640625 0.093915625 0.1256203125 0.099371875 0.12896875000000002 0.11028437499999999 0.12896875000000002 0.1889046875 0.16985937499999998 0.1314609375 0.1273671875 0.136409375 0.12450468750000002 0.148975 0.11879999999999999 0.1554234375 0.1134671875 0.1584 0.1013140625 0.167328125 0.08692968749999999 0.1777453125 0.08134843750000001 0.182209375 0.077009375
0 0.59408125 0.3891375 0.60499375 0.3881453125 0.6130953124999999 0.384053125 0.6114421875 0.380084375 0.5927578125 0.3665671875 0.5801921875 0.3623515625 0.5749015625 0.35863125 0.56431875 0.3556546875 0.5593578124999999 0.35243125000000003 0.5410046875 0.3485859375 0.5348875 0.3489578125 0.52794375 0.351934375 0.52066875 0.35863125 0.5084328124999999 0.36036718749999996 0.50694375 0.3614828125 0.5066140625 0.3647078125 0.5109125 0.371403125 0.521825 0.3803328125 0.5264546875 0.3880203125 0.5229828125 0.3921125 0.5122359375000001 0.3962046875 0.5119046875000001 0.400421875 0.5138890625 0.405878125 0.5176921875 0.40972187499999996 0.5224875 0.41182968750000004 0.5181875 0.41555 0.5196765625 0.4193953125 0.5229828125 0.41964218750000004 0.5352187500000001 0.41641874999999995 0.5438156249999999 0.41245000000000004 0.5494375 0.4119546875 0.5577046875 0.40848281249999996 0.5891203125 0.390625 0.59408125 0.3891375
0 0.318828125 0.44563593749999997 0.321890625 0.43960625000000003 0.30489375 0.43340781249999993 0.2966265625 0.4239828125 0.28224218749999996 0.4154265625 0.265046875 0.4077375 0.25181875 0.4037703125 0.2491734375 0.40178593749999997 0.227678125 0.394096875 0.22519843750000001 0.39149375000000003 0.22420625 0.3919890625 0.22486718749999998 0.40290156250000003 0.23875625 0.4388640625 0.24040937499999998 0.44605625 0.2585984375 0.48846718750000007 0.2617390625 0.4908234375 0.2673609375 0.4908234375 0.28224218749999996 0.493303125 0.28885312500000004 0.503703125 0.3051421875 0.503671875 0.308240625 0.4968390625 0.3078703125 0.4904515625 0.30621718750000004 0.4822671875 0.3395125 0.48547343749999994 0.3314078125 0.4785390625 0.31375156249999997 0.4726390625 0.295965625 0.46639375000000005 0.29431250000000003 0.462921875 0.2900125 0.4584578125 0.292328125 0.454984375 0.29795 0.45151250000000004 0.3037375 0.445684375 0.318828125 0.44563593749999997
0 0.5438156249999999 0.6125984375 0.5567124999999999 0.6113593749999999 0.5801921875 0.6056546875000001 0.6001984375 0.597346875 0.6005296875 0.5953625 0.5982140625000001 0.5921375 0.587796875 0.5858140625 0.5815140624999999 0.584325 0.56431875 0.5833328125 0.5598546875 0.581721875 0.5542328125 0.5842015625 0.5522484375000001 0.589409375 0.5484453125 0.5917656250000001 0.5434859375000001 0.5922625 0.538525 0.591021875 0.532903125 0.5922625 0.5229828125 0.587796875 0.5120703125 0.586309375 0.49884218750000003 0.5885421875 0.49537031249999997 0.592634375 0.494378125 0.5958578125 0.5004953125 0.6014390625 0.5203375 0.6096234375 0.5438156249999999 0.6125984375
0 0.34556875 0.543775 0.3445765625 0.5452625 0.3459 0.54923125 0.325603125 0.5509890625 0.35366875000000003 0.55994375 0.3665671875 0.5575390625 0.36871718750000004 0.5566718749999999 0.3614421875 0.5529515625 0.3579703125 0.5486109375 0.34556875 0.543775
0 0.4184859375 0.6703875 0.42691875 0.6665421874999999 0.42377656249999995 0.6619546875 0.41749375000000005 0.6592265625 0.40988749999999996 0.6530265625 0.400628125 0.648809375 0.39401406250000004 0.64756875 0.37681875 0.64756875 0.37086562500000003 0.6453375 0.3611109375 0.6434765625 0.3546625 0.644096875 0.35085937500000003 0.64695 0.354828125 0.6546375 0.3561515625 0.6615828125000001 0.3576390625 0.662946875 0.37715 0.665178125 0.3874015625 0.668403125 0.40625 0.6713796875 0.4184859375 0.6703875
0 0.3169640625 0.6061515625 0.3154765625 0.6072671875 0.3161375 0.61173125 0.3192796875 0.616071875 0.32523124999999997 0.61805625 0.3298609375 0.616071875 0.3349875 0.6157 0.3351515625 0.6116078125 0.3258921875 0.6068953125000001 0.3204359375 0.6060265625000001 0.3169640625 0.6061515625
0 0.46693125 0.819071875 0.464615625 0.81956875 0.4680015625 0.8219640625 0.4735171875 0.8254374999999999 0.48065468750000007 0.8283734375 0.48677187499999997 0.8272562499999999 0.48677187499999997 0.8232890625 0.4846234375 0.821925 0.4809859375 0.8206843750000001 0.46693125 0.819071875
0 0.4143890625 0.7785046875 0.4228109375 0.7765390625 0.4348546875 0.7771578124999999 0.427825 0.7707015625 0.413690625 0.7724453125 0.40939218750000006 0.776165625 0.41071406250000003 0.78038125 0.4143890625 0.7785046875
0 0.47189218750000006 0.8939734375 0.47602500000000003 0.8963296875 0.4846234375 0.8980656249999999 0.49289062499999997 0.8980656249999999 0.49503906249999996 0.8939734375 0.49150625000000003 0.888625 0.490946875 0.883696875 0.48879374999999997 0.8817390625 0.4843375 0.8792781250000001 0.470575 0.8751187500000001 0.4630671875 0.877415625 0.46560781249999994 0.8823171875 0.46904218750000004 0.8899515625 0.47189218750000006 0.8939734375
0 0.24430468749999998 0.353134375 0.2349140625 0.3583640625 0.2330953125 0.365515625 0.24317187499999998 0.3629 0.2541296875 0.3608953125 0.2688953125 0.3687140625 0.2777921875 0.3720578125 0.2962890625 0.37344218749999997 0.284625 0.37057656250000004 0.276540625 0.369703125 0.268034375 0.3579984375 0.25343125 0.35272187499999996 0.24430468749999998 0.353134375