0 0.148975 0.8812 0.136409375 0.8754953125 0.1314609375 0.8726328125 0.1889046875 0.830140625 0.11028437499999999 0.87103125 0.099371875 0.87103125 0.093915625 0.8743796875 0.08895468749999999 0.8798359375 0.0783734375 0.897196875 0.068121875 0.917534375 0.05853125 0.9415921875000001 0.053240625 0.949528125 0.0472890625 0.96490625 0.0416671875 0.972346875 0.0287703125 0.9998765625000001 0.1861765625 0.9998765625000001 0.1937828125 0.9872265625000001 0.19675937500000001 0.9785468749999999 0.207340625 0.9646578124999999 0.2045296875 0.9618062500000001 0.1932875 0.95709375 0.18816093750000001 0.9532484374999999 0.18551562500000002 0.9420890625 0.1861765625 0.9296875 0.182209375 0.9229906250000001 0.1777453125 0.9186515625 0.167328125 0.9130703125 0.1584 0.8986859375 0.1554234375 0.8865328124999999 0.148975 0.8812
0 0.5352187500000001 0.58358125 0.5229828125 0.5803578125 0.5196765625 0.5806046874999999 0.5181875 0.58445 0.5224875 0.5881703125 0.5176921875 0.590278125 0.5138890625 0.594121875 0.5119046875000001 0.5995781250000001 0.5122359375000001 0.6037953125 0.5229828125 0.6078875 0.5264546875 0.6119796875 0.521825 0.6196671874999999 0.5109125 0.628596875 0.5066140625 0.6352921874999999 0.50694375 0.6385171875 0.5084328124999999 0.6396328125 0.52066875 0.64136875 0.52794375 0.648065625 0.5348875 0.6510421875 0.5410046875 0.6514140625 0.5593578124999999 0.64756875 0.56431875 0.6443453124999999 0.5749015625 0.64136875 0.5801921875 0.6376484375 0.5927578125 0.6334328124999999 0.6114421875 0.619915625 0.6130953124999999 0.615946875 0.60499375 0.6118546874999999 0.59408125 0.6108625 0.5891203125 0.609375 0.5577046875 0.5915171875 0.5494375 0.5880453125 0.5438156249999999 0.58755 0.5352187500000001 0.58358125
0 0.29431250000000003 0.5370781250000001 0.295965625 0.53360625 0.31375156249999997 0.5273609375 0.3314078125 0.5214609375 0.3395125 0.5145265625000001 0.30621718750000004 0.5177328125 0.3078703125 0.5095484375 0.308240625 0.5031609375 0.3051421875 0.49632812499999995 0.28885312500000004 0.49629687499999997 0.28224218749999996 0.506696875 0.2673609375 0.5091765625 0.2617390625 0.5091765625 0.2585984375 0.5115328124999999 0.24040937499999998 0.55394375 0.23875625 0.5611359375 0.22486718749999998 0.5970984374999999 0.22420625 0.6080109375 0.22519843750000001 0.60850625 0.227678125 0.605903125 0.2491734375 0.5982140625000001 0.25181875 0.5962296874999999 0.265046875 0.5922625 0.28224218749999996 0.5845734375 0.2966265625 0.5760171875 0.30489375 0.5665921875000001 0.321890625 0.56039375 0.318828125 0.5543640625 0.3037375 0.554315625 0.29795 0.5484875 0.292328125 0.545015625 0.2900125 0.5415421874999999 0.29431250000000003 0.5370781250000001
0 0.49884218750000003 0.4114578125 0.5120703125 0.413690625 0.5229828125 0.412203125 0.532903125 0.4077375 0.538525 0.40897812499999997 0.5434859375000001 0.4077375 0.5484453125 0.408234375 0.5522484375000001 0.41059062500000004 0.5542328125 0.4157984375 0.5598546875 0.41827812499999995 0.56431875 0.4166671875 0.5815140624999999 0.41567499999999996 0.587796875 0.4141859375 0.5982140625000001 0.40786249999999996 0.6005296875 0.40463750000000004 0.6001984375 0.40265312499999995 0.5801921875 0.3943453125 0.5567124999999999 0.38864062499999996 0.5438156249999999 0.3874015625 0.5203375 0.3903765625 0.5004953125 0.3985609375 0.494378125 0.4041421875 0.49537031249999997 0.407365625 0.49884218750000003 0.4114578125
0 0.35366875000000003 0.44005625000000004 0.325603125 0.44901093750000004 0.3459 0.45076875000000005 0.3445765625 0.45473749999999996 0.34556875 0.456225 0.3579703125 0.4513890625 0.3614421875 0.4470484375 0.36871718750000004 0.443328125 0.3665671875 0.44246093750000004 0.35366875000000003 0.44005625000000004
0 0.3561515625 0.3384171875 0.354828125 0.3453625 0.35085937500000003 0.35305 0.3546625 0.355903125 0.3611109375 0.35652343750000004 0.37086562500000003 0.3546625 0.37681875 0.35243125000000003 0.39401406250000004 0.35243125000000003 0.400628125 0.351190625 0.40988749999999996 0.3469734375 0.41749375000000005 0.3407734375 0.42377656249999995 0.3380453125 0.42691875 0.3334578125 0.4184859375 0.3296125 0.40625 0.3286203125 0.3874015625 0.331596875 0.37715 0.334821875 0.3576390625 0.337053125 0.3561515625 0.3384171875
0 0.3298609375 0.383928125 0.32523124999999997 0.38194374999999997 0.3192796875 0.383928125 0.3161375 0.38826875 0.3154765625 0.3927328125 0.3169640625 0.3938484375 0.3204359375 0.3939734375 0.3258921875 0.3931046875 0.3351515625 0.3883921875 0.3349875 0.3843 0.3298609375 0.383928125
0 0.48065468750000007 0.1716265625 0.4735171875 0.1745625 0.4680015625 0.1780359375 0.464615625 0.18043125 0.46693125 0.180928125 0.4809859375 0.179315625 0.4846234375 0.178075 0.48677187499999997 0.1767109375 0.48677187499999997 0.17274375 0.48065468750000007 0.1716265625
0 0.4348546875 0.2228421875 0.4228109375 0.22346093749999998 0.4143890625 0.2214953125 0.41071406250000003 0.21961875000000003 0.40939218750000006 0.22383437499999997 0.413690625 0.2275546875 0.427825 0.2292984375 0.4348546875 0.2228421875
0 0.4843375 0.120721875 0.48879374999999997 0.1182609375 0.490946875 0.116303125 0.49150625000000003 0.111375 0.49503906249999996 0.1060265625 0.49289062499999997 0.101934375 0.4846234375 0.101934375 0.47602500000000003 0.1036703125 0.47189218750000006 0.1060265625 0.46904218750000004 0.1100484375 0.46560781249999994 0.11768281249999998 0.4630671875 0.122584375 0.470575 0.12488125000000001 0.4843375 0.120721875
0 0.2962890625 0.6265578125 0.2777921875 0.6279421875 0.2688953125 0.6312859375000001 0.2541296875 0.6391046874999999 0.24317187499999998 0.6371 0.2330953125 0.634484375 0.2349140625 0.6416359375 0.24430468749999998 0.646865625 0.25343125 0.6472781249999999 0.268034375 0.6420015625 0.276540625 0.630296875 0.284625 0.6294234375000001 0.2962890625 0.6265578125