0 0.906084375 0.1256203125 0.9110453125 0.1201640625 0.9216265625 0.102803125 0.9318781250000001 0.082465625 0.94146875 0.0584078125 0.9467593750000001 0.050471875 0.9527109375 0.03509375 0.9583328124999999 0.027653125 0.9712296874999999 0.0001234375 0.8138234375 0.0001234375 0.8062171875 0.012773437500000002 0.8032406249999999 0.021453125 0.792659375 0.0353421875 0.7954703125 0.03819375 0.8067125 0.04290625 0.8118390625 0.046751562499999996 0.8144843749999999 0.0579109375 0.8138234375 0.0703125 0.817790625 0.077009375 0.8222546875000001 0.08134843750000001 0.832671875 0.08692968749999999 0.8416 0.1013140625 0.8445765625 0.1134671875 0.8510249999999999 0.11879999999999999 0.863590625 0.12450468750000002 0.8685390625 0.1273671875 0.8110953125 0.16985937499999998 0.889715625 0.12896875000000002 0.9006281250000001 0.12896875000000002 0.906084375 0.1256203125
0 0.4861109375 0.405878125 0.48809531249999993 0.400421875 0.4877640625 0.3962046875 0.4770171875 0.3921125 0.47354531250000004 0.3880203125 0.47817499999999996 0.3803328125 0.4890875 0.371403125 0.4933859375 0.3647078125 0.49305625 0.3614828125 0.4915671875 0.36036718749999996 0.47933125 0.35863125 0.47205624999999996 0.351934375 0.46511250000000004 0.3489578125 0.45899531250000003 0.3485859375 0.44064218750000006 0.35243125000000003 0.43568125 0.3556546875 0.4250984375 0.35863125 0.41980781250000004 0.3623515625 0.40724218749999996 0.3665671875 0.3885578125 0.380084375 0.3869046875 0.384053125 0.39500625 0.3881453125 0.40591875 0.3891375 0.41087968750000003 0.390625 0.44229531250000004 0.40848281249999996 0.45056250000000003 0.4119546875 0.45618437500000003 0.41245000000000004 0.46478125 0.41641874999999995 0.4770171875 0.41964218750000004 0.48032343749999995 0.4193953125 0.48181250000000003 0.41555 0.4775125 0.41182968750000004 0.48230781250000004 0.40972187499999996 0.4861109375 0.405878125
0 0.6921296875 0.4904515625 0.691759375 0.4968390625 0.6948578125 0.503671875 0.7111468750000001 0.503703125 0.7177578125 0.493303125 0.7326390625 0.4908234375 0.7382609375 0.4908234375 0.7414015625 0.48846718750000007 0.759590625 0.44605625 0.76124375 0.4388640625 0.7751328125 0.40290156250000003 0.77579375 0.3919890625 0.7748015625 0.39149375000000003 0.772321875 0.394096875 0.7508265625 0.40178593749999997 0.74818125 0.4037703125 0.734953125 0.4077375 0.7177578125 0.4154265625 0.7033734375 0.4239828125 0.69510625 0.43340781249999993 0.678109375 0.43960625000000003 0.681171875 0.44563593749999997 0.6962625 0.445684375 0.7020500000000001 0.45151250000000004 0.7076718750000001 0.454984375 0.7099875 0.4584578125 0.7056875 0.462921875 0.704034375 0.46639375000000005 0.6862484375 0.4726390625 0.6685921875 0.4785390625 0.6604875 0.48547343749999994 0.6937828125000001 0.4822671875 0.6921296875 0.4904515625
0 0.4515546875 0.5917656250000001 0.4477515625 0.589409375 0.4457671875 0.5842015625 0.4401453125 0.581721875 0.43568125 0.5833328125 0.4184859375 0.584325 0.412203125 0.5858140625 0.40178593749999997 0.5921375 0.3994703125 0.5953625 0.3998015625 0.597346875 0.41980781250000004 0.6056546875000001 0.4432875 0.6113593749999999 0.45618437500000003 0.6125984375 0.4796625 0.6096234375 0.4995046875 0.6014390625 0.505621875 0.5958578125 0.5046296875 0.592634375 0.5011578125 0.5885421875 0.4879296875 0.586309375 0.4770171875 0.587796875 0.467096875 0.5922625 0.46147499999999997 0.591021875 0.4565140625 0.5922625 0.4515546875 0.5917656250000001
0 0.6385578125 0.5529515625 0.6312828125000001 0.5566718749999999 0.6334328124999999 0.5575390625 0.64633125 0.55994375 0.674396875 0.5509890625 0.6541 0.54923125 0.6554234375 0.5452625 0.65443125 0.543775 0.6420296875 0.5486109375 0.6385578125 0.5529515625
0 0.62318125 0.64756875 0.6059859375000001 0.64756875 0.599371875 0.648809375 0.5901125 0.6530265625 0.58250625 0.6592265625 0.5762234375 0.6619546875 0.57308125 0.6665421874999999 0.5815140624999999 0.6703875 0.59375 0.6713796875 0.6125984375 0.668403125 0.62285 0.665178125 0.6423609375 0.662946875 0.6438484375 0.6615828125000001 0.6451718750000001 0.6546375 0.649140625 0.64695 0.6453375 0.644096875 0.6388890625 0.6434765625 0.629134375 0.6453375 0.62318125 0.64756875
0 0.6795640625 0.6060265625000001 0.6741078125 0.6068953125000001 0.6648484375 0.6116078125 0.6650125 0.6157 0.6701390625 0.616071875 0.6747687499999999 0.61805625 0.6807203125 0.616071875 0.6838625 0.61173125 0.6845234375 0.6072671875 0.6830359374999999 0.6061515625 0.6795640625 0.6060265625000001
0 0.5153765625 0.821925 0.513228125 0.8232890625 0.513228125 0.8272562499999999 0.5193453124999999 0.8283734375 0.5264828125000001 0.8254374999999999 0.5319984375 0.8219640625 0.535384375 0.81956875 0.53306875 0.819071875 0.5190140624999999 0.8206843750000001 0.5153765625 0.821925
0 0.572175 0.7707015625 0.5651453125 0.7771578124999999 0.5771890625 0.7765390625 0.5856109375 0.7785046875 0.5892859374999999 0.78038125 0.5906078124999999 0.776165625 0.586309375 0.7724453125 0.572175 0.7707015625
0 0.5153765625 0.8980656249999999 0.523975 0.8963296875 0.5281078124999999 0.8939734375 0.5309578125 0.8899515625 0.5343921875000001 0.8823171875 0.5369328125 0.877415625 0.529425 0.8751187500000001 0.5156625 0.8792781250000001 0.5112062500000001 0.8817390625 0.509053125 0.883696875 0.50849375 0.888625 0.5049609375 0.8939734375 0.507109375 0.8980656249999999 0.5153765625 0.8980656249999999
0 0.7650859375 0.3583640625 0.7556953125 0.353134375 0.74656875 0.35272187499999996 0.7319656250000001 0.3579984375 0.723459375 0.369703125 0.715375 0.37057656250000004 0.7037109375 0.37344218749999997 0.7222078125 0.3720578125 0.7311046875 0.3687140625 0.7458703125 0.3608953125 0.756828125 0.3629 0.7669046875000001 0.365515625 0.7650859375 0.3583640625