0 0.18568125 0.5091765625 0.1777453125 0.5111609374999999 0.170634375 0.5172375 0.170634375 0.5217015625 0.1851859375 0.53360625 0.16898125 0.54923125 0.1693125 0.5514640625 0.17113125 0.553075 0.1886578125 0.55555625 0.2015546875 0.555059375 0.20337343749999998 0.5566718749999999 0.20238125 0.5656 0.203703125 0.5685765625 0.2159390625 0.5693203125 0.2217265625 0.568453125 0.223875 0.5651046875 0.2232140625 0.524678125 0.2218921875 0.5194687499999999 0.2197421875 0.475446875 0.2159390625 0.47805 0.21329375 0.4822671875 0.2084984375 0.48660781249999996 0.198909375 0.4928078125 0.1922953125 0.49454374999999995 0.18551562500000002 0.498140625 0.185846875 0.501859375 0.192790625 0.5060765625 0.18568125 0.5091765625
0 0.2042 0.33358125 0.20965625000000002 0.33395312499999996 0.21164062499999997 0.31634375000000003 0.20932499999999998 0.2806296875 0.2071765625 0.2775296875 0.20386875 0.277034375 0.180225 0.29451875 0.1792328125 0.2982390625 0.1875 0.30394375 0.1904765625 0.308159375 0.1974203125 0.3131203125 0.1957671875 0.3170890625 0.19709062500000002 0.3227921875 0.1954359375 0.3282484375 0.1937828125 0.3294890625 0.2042 0.33358125
0 0.16832031249999999 0.36817968749999996 0.1716265625 0.3763640625 0.17625625 0.3805796875 0.17790937499999998 0.38380468749999996 0.17625625 0.3880203125 0.1699734375 0.3959578125 0.1693125 0.40067031249999996 0.1721234375 0.404265625 0.1904765625 0.4157984375 0.19146875000000002 0.423734375 0.1977515625 0.427703125 0.1990734375 0.43365625 0.2042 0.4310515625 0.21461562500000003 0.42274375 0.2159390625 0.420015625 0.2119703125 0.337425 0.209490625 0.33506874999999997 0.1999015625 0.3345734375 0.19510624999999998 0.337425 0.193121875 0.3421375 0.1832015625 0.35305 0.18716875 0.35701875 0.1861765625 0.3594984375 0.1830359375 0.3611109375 0.1750984375 0.3611109375 0.16832031249999999 0.36817968749999996
0 0.2017203125 0.659846875 0.1979171875 0.6619546875 0.1919640625 0.66319375 0.18948437499999998 0.6660468749999999 0.18948437499999998 0.6702625 0.19246093749999998 0.6719984375 0.1939484375 0.676090625 0.207340625 0.6772078125000001 0.20915937499999998 0.6770828125 0.218584375 0.670759375 0.2271828125 0.6630703125 0.2304890625 0.6583578125 0.23214218749999999 0.6514140625 0.23148125 0.6486859375 0.22519843750000001 0.639509375 0.2217265625 0.637896875 0.2144515625 0.637896875 0.19874375 0.64918125 0.19709062500000002 0.6509171874999999 0.1974203125 0.6541421875 0.20205 0.6588546875 0.2017203125 0.659846875
0 0.2204703125 0.6069703125 0.21693125000000002 0.6080109375 0.2162703125 0.61173125 0.21263281250000002 0.61793125 0.21263281250000002 0.6223953125 0.213459375 0.623759375 0.22519843750000001 0.62735625 0.22784374999999998 0.6236359375 0.22817500000000002 0.612971875 0.22486718749999998 0.6072671875 0.2204703125 0.6069703125
0 0.207340625 0.7880703125 0.20436562500000002 0.7922859375 0.200728125 0.8101437499999999 0.19874375 0.8123765625000001 0.19808125000000001 0.8156000000000001 0.20353906249999998 0.8174609374999999 0.208003125 0.8205609375 0.214946875 0.8275046875 0.21693125000000002 0.831721875 0.21990781250000002 0.8329609375 0.23478906249999998 0.8203125 0.2364421875 0.81634375 0.236771875 0.8084078124999999 0.2583984375 0.816090625 0.24929687500000003 0.8052343750000001 0.23545 0.800471875 0.23611093749999998 0.77889375 0.2328046875 0.7583078125 0.2303234375 0.75545625 0.21941093750000001 0.7604171875 0.20634843749999998 0.7712046875 0.1977515625 0.7766609375 0.19874375 0.78038125 0.207340625 0.7880703125
0 0.23561562500000002 0.9221234375 0.2397484375 0.9192703124999999 0.244046875 0.91009375 0.24867656249999998 0.9043906249999999 0.24933906249999999 0.901909375 0.2476859375 0.8986859375 0.2412375 0.894840625 0.23792968750000001 0.8955859374999999 0.23545 0.8974453125 0.2285046875 0.9088546875000001 0.2285046875 0.9190234374999999 0.229828125 0.9222468750000001 0.23148125 0.9224953125 0.23561562500000002 0.9221234375
0 0.29855624999999997 0.8240718749999999 0.30300625000000003 0.8208 0.3000984375 0.818659375 0.29673125 0.8217234375 0.296234375 0.8240203125000001 0.29855624999999997 0.8240718749999999
0 0.4222578125 0.81198125 0.4260484375 0.8084734375 0.41970937499999994 0.8080296875 0.41536718749999996 0.8125109374999999 0.41890625000000004 0.813709375 0.4222578125 0.81198125
0 0.60980625 0.797634375 0.61311875 0.7951890625 0.61476875 0.792825 0.611221875 0.7913765625 0.6102140625 0.7917984375 0.6064640625 0.79368125 0.604325 0.79740625 0.6061109375 0.7989109375 0.60980625 0.797634375
0 0.6808890625 0.7917765625000001 0.6833453125 0.7897265625000001 0.6798390624999999 0.7878640625 0.678684375 0.7897140625 0.6786453125 0.7918328125 0.6808890625 0.7917765625000001
0 0.6986328125 0.7945859375000001 0.701946875 0.7929921875 0.6977515624999999 0.7907578125 0.695675 0.7920015625 0.696321875 0.7931109375000001 0.6986328125 0.7945859375000001
0 0.643065625 0.7940734375 0.64480625 0.794934375 0.6469984375 0.79333125 0.6440140624999999 0.7913765625 0.643065625 0.7940734375
0 0.7153671875 0.7847109375 0.7131265625000001 0.78673125 0.7112484375 0.79001875 0.7137296875 0.791396875 0.7200171875 0.7869921875 0.7176781250000001 0.7850515625 0.7153671875 0.7847109375
0 0.7365734374999999 0.7935828125 0.7377875 0.7911140624999999 0.7364984375 0.7889015625 0.7331218749999999 0.786478125 0.7291562500000001 0.7872343749999999 0.7282421875 0.7887 0.7301562500000001 0.7904625000000001 0.7340390625000001 0.79263125 0.7365734374999999 0.7935828125
0 0.7497890625 0.782478125 0.7482375 0.7837546875 0.7484515625 0.7864093750000001 0.7504984375 0.7870640625 0.7538921875 0.7843171875 0.7519828125 0.7824203125 0.7497890625 0.782478125
0 0.7764656249999999 0.78915625 0.770090625 0.7858921875 0.7673359375000001 0.785871875 0.765825 0.7870703125 0.768178125 0.788921875 0.769496875 0.7892187500000001 0.7769765625 0.7903234375 0.7764656249999999 0.78915625
0 0.8057109375 0.786728125 0.807678125 0.7847500000000001 0.8068937500000001 0.7822921875 0.8036546875000001 0.7814265625 0.8013625 0.7827124999999999 0.800640625 0.7842374999999999 0.8019359375 0.7853171875 0.8040609375000001 0.78688125 0.8057109375 0.786728125
0 0.8691125 0.77805 0.869575 0.7790390625 0.8715546875 0.779821875 0.8731390625 0.7796359374999999 0.8734328124999999 0.7781046875000001 0.8704671875000001 0.7760984375 0.8691125 0.77805
0 1 0.750665625 0.9988078125 0.7531984375 0.988853125 0.76438125 0.9848156250000001 0.7666921875 0.9787343749999999 0.764521875 0.9739625000000001 0.7589750000000001 0.9654031249999999 0.75694375 0.9703375 0.7666999999999999 0.9855921875 0.7769765625 0.9926375000000001 0.773246875 1 0.771284375 1 0.750665625
0 0.9651671875 0.53673125 0.9615406249999999 0.538265625 0.9566859375 0.5433078124999999 0.9526656250000001 0.5493 0.9540390625 0.5495187500000001 0.9618609375 0.5495187500000001 0.96643125 0.5491937499999999 0.9724546875 0.5471812500000001 0.9771453125 0.544478125 0.9764734374999999 0.5420421875 0.9670890625 0.5424781249999999 0.9666953125 0.537821875 0.9651671875 0.53673125
0 0.9769796875000001 0.19131718749999999 0.980253125 0.19396249999999998 0.985959375 0.19535156250000002 0.9867156250000001 0.1938390625 0.9845 0.1912796875 0.9822046875 0.18657812499999998 0.9823625 0.1848078125 0.978640625 0.18483125 0.9757625000000001 0.1867234375 0.9769796875000001 0.19131718749999999
0 0.9082156250000001 0.17846718749999999 0.9145890624999999 0.17839531250000001 0.9146390625 0.17893281249999998 0.9143921875000001 0.1746375 0.9121343749999999 0.1715421875 0.9102546874999999 0.17448593750000002 0.9066578125 0.1783875 0.9082156250000001 0.17846718749999999
0 0.9639374999999999 0.087553125 0.9652593749999999 0.091159375 0.9679265625 0.0921890625 0.9725984375 0.0913734375 0.9775499999999999 0.088940625 0.97828125 0.0865140625 0.9738374999999999 0.0850578125 0.9716703125 0.08473906249999999 0.9680046875 0.08281875 0.9648187500000001 0.08501718750000001 0.9639374999999999 0.087553125
0 1 0.0863328125 0.9976359374999999 0.0849484375 0.9920515625 0.08461250000000001 0.9901890625 0.08430156250000001 0.9888421875000001 0.08451875 0.9854453124999999 0.087825 0.986621875 0.088121875 0.9946015625 0.089353125 1 0.089365625 1 0.0863328125
0 0.9313218750000001 0.084828125 0.9234359375000001 0.0849359375 0.9355015625 0.0858078125 0.941734375 0.08627343750000001 0.9531140625000001 0.087390625 0.9608515625 0.085753125 0.956784375 0.08383906249999999 0.9516890625000001 0.0806703125 0.9481015625 0.08265 0.9432812500000001 0.0850859375 0.9313218750000001 0.084828125
0 0.8756421874999999 0 0.8727406249999999 0.0012765625 0.8758484375 0.00385625 0.87573125 0.0056109375000000005 0.8726140625 0.0091828125 0.8743984375 0.013484375000000002 0.8734718750000001 0.015457812500000001 0.876034375 0.018917187499999998 0.8824062500000001 0.022421875 0.889596875 0.0241890625 0.8916328124999999 0.027090625 0.8964734375000001 0.0307421875 0.9019140625000001 0.0310234375 0.9103984374999999 0.02406875 0.9170890625 0.024671875 0.9186390624999999 0.024996874999999998 0.9249078125000001 0.024517187500000003 0.9272859375 0.0194453125 0.93764375 0.0119984375 0.9349328124999999 0.008529687499999999 0.9314328125 0.005806250000000001 0.928365625 0.0019921875 0.92385625 0 0.9232093750000001 0 0.8962234375 0 0.8878703124999999 0 0.8756421874999999 0
0 0.7856703125 0.1055265625 0.7844484375 0.11176562500000001 0.7874484374999999 0.11757187499999999 0.794528125 0.118296875 0.8008203125 0.11788281249999999 0.8064734375 0.1159109375 0.8101593749999999 0.11236093750000001 0.8133312500000001 0.10728125 0.8180953125 0.1063140625 0.8288375 0.105328125 0.829159375 0.1033984375 0.8245984375000001 0.09997500000000001 0.8191546875 0.09512343749999999 0.82309375 0.09504375000000001 0.826284375 0.09415781250000001 0.8250890625 0.0909890625 0.8234390625 0.08528593749999999 0.822259375 0.0827171875 0.8118984375 0.08140468749999999 0.8056546875 0.08644062500000001 0.803196875 0.086115625 0.8069593749999999 0.0817109375 0.8028390625 0.0819890625 0.78919375 0.081240625 0.7813 0.0811515625 0.7769546875 0.082903125 0.7777125 0.0805421875 0.7611328125 0.079984375 0.7585546875 0.079740625 0.7603265625 0.0819109375 0.76246875 0.08577343750000001 0.7654421874999999 0.0899140625 0.7698796875 0.08969218749999999 0.7751359375 0.08663125 0.7779874999999999 0.08863125 0.783203125 0.09085156250000001 0.7874953125 0.09340781249999999 0.7911718750000001 0.09719531249999999 0.7875515625 0.09642656250000001 0.7838859375 0.100259375 0.7856703125 0.1055265625
0 0.18348906250000002 0.8318578125 0.18546093749999998 0.8281656249999999 0.183634375 0.8272640625 0.1824296875 0.8273640625 0.18025156250000002 0.8290859375 0.176296875 0.8318796875000001 0.1798171875 0.8337234375 0.18348906250000002 0.8318578125
0 0.18475 0.059843749999999994 0.1790109375 0.059843749999999994 0.1787625 0.0620328125 0.180215625 0.0642109375 0.1842296875 0.0671921875 0.1883515625 0.067578125 0.19215312499999998 0.0689359375 0.1953484375 0.06880937499999999 0.1959296875 0.0658203125 0.1942796875 0.0609703125 0.1921796875 0.0602 0.18475 0.059843749999999994
0 0.1156765625 0.059078125 0.115740625 0.057043750000000004 0.084121875 0.05520625 0.0772546875 0.058121875 0.075103125 0.05983125 0.07590156249999999 0.0636921875 0.08005156249999999 0.0675328125 0.082846875 0.069846875 0.08938125 0.0725234375 0.09158125 0.0742359375 0.094403125 0.075571875 0.0978171875 0.0740453125 0.1008734375 0.069628125 0.106278125 0.067259375 0.1124296875 0.0623171875 0.1156765625 0.059078125
0 0.1301953125 0.05804843750000001 0.131359375 0.061495312499999996 0.1395078125 0.058018749999999994 0.1301953125 0.05804843750000001
0 0.1853828125 0.1329609375 0.1885765625 0.1331 0.19703593749999998 0.13519375 0.1997953125 0.1368390625 0.20235781249999998 0.1407 0.20061718750000002 0.11966718750000001 0.195871875 0.119596875 0.1918375 0.122221875 0.18704218749999998 0.124796875 0.1830265625 0.12693749999999998 0.1783890625 0.127740625 0.17509999999999998 0.126578125 0.173471875 0.127059375 0.17141718749999998 0.1302078125 0.17134218750000002 0.132109375 0.178859375 0.136509375 0.180046875 0.13625625 0.18163125 0.13368750000000001 0.1853828125 0.1329609375
0 0.161609375 0.148996875 0.1628125 0.15167031250000002 0.1665125 0.15537499999999999 0.1735921875 0.160625 0.1742 0.1619125 0.16899375 0.16121093749999998 0.1671734375 0.164240625 0.1646546875 0.16938906250000002 0.1572046875 0.174075 0.1566875 0.176609375 0.166253125 0.1832390625 0.1742453125 0.18557812499999998 0.1806890625 0.183309375 0.18815781250000002 0.1844296875 0.2042046875 0.187346875 0.2022703125 0.1432296875 0.20122656249999998 0.1440390625 0.19876093749999998 0.14458437500000001 0.1941 0.147396875 0.18988906249999998 0.150575 0.18620781250000001 0.1506078125 0.1824 0.14963437500000001 0.17827656249999999 0.1472734375 0.17357499999999998 0.1451 0.17081875 0.14333125 0.1671734375 0.1419453125 0.16525625 0.1436890625 0.16310156250000002 0.14553125 0.161609375 0.148996875
0 0.30457812500000003 0.1437671875 0.30186250000000003 0.1424796875 0.2963328125 0.1417890625 0.290565625 0.141128125 0.28847812500000003 0.138959375 0.2831953125 0.1346578125 0.27641875 0.13818906250000002 0.270075 0.144953125 0.2596453125 0.1501015625 0.256046875 0.15152812499999999 0.2496203125 0.15754375 0.2509671875 0.15888125 0.2556953125 0.1607734375 0.2605875 0.1607984375 0.2657109375 0.158384375 0.2701203125 0.1553484375 0.26886875 0.1552796875 0.26765 0.15187656249999998 0.26750625 0.14866875 0.2703609375 0.14607187500000002 0.277946875 0.1468375 0.28401875 0.1487703125 0.2853796875 0.1533453125 0.2864234375 0.156159375 0.29148125 0.15405312499999999 0.299140625 0.1520234375 0.3020734375 0.149759375 0.304634375 0.1465265625 0.30457812500000003 0.1437671875
0 0.2061734375 0.20717500000000003 0.2065390625 0.20381875 0.2042 0.20305468750000003 0.19905937499999998 0.20305468750000003 0.1935859375 0.2034125 0.1906875 0.206065625 0.18584218749999998 0.20900625 0.18329062499999998 0.21330468749999998 0.184096875 0.2177890625 0.1865296875 0.22287812499999998 0.1902421875 0.2256328125 0.19716406250000001 0.22603125 0.2059875 0.22317031250000002 0.2061734375 0.20717500000000003
0 0.22690625 0 0.22881718750000002 0.0047953125 0.23284218750000002 0.00736875 0.23645468749999998 0.007325 0.2466640625 0.0038265624999999997 0.2523515625 0.0094734375 0.2532984375 0.009659375000000001 0.256425 0.0089375 0.2602671875 0.011834375 0.263328125 0.0143328125 0.266871875 0.01433125 0.27054374999999997 0.0122921875 0.275934375 0.01051875 0.286709375 0.003515625 0.2935734375 0.00333125 0.29694375 0.0001609375 0.2982328125 0 0.274115625 0 0.24717187499999999 0 0.24119375 0 0.237128125 0 0.22690625 0