0 0.801090625 0.4928078125 0.7915015624999999 0.48660781249999996 0.78670625 0.4822671875 0.7840609374999999 0.47805 0.7802578125 0.475446875 0.7781078124999999 0.5194687499999999 0.7767859374999999 0.524678125 0.7761250000000001 0.5651046875 0.7782734375 0.568453125 0.7840609374999999 0.5693203125 0.796296875 0.5685765625 0.79761875 0.5656 0.7966265625 0.5566718749999999 0.7984453125 0.555059375 0.8113421875 0.55555625 0.82886875 0.553075 0.8306875 0.5514640625 0.8310187499999999 0.54923125 0.8148140625 0.53360625 0.829365625 0.5217015625 0.829365625 0.5172375 0.8222546875000001 0.5111609374999999 0.81431875 0.5091765625 0.807209375 0.5060765625 0.814153125 0.501859375 0.8144843749999999 0.498140625 0.8077046875 0.49454374999999995 0.801090625 0.4928078125
0 0.8025796875 0.3131203125 0.8095234375 0.308159375 0.8125 0.30394375 0.8207671875000001 0.2982390625 0.8197749999999999 0.29451875 0.79613125 0.277034375 0.7928234375 0.2775296875 0.790675 0.2806296875 0.788359375 0.31634375000000003 0.79034375 0.33395312499999996 0.7958000000000001 0.33358125 0.8062171875 0.3294890625 0.8045640625000001 0.3282484375 0.8029093749999999 0.3227921875 0.8042328124999999 0.3170890625 0.8025796875 0.3131203125
0 0.8167984374999999 0.35305 0.8068781250000001 0.3421375 0.80489375 0.337425 0.8000984375 0.3345734375 0.790509375 0.33506874999999997 0.7880296875 0.337425 0.7840609374999999 0.420015625 0.785384375 0.42274375 0.7958000000000001 0.4310515625 0.8009265624999999 0.43365625 0.8022484375 0.427703125 0.80853125 0.423734375 0.8095234375 0.4157984375 0.8278765625 0.404265625 0.8306875 0.40067031249999996 0.8300265625 0.3959578125 0.82374375 0.3880203125 0.8220906250000001 0.38380468749999996 0.82374375 0.3805796875 0.8283734375 0.3763640625 0.8316796875 0.36817968749999996 0.8249015625 0.3611109375 0.8169640625 0.3611109375 0.8138234375 0.3594984375 0.81283125 0.35701875 0.8167984374999999 0.35305
0 0.7855484374999999 0.637896875 0.7782734375 0.637896875 0.7748015625 0.639509375 0.7685187499999999 0.6486859375 0.7678578125 0.6514140625 0.7695109375 0.6583578125 0.7728171875000001 0.6630703125 0.781415625 0.670759375 0.790840625 0.6770828125 0.792659375 0.6772078125000001 0.8060515625000001 0.676090625 0.8075390625000001 0.6719984375 0.8105156250000001 0.6702625 0.8105156250000001 0.6660468749999999 0.8080359375 0.66319375 0.8020828124999999 0.6619546875 0.7982796875 0.659846875 0.7979499999999999 0.6588546875 0.8025796875 0.6541421875 0.8029093749999999 0.6509171874999999 0.80125625 0.64918125 0.7855484374999999 0.637896875
0 0.786540625 0.623759375 0.7873671875 0.6223953125 0.7873671875 0.61793125 0.7837296874999999 0.61173125 0.78306875 0.6080109375 0.7795296875 0.6069703125 0.7751328125 0.6072671875 0.771825 0.612971875 0.77215625 0.6236359375 0.7748015625 0.62735625 0.786540625 0.623759375
0 0.7696765625 0.75545625 0.7671953125 0.7583078125 0.7638890625 0.77889375 0.7645500000000001 0.800471875 0.750703125 0.8052343750000001 0.7416015625 0.816090625 0.763228125 0.8084078124999999 0.7635578125 0.81634375 0.7652109375 0.8203125 0.7800921875 0.8329609375 0.78306875 0.831721875 0.785053125 0.8275046875 0.7919968749999999 0.8205609375 0.7964609375 0.8174609374999999 0.8019187499999999 0.8156000000000001 0.80125625 0.8123765625000001 0.799271875 0.8101437499999999 0.795634375 0.7922859375 0.792659375 0.7880703125 0.80125625 0.78038125 0.8022484375 0.7766609375 0.7936515625 0.7712046875 0.7805890625 0.7604171875 0.7696765625 0.75545625
0 0.7645500000000001 0.8974453125 0.7620703125 0.8955859374999999 0.7587625 0.894840625 0.7523140625 0.8986859375 0.7506609375 0.901909375 0.7513234375 0.9043906249999999 0.755953125 0.91009375 0.7602515624999999 0.9192703124999999 0.764384375 0.9221234375 0.7685187499999999 0.9224953125 0.7701718750000001 0.9222468750000001 0.7714953125 0.9190234374999999 0.7714953125 0.9088546875000001 0.7645500000000001 0.8974453125
0 0.7014437499999999 0.8240718749999999 0.7037656250000001 0.8240203125000001 0.70326875 0.8217234375 0.6999015625 0.818659375 0.6969937500000001 0.8208 0.7014437499999999 0.8240718749999999
0 0.5777421875 0.81198125 0.58109375 0.813709375 0.5846328125 0.8125109374999999 0.5802906250000001 0.8080296875 0.5739515625 0.8084734375 0.5777421875 0.81198125
0 0.38877812500000003 0.7913765625 0.38523125 0.792825 0.38688125 0.7951890625 0.39019375 0.797634375 0.3938890625 0.7989109375 0.395675 0.79740625 0.3935359375 0.79368125 0.3897859375 0.7917984375 0.38877812500000003 0.7913765625
0 0.31911093749999997 0.7917765625000001 0.3213546875 0.7918328125 0.321315625 0.7897140625 0.32016093749999996 0.7878640625 0.3166546875 0.7897265625000001 0.31911093749999997 0.7917765625000001
0 0.3013671875 0.7945859375000001 0.303678125 0.7931109375000001 0.304325 0.7920015625 0.30224843749999997 0.7907578125 0.298053125 0.7929921875 0.3013671875 0.7945859375000001
0 0.35598593749999996 0.7913765625 0.3530015625 0.79333125 0.35519375000000003 0.794934375 0.35693437499999997 0.7940734375 0.35598593749999996 0.7913765625
0 0.2868734375 0.78673125 0.2846328125 0.7847109375 0.282321875 0.7850515625 0.2799828125 0.7869921875 0.2862703125 0.791396875 0.2887515625 0.79001875 0.2868734375 0.78673125
0 0.26687812499999997 0.786478125 0.2635015625 0.7889015625 0.2622125 0.7911140624999999 0.26342656249999996 0.7935828125 0.2659609375 0.79263125 0.26984375 0.7904625000000001 0.27175781250000003 0.7887 0.27084375 0.7872343749999999 0.26687812499999997 0.786478125
0 0.2517625 0.7837546875 0.2502109375 0.782478125 0.24801718749999999 0.7824203125 0.24610781249999997 0.7843171875 0.24950156250000002 0.7870640625 0.2515484375 0.7864093750000001 0.2517625 0.7837546875
0 0.2326640625 0.785871875 0.229909375 0.7858921875 0.223534375 0.78915625 0.22302343750000003 0.7903234375 0.23050312499999998 0.7892187500000001 0.231821875 0.788921875 0.23417500000000002 0.7870703125 0.2326640625 0.785871875
0 0.1963453125 0.7814265625 0.19310624999999998 0.7822921875 0.192321875 0.7847500000000001 0.1942890625 0.786728125 0.19593906249999998 0.78688125 0.1980640625 0.7853171875 0.199359375 0.7842374999999999 0.1986375 0.7827124999999999 0.1963453125 0.7814265625
0 0.13042499999999999 0.7790390625 0.1308875 0.77805 0.12953281249999998 0.7760984375 0.1265671875 0.7781046875000001 0.1268609375 0.7796359374999999 0.1284453125 0.779821875 0.13042499999999999 0.7790390625
0 0 0.771284375 0.007362499999999999 0.773246875 0.0144078125 0.7769765625 0.0296625 0.7666999999999999 0.034596875 0.75694375 0.0260375 0.7589750000000001 0.021265625 0.764521875 0.015184375 0.7666921875 0.011146875 0.76438125 0.0011921875 0.7531984375 0 0.750665625 0 0.771284375
0 0.027545312500000002 0.5471812500000001 0.03356875 0.5491937499999999 0.0381390625 0.5495187500000001 0.0459609375 0.5495187500000001 0.047334375 0.5493 0.0433140625 0.5433078124999999 0.038459375000000004 0.538265625 0.0348328125 0.53673125 0.0333046875 0.537821875 0.0329109375 0.5424781249999999 0.0235265625 0.5420421875 0.022854687500000002 0.544478125 0.027545312500000002 0.5471812500000001
0 0.0155 0.1912796875 0.013284375000000001 0.1938390625 0.014040625000000001 0.19535156250000002 0.019746875 0.19396249999999998 0.0230203125 0.19131718749999999 0.024237500000000002 0.1867234375 0.021359375 0.18483125 0.0176375 0.1848078125 0.0177953125 0.18657812499999998 0.0155 0.1912796875
0 0.0853609375 0.17893281249999998 0.08541093749999999 0.17839531250000001 0.091784375 0.17846718749999999 0.09334218749999999 0.1783875 0.0897453125 0.17448593750000002 0.087865625 0.1715421875 0.0856078125 0.1746375 0.0853609375 0.17893281249999998
0 0.021718750000000002 0.0865140625 0.02245 0.088940625 0.027401562499999997 0.0913734375 0.0320734375 0.0921890625 0.034740625000000004 0.091159375 0.0360625 0.087553125 0.03518125 0.08501718750000001 0.0319953125 0.08281875 0.0283296875 0.08473906249999999 0.026162499999999998 0.0850578125 0.021718750000000002 0.0865140625
0 0 0.089365625 0.0053984375000000005 0.089353125 0.013378125 0.088121875 0.0145546875 0.087825 0.0111578125 0.08451875 0.0098109375 0.08430156250000001 0.007948437499999999 0.08461250000000001 0.0023640625 0.0849484375 0 0.0863328125 0 0.089365625
0 0.0391484375 0.085753125 0.0468859375 0.087390625 0.058265625 0.08627343750000001 0.0644984375 0.0858078125 0.0765640625 0.0849359375 0.068678125 0.084828125 0.05671875 0.0850859375 0.051898437500000005 0.08265 0.0483109375 0.0806703125 0.043215625 0.08383906249999999 0.0391484375 0.085753125
0 0.07614375 0 0.071634375 0.0019921875 0.0685671875 0.005806250000000001 0.0650671875 0.008529687499999999 0.06235625 0.0119984375 0.0727140625 0.0194453125 0.07509218749999999 0.024517187500000003 0.0813609375 0.024996874999999998 0.0829109375 0.024671875 0.0896015625 0.02406875 0.0980859375 0.0310234375 0.1035265625 0.0307421875 0.1083671875 0.027090625 0.110403125 0.0241890625 0.11759375000000001 0.022421875 0.123965625 0.018917187499999998 0.126528125 0.015457812500000001 0.1256015625 0.013484375000000002 0.1273859375 0.0091828125 0.12426875 0.0056109375000000005 0.12415156249999999 0.00385625 0.127259375 0.0012765625 0.1243578125 0 0.1121296875 0 0.1037765625 0 0.076790625 0 0.07614375 0
0 0.216796875 0.09085156250000001 0.2220125 0.08863125 0.22486406250000002 0.08663125 0.23012031249999998 0.08969218749999999 0.2345578125 0.0899140625 0.23753125000000003 0.08577343750000001 0.23967343749999998 0.0819109375 0.2414453125 0.079740625 0.2388671875 0.079984375 0.22228750000000003 0.0805421875 0.22304531249999998 0.082903125 0.21869999999999998 0.0811515625 0.21080625 0.081240625 0.19716093750000002 0.0819890625 0.19304062500000002 0.0817109375 0.196803125 0.086115625 0.1943453125 0.08644062500000001 0.1881015625 0.08140468749999999 0.177740625 0.0827171875 0.1765609375 0.08528593749999999 0.1749109375 0.0909890625 0.17371562499999998 0.09415781250000001 0.17690625 0.09504375000000001 0.1808453125 0.09512343749999999 0.1754015625 0.09997500000000001 0.170840625 0.1033984375 0.1711625 0.105328125 0.1819046875 0.1063140625 0.18666875 0.10728125 0.189840625 0.11236093750000001 0.1935265625 0.1159109375 0.19917968749999998 0.11788281249999999 0.20547187500000003 0.118296875 0.21255156249999999 0.11757187499999999 0.21555156250000002 0.11176562500000001 0.21432968749999998 0.1055265625 0.21611406249999998 0.100259375 0.21244843750000003 0.09642656250000001 0.208828125 0.09719531249999999 0.21250468749999998 0.09340781249999999 0.216796875 0.09085156250000001
0 0.8163656250000001 0.8272640625 0.8145390625 0.8281656249999999 0.8165109375 0.8318578125 0.8201828125 0.8337234375 0.823703125 0.8318796875000001 0.8197484375 0.8290859375 0.8175703125 0.8273640625 0.8163656250000001 0.8272640625
0 0.8078468750000001 0.0689359375 0.8116484375 0.067578125 0.8157703125 0.0671921875 0.819784375 0.0642109375 0.8212375 0.0620328125 0.8209890625 0.059843749999999994 0.81525 0.059843749999999994 0.8078203125 0.0602 0.8057203124999999 0.0609703125 0.8040703125 0.0658203125 0.8046515624999999 0.06880937499999999 0.8078468750000001 0.0689359375
0 0.905596875 0.075571875 0.90841875 0.0742359375 0.91061875 0.0725234375 0.9171531249999999 0.069846875 0.9199484375000001 0.0675328125 0.9240984375 0.0636921875 0.924896875 0.05983125 0.9227453125 0.058121875 0.9158781250000001 0.05520625 0.8842593750000001 0.057043750000000004 0.8843234375 0.059078125 0.8875703125 0.0623171875 0.893721875 0.067259375 0.8991265625 0.069628125 0.9021828125000001 0.0740453125 0.905596875 0.075571875
0 0.8686406249999999 0.061495312499999996 0.8698046875 0.05804843750000001 0.8604921875 0.058018749999999994 0.8686406249999999 0.061495312499999996
0 0.8285828125 0.1302078125 0.826528125 0.127059375 0.8249000000000001 0.126578125 0.8216109375 0.127740625 0.8169734375000001 0.12693749999999998 0.8129578125 0.124796875 0.8081625000000001 0.122221875 0.8041281250000001 0.119596875 0.7993828125 0.11966718750000001 0.7976421874999999 0.1407 0.8002046875 0.1368390625 0.8029640625000001 0.13519375 0.8114234375 0.1331 0.8146171875 0.1329609375 0.81836875 0.13368750000000001 0.819953125 0.13625625 0.821140625 0.136509375 0.8286578125 0.132109375 0.8285828125 0.1302078125
0 0.8264250000000001 0.1451 0.8217234375 0.1472734375 0.8176 0.14963437500000001 0.8137921875 0.1506078125 0.8101109375 0.150575 0.8059 0.147396875 0.8012390625 0.14458437500000001 0.7987734375 0.1440390625 0.7977296875000001 0.1432296875 0.7957953125 0.187346875 0.8118421874999999 0.1844296875 0.8193109375000001 0.183309375 0.8257546874999999 0.18557812499999998 0.8337468749999999 0.1832390625 0.8433125 0.176609375 0.8427953125000001 0.174075 0.8353453125 0.16938906250000002 0.8328265625 0.164240625 0.8310062500000001 0.16121093749999998 0.8257999999999999 0.1619125 0.8264078125 0.160625 0.8334875 0.15537499999999999 0.8371875 0.15167031250000002 0.8383906250000001 0.148996875 0.8368984375 0.14553125 0.83474375 0.1436890625 0.8328265625 0.1419453125 0.8291812500000001 0.14333125 0.8264250000000001 0.1451
0 0.7135765625 0.156159375 0.7146203125 0.1533453125 0.71598125 0.1487703125 0.722053125 0.1468375 0.7296390625 0.14607187500000002 0.7324937499999999 0.14866875 0.7323500000000001 0.15187656249999998 0.73113125 0.1552796875 0.7298796875 0.1553484375 0.7342890625 0.158384375 0.7394125 0.1607984375 0.7443046875 0.1607734375 0.7490328125 0.15888125 0.7503796875 0.15754375 0.743953125 0.15152812499999999 0.7403546875 0.1501015625 0.7299249999999999 0.144953125 0.72358125 0.13818906250000002 0.7168046875 0.1346578125 0.7115218750000001 0.138959375 0.7094343750000001 0.141128125 0.7036671875 0.1417890625 0.6981375 0.1424796875 0.695421875 0.1437671875 0.695365625 0.1465265625 0.6979265625 0.149759375 0.7008593750000001 0.1520234375 0.70851875 0.15405312499999999 0.7135765625 0.156159375
0 0.815903125 0.2177890625 0.816709375 0.21330468749999998 0.8141578125000001 0.20900625 0.8093125000000001 0.206065625 0.8064140625 0.2034125 0.800940625 0.20305468750000003 0.7958000000000001 0.20305468750000003 0.7934609375 0.20381875 0.7938265624999999 0.20717500000000003 0.7940125 0.22317031250000002 0.8028359375 0.22603125 0.8097578125 0.2256328125 0.8134703125 0.22287812499999998 0.815903125 0.2177890625
0 0.7017671875 0 0.70305625 0.0001609375 0.7064265625 0.00333125 0.713290625 0.003515625 0.7240656249999999 0.01051875 0.7294562499999999 0.0122921875 0.733128125 0.01433125 0.7366718750000001 0.0143328125 0.7397328125 0.011834375 0.743575 0.0089375 0.7467015625 0.009659375000000001 0.7476484375 0.0094734375 0.7533359374999999 0.0038265624999999997 0.7635453125 0.007325 0.7671578125 0.00736875 0.7711828125 0.0047953125 0.7730937499999999 0 0.762871875 0 0.75880625 0 0.752828125 0 0.7258843749999999 0 0.7017671875 0