0 0.32175937499999996 0.6447171875000001 0.3192796875 0.6411203125 0.309028125 0.644840625 0.2987765625 0.6510421875 0.291996875 0.65711875 0.277778125 0.666790625 0.2800921875 0.672246875 0.286375 0.6786953125 0.2873671875 0.6814234375 0.2824078125 0.6958078125 0.2804234375 0.7057296875 0.281084375 0.7126734375 0.2834 0.717634375 0.2989421875 0.73350625 0.3009265625 0.739459375 0.303571875 0.7402031250000001 0.3131609375 0.733259375 0.31746093750000004 0.7285468749999999 0.3244046875 0.7243296875 0.32705 0.71168125 0.32886875 0.709821875 0.33349843749999997 0.7140375 0.3401125 0.7165171875 0.3424265625 0.716021875 0.343915625 0.7141609375 0.336309375 0.7059765625 0.327546875 0.7021328125 0.325396875 0.6997765625000001 0.32374375 0.65860625 0.32175937499999996 0.6447171875000001
0 0.33101875000000003 0.8461062500000001 0.3316796875 0.8391609375 0.339946875 0.8282484374999999 0.3389546875 0.823784375 0.334821875 0.8209328125 0.3295296875 0.8199406249999999 0.3249015625 0.821925 0.3161375 0.83445 0.3154765625 0.8453625 0.31746093750000004 0.848834375 0.31944374999999997 0.8498265625 0.3292 0.8484624999999999 0.33101875000000003 0.8461062500000001
0 0.28323437500000004 0.516865625 0.2805890625 0.5178578125 0.2713296875 0.518353125 0.268684375 0.5193453124999999 0.2652109375 0.5254218749999999 0.269840625 0.5296375 0.270503125 0.5350937499999999 0.27199062500000004 0.53670625 0.288690625 0.537575 0.2928234375 0.5369546875 0.31283125 0.5217015625 0.3148140625 0.5157484375 0.3191140625 0.5102921874999999 0.32889843750000003 0.49888125 0.31349218749999996 0.49442031249999996 0.3101859375 0.4904515625 0.3037375 0.48710312499999997 0.297784375 0.48859062499999995 0.27711562500000003 0.5021078125 0.277446875 0.506571875 0.28538437499999997 0.513765625 0.285053125 0.51475625 0.28323437500000004 0.516865625
0 0.3120046875 0.44965312500000004 0.308696875 0.45039687500000003 0.30522499999999997 0.454240625 0.30026406250000004 0.45696875 0.29761875 0.462178125 0.29761875 0.46515312499999995 0.2991078125 0.466765625 0.3080359375 0.467509375 0.314153125 0.46961875 0.31580625 0.45473749999999996 0.3139875 0.44692499999999996 0.3120046875 0.44965312500000004
0 0.26223593749999996 0.29055 0.2615734375 0.2942703125 0.27116406249999997 0.301959375 0.270503125 0.306175 0.2670296875 0.308284375 0.2617390625 0.3080359375 0.2504953125 0.3107640625 0.24603125 0.3138640625 0.23908749999999998 0.321553125 0.23908749999999998 0.3255203125 0.24603125 0.3322171875 0.2511578125 0.335565625 0.2584328125 0.337796875 0.2609125 0.3411453125 0.25628281249999996 0.344865625 0.24636249999999998 0.3580109375 0.2397484375 0.3647078125 0.241071875 0.36817968749999996 0.2653765625 0.372271875 0.27199062500000004 0.3727671875 0.27728125000000003 0.37003906249999996 0.28224218749999996 0.371528125 0.2843921875 0.3756203125 0.2820765625 0.3857890625 0.28306875 0.3907484375 0.28621093750000004 0.3923609375 0.29249375 0.39161718749999996 0.299603125 0.3922375 0.3077046875 0.39136875 0.3101859375 0.3885171875 0.30919375 0.348834375 0.30753906249999996 0.3416421875 0.30853125000000003 0.333209375 0.3058859375 0.3255203125 0.3058859375 0.29402343750000004 0.3042328125 0.290303125 0.3045640625 0.27442968749999996 0.30340625 0.2708328125 0.297453125 0.271578125 0.2782734375 0.2864578125 0.2670296875 0.287203125 0.26223593749999996 0.29055
0 0.27794375 0.0513390625 0.27215625 0.0551828125 0.270171875 0.058903125 0.269840625 0.0631203125 0.26488125 0.066840625 0.258928125 0.07576875 0.2546296875 0.078496875 0.255290625 0.08271406249999999 0.2599203125 0.087178125 0.2599203125 0.0931296875 0.257771875 0.09449375 0.246528125 0.092509375 0.242559375 0.0932546875 0.24007968750000003 0.09536249999999999 0.23545 0.1052828125 0.2357796875 0.1072671875 0.2384265625 0.10999531250000001 0.23908749999999998 0.11396406249999999 0.2457015625 0.12239531249999999 0.24867656249999998 0.12934062500000001 0.2457015625 0.131325 0.24239375000000002 0.137525 0.2417328125 0.14149375 0.237434375 0.149678125 0.237434375 0.15389375 0.25925937499999996 0.168278125 0.2638890625 0.17423125 0.2675265625 0.1767109375 0.26818749999999997 0.18067968750000002 0.266534375 0.1834078125 0.266865625 0.1881203125 0.2764546875 0.1923359375 0.277446875 0.1982890625 0.2789359375 0.196925 0.2825734375 0.1966765625 0.28554843750000003 0.1932046875 0.29431250000000003 0.1881203125 0.2982796875 0.1821671875 0.2989421875 0.1782 0.2986109375 0.16331875 0.2972890625 0.15711875 0.2989421875 0.14496562500000001 0.2966265625 0.126115625 0.2969578125 0.104290625 0.2933203125 0.055928124999999995 0.2921625 0.0540671875 0.27794375 0.0513390625
0 0.273478125 0.035590625 0.275628125 0.03745 0.2880296875 0.0440234375 0.293453125 0.0364890625 0.292659375 0.0259171875 0.291996875 0.0209578125 0.29348593749999996 0.0183328125 0.2916671875 0.01178125 0.292328125 0.0001234375 0.25181875 0 0.26124375 0.0055796875000000004 0.2658734375 0.0135171875 0.2738875 0.021403125000000002 0.2815671875 0.01285625 0.2842671875 0.0156671875 0.2732703125 0.026976562500000002 0.273478125 0.035590625
0 0.9784218750000001 0.7199187499999999 0.9837046875000001 0.7140828124999999 0.9788359375000001 0.7112546875 0.9733656249999999 0.7165703125 0.9732828124999999 0.71979375 0.9784218750000001 0.7199187499999999
0 0.9258593749999999 0.7155343750000001 0.925146875 0.7178718749999999 0.9281375000000001 0.7183734375 0.930671875 0.7178359375000001 0.9327515625 0.715065625 0.9288000000000001 0.7131546875 0.9258593749999999 0.7155343750000001
0 0.9545703124999999 0.719678125 0.9511312500000001 0.7184328125 0.9506796874999999 0.7220156249999999 0.953409375 0.7237312499999999 0.955415625 0.723065625 0.9570343749999999 0.7218375 0.9565640625 0.720528125 0.9545703124999999 0.719678125
0 0.8205390625 0.7211531250000001 0.8225093749999999 0.7225125 0.8250453125 0.7225125 0.8275453125000001 0.721478125 0.8309078124999999 0.7191578125 0.8331265625000001 0.7166203125 0.834096875 0.71579375 0.83039375 0.7131828125 0.8272640625 0.715196875 0.8245531250000001 0.7173890625 0.8205390625 0.7211531250000001
0 0.87491875 0.7179375 0.874640625 0.718940625 0.876225 0.7200890625 0.8780015625 0.719671875 0.8796578125 0.717134375 0.8770578125 0.7156640624999999 0.87491875 0.7179375
0 0.57329375 0.724984375 0.5730171875 0.7233953125 0.5681171875000001 0.7225390625 0.5629046875 0.7263390625 0.565409375 0.7285890625 0.5681890625 0.7278828125000001 0.57329375 0.724984375
0 0.4565328125 0.7303734375000001 0.4589078125 0.732446875 0.46401562500000004 0.7294859375 0.45994531250000004 0.7267375 0.4565328125 0.7303734375000001
0 0.408475 0.73301875 0.411046875 0.729659375 0.40821562499999997 0.7277890625000001 0.40491093749999996 0.7314125 0.403334375 0.7343421875 0.408475 0.73301875
0 0.2534734375 0.7399671875 0.258146875 0.7336406249999999 0.25518125 0.7308203125 0.24894375000000002 0.7358265625 0.2470046875 0.7384015625 0.2534734375 0.7399671875