0 0.544146875 0.49379999999999996 0.5391859375 0.4915671875 0.5334 0.4926828125 0.5307546875 0.4993796875 0.5343921875000001 0.5038437499999999 0.534721875 0.506325 0.5325734375 0.5079359375 0.523809375 0.5097968749999999 0.5254624999999999 0.514509375 0.5391859375 0.5265375 0.55555625 0.531621875 0.5692796875 0.5282734375 0.582340625 0.5217015625 0.5796953125 0.5177328125 0.5834984375000001 0.5138890625 0.5912703125000001 0.5097968749999999 0.5932546875 0.5060765625 0.5858140625 0.49503906249999996 0.5785390625 0.493303125 0.5692796875 0.4928078125 0.5593578124999999 0.4975203125 0.5543984375 0.498759375 0.553240625 0.49665156250000003 0.5491078125 0.4942953125 0.544146875 0.49379999999999996
0 0.4712296875 0.3984375 0.47635625 0.3963296875 0.4788359375 0.39347656249999996 0.4791671875 0.3805796875 0.464615625 0.369915625 0.45915937500000004 0.3645828125 0.45519218749999996 0.3625984375 0.44923906249999995 0.3623515625 0.44146875 0.3669390625 0.44047656249999995 0.37264375 0.44675937499999996 0.37785156249999996 0.45105781250000004 0.3843 0.45568749999999997 0.38826875 0.4664359375 0.396825 0.4712296875 0.3984375
0 0.5062015625 0.36856093749999996 0.5181875 0.3587546875 0.521990625 0.3578875 0.5244703125 0.355778125 0.5291 0.34288124999999997 0.5327375 0.3384171875 0.5324078125 0.333209375 0.5307546875 0.329984375 0.5282734375 0.3278765625 0.52364375 0.326884375 0.5117390625 0.3313484375 0.50760625 0.33445 0.505953125 0.338665625 0.5049609375 0.3520578125 0.5062828125000001 0.35701875 0.5062015625 0.36856093749999996
0 0.4790015625 0.5272812499999999 0.4839609375 0.5295140625 0.49702343750000005 0.532365625 0.49966875 0.5306296875000001 0.5013234375 0.5264140625 0.5019843749999999 0.51326875 0.4973546875 0.5026046875 0.4942125 0.501240625 0.4895828125 0.5009921875 0.4841265625 0.504340625 0.4828046875 0.5068203125 0.4770171875 0.5111609374999999 0.46974218749999996 0.5126484375 0.4679234375 0.5140125 0.47354531250000004 0.5189734374999999 0.47585937500000003 0.52418125 0.4790015625 0.5272812499999999
0 0.48693749999999997 0.6212796875000001 0.4809859375 0.6158234375 0.47569375 0.615575 0.474703125 0.616815625 0.470734375 0.6173109375 0.467096875 0.619046875 0.4626328125 0.6236359375 0.46362500000000006 0.630084375 0.45965625 0.6350453125 0.4603171875 0.6367812500000001 0.470403125 0.6388890625 0.4753640625 0.6428578125 0.48627656249999995 0.647321875 0.4920640625 0.6474453125 0.49553593749999997 0.643353125 0.5067796875 0.6431046874999999 0.518021875 0.6349203125 0.5262890625 0.634671875 0.5291 0.63206875 0.5291 0.6271078125 0.527115625 0.623884375 0.5117390625 0.61011875 0.507440625 0.609375 0.4991734375 0.6138390625000001 0.49669375000000004 0.6157 0.49470937499999995 0.620659375 0.492228125 0.622271875 0.48693749999999997 0.6212796875000001
0 0.505290625 0.549975 0.5079359375 0.551215625 0.5120703125 0.5505953124999999 0.516203125 0.5455109375 0.5142203125 0.5415421874999999 0.5145500000000001 0.537821875 0.5181875 0.5345984374999999 0.5211640625 0.5296375 0.5193453124999999 0.5280265625 0.518021875 0.527778125 0.5107468749999999 0.5329859375 0.5028109374999999 0.5364578125 0.4993390625 0.5407984375 0.5 0.5440234375 0.5036375 0.546503125 0.505290625 0.549975
0 0.4150125 0.6588546875 0.4166671875 0.65538125 0.41600468749999997 0.6533984375 0.4130296875 0.6514140625 0.4123671875 0.6432296875 0.40658125 0.6426093749999999 0.3953375 0.6436015625 0.38773124999999997 0.6463296875 0.3869046875 0.6479421875 0.390121875 0.648721875 0.39815625 0.6563265625 0.40249375 0.6601109375 0.4084 0.6635671875 0.4150125 0.6588546875
0 0.4762328125 0.8759453125000001 0.47505312499999997 0.8787968749999999 0.48020625 0.8823265625 0.48630625 0.8810625 0.4866 0.87615625 0.47860781250000006 0.8747234374999999 0.4762328125 0.8759453125000001
0 0.48623593749999994 0.502125 0.488315625 0.4964453125 0.48278437500000004 0.4970203125 0.47395 0.498665625 0.4655890625 0.5020328125 0.46191875 0.5099140625 0.47438125 0.50749375 0.48623593749999994 0.502125
0 0.45030000000000003 0.2369015625 0.45159374999999996 0.2412578125 0.45938437499999996 0.246884375 0.470575 0.24722499999999997 0.46780625000000003 0.2426796875 0.4530421875 0.2318953125 0.45030000000000003 0.2369015625
0 0.37487499999999996 0.21258593750000002 0.3825921875 0.2091296875 0.3676140625 0.1992390625 0.36464375000000004 0.200721875 0.3639890625 0.205671875 0.37487499999999996 0.21258593750000002
0 0.380853125 0.23015 0.3758890625 0.2264265625 0.3709234375 0.23286875 0.37116875 0.2278171875 0.3707453125 0.23258125000000002 0.3640640625 0.22926875 0.360740625 0.2301125 0.3574671875 0.2333046875 0.3623953125 0.23968281249999998 0.36550937499999997 0.24456406249999998 0.3713890625 0.24711875 0.3800515625 0.24820000000000003 0.389096875 0.24698437499999998 0.3909078125 0.24005312499999998 0.3816609375 0.23745937499999997 0.3820265625 0.2362703125 0.3865859375 0.232765625 0.380853125 0.23015
0 0.66226875 0.22286875 0.65749375 0.2244328125 0.6578421875 0.2289265625 0.665784375 0.2215609375 0.66226875 0.22286875
0 0.5128484375 0.18911875 0.5129328125 0.17665312500000002 0.5103140625 0.17388125000000001 0.50154375 0.1661703125 0.496365625 0.1628859375 0.4876390625 0.161178125 0.4839125 0.16227031249999999 0.47877656249999995 0.1680921875 0.47557031250000004 0.1755796875 0.477234375 0.182828125 0.4819359375 0.18849218750000002 0.48439375 0.19237500000000002 0.49234375 0.198496875 0.4946671875 0.2002796875 0.501271875 0.20861718749999997 0.513446875 0.21438281250000002 0.5128484375 0.18911875