0 0.5692796875 0.5071921875000001 0.5785390625 0.506696875 0.5858140625 0.5049609375 0.5932546875 0.4939234375 0.5912703125000001 0.490203125 0.5834984375000001 0.4861109375 0.5796953125 0.4822671875 0.582340625 0.4782984375 0.5692796875 0.47172656249999995 0.55555625 0.468378125 0.5391859375 0.4734625 0.5254624999999999 0.485490625 0.523809375 0.490203125 0.5325734375 0.4920640625 0.534721875 0.493675 0.5343921875000001 0.49615625 0.5307546875 0.5006203124999999 0.5334 0.5073171875 0.5391859375 0.5084328124999999 0.544146875 0.5062 0.5491078125 0.5057046875 0.553240625 0.5033484374999999 0.5543984375 0.501240625 0.5593578124999999 0.5024796874999999 0.5692796875 0.5071921875000001
0 0.44047656249999995 0.62735625 0.44146875 0.6330609375 0.44923906249999995 0.6376484375 0.45519218749999996 0.6374015625 0.45915937500000004 0.6354171875 0.464615625 0.630084375 0.4791671875 0.6194203125 0.4788359375 0.6065234375 0.47635625 0.6036703125 0.4712296875 0.6015625 0.4664359375 0.603175 0.45568749999999997 0.61173125 0.45105781250000004 0.6157 0.44675937499999996 0.6221484375 0.44047656249999995 0.62735625
0 0.5117390625 0.6686515625 0.52364375 0.673115625 0.5282734375 0.6721234375 0.5307546875 0.670015625 0.5324078125 0.666790625 0.5327375 0.6615828125000001 0.5291 0.65711875 0.5244703125 0.644221875 0.521990625 0.6421125 0.5181875 0.6412453124999999 0.5062015625 0.6314390624999999 0.5062828125000001 0.64298125 0.5049609375 0.6479421875 0.505953125 0.661334375 0.50760625 0.66555 0.5117390625 0.6686515625
0 0.4770171875 0.48883906250000003 0.4828046875 0.49317968749999996 0.4841265625 0.49565937499999996 0.4895828125 0.49900781250000004 0.4942125 0.498759375 0.4973546875 0.4973953125 0.5019843749999999 0.48673124999999995 0.5013234375 0.47358593750000005 0.49966875 0.4693703125 0.49702343750000005 0.467634375 0.4839609375 0.4704859375 0.4790015625 0.47271875 0.47585937500000003 0.47581875 0.47354531250000004 0.48102656250000003 0.4679234375 0.48598749999999996 0.46974218749999996 0.48735156249999995 0.4770171875 0.48883906250000003
0 0.507440625 0.390625 0.5117390625 0.38988125 0.527115625 0.376115625 0.5291 0.3728921875 0.5291 0.36793125 0.5262890625 0.365328125 0.518021875 0.3650796875 0.5067796875 0.3568953125 0.49553593749999997 0.356646875 0.4920640625 0.35255468749999996 0.48627656249999995 0.352678125 0.4753640625 0.3571421875 0.470403125 0.3611109375 0.4603171875 0.36321875000000003 0.45965625 0.3649546875 0.46362500000000006 0.369915625 0.4626328125 0.3763640625 0.467096875 0.380953125 0.470734375 0.3826890625 0.474703125 0.383184375 0.47569375 0.384425 0.4809859375 0.3841765625 0.48693749999999997 0.3787203125 0.492228125 0.377728125 0.49470937499999995 0.379340625 0.49669375000000004 0.3843 0.4991734375 0.3861609375 0.507440625 0.390625
0 0.5107468749999999 0.4670140625 0.518021875 0.47222187499999996 0.5193453124999999 0.4719734375 0.5211640625 0.47036249999999996 0.5181875 0.46540156250000003 0.5145500000000001 0.462178125 0.5142203125 0.4584578125 0.516203125 0.4544890625 0.5120703125 0.44940468750000007 0.5079359375 0.44878437499999996 0.505290625 0.450025 0.5036375 0.453496875 0.5 0.45597656249999996 0.4993390625 0.4592015625 0.5028109374999999 0.4635421875 0.5107468749999999 0.4670140625
0 0.3869046875 0.3520578125 0.38773124999999997 0.3536703125 0.3953375 0.3563984375 0.40658125 0.35739062499999996 0.4123671875 0.3567703125 0.4130296875 0.3485859375 0.41600468749999997 0.34660156249999996 0.4166671875 0.34461875000000003 0.4150125 0.3411453125 0.4084 0.3364328125 0.40249375 0.3398890625 0.39815625 0.3436734375 0.390121875 0.351278125 0.3869046875 0.3520578125
0 0.47505312499999997 0.121203125 0.4762328125 0.1240546875 0.47860781250000006 0.12527656250000002 0.4866 0.12384375 0.48630625 0.1189375 0.48020625 0.1176734375 0.47505312499999997 0.121203125
0 0.48278437500000004 0.5029796875 0.488315625 0.5035546875 0.48623593749999994 0.49787499999999996 0.47438125 0.49250625000000003 0.46191875 0.49008593749999996 0.4655890625 0.4979671875 0.47395 0.501334375 0.48278437500000004 0.5029796875
0 0.45159374999999996 0.7587421875 0.45030000000000003 0.7630984375 0.4530421875 0.7681046874999999 0.46780625000000003 0.7573203125 0.470575 0.752775 0.45938437499999996 0.7531156250000001 0.45159374999999996 0.7587421875
0 0.37487499999999996 0.7874140625 0.3639890625 0.794328125 0.36464375000000004 0.7992781250000001 0.3676140625 0.8007609375 0.3825921875 0.7908703125 0.37487499999999996 0.7874140625
0 0.389096875 0.753015625 0.3800515625 0.7518 0.3713890625 0.75288125 0.36550937499999997 0.7554359374999999 0.3623953125 0.7603171875 0.3574671875 0.7666953125 0.360740625 0.7698875000000001 0.3640640625 0.77073125 0.3707453125 0.76741875 0.37116875 0.7721828125 0.3709234375 0.76713125 0.3758890625 0.7735734375 0.380853125 0.76985 0.3865859375 0.7672343749999999 0.3820265625 0.7637296874999999 0.3816609375 0.762540625 0.3909078125 0.759946875 0.389096875 0.753015625
0 0.665784375 0.7784390625000001 0.6578421875 0.7710734375 0.65749375 0.7755671875 0.66226875 0.7771312499999999 0.665784375 0.7784390625000001
0 0.48439375 0.807625 0.4819359375 0.8115078125 0.477234375 0.817171875 0.47557031250000004 0.8244203125 0.47877656249999995 0.8319078125000001 0.4839125 0.8377296875000001 0.4876390625 0.838821875 0.496365625 0.8371140625000001 0.50154375 0.8338296875 0.5103140625 0.82611875 0.5129328125 0.823346875 0.5128484375 0.8108812500000001 0.513446875 0.7856171875 0.501271875 0.7913828125 0.4946671875 0.7997203125000001 0.49234375 0.801503125 0.48439375 0.807625