0 0.25745625 0.737584375 0.2527296875 0.7341171875 0.2479953125 0.7370359375 0.2472484375 0.756875 0.2471359375 0.7823203125 0.26049687499999996 0.7859703125 0.27203125 0.7802703125 0.28199843750000003 0.762775 0.2863265625 0.7523609375 0.2837046875 0.7460218750000001 0.27673281250000004 0.7437171874999999 0.259425 0.7374343750000001 0.25745625 0.737584375
0 0.4464015625 0.8223218749999999 0.452559375 0.8207703125 0.465378125 0.8213078125 0.48297656250000004 0.818540625 0.4999703125 0.8111750000000001 0.5198359375 0.8161531249999999 0.527746875 0.8141875000000001 0.5391140625 0.791553125 0.53480625 0.7759640625 0.5309484375 0.7592171875 0.525 0.7413484375 0.52305 0.7303828125 0.5100078124999999 0.7334390625 0.49061093749999996 0.7413062499999999 0.479890625 0.7529140625 0.4705515625 0.7563421875 0.46273125000000004 0.7437921875 0.45493281249999995 0.7323500000000001 0.44783906250000005 0.73386875 0.4346859375 0.7262234375000001 0.4184046875 0.726753125 0.40819218749999997 0.7333796875 0.40571718749999997 0.7425203125000001 0.4001984375 0.7512890624999999 0.3888359375 0.7591203125 0.38522500000000004 0.7653484374999999 0.391475 0.770203125 0.4002875 0.772065625 0.4010625 0.783784375 0.40472343750000006 0.7926562500000001 0.40862187499999997 0.8028203125 0.41724218750000003 0.8112421875000001 0.4246765625 0.8201078125000001 0.4464015625 0.8223218749999999
0 0.6002296874999999 0.604184375 0.608690625 0.601128125 0.6214734375 0.5936546875000001 0.6201359375 0.590471875 0.5979453125 0.5950140625 0.5746734375 0.5997484375 0.5697171875 0.60875 0.572934375 0.6144875 0.5757140625 0.6197484375 0.5869078125 0.6242515625 0.5975078125 0.6187125 0.603021875 0.608375 0.6002296874999999 0.604184375
0 0.5786265625 0.588425 0.5944828125 0.5793890625 0.6010187499999999 0.5639390625 0.607553125 0.5512406249999999 0.6069953124999999 0.538053125 0.602265625 0.5325359375 0.595184375 0.530709375 0.5699828124999999 0.5286593749999999 0.55649375 0.5289890625 0.5655078125 0.5414140625 0.5540406250000001 0.5393421875 0.5516125 0.5431421875 0.5503921875 0.55664375 0.5567453125 0.57598125 0.5624828125 0.582265625 0.5786265625 0.588425
0 0.7346328125 0.6091546875 0.7381984375 0.6012890625 0.7503203125 0.597671875 0.767378125 0.5908 0.772428125 0.5855828125 0.764509375 0.5756546874999999 0.764728125 0.5690203125 0.7630125 0.562425 0.7443921875 0.5562890625 0.72850625 0.552075 0.7066250000000001 0.5568078125 0.699821875 0.55315 0.694690625 0.5503750000000001 0.6790671875000001 0.5416671875 0.6730921875 0.538359375 0.6612 0.5442546875 0.6543375 0.5563640624999999 0.642765625 0.556965625 0.6368953125 0.5589625 0.6357406250000001 0.575571875 0.6463703125 0.5912 0.6645359375 0.608565625 0.67326875 0.615290625 0.6995578124999999 0.6178046875 0.7173437500000001 0.6159421875 0.7313390625 0.6182578125 0.7346328125 0.6091546875
0 0.4947203125 0.503909375 0.49814218749999994 0.49848593750000003 0.49454374999999995 0.48875624999999995 0.49369375 0.496240625 0.49369375 0.49934687499999997 0.4947203125 0.503909375
0 0.707140625 0.3928046875 0.7034265625 0.4020921875 0.7153203125 0.3970734375 0.7315171874999999 0.3926234375 0.7359046874999999 0.390521875 0.7466609375 0.3824328125 0.749734375 0.378609375 0.749725 0.372153125 0.7471234375 0.3680921875 0.7389203125 0.3700453125 0.72196875 0.37243750000000003 0.7100390625 0.382625 0.707140625 0.3928046875
0 0.6546140625 0.39599531250000003 0.6475765625000001 0.3896609375 0.6409625 0.385390625 0.628221875 0.384096875 0.6210265625 0.38732968749999996 0.621196875 0.3980859375 0.6305125 0.41041718749999995 0.63695625 0.4238984375 0.6482484375 0.421321875 0.6578625 0.41186249999999996 0.6579078125 0.40511093750000005 0.6581046875000001 0.39599843749999997 0.6546140625 0.39599531250000003
0 0.609575 0.2986609375 0.6144375 0.3016171875 0.6209140625 0.3014015625 0.63105 0.295134375 0.6266828125 0.292884375 0.6239640625 0.2936578125 0.6114046875 0.2925 0.60870625 0.2925 0.609575 0.2986609375
0 0.7752796875 0.2731765625 0.7651828125 0.2694015625 0.7574421874999999 0.2664671875 0.75070625 0.26713906249999997 0.7426171874999999 0.2766171875 0.7439250000000001 0.280934375 0.753496875 0.287359375 0.7655531250000001 0.2963203125 0.770009375 0.2934203125 0.7740203125 0.28505625 0.778534375 0.2806375 0.7785421875 0.27447499999999997 0.7752796875 0.2731765625
0 0.695271875 0.30444218749999996 0.6993734375 0.30850625 0.7045109375 0.3054015625 0.6973671875 0.30198281250000003 0.695271875 0.30444218749999996
0 0.9395296875 0.314521875 0.9357125 0.3139328125 0.932940625 0.3149625 0.932571875 0.3201515625 0.933953125 0.3222921875 0.9437859375000001 0.31584375 0.9395296875 0.314521875