0 0.6331015625 0.765625 0.6235125 0.7671125 0.613590625 0.7708328125 0.606646875 0.7703375 0.600859375 0.772196875 0.6025125 0.8014640625 0.6058203125 0.8118796875 0.6107796875 0.816096875 0.6094578125 0.8297375 0.6119375 0.8333328124999999 0.6168984375 0.832340625 0.632771875 0.82415625 0.6440140624999999 0.8211812500000001 0.64864375 0.8201890625000001 0.6537703125000001 0.823040625 0.6519515625000001 0.8256453125000001 0.6380625 0.8333328124999999 0.6331015625 0.83755 0.6264875 0.8392859375 0.619709375 0.8436265625000001 0.6183859375 0.847346875 0.6243390625 0.8572671875 0.62681875 0.8591265625 0.634425 0.8616078125 0.6483140625 0.862846875 0.650959375 0.8638390625 0.6572421875 0.8690468750000001 0.6681546875000001 0.8747515625 0.6765875 0.8753718750000001 0.684028125 0.8745046875 0.6975859375 0.875 0.7199078125 0.8590031249999999 0.7412859375 0.8473359374999999 0.718915625 0.852803125 0.707340625 0.8396578124999999 0.7053578125 0.8354421875 0.7056875 0.8314734375 0.7017203125 0.8235359375 0.6924609375 0.8118796875 0.6851859375 0.797246875 0.678571875 0.7895578125 0.6749343750000001 0.779390625 0.66170625 0.769965625 0.6593921875000001 0.765253125 0.6590609374999999 0.7575640625 0.6593140625 0.7491953125 0.6331015625 0.765625
0 0.5889546875 0.19605625 0.58829375 0.1923359375 0.5930890625 0.1892359375 0.6385609375 0.19029218750000002 0.617109375 0.18705 0.5947421875 0.18402812500000001 0.580521875 0.18055625 0.5709921875 0.181234375 0.5557203125 0.1790671875 0.54613125 0.1775796875 0.53670625 0.1764640625 0.5303359375000001 0.1769296875 0.5438156249999999 0.180803125 0.5543984375 0.1875 0.558696875 0.1889875 0.5620046875 0.19246093749999998 0.569940625 0.1966765625 0.5752312500000001 0.1954359375 0.585978125 0.196553125 0.5889546875 0.19605625
0 0.3131609375 0.16059062500000001 0.31448437500000004 0.165303125 0.31216875 0.16951875 0.3139875 0.17088281249999998 0.31580625 0.16803125000000002 0.3186171875 0.1671625 0.3249015625 0.1686515625 0.3296953125 0.1724953125 0.3313484375 0.178446875 0.3353171875 0.18043125 0.3338296875 0.1827875 0.3210984375 0.1858875 0.318121875 0.191096875 0.299934375 0.2079609375 0.29389375 0.21459062499999998 0.2978984375 0.21654843750000002 0.30379375 0.21754531250000003 0.3068953125 0.22340468750000003 0.3149046875 0.2329546875 0.324153125 0.2174765625 0.342721875 0.1980234375 0.352778125 0.18994843749999998 0.35621718750000003 0.1885875 0.3610015625 0.18519687499999998 0.3789890625 0.17661875 0.3825125 0.17557499999999998 0.380290625 0.1685265625 0.3802 0.1588953125 0.37681875 0.15724218750000002 0.369503125 0.15611250000000002 0.3609453125 0.15426562500000002 0.35102500000000003 0.15128906250000002 0.3351515625 0.150296875 0.323575 0.14825625 0.3189484375 0.152034375 0.3138234375 0.1556296875 0.3131609375 0.16059062500000001
0 0.29348593749999996 0.25198437500000004 0.275296875 0.2604171875 0.271825 0.2630203125 0.271825 0.266740625 0.277446875 0.2672375 0.287203125 0.26463281250000004 0.2984453125 0.26364062499999996 0.307375 0.2611609375 0.3088625 0.259053125 0.3088625 0.24987656249999998 0.303075 0.25 0.29348593749999996 0.25198437500000004
0 0.255953125 0.305928125 0.255953125 0.3098953125 0.2476859375 0.3138640625 0.2490078125 0.3180796875 0.244046875 0.3218 0.242725 0.3255203125 0.24586562500000003 0.32738125 0.2514875 0.32713281250000004 0.26636875 0.3236609375 0.2766203125 0.3196921875 0.28158125 0.3204359375 0.2989421875 0.3322171875 0.3110125 0.3432546875 0.3206015625 0.3469734375 0.32473593749999996 0.34759375000000003 0.3296953125 0.34660156249999996 0.3321765625 0.3407734375 0.345403125 0.334821875 0.3556546875 0.33308593750000004 0.358134375 0.3294890625 0.3463953125 0.32415625000000003 0.334325 0.3126234375 0.3296953125 0.3064234375 0.3209328125 0.3000984375 0.307375 0.29290625000000003 0.30340625 0.2921625 0.29350312500000003 0.28369062500000003 0.272321875 0.2876984375 0.26296718750000003 0.28769374999999997 0.2619046875 0.297246875 0.2561171875 0.2991078125 0.251653125 0.301959375 0.255953125 0.305928125
0 0.4654328125 0.26816249999999997 0.46285156250000004 0.266515625 0.4607234375 0.2656984375 0.458034375 0.265765625 0.451828125 0.2686578125 0.4473484375 0.2730828125 0.44773593749999996 0.274971875 0.4610140625 0.2756984375 0.46490468749999997 0.2714328125 0.4654328125 0.26816249999999997
0 0.4250421875 0.27916875 0.43440312499999995 0.282915625 0.4412515625 0.27915 0.440175 0.2737953125 0.4408953125 0.27027812500000004 0.43311406249999995 0.2679328125 0.4270796875 0.2669640625 0.41338125000000003 0.2641375 0.41155937500000006 0.26684375 0.41886875 0.2758859375 0.4250421875 0.27916875
0 0.265178125 0.2048859375 0.266396875 0.2073953125 0.27362031249999996 0.2149078125 0.2717890625 0.2196234375 0.272953125 0.2241390625 0.27609062500000003 0.228840625 0.2789453125 0.23552499999999998 0.284421875 0.2392765625 0.29350624999999997 0.238959375 0.29674999999999996 0.233665625 0.293359375 0.2277703125 0.289196875 0.222825 0.2840671875 0.2152875 0.273921875 0.2086765625 0.2723796875 0.207865625 0.265178125 0.2048859375
0 0.2215125 0.1347703125 0.2096046875 0.13316406249999999 0.20937187499999999 0.13129375000000001 0.1907890625 0.1299171875 0.18946093749999998 0.1314875 0.2011515625 0.13295625 0.2103171875 0.1345484375 0.21855000000000002 0.13526093749999998 0.2215125 0.1347703125
0 0 0.1546890625 0.0094296875 0.151440625 0.0114828125 0.1489578125 0.009710937499999999 0.1486375 0.00325625 0.14912343749999998 0 0.151340625 0 0.1525578125 0 0.1546890625
0 0.19609375 0.8828125 0.19375 0.88671875 0.2015625 0.89140625 0.2125 0.88203125 0.19609375 0.8828125
0 0.24609375 0.8640625 0.2546875 0.86328125 0.2421875 0.85546875 0.24609375 0.8640625
0 0.0609375 0.79609375 0.06171875 0.8015625 0.06875 0.80078125 0.06796875 0.7953125 0.0609375 0.79609375
0 0.2609375 0.80078125 0.2796875 0.80078125 0.28046875 0.7953125 0.2609375 0.80078125