0 0.9976421875 0.870309375 0.9462187500000001 0.8630093750000001 0.9272546875 0.8661640625 0.8924296875 0.9056468750000001 0.9085765625000001 0.914259375 0.9720265625 0.8843484374999999 0.9976421875 0.870309375
0 0.1942453125 0.7322062500000001 0.22547343749999998 0.7681046874999999 0.2914375 0.7939234374999999 0.3375265625 0.8097296875 0.3915921875 0.7854234375 0.423434375 0.773434375 0.4535703125 0.7820843749999999 0.48464999999999997 0.7969609375 0.4957015625 0.7829859375 0.5026828125 0.7524 0.542378125 0.7265234375 0.60165 0.6942 0.5980531250000001 0.6656625 0.5522859375 0.661725 0.5123 0.6742125 0.5609734375000001 0.6301171875 0.522634375 0.6355953125 0.460675 0.64243125 0.45026406249999995 0.6383515625 0.4049625 0.577128125 0.36380625 0.5940000000000001 0.332340625 0.6171156250000001 0.30012343750000003 0.644634375 0.2890859375 0.6505203125000001 0.22841874999999998 0.636753125 0.1540265625 0.642475 0.14874375 0.665090625 0.172446875 0.712059375 0.1942453125 0.7322062500000001
0 0.24669687499999998 0.5008250000000001 0.24192968750000002 0.5184765625 0.2546671875 0.5228312500000001 0.2689796875 0.521159375 0.2935234375 0.5067203124999999 0.3159609375 0.4785609375 0.3162640625 0.462284375 0.3058078125 0.4634625 0.28631562499999996 0.48143437499999997 0.2674546875 0.4910734375 0.24669687499999998 0.5008250000000001
0 0.23562656249999997 0.5700125 0.2611640625 0.5740765624999999 0.277440625 0.5571312500000001 0.26769375 0.5372859375 0.25549374999999996 0.5343015624999999 0.2260875 0.5580671875000001 0.23562656249999997 0.5700125
0 0.2458890625 0.6396703125000001 0.2859140625 0.615221875 0.2715703125 0.5970953125 0.23845624999999998 0.5857359375 0.2092875 0.576978125 0.1774140625 0.6070015625 0.19205 0.6251234375 0.207996875 0.6411718750000001 0.2458890625 0.6396703125000001
0 0.167609375 0.8415515625 0.1416265625 0.831984375 0.120790625 0.8349828125000001 0.11335625 0.8485015625000001 0.133934375 0.8552203125 0.147290625 0.8558703124999999 0.165659375 0.8509968750000001 0.167609375 0.8415515625
0 0.314740625 0.85538125 0.3237109375 0.8580890625 0.334078125 0.8580890625 0.3432359375 0.850125 0.32573281249999997 0.83658125 0.31408749999999996 0.8472765624999999 0.314740625 0.85538125
0 0.09651875 0.6715187499999999 0.07021875 0.6649796875 0.045978124999999995 0.6699937499999999 0.046728124999999995 0.6790515625 0.06664687500000001 0.6902515625000001 0.08587343750000001 0.6925578125 0.1036484375 0.68256875 0.09651875 0.6715187499999999
0 0.0466625 0.20276875 0.052960937500000006 0.18696875 0.0432140625 0.1699171875 0.018818750000000002 0.164621875 0.0093125 0.1670390625 0.0010703125 0.18905624999999998 0.01568125 0.1977796875 0.032065625 0.20598125 0.0466625 0.20276875
0 0.5679359374999999 0.05998125 0.5560578125 0.0613859375 0.5438515625 0.08351875 0.55329375 0.09018437500000001 0.56240625 0.0911234375 0.575809375 0.08328125 0.579025 0.063546875 0.5679359374999999 0.05998125
0 0.46796875 0.846875 0.49296875 0.846875 0.49296875 0.8296875 0.46796875 0.8296875 0.46796875 0.846875
0 0.3109375 0.54921875 0.30859375 0.5609375 0.325 0.55703125 0.32265625 0.5484375 0.3109375 0.54921875
0 0.6 0.55703125 0.60234375 0.5671875 0.6234375 0.56015625 0.61796875 0.5515625 0.6078125 0.55234375 0.6 0.55703125
0 0.7078125 0.54609375 0.71171875 0.559375 0.725 0.55234375 0.71796875 0.5453125 0.7078125 0.54609375
0 0.6921875 0.71640625 0.68984375 0.7078125 0.6671875 0.70703125 0.65 0.71640625 0.65546875 0.728125 0.68203125 0.7265625 0.6921875 0.71640625