0 0.0023578124999999997 0.129690625 0.05378125 0.136990625 0.0727453125 0.1338359375 0.1075703125 0.09435312500000001 0.09142343750000001 0.085740625 0.027973437499999997 0.1156515625 0.0023578124999999997 0.129690625
0 0.6998765625 0.355365625 0.7109140625 0.3494796875 0.77158125 0.363246875 0.8459734375 0.357525 0.8512562499999999 0.334909375 0.827553125 0.287940625 0.8057546875 0.26779375 0.7745265625 0.2318953125 0.7085625 0.2060765625 0.6624734375 0.19027031249999998 0.6084078125 0.2145765625 0.576565625 0.22656562500000002 0.5464296875 0.217915625 0.51535 0.20303906249999998 0.5042984374999999 0.21701406250000002 0.49731718750000004 0.2476 0.45762187499999996 0.2734765625 0.39835 0.30579999999999996 0.401946875 0.3343375 0.44771406249999995 0.338275 0.48769999999999997 0.3257875 0.43902656249999994 0.3698828125 0.477365625 0.3644046875 0.539325 0.35756875 0.5497359375 0.36164843750000003 0.5950375 0.42287187499999995 0.63619375 0.40599999999999997 0.667659375 0.382884375 0.6998765625 0.355365625
0 0.7064765625 0.4932796875 0.6840390625 0.5214390625 0.6837359375000001 0.5377156249999999 0.6941921875 0.5365375 0.7136843749999999 0.518565625 0.7325453125 0.5089265625 0.753303125 0.499175 0.7580703125 0.48152343750000004 0.7453328124999999 0.47716875 0.7310203125 0.478840625 0.7064765625 0.4932796875
0 0.7643734375 0.4299875 0.7388359375 0.4259234375 0.722559375 0.44286875 0.7323062499999999 0.4627140625 0.7445062499999999 0.46569843750000006 0.7739125 0.4419328125 0.7643734375 0.4299875
0 0.7284296875 0.40290468749999997 0.76154375 0.41426406250000003 0.7907124999999999 0.423021875 0.8225859375000001 0.3929984375 0.80795 0.3748765625 0.792003125 0.358828125 0.7541109374999999 0.3603296875 0.7140859374999999 0.384778125 0.7284296875 0.40290468749999997
0 0.8583734375000001 0.168015625 0.879209375 0.1650171875 0.88664375 0.1514984375 0.8660656250000001 0.1447796875 0.8527093750000001 0.1441296875 0.834340625 0.149003125 0.832390625 0.15844843749999998 0.8583734375000001 0.168015625
0 0.685259375 0.14461875 0.6762890625 0.1419109375 0.665921875 0.1419109375 0.6567640625 0.149875 0.6742671875 0.16341875 0.6859124999999999 0.1527234375 0.685259375 0.14461875
0 0.9297812499999999 0.33502031250000003 0.9540218749999999 0.33000625 0.9532718750000001 0.3209484375 0.933353125 0.30974843750000003 0.9141265625000001 0.3074421875 0.8963515624999999 0.31743125 0.9034812499999999 0.32848125 0.9297812499999999 0.33502031250000003
0 0.9567859375 0.8300828125 0.98118125 0.8353781250000001 0.9906874999999999 0.8329609375 0.9989296875000001 0.8109437500000001 0.9843187500000001 0.8022203125 0.9679343749999999 0.79401875 0.9533375 0.7972312500000001 0.9470390625 0.8130312500000001 0.9567859375 0.8300828125
0 0.4439421875 0.9386140624999999 0.4561484375 0.91648125 0.44670624999999997 0.909815625 0.43759375 0.9088765625 0.42419062500000004 0.91671875 0.420975 0.9364531250000001 0.4320640625 0.9400187499999999 0.4439421875 0.9386140624999999
0 0.50703125 0.1703125 0.53203125 0.1703125 0.53203125 0.153125 0.50703125 0.153125 0.50703125 0.1703125
0 0.675 0.44296875 0.67734375 0.4515625 0.6890625 0.45078125 0.69140625 0.4390625 0.675 0.44296875
0 0.3921875 0.44765625 0.4 0.44296875 0.39765625 0.4328125 0.3765625 0.43984375 0.38203125 0.4484375 0.3921875 0.44765625
0 0.275 0.44765625 0.28203125 0.4546875 0.2921875 0.45390625 0.28828125 0.440625 0.275 0.44765625
0 0.3078125 0.28359375 0.31015625 0.2921875 0.3328125 0.29296875 0.35 0.28359375 0.34453125 0.271875 0.31796875 0.2734375 0.3078125 0.28359375