0 0.3148140625 0.6281 0.31960937500000003 0.6341765625 0.33151406250000004 0.6366562499999999 0.345403125 0.63368125 0.3485453125 0.6310765625 0.3495375 0.6194203125 0.33978125000000003 0.6116078125 0.33151406250000004 0.6071421875 0.323909375 0.601190625 0.322090625 0.6010671875 0.3189484375 0.6009421875000001 0.30621718750000004 0.6080109375 0.3042328125 0.61173125 0.3078703125 0.6191718749999999 0.314153125 0.6216515625000001 0.3148140625 0.6281
0 0.22503281249999998 0.5716765625 0.235284375 0.5734125 0.24090625000000002 0.5761406250000001 0.24537031250000002 0.5700640625 0.25429843750000003 0.564359375 0.25694374999999997 0.5532 0.255290625 0.5502234374999999 0.2508265625 0.5473703125 0.24586562500000003 0.5458828125 0.2304890625 0.5358390625 0.21875 0.53745 0.2129625 0.5410468749999999 0.2103171875 0.547246875 0.1977515625 0.560640625 0.1977515625 0.5646078125 0.193121875 0.5683281250000001 0.198909375 0.573909375 0.20287656250000002 0.5749015625 0.20585312500000003 0.5744046875000001 0.20932499999999998 0.5705609375 0.21478125 0.5674609375 0.2210640625 0.569196875 0.22503281249999998 0.5716765625
0 0.612103125 0.454984375 0.6096234375 0.455109375 0.608134375 0.45696875 0.6097890625 0.462425 0.6225203125000001 0.4744546875 0.6274796874999999 0.4744546875 0.6276453125 0.4641609375 0.619046875 0.45870468750000004 0.617228125 0.4563484375 0.612103125 0.454984375
0 0.6130953124999999 0.3156 0.612103125 0.3178328125 0.6130953124999999 0.319071875 0.6254953125 0.32886875 0.6274796874999999 0.3298609375 0.6311171875 0.329365625 0.63260625 0.327009375 0.632275 0.32105625 0.625165625 0.3157234375 0.617725 0.3131203125 0.615575 0.31349218749999996 0.6130953124999999 0.3156
0 0.6119375 0.6510421875 0.6134265625 0.6541421875 0.617228125 0.6557546875 0.621528125 0.6547625 0.6226859375 0.65315 0.6213625 0.63826875 0.6226859375 0.6350453125 0.6230156250000001 0.5995781250000001 0.6221890625000001 0.5967265625 0.617725 0.595609375 0.6149140625 0.5982140625000001 0.6063156249999999 0.5974703124999999 0.6025125 0.5990828125000001 0.6025125 0.6055312500000001 0.608465625 0.612971875 0.6094578125 0.615946875 0.5962296874999999 0.62735625 0.589615625 0.6360359375 0.5849875 0.6390125 0.58680625 0.640625 0.6018515625 0.6447171875000001 0.6038359375 0.647196875 0.5998671875 0.6509171874999999 0.603340625 0.6525296875000001 0.6063156249999999 0.65550625 0.6094578125 0.6546375 0.6119375 0.6510421875
0 0.606646875 0.84449375 0.6119375 0.8482140625 0.615409375 0.8448656250000001 0.6164015625 0.8413937499999999 0.6200390625 0.750371875 0.6200390625 0.7384671875000001 0.619046875 0.7344984375 0.61739375 0.733259375 0.617725 0.7290421874999999 0.6130953124999999 0.72730625 0.608465625 0.7295390625 0.608134375 0.731275 0.6056546875000001 0.733134375 0.5962296874999999 0.737475 0.5945765625 0.740946875 0.5803578125 0.751859375 0.57738125 0.7568203125 0.5803578125 0.7642609375 0.579365625 0.7684765625 0.575396875 0.770709375 0.567790625 0.780134375 0.5651453125 0.7870781250000001 0.55919375 0.787821875 0.5674609375 0.79923125 0.57010625 0.8084078124999999 0.5763890625 0.8193203125 0.5770500000000001 0.8240328124999999 0.5744046875000001 0.831721875 0.5851515625 0.8360609374999999 0.5911046875 0.8407734375 0.606646875 0.84449375
0 0.22503281249999998 0.9508921875 0.2306546875 0.9506453125000001 0.2357796875 0.948784375 0.23545 0.9450640625 0.229828125 0.941096875 0.23082031249999999 0.932415625 0.229496875 0.9296875 0.22503281249999998 0.9275796875 0.2197421875 0.928075 0.2106484375 0.9232390625000001 0.20386875 0.9233625 0.200065625 0.9252234375 0.20205 0.9334078124999999 0.19808125000000001 0.9366312499999999 0.1937828125 0.942584375 0.18700468750000002 0.9476687500000001 0.1832015625 0.948784375 0.181878125 0.9544890625000001 0.181878125 0.956721875 0.18700468750000002 0.9608140625000001 0.198246875 0.9662703125000001 0.2042 0.9677578125 0.20965625000000002 0.9658984374999999 0.21478125 0.9585812499999999 0.22056874999999998 0.9584578125000001 0.2218921875 0.9532484374999999 0.22503281249999998 0.9508921875
0 0.57015 0.82735625 0.56684375 0.8288515625 0.5671453125 0.832840625 0.57419375 0.8336484375 0.5737390625 0.8295484375 0.57015 0.82735625
0 0 0.6904234375 0.0037656250000000003 0.6968140625 0.010334375 0.690503125 0.010334375 0.684921875 0.0129515625 0.68093125 0.014410937500000002 0.67789375 0.0089953125 0.6697437500000001 0 0.672265625 0 0.6793640625 0 0.6904234375
0 0 0.1112265625 0.0060296875 0.11317031250000001 0.023195312500000002 0.1136546875 0.015234375 0.10028437500000001 0 0.09651875 0 0.1112265625
0 0.6333390624999999 0.2700890625 0.6322281249999999 0.26904374999999997 0.62663125 0.2779296875 0.6212203125 0.276359375 0.61860625 0.2772609375 0.6163671875000001 0.28488437499999997 0.6220734375 0.291740625 0.6288078125000001 0.2970609375 0.632715625 0.301421875 0.6333671875 0.2906734375 0.6337359375 0.285559375 0.634265625 0.2779953125 0.6333390624999999 0.2700890625
0 0.61994375 0.301028125 0.6202359375000001 0.2999078125 0.6138671875 0.29562499999999997 0.6068 0.2998375 0.6074437500000001 0.3031859375 0.617665625 0.3057953125 0.61858125 0.3055 0.61994375 0.301028125
0 0.5814812500000001 0.280496875 0.57368125 0.279703125 0.5716234375 0.28405 0.584165625 0.29243281250000003 0.5898 0.2960609375 0.5929859375000001 0.29666562500000004 0.596390625 0.294625 0.5952140625 0.291296875 0.59391875 0.2844 0.5938890625 0.2795796875 0.5814812500000001 0.280496875
0 0.566515625 0.305203125 0.568503125 0.30458124999999997 0.5723046875 0.3000375 0.572365625 0.296465625 0.5704765625 0.29474999999999996 0.560775 0.296328125 0.5616156250000001 0.3025765625 0.566515625 0.305203125
0 0.5464703125 0.2912234375 0.54660625 0.2794765625 0.538659375 0.274996875 0.5304265625 0.27218593750000003 0.526165625 0.2770625 0.530128125 0.2827390625 0.5359203124999999 0.2868125 0.5407046875 0.28821093750000004 0.5464703125 0.2912234375
0 0.496821875 0.28776718749999997 0.500440625 0.28819374999999997 0.4975390625 0.2831859375 0.4881390625 0.2764359375 0.48734687499999996 0.27592343750000003 0.486721875 0.2826359375 0.49037968750000005 0.286053125 0.496821875 0.28776718749999997
0 0.44746406250000004 0.28228749999999997 0.4468296875 0.277684375 0.44594374999999997 0.27377656250000004 0.438734375 0.2711 0.4349984375 0.27090468749999996 0.43466875 0.275703125 0.43963437499999997 0.2805390625 0.4450984375 0.2824328125 0.44746406250000004 0.28228749999999997
0 0.5756921875 0.23403593749999999 0.5737875 0.232225 0.56385 0.2266203125 0.5625312499999999 0.22634375 0.5622515625 0.232209375 0.5698125 0.2361453125 0.5733328125 0.23658125000000002 0.5756921875 0.23403593749999999
0 0.55723125 0.21247031249999998 0.5577687499999999 0.2078765625 0.5606187499999999 0.1998546875 0.56220625 0.19575625000000002 0.5537375 0.20299687500000002 0.5516609375 0.20901718749999998 0.5538984375 0.21329531249999997 0.556178125 0.21602812500000002 0.557484375 0.216890625 0.55723125 0.21247031249999998
0 0.6048828125 0.235284375 0.6088312499999999 0.236740625 0.610378125 0.23535 0.6134109375000001 0.23224375 0.6171140625 0.227390625 0.6180171875 0.21999531249999998 0.6154328125 0.22116406249999998 0.612965625 0.22290468749999998 0.605696875 0.23119062499999998 0.6048828125 0.235284375
0 0.5949093750000001 0.00720625 0.5889249999999999 0.00230625 0.5805234375 0 0.5804546875 0.000771875 0.5856125 0.0078734375 0.592084375 0.01095 0.59616875 0.01260625 0.5962734375000001 0.0094953125 0.595265625 0.0075796875 0.5949093750000001 0.00720625