0 0.25187499999999996 0.43297656250000005 0.2452265625 0.4286609375 0.22814375 0.4208953125 0.21504531249999997 0.42364687500000003 0.20201562499999998 0.42814218750000005 0.1769859375 0.43855781250000003 0.1849171875 0.4448015625 0.19961875 0.45215468750000004 0.22696718749999997 0.456940625 0.24630156250000002 0.4565125 0.25510625 0.4395953125 0.253528125 0.43630781250000006 0.25187499999999996 0.43297656250000005
0 0.3006703125 0.39394687500000003 0.2743421875 0.4039 0.2795359375 0.40927499999999994 0.308403125 0.41265937499999994 0.317909375 0.41265625000000006 0.32829375 0.3970625 0.326484375 0.394890625 0.3006703125 0.39394687500000003
0 0.5306796874999999 0.303853125 0.5351234375 0.3107796875 0.5362671875 0.3161796875 0.569009375 0.32440156249999996 0.5663671875 0.31309062499999996 0.5588968750000001 0.3084359375 0.5494515625 0.3064734375 0.53996875 0.3042234375 0.5306796874999999 0.303853125
0 0.6355953125 0.2853625 0.634040625 0.2801453125 0.6123078125 0.2784640625 0.6021625 0.27269062499999996 0.59583125 0.27462343749999996 0.5727578125 0.28718750000000004 0.5836828125 0.2895390625 0.6019 0.2948703125 0.6282875 0.2940390625 0.6355953125 0.2853625
0 0.61745625 0.27569374999999996 0.6317875 0.2729890625 0.6367234374999999 0.270584375 0.63899375 0.2673078125 0.6344859375 0.2584515625 0.6022234375 0.271353125 0.61745625 0.27569374999999996
0 0.65956875 0.3221328125 0.645553125 0.3127515625 0.6321203125 0.309190625 0.620396875 0.305184375 0.609025 0.3026375 0.59616875 0.306128125 0.5939453125 0.31230625 0.6073984375 0.32639999999999997 0.6354875 0.34109531249999997 0.6736875 0.3479546875 0.67034375 0.339303125 0.659584375 0.3231265625 0.65956875 0.3221328125
0 0.7361484375 0.3850078125 0.7225890625 0.3821921875 0.7144421875 0.3834625 0.6952109375 0.3850546875 0.692578125 0.391634375 0.7028015625 0.39939375 0.715346875 0.4037703125 0.7256890625 0.4043828125 0.74498125 0.4007890625 0.7420296875 0.3944078125 0.741359375 0.38763749999999997 0.7361484375 0.3850078125
0 0.759728125 0.4474796875 0.7563359375 0.45162812499999994 0.75715 0.45611875 0.772515625 0.46487656250000003 0.7761984375 0.464509375 0.7913265625 0.45723593749999997 0.7917171875 0.4517390625 0.7874921875 0.4505859375 0.76955625 0.448215625 0.759728125 0.4474796875
0 0.84509375 0.5288140625 0.8473921875 0.531640625 0.8720078125 0.54075625 0.878271875 0.5356984375 0.8788015625 0.530659375 0.875684375 0.527303125 0.86601875 0.5244796875 0.850203125 0.5240843749999999 0.84509375 0.5288140625
0 0.8112046875000001 0.2792203125 0.805928125 0.28224062499999997 0.8077125 0.287734375 0.8169906250000001 0.28863906250000004 0.822378125 0.287146875 0.8298249999999999 0.27995156250000003 0.8345578124999999 0.2719 0.8358859375 0.25269375 0.8270890625 0.2633203125 0.8202812500000001 0.2698828125 0.8112046875000001 0.2792203125
0 0.7146296875 0.2571953125 0.7149859375000001 0.267846875 0.7242968750000001 0.26756406250000003 0.7331296875 0.2574140625 0.7351296875 0.2512703125 0.73676875 0.22652187499999998 0.7330265625 0.2298 0.723403125 0.23715000000000003 0.7180187499999999 0.24520781249999998 0.7146296875 0.2571953125