0 0.23875625 0.3714421875 0.238840625 0.3914515625 0.2438515625 0.40659687499999997 0.26523906249999996 0.408903125 0.2784421875 0.39334531250000004 0.281184375 0.382378125 0.2908921875 0.3610796875 0.28930625 0.332271875 0.2849484375 0.3258625 0.2707046875 0.323115625 0.270109375 0.320671875 0.2452734375 0.3464296875 0.23875625 0.3714421875
0 0.38444375000000003 0.28876875 0.3762171875 0.2775765625 0.36398437499999997 0.26416249999999997 0.354090625 0.256171875 0.34486875 0.260153125 0.33804375000000003 0.2678828125 0.3340984375 0.2791234375 0.3339046875 0.3032609375 0.3409578125 0.3164328125 0.3476 0.32244375000000003 0.35383749999999997 0.3361125 0.3622796875 0.3503515625 0.37527656249999997 0.35423125 0.3834203125 0.3558671875 0.394278125 0.351328125 0.40709687499999997 0.338321875 0.403925 0.319146875 0.39299531249999997 0.30881875000000003 0.38444375000000003 0.28876875
0 0.40549999999999997 0.2330546875 0.39639375 0.2405671875 0.3894 0.2472359375 0.38516875 0.259346875 0.388125 0.2756484375 0.4 0.279203125 0.4096125 0.2645296875 0.41918437500000005 0.26002187499999996 0.4325453125 0.25225 0.43912031249999994 0.238625 0.4413078125 0.21063593749999998 0.43602968750000004 0.20248750000000001 0.423365625 0.20681875 0.40549999999999997 0.2330546875
0 0.50545625 0.2030421875 0.4925671875 0.2257078125 0.4781578125 0.23774375 0.47062187499999997 0.2453375 0.46778906249999996 0.2587328125 0.4706 0.2713578125 0.47748749999999995 0.2781984375 0.4842671875 0.27788124999999997 0.4980390625 0.279534375 0.5075515625 0.264415625 0.5119374999999999 0.2443265625 0.51071875 0.22334375 0.51105 0.2138390625 0.5081265625 0.2067390625 0.50545625 0.2030421875
0 0.46934531249999994 0.45327031250000005 0.47635468750000004 0.44636718750000004 0.4886796875 0.432921875 0.5021328125 0.42659531250000005 0.5124703125 0.4179453125 0.52344375 0.4031859375 0.5313171875 0.411271875 0.5567890625 0.42224218750000003 0.534225 0.3906375 0.5305625 0.373596875 0.5275359374999999 0.3531828125 0.5195015625 0.33652187499999997 0.5107109375000001 0.3199515625 0.510146875 0.3207109375 0.49902187500000006 0.335075 0.48354687500000004 0.3559671875 0.48002500000000003 0.354175 0.47364843749999996 0.3355890625 0.4744890625 0.3214390625 0.47812656249999996 0.3104015625 0.47741718750000006 0.3008921875 0.46059687499999996 0.293103125 0.43923281249999996 0.2683609375 0.4354796875 0.27409062500000003 0.427346875 0.2862953125 0.42317499999999997 0.300365625 0.42408124999999997 0.32317968750000003 0.4018296875 0.358303125 0.3921640625 0.37284843749999996 0.38923593749999996 0.3905921875 0.390496875 0.40890624999999997 0.40923125000000005 0.42297031250000006 0.42625 0.4155203125 0.43472968749999996 0.4153109375 0.4522234375 0.4441453125 0.46934531249999994 0.45327031250000005
0 0.8237515625 0.25798125 0.834075 0.265203125 0.8348218749999999 0.2599203125 0.83669375 0.2490609375 0.8474421875000001 0.251903125 0.8512546875 0.22799999999999998 0.8441906250000001 0.2096265625 0.8322546875000001 0.2099625 0.8326421875 0.2188859375 0.8342 0.2311671875 0.8240421874999999 0.22988593750000003 0.8131390625 0.2157359375 0.8043906249999999 0.21637499999999998 0.8032953125000001 0.22360000000000002 0.8062671874999999 0.23576875 0.8172875 0.2509671875 0.8237515625 0.25798125
0 0.4804609375 0.07066093749999999 0.4824859375 0.10169375 0.514384375 0.064153125 0.50785 0.063978125 0.5013156249999999 0.067971875 0.4804609375 0.07066093749999999
0 0.36842031249999996 0.0641640625 0.361884375 0.05545 0.3567765625 0.044978125 0.3511515625 0.0328625 0.34037812500000003 0.035267187500000005 0.338434375 0.0486421875 0.3495359375 0.059167187499999996 0.355340625 0.0723484375 0.363428125 0.08962187499999999 0.3756890625 0.0924859375 0.381228125 0.08404375 0.3751265625 0.074740625 0.36842031249999996 0.0641640625
0 0.32466249999999997 0 0.3163890625 0.014984375 0.32103125 0.023121875 0.32997031250000003 0.0138421875 0.3385046875 0 0.326553125 0 0.32466249999999997 0
0 0.1808359375 0.0483015625 0.1748234375 0.05530937500000001 0.1739515625 0.0631078125 0.1836203125 0.080778125 0.18799531249999998 0.0913625 0.2054890625 0.10663906249999999 0.21815156249999998 0.1062921875 0.22551875 0.101321875 0.21987968750000003 0.0921046875 0.21319062500000002 0.07904531249999999 0.203246875 0.0655359375 0.1865203125 0.04700625 0.1808359375 0.0483015625
0 0.24400312500000002 0.059653124999999994 0.2480453125 0.05645 0.25161406249999996 0.034725 0.2578953125 0.0098921875 0.2560515625 0.0046328125 0.24672343749999998 0.016329687500000002 0.23069531250000003 0.0443453125 0.23071875 0.0525671875 0.24400312500000002 0.059653124999999994
0 0.34176562499999996 0.09127031249999999 0.3268828125 0.12240312499999999 0.33269375 0.1300328125 0.3438171875 0.1179734375 0.34934375 0.1008234375 0.348034375 0.0884015625 0.343234375 0.0885875 0.34176562499999996 0.09127031249999999
0 0 0.43311093749999996 0.0072953125 0.4477953125 0.009315625 0.457490625 0.0213953125 0.456046875 0.021396875000000003 0.44541875 0.0176265625 0.437353125 0.009046875 0.42995312500000005 0.004103125 0.4228953125 0 0.4122875 0 0.42363125 0 0.43311093749999996
0 0.6648421875 0.8365140625 0.669625 0.8154265625000001 0.6648968749999999 0.8082546875000001 0.6569125 0.8051765625 0.6405671875000001 0.794746875 0.6308765625 0.7968515625 0.6251156250000001 0.8051546875 0.6181453125 0.8297234375 0.6214062499999999 0.84620625 0.635678125 0.8671640625 0.65231875 0.870603125 0.6695046875 0.8629484375 0.6716234375 0.8461531250000001 0.6648421875 0.8365140625
0 0.25134218750000004 0.7979984375 0.248203125 0.8006593750000001 0.2467140625 0.8037656249999999 0.25193906250000003 0.8074390625 0.2539359375 0.8057421874999999 0.2541859375 0.7997484375 0.25134218750000004 0.7979984375
0 0.646209375 0.743615625 0.6381625 0.730575 0.6339046875000001 0.7261984375 0.62910625 0.7252109375 0.6317703125 0.73265 0.6444765625 0.7479875 0.646209375 0.743615625
0 0.1693171875 0.037403124999999995 0.190625 0.01640625 0.19453125 0 0.1640625 0.00078125 0.1602171875 0.019921875 0.1693171875 0.037403124999999995