0 0.28930625 0.667728125 0.2908921875 0.6389203125 0.281184375 0.617621875 0.2784421875 0.6066546875000001 0.26523906249999996 0.5910968750000001 0.2438515625 0.593403125 0.238840625 0.6085484375 0.23875625 0.6285578125 0.2452734375 0.6535703125000001 0.270109375 0.679328125 0.2707046875 0.676884375 0.2849484375 0.6741375 0.28930625 0.667728125
0 0.3834203125 0.6441328125 0.37527656249999997 0.64576875 0.3622796875 0.6496484375 0.35383749999999997 0.6638875 0.3476 0.6775562500000001 0.3409578125 0.6835671875 0.3339046875 0.6967390625000001 0.3340984375 0.7208765625 0.33804375000000003 0.7321171875 0.34486875 0.739846875 0.354090625 0.7438281250000001 0.36398437499999997 0.7358374999999999 0.3762171875 0.7224234375 0.38444375000000003 0.71123125 0.39299531249999997 0.69118125 0.403925 0.680853125 0.40709687499999997 0.661678125 0.394278125 0.648671875 0.3834203125 0.6441328125
0 0.4325453125 0.74775 0.41918437500000005 0.739978125 0.4096125 0.7354703125000001 0.4 0.720796875 0.388125 0.7243515625 0.38516875 0.7406531249999999 0.3894 0.7527640625 0.39639375 0.7594328124999999 0.40549999999999997 0.7669453125000001 0.423365625 0.7931812500000001 0.43602968750000004 0.7975125000000001 0.4413078125 0.7893640625 0.43912031249999994 0.7613749999999999 0.4325453125 0.74775
0 0.5075515625 0.735584375 0.4980390625 0.720465625 0.4842671875 0.72211875 0.47748749999999995 0.7218015624999999 0.4706 0.7286421875 0.46778906249999996 0.7412671875 0.47062187499999997 0.7546625 0.4781578125 0.76225625 0.4925671875 0.7742921875000001 0.50545625 0.7969578125 0.5081265625 0.7932609375 0.51105 0.7861609374999999 0.51071875 0.77665625 0.5119374999999999 0.7556734374999999 0.5075515625 0.735584375
0 0.390496875 0.59109375 0.38923593749999996 0.6094078125 0.3921640625 0.6271515625 0.4018296875 0.6416968749999999 0.42408124999999997 0.6768203125000001 0.42317499999999997 0.699634375 0.427346875 0.7137046875 0.4354796875 0.725909375 0.43923281249999996 0.7316390625 0.46059687499999996 0.706896875 0.47741718750000006 0.6991078125 0.47812656249999996 0.6895984375 0.4744890625 0.6785609375 0.47364843749999996 0.6644109375 0.48002500000000003 0.645825 0.48354687500000004 0.6440328125 0.49902187500000006 0.664925 0.510146875 0.6792890625 0.5107109375000001 0.6800484375 0.5195015625 0.6634781249999999 0.5275359374999999 0.6468171875000001 0.5305625 0.6264031250000001 0.534225 0.6093625 0.5567890625 0.5777578125 0.5313171875 0.588728125 0.52344375 0.5968140625 0.5124703125 0.5820546875 0.5021328125 0.5734046875 0.4886796875 0.567078125 0.47635468750000004 0.5536328125 0.46934531249999994 0.5467296875 0.4522234375 0.5558546875 0.43472968749999996 0.5846890625000001 0.42625 0.5844796875 0.40923125000000005 0.5770296874999999 0.390496875 0.59109375
0 0.8131390625 0.7842640624999999 0.8240421874999999 0.7701140625 0.8342 0.7688328125 0.8326421875 0.7811140625 0.8322546875000001 0.7900375000000001 0.8441906250000001 0.7903734375 0.8512546875 0.772 0.8474421875000001 0.748096875 0.83669375 0.7509390625 0.8348218749999999 0.7400796875 0.834075 0.734796875 0.8237515625 0.74201875 0.8172875 0.7490328125 0.8062671874999999 0.76423125 0.8032953125000001 0.7764 0.8043906249999999 0.783625 0.8131390625 0.7842640624999999
0 0.4804609375 0.9293390625000001 0.5013156249999999 0.9320281250000001 0.50785 0.936021875 0.514384375 0.935846875 0.4824859375 0.8983062500000001 0.4804609375 0.9293390625000001
0 0.355340625 0.9276515625 0.3495359375 0.9408328125000001 0.338434375 0.9513578125000001 0.34037812500000003 0.9647328125 0.3511515625 0.9671375 0.3567765625 0.9550218750000001 0.361884375 0.9445499999999999 0.36842031249999996 0.9358359374999999 0.3751265625 0.9252593750000001 0.381228125 0.91595625 0.3756890625 0.9075140625 0.363428125 0.910378125 0.355340625 0.9276515625
0 0.3385046875 1 0.32997031250000003 0.9861578124999999 0.32103125 0.976878125 0.3163890625 0.985015625 0.32466249999999997 1 0.326553125 1 0.3385046875 1
0 0.22551875 0.898678125 0.21815156249999998 0.8937078125 0.2054890625 0.8933609375 0.18799531249999998 0.9086375 0.1836203125 0.9192218750000001 0.1739515625 0.9368921875 0.1748234375 0.944690625 0.1808359375 0.9516984374999999 0.1865203125 0.9529937500000001 0.203246875 0.9344640625 0.21319062500000002 0.9209546874999999 0.21987968750000003 0.9078953125 0.22551875 0.898678125
0 0.2578953125 0.9901078125 0.25161406249999996 0.9652749999999999 0.2480453125 0.9435499999999999 0.24400312500000002 0.940346875 0.23071875 0.9474328125 0.23069531250000003 0.9556546875 0.24672343749999998 0.9836703124999999 0.2560515625 0.9953671875 0.2578953125 0.9901078125
0 0.33269375 0.8699671875 0.3268828125 0.877596875 0.34176562499999996 0.9087296874999999 0.343234375 0.9114125 0.348034375 0.9115984375 0.34934375 0.8991765624999999 0.3438171875 0.8820265624999999 0.33269375 0.8699671875
0 0 0.5877125000000001 0.004103125 0.5771046875 0.009046875 0.570046875 0.0176265625 0.562646875 0.021396875000000003 0.55458125 0.0213953125 0.543953125 0.009315625 0.5425093750000001 0.0072953125 0.5522046875 0 0.5668890625 0 0.57636875 0 0.5877125000000001
0 0.6214062499999999 0.15379375 0.6181453125 0.1702765625 0.6251156250000001 0.19484531249999998 0.6308765625 0.20314843749999997 0.6405671875000001 0.20525312499999998 0.6569125 0.1948234375 0.6648968749999999 0.1917453125 0.669625 0.1845734375 0.6648421875 0.1634859375 0.6716234375 0.153846875 0.6695046875 0.1370515625 0.65231875 0.129396875 0.635678125 0.1328359375 0.6214062499999999 0.15379375
0 0.248203125 0.199340625 0.25134218750000004 0.2020015625 0.2541859375 0.2002515625 0.2539359375 0.19425781250000002 0.25193906250000003 0.1925609375 0.2467140625 0.19623437500000002 0.248203125 0.199340625
0 0.6381625 0.26942499999999997 0.646209375 0.256384375 0.6444765625 0.25201250000000003 0.6317703125 0.26735000000000003 0.62910625 0.2747890625 0.6339046875000001 0.2738015625 0.6381625 0.26942499999999997
0 0.1693171875 0.962596875 0.1602171875 0.980078125 0.1640625 0.99921875 0.19453125 1 0.190625 0.98359375 0.1693171875 0.962596875