0 0.97848125 0.6820968749999999 0.9638515625 0.7018953125 0.9671 0.7077171875 0.9755874999999999 0.726434375 1 0.7370671875 0.9937171875 0.6634421875000001 0.97848125 0.6820968749999999
0 0.6936796875 0.3673015625 0.6844375 0.3629984375 0.673821875 0.35888437500000003 0.6593765625 0.35609375 0.6390609375 0.3530671875 0.6325203125 0.35460625 0.6182390625 0.349896875 0.6094875 0.3501875 0.58949375 0.3558578125 0.5856609374999999 0.36225625 0.597040625 0.375878125 0.6065515625 0.378515625 0.6296296875 0.383459375 0.64089375 0.38482500000000003 0.6597593749999999 0.382578125 0.6750828125 0.376440625 0.6919531250000001 0.37074843749999997 0.6936796875 0.3673015625
0 0.6346015625 0.312759375 0.6187421875 0.30830625 0.608190625 0.3054703125 0.5898921875 0.30019375 0.5823390625 0.2974328125 0.5677140625 0.2955078125 0.5540734375 0.296271875 0.5402421875 0.30183593750000004 0.537284375 0.3070296875 0.5387796875 0.313075 0.5539484375 0.3158859375 0.5790328125 0.3251765625 0.5888796875 0.3298078125 0.5936328125 0.3308125 0.6068640624999999 0.32896562500000004 0.6343109375 0.3215734375 0.6346015625 0.312759375
0 0.49944531249999996 0.315778125 0.521425 0.30496093750000003 0.52966875 0.295315625 0.5332296875 0.283534375 0.5384140625 0.2773875 0.53600625 0.276190625 0.5061375 0.27120781250000003 0.486096875 0.2760234375 0.46955468749999996 0.28201718750000004 0.4574640625 0.28857499999999997 0.44660312500000005 0.2945453125 0.44020000000000004 0.305625 0.4408359375 0.3152703125 0.4551859375 0.324246875 0.47702656250000003 0.3276015625 0.484465625 0.327459375 0.49944531249999996 0.315778125
0 0.41706093749999995 0.24324531249999998 0.409259375 0.242225 0.3751015625 0.238459375 0.3527921875 0.2364640625 0.3336421875 0.23731249999999998 0.32475156250000003 0.24523125 0.34228593749999997 0.2615046875 0.3526203125 0.25966093749999997 0.37286874999999997 0.26268437499999997 0.382675 0.2618375 0.42063750000000005 0.25630000000000003 0.42756875 0.24855624999999998 0.41706093749999995 0.24324531249999998
0 0.3882359375 0.37148906249999997 0.3809921875 0.378109375 0.3735 0.38298437500000004 0.3667125 0.388190625 0.3653890625 0.3938921875 0.37157968750000003 0.402246875 0.3854375 0.4073546875 0.4136390625 0.420725 0.43396718749999996 0.42695 0.45660937500000004 0.44004374999999996 0.45431406250000006 0.45602187499999997 0.453521875 0.459359375 0.4717203125 0.45905312499999995 0.49976562500000005 0.4294203125 0.5190328125 0.4280609375 0.5358015625 0.4214421875 0.546353125 0.41458281250000006 0.5775 0.40287187500000005 0.584884375 0.40215625 0.4879640625 0.38363749999999996 0.49238593750000004 0.37484375000000003 0.521503125 0.371084375 0.5336515625 0.3808625 0.5545 0.37913125000000003 0.5616359375 0.3647625 0.5605640625 0.34851875 0.57674375 0.32869375 0.558696875 0.3309515625 0.55555625 0.3326953125 0.522134375 0.3292625 0.512871875 0.3369203125 0.5008203124999999 0.3369796875 0.47729218749999996 0.3344640625 0.431178125 0.32816093749999997 0.416546875 0.326990625 0.3991703125 0.3330453125 0.3883625 0.33758750000000004 0.3800984375 0.34155 0.3783109375 0.34843437499999996 0.380909375 0.35549375 0.3906640625 0.36131718749999997 0.394278125 0.3674703125 0.3882359375 0.37148906249999997
0 0.423309375 0.5020359375 0.4162328125 0.5053109375 0.424959375 0.50910625 0.43132187499999997 0.5052453125 0.423309375 0.5020359375
0 0.7517109375000001 0.108184375 0.7490515624999999 0.1252703125 0.75600625 0.1186078125 0.766653125 0.111075 0.772071875 0.113484375 0.7880078125 0.1200578125 0.78106875 0.11295625000000001 0.7839703124999999 0.10656718750000001 0.8012062500000001 0.1054765625 0.7941421875 0.1043140625 0.7857015625 0.10021875 0.777115625 0.09824374999999999 0.7800890625 0.09285 0.7741390625 0.090246875 0.75125 0.0859203125 0.7534234375 0.0840515625 0.7526765625 0.08151875 0.751284375 0.0810640625 0.7266734375 0.08008593750000001 0.707759375 0.0799015625 0.7227484375000001 0.08593125 0.717409375 0.0891421875 0.715609375 0.09287656250000001 0.709271875 0.102721875 0.70369375 0.11396406249999999 0.7159500000000001 0.112909375 0.73156875 0.1118078125 0.7483375 0.10865312499999999 0.7517109375000001 0.108184375
0 0.6866625 0.09385625 0.7014437499999999 0.09954531250000001 0.70885625 0.08955625 0.7057828125000001 0.088603125 0.6983374999999999 0.08770781250000001 0.6866625 0.09385625
0 0.663396875 0.1515765625 0.6385796874999999 0.1501359375 0.6207421875 0.15071874999999998 0.6389890625 0.1548015625 0.6652671875 0.15951875 0.6863828125 0.16352187499999998 0.6909609375 0.1578 0.686125 0.15270625 0.68531875 0.14881875 0.6762984375000001 0.14946874999999998 0.663396875 0.1515765625
0 0.625034375 0.1641 0.6133953125 0.169146875 0.6060828125 0.17604375 0.60658125 0.1849453125 0.6145328125 0.1923140625 0.6274265625 0.18575 0.64728125 0.17170625 0.6464375 0.16399375 0.6482328125000001 0.16205624999999999 0.6403203125 0.1616015625 0.625034375 0.1641
0 0.68474375 0.25001562499999996 0.6977421875 0.247853125 0.7001984375 0.24382968749999998 0.694075 0.239690625 0.6728875000000001 0.23769374999999998 0.65445625 0.238271875 0.6565531250000001 0.2439546875 0.6585453125 0.24427812499999998 0.6736203125 0.245509375 0.68474375 0.25001562499999996
0 0.761665625 0.23506718750000002 0.758675 0.23279531250000002 0.7540453125 0.23165156250000002 0.7485078125 0.23229687499999999 0.7368750000000001 0.24087031250000002 0.735090625 0.2450140625 0.7221062500000001 0.2540828125 0.7219765625 0.2594828125 0.7338171874999999 0.2619109375 0.7418078125 0.257696875 0.7451859375 0.251771875 0.7567640625000001 0.2421890625 0.761665625 0.23506718750000002
0 0.8593046875000001 0.14468125 0.8712 0.151821875 0.8833296875000001 0.1564140625 0.8995359374999999 0.1554375 0.9165093750000001 0.1511296875 0.9339562499999999 0.1463296875 0.938196875 0.1474 0.9449171875 0.1492 0.9548765625 0.1457421875 0.9632984375 0.1418953125 0.961678125 0.13416875 0.9524874999999999 0.13073125000000002 0.9452359375 0.12356249999999999 0.9324375 0.124940625 0.915809375 0.1278796875 0.8998484375 0.1378625 0.890115625 0.13820468749999998 0.87581875 0.14014374999999998 0.8593046875000001 0.14468125
0 0.8642687499999999 0.1764703125 0.8491578125 0.1803828125 0.843609375 0.185596875 0.8414890625 0.1895703125 0.8499281249999999 0.192325 0.8635828125 0.19224375 0.882715625 0.19077187499999998 0.8911140625 0.1868578125 0.8870812499999999 0.18068125 0.8780890625 0.1754453125 0.8781765625 0.1709171875 0.8642687499999999 0.1764703125
0 0.8925078125000001 0.20019375 0.876225 0.19885625 0.8625453125 0.19671875 0.8353953125 0.196865625 0.856640625 0.206634375 0.8844218749999999 0.21205781250000003 0.9107984374999999 0.2064140625 0.9110171875 0.20114843750000003 0.8925078125000001 0.20019375
0 0.85565 0.22877031250000002 0.8623828124999999 0.215721875 0.8572765625000001 0.2160984375 0.8504734375 0.21679374999999998 0.839596875 0.22377656250000003 0.8378656250000001 0.23029687499999998 0.843990625 0.2370328125 0.85565 0.22877031250000002
0 0.8184359375 0.2217046875 0.812628125 0.220003125 0.78193125 0.2175140625 0.7626484375 0.2143109375 0.7473390625 0.21680000000000002 0.7436953125 0.2133203125 0.731925 0.21095000000000003 0.735896875 0.21676406250000002 0.7471453125 0.22061875 0.78335 0.2237890625 0.8102390625 0.2283953125 0.8207203125 0.2235375 0.8184359375 0.2217046875
0 0.8283390624999999 0.30630625 0.79890625 0.323809375 0.8665453125000001 0.34154062500000004 0.8670890625000001 0.3411375 0.85669375 0.3321546875 0.8341578125 0.30857812500000004 0.8283390624999999 0.30630625
0 0.42998906249999996 0.017065625 0.42155 0.0168796875 0.407984375 0.020275 0.422878125 0.0211484375 0.43374687500000003 0.023239062499999998 0.4372328125 0.0190859375 0.42998906249999996 0.017065625
0 0.239659375 0.13340000000000002 0.23715000000000003 0.13534531249999998 0.24483125 0.1403859375 0.25251250000000003 0.1344953125 0.24443437499999998 0.1327609375 0.239659375 0.13340000000000002
0 0.200028125 0.1540265625 0.21084375 0.15504374999999998 0.21400156250000002 0.1463296875 0.21057968749999997 0.1469625 0.2041484375 0.1494234375 0.200028125 0.1540265625