0 0.9638515625 0.2981046875 0.97848125 0.317903125 0.9937171875 0.3365578125 1 0.2629328125 0.9755874999999999 0.273565625 0.9671 0.2922828125 0.9638515625 0.2981046875
0 0.6296296875 0.6165406250000001 0.6065515625 0.621484375 0.597040625 0.6241218749999999 0.5856609374999999 0.63774375 0.58949375 0.6441421875 0.6094875 0.6498125 0.6182390625 0.650103125 0.6325203125 0.64539375 0.6390609375 0.6469328125 0.6593765625 0.64390625 0.673821875 0.6411156250000001 0.6844375 0.6370015625 0.6936796875 0.6326984375 0.6919531250000001 0.6292515625 0.6750828125 0.6235593749999999 0.6597593749999999 0.617421875 0.64089375 0.615175 0.6296296875 0.6165406250000001
0 0.5790328125 0.6748234375 0.5539484375 0.6841140625000001 0.5387796875 0.686925 0.537284375 0.6929703125 0.5402421875 0.6981640625 0.5540734375 0.703728125 0.5677140625 0.7044921875 0.5823390625 0.7025671874999999 0.5898921875 0.69980625 0.608190625 0.6945296875 0.6187421875 0.69169375 0.6346015625 0.687240625 0.6343109375 0.6784265625 0.6068640624999999 0.671034375 0.5936328125 0.6691874999999999 0.5888796875 0.6701921875 0.5790328125 0.6748234375
0 0.44020000000000004 0.694375 0.44660312500000005 0.7054546875 0.4574640625 0.711425 0.46955468749999996 0.7179828125000001 0.486096875 0.7239765625000001 0.5061375 0.7287921875000001 0.53600625 0.723809375 0.5384140625 0.7226125 0.5332296875 0.716465625 0.52966875 0.704684375 0.521425 0.6950390625 0.49944531249999996 0.684221875 0.484465625 0.672540625 0.47702656250000003 0.6723984375 0.4551859375 0.6757531250000001 0.4408359375 0.6847296875 0.44020000000000004 0.694375
0 0.3526203125 0.7403390625 0.34228593749999997 0.7384953125 0.32475156250000003 0.75476875 0.3336421875 0.7626875 0.3527921875 0.7635359375 0.3751015625 0.7615406250000001 0.409259375 0.757775 0.41706093749999995 0.7567546875 0.42756875 0.75144375 0.42063750000000005 0.7437 0.382675 0.7381624999999999 0.37286874999999997 0.737315625 0.3526203125 0.7403390625
0 0.3800984375 0.65845 0.3883625 0.6624125000000001 0.3991703125 0.6669546875 0.416546875 0.673009375 0.431178125 0.6718390624999999 0.47729218749999996 0.6655359375 0.5008203124999999 0.6630203125 0.512871875 0.6630796875 0.522134375 0.6707375 0.55555625 0.6673046874999999 0.558696875 0.6690484375 0.57674375 0.67130625 0.5605640625 0.65148125 0.5616359375 0.6352375 0.5545 0.62086875 0.5336515625 0.6191375 0.521503125 0.628915625 0.49238593750000004 0.6251562500000001 0.4879640625 0.6163624999999999 0.584884375 0.59784375 0.5775 0.597128125 0.546353125 0.5854171874999999 0.5358015625 0.5785578124999999 0.5190328125 0.5719390625 0.49976562500000005 0.5705796875 0.4717203125 0.540946875 0.453521875 0.540640625 0.45431406250000006 0.543978125 0.45660937500000004 0.55995625 0.43396718749999996 0.5730500000000001 0.4136390625 0.579275 0.3854375 0.5926453125 0.37157968750000003 0.597753125 0.3653890625 0.6061078125 0.3667125 0.611809375 0.3735 0.617015625 0.3809921875 0.621890625 0.3882359375 0.6285109375 0.394278125 0.6325296875 0.3906640625 0.6386828125 0.380909375 0.64450625 0.3783109375 0.651565625 0.3800984375 0.65845
0 0.43132187499999997 0.49475468749999996 0.424959375 0.49089375 0.4162328125 0.4946890625 0.423309375 0.4979640625 0.43132187499999997 0.49475468749999996
0 0.709271875 0.897278125 0.715609375 0.9071234374999999 0.717409375 0.9108578125 0.7227484375000001 0.91406875 0.707759375 0.9200984375000001 0.7266734375 0.9199140625 0.751284375 0.9189359375 0.7526765625 0.9184812499999999 0.7534234375 0.9159484375 0.75125 0.9140796874999999 0.7741390625 0.9097531249999999 0.7800890625 0.90715 0.777115625 0.90175625 0.7857015625 0.89978125 0.7941421875 0.8956859375 0.8012062500000001 0.8945234375 0.7839703124999999 0.8934328125000001 0.78106875 0.8870437499999999 0.7880078125 0.8799421875 0.772071875 0.886515625 0.766653125 0.8889250000000001 0.75600625 0.8813921875 0.7490515624999999 0.8747296875 0.7517109375000001 0.8918156249999999 0.7483375 0.891346875 0.73156875 0.8881921875 0.7159500000000001 0.8870906250000001 0.70369375 0.8860359375 0.709271875 0.897278125
0 0.6866625 0.90614375 0.6983374999999999 0.9122921875 0.7057828125000001 0.911396875 0.70885625 0.91044375 0.7014437499999999 0.9004546875000001 0.6866625 0.90614375
0 0.6863828125 0.836478125 0.6652671875 0.8404812500000001 0.6389890625 0.8451984375 0.6207421875 0.84928125 0.6385796874999999 0.8498640625 0.663396875 0.8484234374999999 0.6762984375000001 0.8505312500000001 0.68531875 0.85118125 0.686125 0.8472937500000001 0.6909609375 0.8422000000000001 0.6863828125 0.836478125
0 0.6274265625 0.81425 0.6145328125 0.8076859375 0.60658125 0.8150546875 0.6060828125 0.82395625 0.6133953125 0.830853125 0.625034375 0.8359 0.6403203125 0.8383984375000001 0.6482328125000001 0.83794375 0.6464375 0.83600625 0.64728125 0.8282937499999999 0.6274265625 0.81425
0 0.6728875000000001 0.76230625 0.694075 0.7603093750000001 0.7001984375 0.7561703125 0.6977421875 0.752146875 0.68474375 0.749984375 0.6736203125 0.7544906250000001 0.6585453125 0.755721875 0.6565531250000001 0.7560453125000001 0.65445625 0.761728125 0.6728875000000001 0.76230625
0 0.7219765625 0.7405171875 0.7221062500000001 0.7459171875 0.735090625 0.7549859375 0.7368750000000001 0.7591296875 0.7485078125 0.7677031249999999 0.7540453125 0.7683484375 0.758675 0.7672046875 0.761665625 0.7649328125 0.7567640625000001 0.7578109375000001 0.7451859375 0.748228125 0.7418078125 0.7423031250000001 0.7338171874999999 0.7380890625000001 0.7219765625 0.7405171875
0 0.9324375 0.875059375 0.9452359375 0.8764375 0.9524874999999999 0.86926875 0.961678125 0.8658312499999999 0.9632984375 0.8581046875 0.9548765625 0.8542578125 0.9449171875 0.8507999999999999 0.938196875 0.8526 0.9339562499999999 0.8536703125 0.9165093750000001 0.8488703125000001 0.8995359374999999 0.8445625 0.8833296875000001 0.8435859375 0.8712 0.8481781249999999 0.8593046875000001 0.85531875 0.87581875 0.85985625 0.890115625 0.8617953125 0.8998484375 0.8621375 0.915809375 0.8721203125000001 0.9324375 0.875059375
0 0.882715625 0.809228125 0.8635828125 0.8077562500000001 0.8499281249999999 0.807675 0.8414890625 0.8104296874999999 0.843609375 0.8144031249999999 0.8491578125 0.8196171874999999 0.8642687499999999 0.8235296875 0.8781765625 0.8290828125 0.8780890625 0.8245546875 0.8870812499999999 0.8193187500000001 0.8911140625 0.8131421874999999 0.882715625 0.809228125
0 0.8353953125 0.803134375 0.8625453125 0.8032812500000001 0.876225 0.8011437499999999 0.8925078125000001 0.7998062499999999 0.9110171875 0.7988515625 0.9107984374999999 0.7935859375 0.8844218749999999 0.7879421875 0.856640625 0.7933656250000001 0.8353953125 0.803134375
0 0.8572765625000001 0.7839015625 0.8623828124999999 0.7842781249999999 0.85565 0.7712296875 0.843990625 0.7629671874999999 0.8378656250000001 0.769703125 0.839596875 0.7762234375 0.8504734375 0.78320625 0.8572765625000001 0.7839015625
0 0.735896875 0.7832359375 0.731925 0.78905 0.7436953125 0.7866796875000001 0.7473390625 0.7832 0.7626484375 0.7856890625 0.78193125 0.7824859375 0.812628125 0.7799968749999999 0.8184359375 0.7782953125 0.8207203125 0.7764624999999999 0.8102390625 0.7716046875 0.78335 0.7762109374999999 0.7471453125 0.7793812499999999 0.735896875 0.7832359375
0 0.79890625 0.676190625 0.8283390624999999 0.69369375 0.8341578125 0.691421875 0.85669375 0.6678453125 0.8670890625000001 0.6588625 0.8665453125000001 0.658459375 0.79890625 0.676190625
0 0.42155 0.9831203125 0.42998906249999996 0.9829343749999999 0.4372328125 0.9809140624999999 0.43374687500000003 0.9767609374999999 0.422878125 0.9788515625 0.407984375 0.979725 0.42155 0.9831203125
0 0.239659375 0.8666 0.24443437499999998 0.8672390625 0.25251250000000003 0.8655046875 0.24483125 0.8596140625 0.23715000000000003 0.8646546875000001 0.239659375 0.8666
0 0.200028125 0.8459734375 0.2041484375 0.8505765625 0.21057968749999997 0.8530374999999999 0.21400156250000002 0.8536703125 0.21084375 0.8449562500000001 0.200028125 0.8459734375