0 0.5426921874999999 0.154746875 0.528803125 0.15390625 0.517278125 0.1546796875 0.5121875 0.1564234375 0.5075484375 0.1639890625 0.5112984375 0.1696140625 0.535290625 0.17589375000000002 0.546965625 0.1754609375 0.5571375 0.1703375 0.558065625 0.162175 0.5520875000000001 0.15818749999999998 0.543684375 0.1566953125 0.5426921874999999 0.154746875
0 0.3127578125 0.1368109375 0.297303125 0.14015781249999998 0.2880671875 0.1362453125 0.2775921875 0.13335468749999999 0.2680921875 0.1351015625 0.26760625 0.1424453125 0.300121875 0.1529421875 0.3333234375 0.1689625 0.3526125 0.1842890625 0.3770515625 0.210528125 0.3794203125 0.2412734375 0.3575234375 0.266553125 0.333715625 0.2889140625 0.291484375 0.2973953125 0.24898125000000002 0.3104203125 0.20112187499999998 0.3150296875 0.160225 0.30926718750000004 0.1444015625 0.3123 0.0876703125 0.298534375 0.056003125 0.28359843749999997 0.032528125000000005 0.2627203125 0.018046875 0.236346875 0.025087500000000002 0.20045312499999998 0.0316921875 0.1888984375 0.041281250000000005 0.18019374999999999 0.05435156249999999 0.1714109375 0.0638328125 0.1657609375 0.07799062500000001 0.15613749999999998 0.0927 0.151240625 0.10669375 0.1479140625 0.11459062499999999 0.144471875 0.113596875 0.1423875 0.0952640625 0.14706406249999998 0.08161874999999999 0.1462734375 0.0734234375 0.1486109375 0.0569828125 0.149603125 0.0381828125 0.1485796875 0.0164734375 0.148584375 0.000978125 0.1584921875 0 0.3207578125 0.022553125 0.3181171875 0.028503125 0.32466093749999997 0.0476671875 0.3271875 0.06568281249999999 0.3374703125 0.0467890625 0.35456875 0.0870390625 0.374309375 0.11559062499999999 0.3911171875 0.15613593750000002 0.3948359375 0.1836765625 0.386884375 0.240553125 0.379975 0.276725 0.3803328125 0.316334375 0.3748796875 0.374015625 0.370978125 0.3887484375 0.3743546875 0.3974734375 0.385309375 0.407721875 0.3817484375 0.41493125 0.3736703125 0.42845625 0.3770859375 0.452996875 0.38729375 0.486940625 0.3837203125 0.507184375 0.36707812500000003 0.54446875 0.35226250000000003 0.5050453125 0.3073015625 0.4829359375 0.3085890625 0.4649453125 0.28605468749999996 0.43162968749999997 0.2624953125 0.4584984375 0.230384375 0.4513890625 0.19744062499999998 0.46528749999999997 0.1677515625 0.48243749999999996 0.14995624999999999 0.5109874999999999 0.1364078125 0.49902968750000004 0.1351828125 0.45092968750000006 0.14135 0.44616249999999996 0.14403125 0.43432812500000006 0.1512046875 0.41462656249999996 0.158325 0.40748125 0.143378125 0.3723328125 0.1448859375 0.3657921875 0.1399828125 0.344234375 0.140553125 0.3342046875 0.13733125 0.32458125 0.140421875 0.31975937499999996 0.13877343749999999 0.3127578125 0.1368109375
0 0.23278906250000003 0.232275 0.24477656250000002 0.2283 0.2534125 0.224859375 0.26165 0.218378125 0.27392343750000003 0.2086390625 0.2727890625 0.20734218750000002 0.2684828125 0.20890625 0.2618015625 0.21171875 0.25768749999999996 0.21247500000000002 0.25195 0.2146140625 0.2484640625 0.211625 0.2442703125 0.2122859375 0.23834375 0.216584375 0.23361875 0.214440625 0.2269125 0.21768749999999998 0.2200609375 0.22600625000000002 0.225659375 0.234078125 0.23278906250000003 0.232275
0 0.27026249999999996 0.16677031250000002 0.2690640625 0.17673125 0.2755140625 0.1859421875 0.2843859375 0.187609375 0.29795781250000003 0.1872953125 0.299859375 0.184496875 0.2960578125 0.1764375 0.28997812500000003 0.16812031249999998 0.281578125 0.166825 0.27566406250000003 0.1663921875 0.27026249999999996 0.16677031250000002
0 0.304390625 0.2447171875 0.301259375 0.2487359375 0.3151171875 0.2532421875 0.317596875 0.2516171875 0.317653125 0.24921875 0.3104609375 0.243821875 0.304390625 0.2447171875
0 0.512665625 0.17264531249999998 0.51113125 0.1629078125 0.5123 0.15726562500000002 0.49333125000000005 0.1600640625 0.4968078125 0.17081875 0.5024656249999999 0.17759375 0.488846875 0.183365625 0.48596874999999995 0.2033390625 0.5008359375 0.21356250000000002 0.5122953125 0.207009375 0.5282484375000001 0.20550000000000002 0.5413125 0.2107015625 0.5610296875 0.21712812499999998 0.5796859375000001 0.212665625 0.593734375 0.20832968749999997 0.5913765625 0.201896875 0.581284375 0.1956375 0.5606703125 0.190884375 0.5613703125 0.184159375 0.567684375 0.17474375 0.57915625 0.13125625000000002 0.577828125 0.128484375 0.5632625 0.12710625 0.5498953125 0.1277609375 0.530934375 0.133490625 0.529834375 0.143534375 0.545209375 0.1509109375 0.5579921875 0.1576921875 0.560290625 0.1638125 0.5550140625 0.1726671875 0.54069375 0.1774828125 0.521278125 0.17791875 0.512665625 0.17264531249999998
0 0.7796359374999999 0.276515625 0.7744765625000001 0.2803203125 0.7696625 0.29318125 0.795603125 0.319765625 0.798115625 0.3039640625 0.78684375 0.2854875 0.7796359374999999 0.276515625
0 0.7442828125000001 0.09830781250000001 0.7522656249999999 0.10239374999999999 0.7569656250000001 0.10208593749999999 0.7550703125 0.094659375 0.7442828125000001 0.09830781250000001
0 0.7287765625 0.17112812500000002 0.7355390625 0.16598125 0.7312890624999999 0.1587046875 0.7224359375 0.15447968750000002 0.7153921875 0.1548640625 0.7120828125 0.15809375 0.7150171875 0.1639546875 0.72370625 0.1696015625 0.7287765625 0.17112812500000002
0 0.8239484375 0.5827890625000001 0.8506421874999999 0.577721875 0.8580484374999999 0.58053125 0.8729828124999999 0.593321875 0.9335875 0.6107953125 0.9551093749999999 0.5987312499999999 0.9614515625 0.58385 0.9431140625 0.55369375 0.9304171875 0.5307953125 0.9238875 0.5168328125 0.9146375000000001 0.5012328125 0.902790625 0.48131562499999997 0.890775 0.4638140625 0.8741031250000001 0.457471875 0.8647031249999999 0.45645468749999996 0.835965625 0.458596875 0.8130062499999999 0.46060156250000006 0.81784375 0.473175 0.8219359374999999 0.48215624999999995 0.8063812499999999 0.48699531250000005 0.794575 0.502375 0.780553125 0.5227328124999999 0.7740578124999999 0.5358609375000001 0.7832328125 0.56126875 0.8022328125 0.5746875 0.8239484375 0.5827890625000001
0 0.7391046875 0.312690625 0.7329078124999999 0.3115484375 0.7280125 0.3121640625 0.7306 0.316796875 0.7363578125 0.3185203125 0.7421125 0.31758125000000004 0.7391046875 0.312690625
0 1 0.671053125 0.9970734374999999 0.667540625 0.9943734375 0.665303125 0.9833203125000001 0.6757328125 0.9676562499999999 0.6874328125 0.9621328124999999 0.7103140625 0.9631734375000001 0.7219156250000001 0.969634375 0.735896875 0.99375 0.7495140625000001 1 0.7540625000000001 1 0.7228234375 1 0.70005 1 0.671053125