0 0.525125 0.5284984374999999 0.52786875 0.5296578125 0.5305875 0.5297640625 0.5351609374999999 0.5297546875 0.5378203125 0.5312484375000001 0.539434375 0.5314796875 0.5401765625 0.530046875 0.5410468749999999 0.527809375 0.5405125 0.5249171875 0.540184375 0.52429375 0.5392859375 0.523609375 0.5380375 0.5239046875 0.5362109375 0.5249265624999999 0.5339546875 0.5253593750000001 0.5329375 0.52596875 0.5332250000000001 0.5286500000000001 0.529853125 0.527121875 0.5289828125 0.526546875 0.527065625 0.526378125 0.5243796875 0.526353125 0.525125 0.5284984374999999
0 0.5458031250000001 0.533503125 0.5485671875 0.535159375 0.5530390625 0.534265625 0.5538406250000001 0.5310312500000001 0.55349375 0.5281734375 0.5526546875 0.5267265625 0.5503312499999999 0.5269671875 0.5469640625000001 0.5277515625 0.5452874999999999 0.53044375 0.5448000000000001 0.5325031250000001 0.5458031250000001 0.533503125
0 0.564640625 0.5297078125 0.5667421874999999 0.528853125 0.5676109375 0.5270453125000001 0.56725 0.5250984375 0.5664703125 0.524715625 0.5655984375 0.524715625 0.56475 0.52631875 0.5645421875000001 0.5282421875 0.564640625 0.5297078125
0 0.5761875 0.5513515625000001 0.5804390625 0.5522 0.581590625 0.5460890625 0.583259375 0.5459578125 0.5845140625 0.5432140624999999 0.5840015625 0.5390343750000001 0.5829093750000001 0.5363421875000001 0.581565625 0.535340625 0.5799171875 0.5357734375 0.57731875 0.53670625 0.57503125 0.53701875 0.5736125000000001 0.5340765625 0.5712625 0.5327078125 0.569525 0.5319843750000001 0.5674421875 0.5319546875000001 0.56508125 0.5319546875000001 0.5636703125 0.534721875 0.5607453125 0.5361640624999999 0.5577593750000001 0.5374515625 0.5620140625000001 0.53886875 0.5679078125 0.5385125000000001 0.5692109375000001 0.53913125 0.5723515625 0.54171875 0.5705250000000001 0.542778125 0.56870625 0.5440546875 0.5675921875000001 0.54701875 0.5694015625 0.5514281249999999 0.5718453125 0.55219375 0.5761875 0.5513515625000001
0 0.5024109375 0.592059375 0.5053687499999999 0.592753125 0.50831875 0.589803125 0.51135625 0.5883093749999999 0.5136015625 0.585825 0.51491875 0.583040625 0.5137984375 0.579634375 0.5129828125 0.5765421875000001 0.5129234375 0.574159375 0.5112015624999999 0.571228125 0.510671875 0.570109375 0.5077609375 0.571465625 0.507865625 0.5744765625 0.5078515625 0.5770328124999999 0.5031343749999999 0.57799375 0.502665625 0.5777593750000001 0.5005875 0.57865 0.5004265625000001 0.579403125 0.50151875 0.5817593750000001 0.5009375 0.5848093750000001 0.49921718750000005 0.58949375 0.5001453125 0.5909500000000001 0.5024109375 0.592059375
0 0.4972984375 0.5817453125000001 0.4961421875 0.5796890625 0.4946546875 0.57570625 0.4937125 0.575178125 0.4927671875 0.5747453124999999 0.49088750000000003 0.5748546875 0.489140625 0.5760046875 0.4882984375 0.581175 0.48806874999999994 0.5845421875000001 0.48844062499999996 0.5873546875 0.49020156249999997 0.5905625 0.491634375 0.5898484374999999 0.49270312499999996 0.5884921875 0.495146875 0.585475 0.4971078125 0.5841265625000001 0.4972984375 0.5817453125000001
0 0.52433125 0.6734640625 0.52433125 0.67495 0.5245390624999999 0.6771484375 0.5267000000000001 0.6785359375 0.5296359374999999 0.677571875 0.5312390625 0.67531875 0.5297468750000001 0.6732953125 0.52760625 0.6735125 0.5259890625 0.6746890624999999 0.5245062500000001 0.67306875 0.52433125 0.6734640625
0 0.46047031250000003 0.6375296875 0.45996875 0.6379046875000001 0.4599234375 0.639171875 0.461215625 0.640815625 0.4628953125 0.640315625 0.462859375 0.6376078125 0.46047031250000003 0.6375296875
0 0.6010296875 0.658590625 0.5968890625000001 0.662634375 0.5897265625 0.665540625 0.5833125 0.6727734375 0.5809984375 0.676509375 0.5835671875 0.6827640625 0.5874171875 0.681971875 0.590734375 0.6830953125 0.6011968750000001 0.68469375 0.6072296875000001 0.6824828125 0.6131875 0.6797265625 0.6171046875 0.6861953125 0.62150625 0.688665625 0.6220953125 0.691796875 0.6199234375 0.6958875 0.6190296875 0.7027390625 0.6196640625 0.7098953125 0.6189984374999999 0.7208125 0.61631875 0.7305406249999999 0.639540625 0.7094046875 0.642215625 0.7056281249999999 0.64540625 0.6949156249999999 0.6429437499999999 0.6919921875 0.643678125 0.6779046875 0.6466265625000001 0.6723765625 0.640871875 0.65785625 0.645390625 0.6576453124999999 0.6441640625 0.6509437499999999 0.646534375 0.6495953125 0.6472140625 0.6484656249999999 0.6454093750000001 0.6443 0.6444640625 0.643040625 0.641053125 0.6417859375 0.6339453125000001 0.6405796875 0.630971875 0.63965625 0.6285796875 0.641221875 0.6259421875 0.6456890625 0.62091875 0.6505109375 0.6170359375000001 0.6533781249999999 0.6066374999999999 0.6521828125 0.604475 0.6531734375 0.6010296875 0.658590625
0 0.530409375 0.7298796875 0.5307515625 0.7289749999999999 0.5295625 0.72695 0.52319375 0.7288171875 0.519196875 0.7310078125 0.519996875 0.7347015625 0.5212078124999999 0.7368703125 0.5252890625 0.7432515625 0.5300859375 0.7438984375000001 0.53325 0.7410578125 0.5350875 0.7330656249999999 0.5300734375 0.731415625 0.530409375 0.7298796875
0 0.493084375 0.7544359375 0.50179375 0.754778125 0.5066937499999999 0.7608828125 0.5134234375 0.76923125 0.5191734375 0.762671875 0.520384375 0.7602609375 0.5226531249999999 0.7537859375 0.5184328125000001 0.7488828125 0.5163562500000001 0.7473484375 0.5157796875 0.7400828125000001 0.5185515625 0.7355 0.5191390625000001 0.7312234375 0.5138281250000001 0.7307812499999999 0.49516875000000005 0.73888125 0.47440156250000004 0.7520203125 0.46204375000000003 0.7659578125000001 0.4608265625 0.772178125 0.45453593750000004 0.775134375 0.44905 0.7796875 0.42927968749999995 0.7951312500000001 0.42273750000000004 0.8008640625 0.42352656250000004 0.8060515625000001 0.4245671875 0.8104875 0.4223375 0.8101078125000001 0.4182 0.8069453125000001 0.3927125 0.817609375 0.3946234375 0.8220671875000001 0.393675 0.8264640625 0.38071875 0.8374 0.3750703125 0.8472156249999999 0.37524531250000004 0.8408265625 0.3663328125 0.8394390625 0.36529375000000003 0.8407859375 0.36279531249999997 0.8477953125000001 0.36067499999999997 0.8496078125000001 0.356971875 0.85640625 0.3546671875 0.8568109375 0.3479453125 0.8557734375000001 0.3435296875 0.8598593749999999 0.33690000000000003 0.8701609375 0.3253859375 0.876434375 0.31839062500000004 0.8820781249999999 0.3154265625 0.8914203125 0.3107140625 0.9054890625 0.3031484375 0.912303125 0.2954828125 0.9138718750000001 0.28564531249999997 0.9158375 0.2821859375 0.923625 0.2910703125 0.9335078125 0.2943359375 0.9358015625 0.2958328125 0.9441124999999999 0.2934234375 0.952971875 0.298884375 0.9555640625 0.303634375 0.9530125 0.3089515625 0.951965625 0.31677187500000004 0.9481546875 0.318840625 0.9448234375 0.317896875 0.9349281250000001 0.314590625 0.9278984375 0.31330468749999996 0.92135 0.3174203125 0.9146328125000001 0.32030625 0.9220828125 0.32763125 0.9368046874999999 0.340275 0.9336671875 0.342425 0.9279578125000001 0.3487796875 0.9188578125 0.3627546875 0.9129078125 0.37463437499999996 0.9133546875 0.3835078125 0.912503125 0.38906718749999997 0.895771875 0.396203125 0.8819015625000001 0.4013171875 0.8704468750000001 0.40363125 0.8606906249999999 0.4091578125 0.86044375 0.41103281249999996 0.8735578125 0.40966874999999997 0.8794828125 0.40513281250000005 0.8860921875000001 0.40219843749999995 0.8922531250000001 0.3989953125 0.9069499999999999 0.396859375 0.9183859375000001 0.39687031250000004 0.926309375 0.40243906249999994 0.92868125 0.4200375 0.9105984375 0.4249890625 0.8992265625 0.42732656249999995 0.8901031250000001 0.4275203125 0.8754859375 0.4317265625 0.8863625 0.4366 0.882571875 0.44118593749999996 0.8726890624999999 0.44202031249999996 0.8568953125000001 0.44045781249999993 0.8433640625000001 0.4389390625 0.8386890625 0.43172499999999997 0.8380421874999999 0.43155 0.8323499999999999 0.43681562500000004 0.8289609375 0.4423484375 0.8263718750000001 0.44356249999999997 0.8187734375 0.44442812500000006 0.8187031250000001 0.45006874999999996 0.8240234375 0.44849218750000003 0.8312578125 0.44730468749999996 0.843246875 0.45034843750000003 0.8492765625 0.45735000000000003 0.850021875 0.46263125 0.8459859375000001 0.46586718749999995 0.8378656250000001 0.4684453125 0.8361468750000001 0.4715890625 0.839396875 0.4755484375 0.8368156250000001 0.47701093749999995 0.8323703124999999 0.4779109375 0.82693125 0.48178124999999994 0.8253953125000001 0.481584375 0.82108125 0.476696875 0.819428125 0.47450000000000003 0.8140421874999999 0.4820953125 0.813871875 0.48979062500000003 0.8144921875 0.49388750000000003 0.80006875 0.49588593750000004 0.8036453124999999 0.49852187499999995 0.8099500000000001 0.5053687499999999 0.8119359375 0.5091046875 0.8087359375000001 0.5104859375 0.804528125 0.516928125 0.8016375 0.5162125 0.809090625 0.515965625 0.8134062500000001 0.5202218750000001 0.810803125 0.52513125 0.8094703125 0.5221203125 0.81871875 0.5284187499999999 0.8133453125000001 0.5398078125 0.8019093749999999 0.5408875 0.8003890625000001 0.5352734375 0.800578125 0.535009375 0.79451875 0.5372171875 0.7884015625 0.5335171875 0.7843734375 0.5351328125 0.778875 0.5343453125 0.7710656250000001 0.5320843749999999 0.7583078125 0.5300640624999999 0.7551328125000001 0.5249140625 0.75751875 0.5182562500000001 0.7676671875000001 0.5168265625 0.7711828125 0.513990625 0.7840328125 0.512228125 0.7815265625000001 0.511809375 0.777265625 0.50495 0.78030625 0.503384375 0.7764640625 0.4983359375 0.7724640625 0.4949890625 0.7663859375000001 0.49054374999999995 0.7546781250000001 0.493084375 0.7544359375
0 0.3767296875 0.9678453125 0.37167343750000004 0.9762640625 0.37439062500000003 0.9756765625 0.3795765625 0.974540625 0.382815625 0.9738140625 0.384525 0.9716703125 0.379265625 0.9728453125 0.377621875 0.9700484375 0.3773546875 0.9705421875000001 0.3776609375 0.9673296875 0.3767296875 0.9678453125
0 0.243175 1 0.2519484375 0.9926999999999999 0.259053125 0.9858515625000001 0.2619109375 0.9738859375000001 0.2638890625 0.970634375 0.26844999999999997 0.965571875 0.26997343749999997 0.9549046875 0.268490625 0.9537093750000001 0.266528125 0.9487 0.26339687500000003 0.9452015625 0.260071875 0.9438546875 0.25399531249999996 0.9460453125000001 0.2516984375 0.9509078125 0.251553125 0.957903125 0.250996875 0.9616515625 0.24652500000000002 0.9548687499999999 0.24217343750000003 0.9546828125 0.238521875 0.954196875 0.23136562500000002 0.9560234375000001 0.223278125 0.9632625000000001 0.2139609375 0.972665625 0.21143593749999998 0.9816312500000001 0.21564375 0.99198125 0.21873593750000003 0.989653125 0.22685781249999998 0.9876640625 0.2296234375 0.9977296875 0.23197968750000003 1 0.243175 1
0 0.67915 0.5834703125 0.6814421875 0.585403125 0.6920734375 0.577621875 0.6838921874999999 0.5736125000000001 0.6818593749999999 0.5739 0.6791125 0.574596875 0.6779124999999999 0.576309375 0.6779124999999999 0.580090625 0.67915 0.5834703125
0 0.6332093750000001 0.5591781250000001 0.6309375 0.5588015625 0.627321875 0.5602390625 0.6252187499999999 0.562353125 0.6266921875 0.5669625 0.6282796875 0.5682765625 0.6316078125 0.568396875 0.6329390625 0.566346875 0.6346828125 0.5645875 0.6365734375 0.56040625 0.63431875 0.559975 0.6332093750000001 0.5591781250000001
0 0.5966703125 0.5464765625 0.5950140625 0.548209375 0.59918125 0.5490546875 0.598384375 0.5459578125 0.5966703125 0.5464765625
0 0.783728125 0.605315625 0.7846890625 0.6002921875 0.7846078125 0.5988890625 0.7817171875 0.6003484375 0.7778140625 0.6024109375 0.777515625 0.6041218749999999 0.7797031249999999 0.60543125 0.783728125 0.605315625
0 0.81714375 0.6158125 0.81833125 0.6139296875 0.817725 0.6124265624999999 0.8158687499999999 0.611065625 0.814625 0.61118125 0.8131890625 0.6126390625 0.8131828125 0.6159890625 0.81714375 0.6158125
0 0.8846718750000001 0.6300140625 0.887825 0.6287874999999999 0.888815625 0.6258328125 0.8875624999999999 0.6238453125000001 0.8857406250000001 0.6233265625 0.885428125 0.6234109375 0.8832890624999999 0.625334375 0.8826984375 0.6282281249999999 0.8846718750000001 0.6300140625
0 0.8565828124999999 0.6251453125 0.8568546874999999 0.620009375 0.8559671874999999 0.6185390625 0.8551953125 0.618971875 0.8515625 0.6208953125 0.8488312499999999 0.6240453125000001 0.8543140625 0.624796875 0.8565828124999999 0.6251453125
0 0.9103953125 0.620746875 0.9067437500000001 0.622884375 0.905571875 0.625540625 0.91015 0.62529375 0.9110953125 0.624828125 0.9143156250000001 0.6263171875 0.9149109375 0.6257203125 0.9169921875 0.625853125 0.9170562500000001 0.622809375 0.9123921875000001 0.6215921875 0.9103953125 0.620746875
0 0.9176171875 0.6368015625 0.9196624999999999 0.633096875 0.9173734375 0.63028125 0.9164249999999999 0.6301015624999999 0.9129406250000001 0.63330625 0.9106109375000001 0.6401734375 0.91375 0.640575 0.9176171875 0.6368015625
0 0.9060265624999999 0.2991765625 0.9055406250000001 0.2938578125 0.897815625 0.2936125 0.8952609375 0.2920265625 0.8937406250000001 0.2904703125 0.8947890624999999 0.2873484375 0.8929140625 0.287628125 0.885028125 0.28961875 0.88645 0.2916296875 0.8866484375000001 0.2923265625 0.8841015625 0.2936578125 0.88643125 0.2961 0.888759375 0.29660000000000003 0.8932140625 0.295309375 0.89415625 0.295734375 0.8958203125 0.29879687499999996 0.8996625 0.2967921875 0.9002640625 0.2974796875 0.9060265624999999 0.2991765625
0 0.7591546874999999 0.1659171875 0.7610609375 0.164090625 0.7581515624999999 0.16288750000000002 0.7546171875 0.16441875 0.7529375 0.1657609375 0.7549609375 0.1671109375 0.7575171875 0.1670875 0.7591546874999999 0.1659171875
0 0.764828125 0.1086984375 0.7654875 0.10565625000000001 0.7663109375 0.1048859375 0.7636328125 0.1024234375 0.762953125 0.1019703125 0.76018125 0.10156406250000001 0.759190625 0.10362031249999999 0.7596375 0.10628750000000001 0.7564203125 0.10563125 0.7559453125 0.10356093749999999 0.75508125 0.10195625 0.7522046875 0.103659375 0.7510015625 0.10555468750000001 0.7495125 0.10493749999999999 0.74815 0.10447187499999999 0.7456671874999999 0.1060265625 0.7425375 0.1077484375 0.741071875 0.111721875 0.7425875 0.1126125 0.7443328124999999 0.1122078125 0.746246875 0.1115421875 0.7500859375 0.1123421875 0.755378125 0.11155 0.7506375000000001 0.11419531249999999 0.7515578125 0.11527499999999999 0.7555390625 0.11527499999999999 0.7590390625000001 0.1157125 0.7629937499999999 0.11451875 0.766215625 0.11312343750000001 0.766015625 0.11127499999999999 0.764828125 0.1086984375
0 0.7774140625 0.10283125 0.7790765625 0.10145625 0.7789421875 0.0994328125 0.774334375 0.100278125 0.771046875 0.102865625 0.7688828125 0.10429531249999999 0.7680484375 0.1046328125 0.7685500000000001 0.1080765625 0.7706890625 0.10852187499999999 0.77343125 0.1079125 0.7752375 0.10608906250000001 0.7760765625 0.10324843749999998 0.7774140625 0.10283125
0 0.79574375 0.1086171875 0.793684375 0.10939375 0.790853125 0.1064734375 0.789078125 0.10674687499999999 0.7876859375 0.1069015625 0.7834546875 0.108234375 0.7820140624999999 0.109409375 0.7789406249999999 0.1116171875 0.777475 0.11315781250000001 0.7783859375 0.1162234375 0.7822171875 0.11595625000000001 0.7852015625 0.11473124999999999 0.7874796875000001 0.112903125 0.7897000000000001 0.11167656249999999 0.791453125 0.1111484375 0.7936093750000001 0.11434375000000001 0.7986296875 0.11580937499999999 0.7993015625 0.1099796875 0.79574375 0.1086171875
0 0.833690625 0.10264374999999999 0.8340953125 0.0996875 0.8337828125 0.0989546875 0.8284484375 0.0999484375 0.8222390624999999 0.1003609375 0.8176890625000001 0.10091093749999999 0.8142875 0.10056562499999999 0.8114765625 0.09973593750000001 0.8097312499999999 0.1013625 0.8067781249999999 0.1015234375 0.80641875 0.10155 0.8038437500000001 0.102290625 0.8051203125 0.1046984375 0.809653125 0.10318281250000001 0.8127593750000001 0.106078125 0.8170515625 0.103815625 0.8175578124999999 0.104659375 0.8216296875 0.106775 0.8248640625 0.106409375 0.8266781249999999 0.1022875 0.8283109375000001 0.10335468750000001 0.8318453124999999 0.1043390625 0.833690625 0.10264374999999999
0 0.8367015625 0.10479374999999999 0.8331843750000001 0.10599218749999999 0.8296812499999999 0.10683125 0.8270984374999999 0.107575 0.8267093750000001 0.1097984375 0.8236359375 0.11022812500000001 0.8213140624999999 0.1093828125 0.8193468749999999 0.1080515625 0.8174140624999999 0.10848125 0.813515625 0.10848125 0.8115656250000001 0.1080046875 0.8098203125 0.107978125 0.8084250000000001 0.114078125 0.807053125 0.11696875 0.8084609374999999 0.11942187500000001 0.8127828125000001 0.11801874999999999 0.8153421875 0.1174703125 0.817728125 0.11830937500000001 0.8200953125 0.1203078125 0.822246875 0.12239531249999999 0.8238125000000001 0.12350625 0.82425625 0.12527968750000001 0.8283437499999999 0.1241171875 0.8308500000000001 0.122415625 0.8348125 0.121696875 0.8400671875000001 0.1207265625 0.8454578125 0.11908749999999999 0.8481375 0.1178921875 0.8507140625 0.11617031250000001 0.851884375 0.1136046875 0.8502765625 0.111534375 0.8482859375 0.109546875 0.8470656249999999 0.10585 0.8413281250000001 0.1041015625 0.8396343749999999 0.1042171875 0.8367015625 0.10479374999999999
0 0.853934375 0.11591875 0.8528109374999999 0.12041874999999999 0.8544281249999999 0.119778125 0.8580203125000001 0.118065625 0.860809375 0.11568437499999999 0.8607796875 0.112434375 0.8590203125 0.1126125 0.8567546875 0.11287812500000001 0.8552640625000001 0.11382812499999999 0.853934375 0.11591875
0 0.83673125 0.0670984375 0.8365546875 0.06798593750000001 0.8360609374999999 0.0694546875 0.8392328125 0.0683640625 0.8407453125 0.0661796875 0.8386921875000001 0.066125 0.83673125 0.0670984375
0 0.8683140625 0.12431874999999999 0.8656015625 0.123415625 0.8636421875 0.122884375 0.8617859375 0.122225 0.8580593750000001 0.124075 0.8560359375000001 0.126209375 0.8547046875 0.130603125 0.8550453125 0.13303281250000001 0.856828125 0.13424687500000002 0.861015625 0.13373593749999999 0.86413125 0.1316171875 0.8657718750000001 0.1297609375 0.8695890625 0.12836406250000001 0.870725 0.1259734375 0.8683140625 0.12431874999999999
0 0.8776359375 0.1213234375 0.87911875 0.11892031249999999 0.8731875 0.1198171875 0.8707828125000001 0.1218140625 0.8709031250000001 0.1229765625 0.8755062499999999 0.1213078125 0.875846875 0.12090937500000001 0.8776359375 0.1213234375
0 0.8669828125000001 0.0984046875 0.8678874999999999 0.0976515625 0.8703265625000001 0.09670625000000001 0.8696921874999999 0.09590937499999999 0.8696234374999999 0.095153125 0.8648031250000001 0.095796875 0.8636531250000001 0.09702812499999999 0.8634640625 0.0971125 0.863925 0.098421875 0.8669828125000001 0.0984046875
0 0.879703125 0.09834375 0.8812328125000001 0.097096875 0.8830703124999999 0.09475781250000001 0.8820593750000001 0.0944765625 0.8800281249999999 0.0949296875 0.8760359375 0.095246875 0.8755843750000001 0.096365625 0.876740625 0.09791875 0.8768046875 0.09791875 0.879703125 0.09834375
0 0.9000671875 0.11746875000000001 0.9050171875 0.11680312500000001 0.908559375 0.11364218749999999 0.9108140625000001 0.1070828125 0.9097015624999999 0.1051265625 0.904921875 0.10257968749999999 0.8995859375 0.103528125 0.8971765625 0.10361093750000001 0.8946093749999999 0.10008281249999999 0.8925890624999999 0.098884375 0.8916234375000001 0.099653125 0.8862984375 0.100115625 0.8836999999999999 0.1007875 0.8808703124999999 0.10251874999999999 0.8771156250000001 0.1042625 0.873803125 0.1065609375 0.873065625 0.10939531250000001 0.872146875 0.1147984375 0.8755203125 0.115865625 0.8783765625 0.11438593749999999 0.88630625 0.11708125 0.8856875000000001 0.11973281250000001 0.8856859375000001 0.12144999999999999 0.892853125 0.11903593750000001 0.9000671875 0.11746875000000001
0 0.9212421875000001 0.0924546875 0.9233015625000001 0.0924546875 0.9267218749999999 0.0921796875 0.9271265625 0.0892671875 0.9247859375 0.089796875 0.924 0.0889671875 0.9204578124999999 0.0891484375 0.9198875 0.0904109375 0.9212421875000001 0.0924546875
0 0.9191312500000001 0.10604218750000001 0.9212546875 0.105909375 0.9262609375 0.10625 0.9285890625000001 0.1039515625 0.928653125 0.100334375 0.9279781249999999 0.09939218749999999 0.9269031249999999 0.0987109375 0.9245640625 0.0971390625 0.9211562499999999 0.0957734375 0.918503125 0.0965875 0.91625 0.098309375 0.9129109375000001 0.100646875 0.9134734375000001 0.10356093749999999 0.912090625 0.10393125 0.9112953125000001 0.10577812499999999 0.9131890625000001 0.1077765625 0.916278125 0.1076453125 0.9191312500000001 0.10604218750000001
0 0.9355437500000001 0.0967609375 0.9342609375 0.095553125 0.932396875 0.0961125 0.9315046875 0.098109375 0.9327406249999999 0.099915625 0.9350296874999999 0.0980734375 0.9355437500000001 0.0967609375
0 0.9312328125 0.11421250000000001 0.934325 0.112909375 0.9382171874999999 0.11146562499999998 0.937965625 0.1114921875 0.9388375 0.110978125 0.9393625 0.108678125 0.9376640625 0.10822968749999999 0.9342390625 0.109984375 0.9308249999999999 0.11192031250000001 0.9312328125 0.11421250000000001
0 0.9256515625 0.110484375 0.9231125 0.10944687500000001 0.9204421875 0.11042031249999999 0.9163640624999999 0.11319062499999999 0.915703125 0.11537968750000001 0.9171921875000001 0.116815625 0.9213203125 0.11847656250000001 0.9252312500000001 0.11698125 0.9276421875 0.114728125 0.928403125 0.112125 0.9279359375 0.11088281250000001 0.9256515625 0.110484375
0 0.9047859375 0.1391734375 0.908184375 0.138440625 0.9074484375 0.1364921875 0.9043734375 0.133975 0.9039875 0.1342734375 0.9015000000000001 0.135815625 0.9008171875000001 0.1375484375 0.901665625 0.14016718749999998 0.9047859375 0.1391734375
0 0.9449828124999999 0.1180671875 0.9456078124999999 0.11964062499999999 0.9498390625 0.11953906249999999 0.9532671875000001 0.11876875 0.95543125 0.1168296875 0.952628125 0.1137796875 0.9501796875 0.1132265625 0.948665625 0.1137234375 0.9458640624999999 0.11555156250000001 0.9449828124999999 0.1180671875
0 0.9460984375000001 0.10506718749999999 0.9479531250000001 0.104478125 0.951090625 0.10334375 0.9499296875000001 0.1012625 0.9495109375 0.1003328125 0.9480124999999999 0.1002390625 0.9457546875 0.1017296875 0.9453859375 0.1035265625 0.9460984375000001 0.10506718749999999
0 0.98925 0.134528125 0.987409375 0.13449687500000002 0.9845796874999999 0.1368421875 0.9846359375 0.13878437500000002 0.9851828125000001 0.1413 0.9877609375 0.14169062500000001 0.99110625 0.14091562500000002 0.9944578125 0.1374484375 0.994375 0.1345953125 0.9923921874999999 0.134165625 0.9912468750000001 0.1346109375 0.98925 0.134528125
0 0.9890828125000001 0.12361875 0.9897328125 0.12149687499999999 0.990134375 0.1212609375 0.9898125 0.119396875 0.9875171875 0.11916562500000001 0.9855640625 0.11813906249999999 0.9835 0.119871875 0.97965 0.12119374999999999 0.977571875 0.12157500000000002 0.9754359375 0.12391250000000001 0.9773531249999999 0.12524375000000001 0.979603125 0.1265015625 0.9825671874999999 0.1261875 0.98700625 0.1255671875 0.9890828125000001 0.12361875
0 0.98240625 0.11590937500000001 0.9786046875000001 0.11645781250000001 0.9769984375 0.1171125 0.9780296875 0.1197 0.9803734375 0.11955156250000001 0.9817671875 0.1172765625 0.98240625 0.11590937500000001
0 0.9618328125 0.0918 0.96360625 0.0925625 0.96785625 0.09196093749999999 0.9652046875 0.09315625 0.9648921874999999 0.0949921875 0.9664609375 0.09552031250000001 0.9690609374999999 0.09602812499999999 0.9731125 0.093915625 0.9735359375 0.09216875 0.9782015625 0.0941359375 0.9775890625000001 0.0944203125 0.9756406249999999 0.097453125 0.9760296875 0.10049531249999999 0.9779078125 0.100959375 0.9818078124999999 0.100959375 0.987553125 0.10069062499999999 0.9916656250000001 0.0995875 0.9963609375000001 0.09712968749999999 1 0.096353125 0.999834375 0.0839953125 0.9896125 0.085809375 0.9739859375 0.0868140625 0.9647296875 0.085615625 0.9596109374999999 0.0866421875 0.9561546875 0.088534375 0.9465875 0.09224062499999999 0.9443734375 0.09379375 0.9448796875 0.09700468749999999 0.9484390625 0.099328125 0.9518703125 0.099065625 0.9588359375 0.0975984375 0.9609984375 0.09495 0.9618328125 0.0918
0 0.951884375 0.05266562500000001 0.9506609375 0.0527515625 0.9485453125 0.0528359375 0.9469843750000001 0.0534484375 0.9469828124999999 0.055889062499999996 0.9485984375 0.056153125000000005 0.9510531249999999 0.055640625 0.951884375 0.05266562500000001
0 1 0.29100468749999997 0.9992093750000001 0.2893609375 0.9971609375 0.28863906250000004 0.9926796875000001 0.28936562499999996 0.98950625 0.2923515625 0.9877578124999999 0.29224843749999996 0.9860671875 0.2953796875 0.9872171875 0.29833750000000003 0.992028125 0.298628125 0.9937328125 0.3040171875 0.9944859375 0.3053109375 1 0.30939218749999997 1 0.29100468749999997
0 0.6199874999999999 0.40384374999999995 0.6231687499999999 0.40278749999999997 0.623728125 0.399934375 0.6221046875 0.39873125 0.6215390625 0.39871406249999997 0.61628125 0.40330625 0.6199874999999999 0.40384374999999995
0 0.608025 0.4223203125 0.60653125 0.4199515625 0.6050109375 0.4199578125 0.6043062499999999 0.42016875000000004 0.603528125 0.42159531250000004 0.6044203125000001 0.4240765625 0.606975 0.42520468749999996 0.608025 0.4223203125
0 0.7050046875 0.794215625 0.70370625 0.7990140625000001 0.704640625 0.80218125 0.7067953124999999 0.803225 0.7090890625 0.8041390625 0.7085859375 0.808165625 0.7130328125000001 0.8066140624999999 0.71015 0.7964625 0.7082265624999999 0.7919296874999999 0.7071828124999999 0.792540625 0.7050046875 0.794215625
0 0.6617609375 0.8199859375 0.6644078125 0.8198062500000001 0.66824375 0.8161046875 0.668934375 0.8120749999999999 0.6680421875 0.809575 0.6636828125 0.81143125 0.6602046875 0.8142843750000001 0.6591125 0.8175874999999999 0.6617609375 0.8199859375
0 0.722709375 0.9796109375000001 0.7230828125000001 0.9841390625 0.7248671875 0.9893453125 0.7274640625 0.9939406249999999 0.7340515625 0.99394375 0.7341375 0.9909421875 0.73218125 0.9820171875 0.7294125 0.9761578125 0.7254437499999999 0.9731609375 0.7240578125 0.9744515625 0.722709375 0.9796109375000001
0 0.923925 0.7734 0.9213953125 0.7715156249999999 0.9195765625 0.771021875 0.918075 0.77604375 0.9211984375 0.7784875 0.9242015625000001 0.777484375 0.923925 0.7734
0 0.61450625 0.0760015625 0.6147984375 0.07951406250000001 0.6166609375000001 0.0822234375 0.622184375 0.081640625 0.6249984375000001 0.0761953125 0.6269390625 0.072275 0.6272296875000001 0.0683953125 0.6250281249999999 0.06668125 0.6207234374999999 0.06973281249999999 0.6168953125 0.072903125 0.61450625 0.0760015625
0 0.9265625 0.98828125 0.93125 0.99765625 0.94375 0.99921875 0.93046875 0.978125 0.9265625 0.98828125
0 0.9171875 0.99453125 0.91796875 1 0.925 0.99921875 0.9171875 0.99453125
0 0.93046875 0.978125 0.9265625 0.99765625 0.94375 0.99921875 0.93046875 0.978125