0 0.45932500000000004 0.421875 0.45932500000000004 0.41790625 0.45701093750000005 0.414434375 0.4398140625 0.4010421875 0.43716875 0.40004999999999996 0.43220937499999995 0.40004999999999996 0.4232796875 0.40625 0.42394218749999996 0.4146828125 0.4219578125 0.4166671875 0.41997343750000005 0.41691406249999996 0.41534375 0.4243546875 0.4150125 0.4270828125 0.420634375 0.429315625 0.4308859375 0.4310515625 0.4368390625 0.4310515625 0.4437828125 0.43328437500000005 0.4484125 0.4298109375 0.45601875 0.4265875 0.45932500000000004 0.421875
0 0.47585937500000003 0.483134375 0.476190625 0.474703125 0.4751984375 0.4704859375 0.46990781249999997 0.461309375 0.46362500000000006 0.4546125 0.443453125 0.44618125 0.435846875 0.4459328125 0.4236109375 0.451884375 0.420965625 0.4578375 0.4232796875 0.475446875 0.4232796875 0.4985125 0.42493437500000003 0.5 0.4312171875 0.5004953125 0.435846875 0.5047125 0.4381609375 0.5047125 0.44808125 0.4967765625 0.45734062499999995 0.4952875 0.4692453125 0.4952875 0.47354531250000004 0.4935515625 0.47585937500000003 0.483134375
0 0.32446406250000004 0.43566874999999994 0.3156671875 0.44321875000000005 0.31093906250000003 0.45304374999999997 0.3057484375 0.47263124999999995 0.303296875 0.49659375 0.30296249999999997 0.5155796875 0.29479687499999996 0.5321 0.29043437499999997 0.545428125 0.298159375 0.5680375 0.3059140625 0.5796546874999999 0.31574843750000003 0.591090625 0.316509375 0.541875 0.32210625 0.5416984375 0.32446406250000004 0.43566874999999994
0 0.24400781249999998 0.0226453125 0.2380953125 0.022734375 0.25281875 0.030490625 0.2586625 0.028429687500000002 0.24944531250000002 0.024745312499999998 0.24400781249999998 0.0226453125
0 0.214275 0.6954281250000001 0.21945156250000003 0.6921640625000001 0.21410468749999997 0.690534375 0.2090734375 0.6907515625 0.2071625 0.69140625 0.20625 0.6939203125 0.21152968749999998 0.6959203125 0.214275 0.6954281250000001
0 0.22385625 0.710075 0.219790625 0.707365625 0.214484375 0.7047296875 0.21286093749999999 0.7060562499999999 0.2116265625 0.7097 0.214534375 0.7136421875 0.22214062499999998 0.714040625 0.22385625 0.710075
0 0.1996359375 0.7163796875 0.203015625 0.7144515625000001 0.2055515625 0.7083062499999999 0.2016953125 0.70463125 0.1946984375 0.7043781250000001 0.19506874999999999 0.7055265625 0.19506874999999999 0.711190625 0.19578125 0.7153109375 0.1996359375 0.7163796875
0 0.1982828125 0.7350640625 0.2035359375 0.7348921875000001 0.21034843749999999 0.733846875 0.217225 0.7347421875 0.22440625 0.7340203125 0.22809062500000002 0.7264406250000001 0.225475 0.7223546875 0.22267968749999997 0.72129375 0.2074609375 0.7233359375 0.2002640625 0.7250796875 0.19778125 0.7289625 0.1982828125 0.7350640625
0 0.1183859375 0.8082218749999999 0.11509218750000001 0.8082218749999999 0.1074265625 0.8105390625 0.10224843749999998 0.8127578124999999 0.09786875 0.8120765625 0.0952515625 0.8134828125 0.09323125 0.8188281249999999 0.094553125 0.8263921875 0.0969828125 0.8304515625000001 0.10654375 0.8315625000000001 0.10889843749999999 0.8278125 0.11565 0.8259000000000001 0.1279671875 0.8278828125000001 0.1301203125 0.8168453124999999 0.13013125 0.8095765625 0.1242015625 0.808278125 0.1183859375 0.8082218749999999
0 0.10790625000000001 0.835375 0.1046125 0.834375 0.10149531249999999 0.835503125 0.10300000000000001 0.8411671875 0.10999531250000001 0.84180625 0.11062812500000001 0.8380671875000001 0.10790625000000001 0.835375
0 0.20540937499999998 0.8075875 0.20187499999999997 0.8040578125 0.19767812499999998 0.80449375 0.1917984375 0.8068781250000001 0.19019999999999998 0.8184125 0.190621875 0.8218984375 0.19664375 0.8219031250000001 0.2029796875 0.820628125 0.2049859375 0.819725 0.21008437500000002 0.8223796875 0.22722343750000001 0.8048359375 0.2239359375 0.8030312500000001 0.21337343749999998 0.8038421874999999 0.20797812499999999 0.8071703125 0.2134296875 0.8121859375 0.20703125 0.811815625 0.20540937499999998 0.8075875
0 0.20801875 0.7899453125 0.20660625000000002 0.7928359375 0.20660625000000002 0.796003125 0.2130734375 0.7976296875 0.21883124999999998 0.793775 0.214353125 0.7884609375 0.213115625 0.7894281249999999 0.2134328125 0.7878078125 0.21018750000000003 0.7888765624999999 0.20801875 0.7899453125
0 0.703371875 0.6346671875000001 0.698275 0.632465625 0.6914578125 0.6301875 0.6873921875 0.628721875 0.6784609374999999 0.6278937499999999 0.69056875 0.638725 0.699721875 0.643190625 0.705603125 0.643659375 0.7065187500000001 0.6389843749999999 0.703371875 0.6346671875000001
0 0.5294187499999999 0.93296875 0.5290265625 0.922240625 0.518228125 0.920628125 0.5160453125 0.925878125 0.4859640625 0.9367374999999999 0.479615625 0.9497312499999999 0.48064062500000004 0.973640625 0.48319531250000003 0.9897890625000001 0.498246875 0.995665625 0.510153125 0.9958609375 0.5196640625 0.9860703125000001 0.5288468749999999 0.9706906249999999 0.531259375 0.9495609375 0.5294187499999999 0.93296875