0 0.5767203125 0.59375 0.5760578125 0.5853171875000001 0.5780421875 0.5833328125 0.5800265625 0.5830859375 0.58465625 0.5756453125000001 0.5849875 0.5729171875 0.579365625 0.570684375 0.5691140625 0.5689484375 0.5631609375 0.5689484375 0.5562171874999999 0.566715625 0.5515875 0.5701890625 0.5439812500000001 0.5734125 0.540675 0.578125 0.540675 0.5820937500000001 0.5429890625 0.585565625 0.5601859375 0.5989578125 0.56283125 0.59995 0.567790625 0.59995 0.5767203125 0.59375
0 0.564153125 0.5540671875000001 0.5763890625 0.548115625 0.579034375 0.5421625 0.5767203125 0.524553125 0.5767203125 0.5014875 0.5750656249999999 0.5 0.5687828125000001 0.4995046875 0.564153125 0.4952875 0.5618390625 0.4952875 0.55191875 0.5032234375 0.542659375 0.5047125 0.5307546875 0.5047125 0.5264546875 0.5064484375 0.524140625 0.516865625 0.523809375 0.525296875 0.5248015625 0.5295140625 0.5300921875 0.538690625 0.5363749999999999 0.5453875 0.556546875 0.55381875 0.564153125 0.5540671875000001
0 0.7052031249999999 0.46790000000000004 0.709565625 0.45457187499999996 0.701840625 0.4319625 0.6940859374999999 0.4203453125 0.6842515625 0.408909375 0.683490625 0.458125 0.67789375 0.4583015625 0.6755359375000001 0.5643312500000001 0.6843328125 0.55678125 0.6890609375000001 0.54695625 0.6942515625000001 0.52736875 0.696703125 0.50340625 0.6970375 0.4844203125 0.7052031249999999 0.46790000000000004
0 0.7619046875000001 0.977265625 0.74718125 0.969509375 0.7413375 0.9715703124999999 0.7505546875 0.9752546875 0.7559921875 0.9773546874999999 0.7619046875000001 0.977265625
0 0.7884703125 0.3040796875 0.785725 0.304571875 0.7805484375 0.3078359375 0.7858953125 0.30946562499999997 0.7909265624999999 0.30924843750000003 0.7928375 0.30859375 0.79375 0.3060796875 0.7884703125 0.3040796875
0 0.777859375 0.285959375 0.77614375 0.289925 0.780209375 0.292634375 0.785515625 0.2952703125 0.7871390625 0.29394375 0.7883734375 0.2903 0.785465625 0.28635781250000003 0.777859375 0.285959375
0 0.8049312499999999 0.288809375 0.8042187500000001 0.2846890625 0.8003640624999999 0.28362031249999997 0.796984375 0.28554843750000003 0.7944484375 0.29169375 0.7983046875 0.29536875 0.8053015625000001 0.29562187500000003 0.8049312499999999 0.2944734375 0.8049312499999999 0.288809375
0 0.774525 0.2776453125 0.7773203125 0.27870625000000004 0.7925390625000001 0.2766640625 0.7997359375 0.27492031250000004 0.80221875 0.2710375 0.8017171875000001 0.2649359375 0.7964640625 0.26510781250000004 0.7896515625 0.266153125 0.782775 0.26525781249999997 0.77559375 0.2659796875 0.771909375 0.273559375 0.774525 0.2776453125
0 0.90676875 0.181171875 0.905446875 0.17360781249999999 0.9030171875 0.16954843749999998 0.8934562500000001 0.1684375 0.8911015624999999 0.1721875 0.8843500000000001 0.1741 0.8720328125 0.1721171875 0.8698796874999999 0.1831546875 0.86986875 0.1904234375 0.8757984375 0.19172187499999999 0.8816140625 0.191778125 0.8849078125000001 0.191778125 0.8925734375 0.18946093749999998 0.8977515625000001 0.1872421875 0.90213125 0.1879234375 0.9047484375 0.1865171875 0.90676875 0.181171875
0 0.8920937500000001 0.164625 0.8953875 0.165625 0.8985046875 0.16449687500000001 0.897 0.1588328125 0.8900046875 0.15819375 0.8893718749999999 0.1619328125 0.8920937500000001 0.164625
0 0.80335625 0.178096875 0.7970203125 0.17937187500000001 0.7950140625000001 0.18027500000000002 0.789915625 0.17762031250000002 0.7727765625 0.1951640625 0.7760640624999999 0.19696875 0.7866265625 0.1961578125 0.792021875 0.1928296875 0.7865703125 0.1878140625 0.79296875 0.18818437500000001 0.794590625 0.19241250000000001 0.798125 0.1959421875 0.802321875 0.19550625 0.8082015625000001 0.193121875 0.8098000000000001 0.18158749999999999 0.809378125 0.1781015625 0.80335625 0.178096875
0 0.786884375 0.210571875 0.7865671875 0.2121921875 0.7898125 0.2111234375 0.79198125 0.2100546875 0.79339375 0.20716406250000002 0.79339375 0.203996875 0.7869265624999999 0.20237031249999998 0.78116875 0.20622500000000002 0.7856468750000001 0.21153906249999999 0.786884375 0.210571875
0 0.300278125 0.356809375 0.294396875 0.35634062499999997 0.29348125 0.361015625 0.296628125 0.3653328125 0.301725 0.367534375 0.3085421875 0.3698125 0.31260781249999997 0.371278125 0.3215390625 0.37210624999999997 0.30943125 0.361275 0.300278125 0.356809375
0 0.519359375 0.026359375 0.5168046875 0.0102109375 0.501753125 0.004334375 0.489846875 0.0041390625 0.48033593750000003 0.0139296875 0.471153125 0.029309375 0.468740625 0.0504390625 0.47058125000000006 0.06703125 0.4709734375 0.07775937499999999 0.481771875 0.07937187500000001 0.4839546875 0.074121875 0.5140359375 0.0632625 0.520384375 0.050268749999999994 0.519359375 0.026359375