0 0.4308859375 0.5689484375 0.420634375 0.570684375 0.4150125 0.5729171875 0.41534375 0.5756453125000001 0.41997343750000005 0.5830859375 0.4219578125 0.5833328125 0.42394218749999996 0.5853171875000001 0.4232796875 0.59375 0.43220937499999995 0.59995 0.43716875 0.59995 0.4398140625 0.5989578125 0.45701093750000005 0.585565625 0.45932500000000004 0.5820937500000001 0.45932500000000004 0.578125 0.45601875 0.5734125 0.4484125 0.5701890625 0.4437828125 0.566715625 0.4368390625 0.5689484375 0.4308859375 0.5689484375
0 0.4381609375 0.4952875 0.435846875 0.4952875 0.4312171875 0.4995046875 0.42493437500000003 0.5 0.4232796875 0.5014875 0.4232796875 0.524553125 0.420965625 0.5421625 0.4236109375 0.548115625 0.435846875 0.5540671875000001 0.443453125 0.55381875 0.46362500000000006 0.5453875 0.46990781249999997 0.538690625 0.4751984375 0.5295140625 0.476190625 0.525296875 0.47585937500000003 0.516865625 0.47354531250000004 0.5064484375 0.4692453125 0.5047125 0.45734062499999995 0.5047125 0.44808125 0.5032234375 0.4381609375 0.4952875
0 0.298159375 0.4319625 0.29043437499999997 0.45457187499999996 0.29479687499999996 0.46790000000000004 0.30296249999999997 0.4844203125 0.303296875 0.50340625 0.3057484375 0.52736875 0.31093906250000003 0.54695625 0.3156671875 0.55678125 0.32446406250000004 0.5643312500000001 0.32210625 0.4583015625 0.316509375 0.458125 0.31574843750000003 0.408909375 0.3059140625 0.4203453125 0.298159375 0.4319625
0 0.24400781249999998 0.9773546874999999 0.24944531250000002 0.9752546875 0.2586625 0.9715703124999999 0.25281875 0.969509375 0.2380953125 0.977265625 0.24400781249999998 0.9773546874999999
0 0.21410468749999997 0.30946562499999997 0.21945156250000003 0.3078359375 0.214275 0.304571875 0.21152968749999998 0.3040796875 0.20625 0.3060796875 0.2071625 0.30859375 0.2090734375 0.30924843750000003 0.21410468749999997 0.30946562499999997
0 0.214484375 0.2952703125 0.219790625 0.292634375 0.22385625 0.289925 0.22214062499999998 0.285959375 0.214534375 0.28635781250000003 0.2116265625 0.2903 0.21286093749999999 0.29394375 0.214484375 0.2952703125
0 0.2016953125 0.29536875 0.2055515625 0.29169375 0.203015625 0.28554843750000003 0.1996359375 0.28362031249999997 0.19578125 0.2846890625 0.19506874999999999 0.288809375 0.19506874999999999 0.2944734375 0.1946984375 0.29562187500000003 0.2016953125 0.29536875
0 0.225475 0.2776453125 0.22809062500000002 0.273559375 0.22440625 0.2659796875 0.217225 0.26525781249999997 0.21034843749999999 0.266153125 0.2035359375 0.26510781250000004 0.1982828125 0.2649359375 0.19778125 0.2710375 0.2002640625 0.27492031250000004 0.2074609375 0.2766640625 0.22267968749999997 0.27870625000000004 0.225475 0.2776453125
0 0.11565 0.1741 0.10889843749999999 0.1721875 0.10654375 0.1684375 0.0969828125 0.16954843749999998 0.094553125 0.17360781249999999 0.09323125 0.181171875 0.0952515625 0.1865171875 0.09786875 0.1879234375 0.10224843749999998 0.1872421875 0.1074265625 0.18946093749999998 0.11509218750000001 0.191778125 0.1183859375 0.191778125 0.1242015625 0.19172187499999999 0.13013125 0.1904234375 0.1301203125 0.1831546875 0.1279671875 0.1721171875 0.11565 0.1741
0 0.1046125 0.165625 0.10790625000000001 0.164625 0.11062812500000001 0.1619328125 0.10999531250000001 0.15819375 0.10300000000000001 0.1588328125 0.10149531249999999 0.16449687500000001 0.1046125 0.165625
0 0.2239359375 0.19696875 0.22722343750000001 0.1951640625 0.21008437500000002 0.17762031250000002 0.2049859375 0.18027500000000002 0.2029796875 0.17937187500000001 0.19664375 0.178096875 0.190621875 0.1781015625 0.19019999999999998 0.18158749999999999 0.1917984375 0.193121875 0.19767812499999998 0.19550625 0.20187499999999997 0.1959421875 0.20540937499999998 0.19241250000000001 0.20703125 0.18818437500000001 0.2134296875 0.1878140625 0.20797812499999999 0.1928296875 0.21337343749999998 0.1961578125 0.2239359375 0.19696875
0 0.21883124999999998 0.20622500000000002 0.2130734375 0.20237031249999998 0.20660625000000002 0.203996875 0.20660625000000002 0.20716406250000002 0.20801875 0.2100546875 0.21018750000000003 0.2111234375 0.2134328125 0.2121921875 0.213115625 0.210571875 0.214353125 0.21153906249999999 0.21883124999999998 0.20622500000000002
0 0.6784609374999999 0.37210624999999997 0.6873921875 0.371278125 0.6914578125 0.3698125 0.698275 0.367534375 0.703371875 0.3653328125 0.7065187500000001 0.361015625 0.705603125 0.35634062499999997 0.699721875 0.356809375 0.69056875 0.361275 0.6784609374999999 0.37210624999999997
0 0.498246875 0.004334375 0.48319531250000003 0.0102109375 0.48064062500000004 0.026359375 0.479615625 0.050268749999999994 0.4859640625 0.0632625 0.5160453125 0.074121875 0.518228125 0.07937187500000001 0.5290265625 0.07775937499999999 0.5294187499999999 0.06703125 0.531259375 0.0504390625 0.5288468749999999 0.029309375 0.5196640625 0.0139296875 0.510153125 0.0041390625 0.498246875 0.004334375