0 0.6337625 0.1666671875 0.6436843750000001 0.1639390625 0.648478125 0.1608390625 0.6498015625 0.15190937499999999 0.6438484375 0.147196875 0.6438484375 0.140996875 0.6387234375 0.1376484375 0.6278109374999999 0.134425 0.623346875 0.12586875 0.6091265625 0.11768281249999998 0.608134375 0.11321874999999999 0.612103125 0.10701875000000001 0.6124343750000001 0.10205781249999998 0.6016859375 0.100446875 0.5871359375 0.1071421875 0.582340625 0.110490625 0.5813484375 0.1127234375 0.5806875 0.1216515625 0.5830031250000001 0.14496562500000001 0.5816796875 0.1541421875 0.58465625 0.161334375 0.5833328125 0.1732390625 0.5909390625000001 0.1841515625 0.5833328125 0.193825 0.5830031250000001 0.1985359375 0.584325 0.203496875 0.586640625 0.2064734375 0.5894515625000001 0.20858125 0.5982140625000001 0.2119296875 0.590278125 0.2315234375 0.6116078125 0.23511875 0.6296296875 0.2349953125 0.6337625 0.23462343749999998 0.637896875 0.23201875 0.6436843750000001 0.2224703125 0.648975 0.22147812500000003 0.652446875 0.21961875000000003 0.6587296874999999 0.208953125 0.664021875 0.20399375000000003 0.6574078125 0.1968 0.64930625 0.19246093749999998 0.6459984375000001 0.188740625 0.6367390625 0.1845234375 0.62830625 0.1767109375 0.630621875 0.168775 0.6337625 0.1666671875
0 0.793153125 0.159203125 0.79903125 0.1703953125 0.8050593750000001 0.1726375 0.8225250000000001 0.1709546875 0.82440625 0.16568125 0.8183015625 0.1631109375 0.8063046875 0.1583328125 0.8037890624999999 0.15461562499999998 0.800025 0.1540875 0.7937796875 0.1543484375 0.793153125 0.159203125
0 0.642321875 0.1326859375 0.64683125 0.13794843750000002 0.6551796875 0.14573750000000002 0.6643671875 0.14757343750000002 0.6654765625 0.1453828125 0.669575 0.1396390625 0.6699234374999999 0.13575625 0.658640625 0.1299859375 0.6482218750000001 0.1255078125 0.6415890625 0.12336093749999999 0.6410078125 0.1284421875 0.642321875 0.1326859375
0 0.579215625 0.22042343749999999 0.5784046875 0.23501249999999999 0.5774843749999999 0.248021875 0.57878125 0.266640625 0.5856765625 0.27761718750000003 0.5964750000000001 0.274915625 0.5975875 0.26828281249999997 0.592034375 0.259425 0.5913609375 0.25036875 0.5893390625 0.2367203125 0.5922156249999999 0.22853906249999997 0.5876828125 0.216728125 0.5859671875 0.2099421875 0.584125 0.20043281249999997 0.5872734375 0.1904328125 0.58938125 0.1831625 0.582828125 0.1728453125 0.58244375 0.167071875 0.583015625 0.156721875 0.5775921875 0.14628125 0.5775890625 0.16268125 0.5756234375 0.173396875 0.5805765625 0.19559375 0.5805765625 0.20299843750000002 0.579215625 0.22042343749999999
0 0.581884375 0.29557500000000003 0.5841031250000001 0.308490625 0.5878359375 0.304171875 0.58944375 0.29840468750000004 0.5885234374999999 0.2952015625 0.5882078125 0.29290937499999997 0.5871171875 0.28605468749999996 0.5856734375 0.28599687500000004 0.5836 0.290240625 0.581884375 0.29557500000000003
0 0.58899375 0.3639421875 0.5891984375 0.3581578125 0.5904671875 0.350071875 0.5846828125 0.34730625000000004 0.5845296875 0.35545312500000004 0.58340625 0.36672812499999996 0.5831578125 0.377290625 0.582390625 0.39068281250000003 0.58811875 0.3909765625 0.5909265625 0.38465625000000003 0.5928765625 0.3779015625 0.5887734375 0.37559062499999996 0.5895484375 0.3718515625 0.58899375 0.3639421875
0 0.5918109375 0.43638750000000004 0.5901484375 0.4318546875 0.5887749999999999 0.420790625 0.5910375 0.41600625 0.5933046875 0.4091078125 0.5876828125 0.4083640625 0.586471875 0.409653125 0.5812953125 0.4149 0.5809796875 0.4200953125 0.58098125 0.434803125 0.5805546875 0.4438328125 0.5819625 0.45636875000000005 0.5845281250000001 0.46670156250000006 0.5876734375 0.468321875 0.59173125 0.45902343749999996 0.5901109375 0.45206093750000004 0.5918109375 0.4424234375 0.5918109375 0.43638750000000004
0 0.5808125000000001 0.539465625 0.5985125 0.556053125 0.6049625 0.55391875 0.6174375000000001 0.5472703125 0.6319234375 0.538628125 0.63795 0.5278640625000001 0.6380546875 0.518596875 0.6333109375 0.5118031249999999 0.62860625 0.507340625 0.6165875 0.50474375 0.6090046874999999 0.503478125 0.6000890625 0.50485 0.6050484375 0.49734531249999997 0.6051234375 0.491778125 0.6058265625 0.489003125 0.6051796875 0.48330624999999994 0.5973671875 0.4810390625 0.592521875 0.48143906249999996 0.591328125 0.47439687499999994 0.5870921874999999 0.474471875 0.5832453125 0.48129687499999996 0.581778125 0.49080781250000005 0.5829375 0.5044625 0.5818156250000001 0.5192359375 0.58143125 0.5285078125 0.5762125 0.5300296875 0.5666140625 0.5249515625 0.556896875 0.5203796875 0.5528671875 0.5221625000000001 0.5654390625 0.534725 0.5733875 0.5352578125 0.5808125000000001 0.539465625
0 0.6014546875 0.601159375 0.6124640625 0.5926828125 0.611159375 0.5865375 0.6046859375 0.580003125 0.5963265625 0.57575 0.589434375 0.581934375 0.580225 0.5902203125 0.589546875 0.6023859375 0.6014546875 0.601159375
0 0.6272968750000001 0.6807531250000001 0.6375046875 0.6770203125 0.6407625 0.6753671875 0.6444765625 0.66969375 0.6478515625 0.663071875 0.6466828125 0.6586921875 0.6469343750000001 0.65291875 0.6455609375 0.6445671875000001 0.6415437500000001 0.6404328125000001 0.6371640625 0.6371484374999999 0.6313875 0.6327484375 0.618475 0.6283765625 0.613890625 0.62886875 0.6054203125 0.6354390624999999 0.5969984375 0.640821875 0.596671875 0.6355546875 0.597375 0.6265562499999999 0.59285 0.6112390624999999 0.59503125 0.6077921875000001 0.59260625 0.6060796875000001 0.5896453125 0.6060828125 0.589303125 0.6161984375 0.587384375 0.6558828125 0.5881875 0.6774125 0.5881296875 0.689465625 0.5949703125 0.701078125 0.6004031249999999 0.6987484375 0.606715625 0.69581875 0.61219375 0.69088125 0.6174015625 0.6863359375 0.6272968750000001 0.6807531250000001
0 0.5250125 0.7173296875 0.5205968750000001 0.7121593749999999 0.518340625 0.71316875 0.5136984375 0.7161921875 0.5105953125 0.722471875 0.5139890625 0.722984375 0.5230859375 0.7193234375 0.5250125 0.7173296875
0 0.555303125 0.8107468750000001 0.5665312499999999 0.8092953125 0.5703109375000001 0.8077781249999999 0.5756171875 0.8067796875000001 0.587571875 0.8041421874999999 0.5912609375 0.8011265625 0.5949546875 0.792540625 0.5963359374999999 0.7817453125 0.5948265625 0.7669125 0.5914906249999999 0.7562765625 0.588640625 0.75315 0.5805828125 0.7584828124999999 0.5703406249999999 0.7585031250000001 0.5655890625 0.754775 0.5627765625000001 0.75453125 0.5491609375000001 0.7624 0.5382781249999999 0.7706671875 0.5227078125 0.7835390624999999 0.518621875 0.7907359375 0.522253125 0.8037468750000001 0.531503125 0.8118578125000001 0.5399234374999999 0.8120468750000001 0.555303125 0.8107468750000001
0 0.149434375 0.869784375 0.15676874999999998 0.8676921875 0.1591890625 0.8638640625 0.1640140625 0.8550593750000001 0.1589078125 0.853928125 0.1556046875 0.8568140625 0.151034375 0.8619406250000001 0.14920781249999998 0.8666937499999999 0.149434375 0.869784375
0 0.266503125 0.9197953125 0.2705765625 0.9155875 0.2767546875 0.9127921875 0.288490625 0.9027328125 0.28855624999999996 0.9013734375 0.286559375 0.8992046874999999 0.282921875 0.8998484375 0.276128125 0.9028875 0.266859375 0.9088125 0.25961406249999996 0.91424375 0.25038125 0.9186624999999999 0.2443609375 0.9284078125 0.24209999999999998 0.9368968750000001 0.2453125 0.9361546875 0.25484375 0.9302484375000001 0.26082031250000004 0.924534375 0.266503125 0.9197953125
0 0.534821875 0.9340171875 0.5435109375 0.9332499999999999 0.548009375 0.9363921875000001 0.5560937499999999 0.9429812500000001 0.569121875 0.947196875 0.5781046875 0.9491234375 0.5836812499999999 0.952240625 0.5905390625 0.9570125 0.5921359374999999 0.9487828125 0.5949984374999999 0.944690625 0.5938359375 0.9308624999999999 0.594121875 0.9194828125000001 0.5985750000000001 0.911671875 0.5991375 0.8986750000000001 0.595440625 0.8902875 0.5936296875 0.8896234375000001 0.5896703125 0.8934796875 0.57884375 0.8887171875 0.5754953125 0.889325 0.566475 0.892015625 0.5615609375 0.89394375 0.5569640625 0.8984890625 0.5428765624999999 0.9015656249999999 0.5366515625 0.9054359375000001 0.5286359375 0.9111171875 0.527275 0.9142609374999999 0.5288703124999999 0.9175046874999999 0.52916875 0.9266781249999999 0.529053125 0.93083125 0.530084375 0.936196875 0.534821875 0.9340171875
0 0.74093125 0.8927078125 0.7411390625000001 0.8954906250000001 0.7435234375 0.9026624999999999 0.7533359374999999 0.9066703125 0.7629109374999999 0.9083078125 0.7470359375 0.891803125 0.74093125 0.8927078125
0 0.6107484375000001 1 0.6143296874999999 0.9931265625 0.6091078125 0.9925625 0.605278125 0.9933609375 0.5963765624999999 1 0.6107484375000001 1