0 0.6957109375 0.5779171875 0.688353125 0.5624703125 0.6708015625 0.562053125 0.6328046875 0.56745625 0.619 0.5785890625000001 0.614475 0.5871593749999999 0.6146015625000001 0.59615625 0.6193546875 0.600996875 0.6320718750000001 0.605853125 0.6539578125000001 0.6090796875 0.6667046875 0.6087578125 0.6851828125 0.6016343749999999 0.6920843750000001 0.5944984375 0.6975125 0.5871593749999999 0.6957109375 0.5779171875
0 0.3453390625 0.5851015625 0.3527125 0.5947843749999999 0.3664046875 0.600521875 0.3801140625 0.602246875 0.39985468750000003 0.6002296874999999 0.4070890625 0.5987859375 0.42645156249999994 0.593428125 0.431346875 0.5854265625 0.43064375000000005 0.5812968749999999 0.42828906250000004 0.568990625 0.421390625 0.5573359375 0.40181875 0.5511390625 0.38364375 0.549534375 0.35862812499999996 0.5520937499999999 0.3427046875 0.561690625 0.3417125 0.5706640625 0.3453390625 0.5851015625
0 0.11416875 0.6421187500000001 0.0772203125 0.662703125 0.0461125 0.67886875 0.1011921875 0.69066875 0.141471875 0.6970109375 0.1914734375 0.7051109375 0.216190625 0.7065109374999999 0.231590625 0.70169375 0.2552078125 0.71295625 0.271225 0.71795 0.27543281249999996 0.7144828125 0.282396875 0.7068046875 0.265296875 0.70180625 0.262046875 0.693509375 0.293659375 0.6935890625 0.28462031250000003 0.689990625 0.261046875 0.6736234375000001 0.2470890625 0.6589328125 0.229634375 0.61498125 0.24711875 0.5656859375 0.315690625 0.5340796875 0.34037968749999997 0.527409375 0.40958750000000005 0.5062203125 0.5087515625 0.4976828125 0.6675765625000001 0.5177203125000001 0.7461562500000001 0.5556375 0.7697703125 0.59711875 0.756690625 0.643175 0.731434375 0.6645734375 0.710065625 0.68209375 0.6875625000000001 0.6925796875 0.6517359375 0.7045078124999999 0.6324015625 0.7106625 0.62238125 0.7148234375 0.63690625 0.7835046875 0.6565734375 0.798009375 0.6861609375 0.8183765624999999 0.6957140625 0.8043359375 0.6994890625 0.7960578125 0.7037734375 0.7878499999999999 0.71 0.7702734375 0.7268421875 0.744834375 0.731634375 0.7355609375000001 0.7347828125 0.7225953125 0.740046875 0.7133234374999999 0.7490375 0.7122015625 0.7490375 0.7027078125 0.7527671875 0.6948624999999999 0.7644671875 0.6652734375 0.791296875 0.61989375 0.8120156250000001 0.5741265624999999 0.8243359375000001 0.5672265624999999 0.8264906249999999 0.55669375 0.8279046875 0.54408125 0.844290625 0.511640625 0.8826234375 0.447603125 0.8662593749999999 0.45684218750000005 0.8455406249999999 0.46861406250000004 0.8135312499999999 0.4857578125 0.78568125 0.494603125 0.7271484375 0.4999421875 0.702428125 0.4817625 0.6834421875000001 0.4588265625 0.65141875 0.45888906250000006 0.5772703124999999 0.4472828125 0.559434375 0.439409375 0.5356375 0.4165953125 0.48062812499999996 0.39654687499999997 0.47237343750000005 0.41366250000000004 0.529675 0.4490078125 0.5286390625 0.4494828125 0.443825 0.444025 0.40685000000000004 0.4754703125 0.39221093749999997 0.48179062500000003 0.397390625 0.45050468749999995 0.370625 0.42669843749999997 0.3171015625 0.41221406250000003 0.294021875 0.43142812499999994 0.313075 0.448903125 0.3524828125 0.4702921875 0.3234796875 0.48270468749999995 0.2865125 0.48057812499999997 0.2791765625 0.4655796875 0.2231265625 0.4822796875 0.2092046875 0.4977921875 0.21890625 0.5221171874999999 0.2372328125 0.5478078125 0.2322859375 0.5574609374999999 0.1944109375 0.55513125 0.1753328125 0.5299671874999999 0.1319546875 0.5173671875 0.1191640625 0.5192703125 0.14504062499999998 0.5475234375 0.172684375 0.5557609375 0.1897734375 0.5663765625 0.19513750000000002 0.578796875 0.2145375 0.58415 0.223815625 0.585225 0.218821875 0.604875 0.1873296875 0.6039109375 0.165815625 0.6131203125 0.1393859375 0.5991734375 0.1269078125 0.6025359375 0.14105937500000001 0.61413125 0.1939921875 0.6316359375 0.21132656249999998 0.6520640625 0.1969921875 0.650309375 0.160009375 0.6391515625 0.1385046875 0.6339734375 0.11416875 0.6421187500000001
0 0.3291671875 0.79774375 0.37679375 0.77196875 0.38916875 0.76969375 0.36171875 0.7727234375 0.322071875 0.7743375 0.296253125 0.783196875 0.29734531249999996 0.7920499999999999 0.3015046875 0.8000125 0.3019015625 0.8144875 0.3291671875 0.79774375
0 0.3100203125 0.7596578125 0.319921875 0.7484796874999999 0.3139015625 0.7466578125 0.300025 0.7547109375 0.3100203125 0.7596578125
0 0.37545 0.732421875 0.3795359375 0.7397046875 0.3913 0.74570625 0.397025 0.74395 0.39685156250000003 0.7379140625 0.37545 0.732421875
0 0.774296875 0.4625078125 0.78125 0.46637812500000003 0.7892359375 0.45714531249999996 0.7847953125 0.445790625 0.7710125 0.43936093749999994 0.7625328125 0.44565781250000003 0.7656515625 0.45611875 0.774296875 0.4625078125
0 0.84613125 0.40308593750000005 0.8842828125000001 0.3887375 0.877240625 0.38380000000000003 0.8530875 0.38911875 0.84613125 0.40308593750000005
0 0.8619843749999999 0.44657656250000005 0.8729765625000001 0.44705625 0.881315625 0.43835625 0.8742625 0.43206875 0.8607984375 0.4325859375 0.8578671874999999 0.441290625 0.8619843749999999 0.44657656250000005
0 0.0810890625 0.5651312500000001 0.0669125 0.573715625 0.06820156250000001 0.5817390625 0.073365625 0.583871875 0.0902 0.5696859375 0.0810890625 0.5651312500000001
0 0.0711265625 0.79191875 0.056310937500000005 0.79640625 0.058987500000000005 0.8064484375 0.0620046875 0.8084078124999999 0.0775890625 0.8045734375 0.0711265625 0.79191875
0 0 0.8237125000000001 0.017653125 0.8281468750000001 0.028064062499999997 0.8301093749999999 0.041553125 0.8254515625 0.0076906249999999995 0.8171781250000001 0 0.8237125000000001