0 0.6539578125000001 0.3909203125 0.6320718750000001 0.394146875 0.6193546875 0.399003125 0.6146015625000001 0.40384374999999995 0.614475 0.412840625 0.619 0.42141093749999997 0.6328046875 0.43254374999999995 0.6708015625 0.437946875 0.688353125 0.4375296875 0.6957109375 0.42208281249999996 0.6975125 0.412840625 0.6920843750000001 0.4055015625 0.6851828125 0.398365625 0.6667046875 0.3912421875 0.6539578125000001 0.3909203125
0 0.40181875 0.4488609375 0.421390625 0.4426640625 0.42828906250000004 0.43100937500000003 0.43064375000000005 0.41870312500000006 0.431346875 0.4145734375 0.42645156249999994 0.406571875 0.4070890625 0.40121406249999997 0.39985468750000003 0.3997703125 0.3801140625 0.39775312500000004 0.3664046875 0.399478125 0.3527125 0.405215625 0.3453390625 0.41489843750000005 0.3417125 0.4293359375 0.3427046875 0.43830937499999995 0.35862812499999996 0.44790625000000006 0.38364375 0.450465625 0.40181875 0.4488609375
0 0.1939921875 0.3683640625 0.14105937500000001 0.38586875 0.1269078125 0.3974640625 0.1393859375 0.4008265625 0.165815625 0.3868796875 0.1873296875 0.39608906250000003 0.218821875 0.395125 0.223815625 0.414775 0.2145375 0.41585 0.19513750000000002 0.421203125 0.1897734375 0.4336234375 0.172684375 0.4442390625 0.14504062499999998 0.45247656249999996 0.1191640625 0.48072968749999995 0.1319546875 0.4826328125 0.1753328125 0.47003281250000006 0.1944109375 0.44486875000000003 0.2322859375 0.4425390625 0.2372328125 0.4521921875 0.21890625 0.47788281250000003 0.2092046875 0.5022078125 0.2231265625 0.5177203125000001 0.2791765625 0.5344203125 0.2865125 0.519421875 0.3234796875 0.5172953125 0.3524828125 0.5297078125 0.313075 0.551096875 0.294021875 0.5685718750000001 0.3171015625 0.5877859375 0.370625 0.5733015625 0.397390625 0.5494953125 0.39221093749999997 0.518209375 0.40685000000000004 0.5245296875000001 0.443825 0.555975 0.5286390625 0.5505171875 0.529675 0.5509921875 0.47237343750000005 0.5863375 0.48062812499999996 0.6034531249999999 0.5356375 0.5834046875000001 0.559434375 0.560590625 0.5772703124999999 0.5527171875 0.65141875 0.5411109374999999 0.6834421875000001 0.5411734375 0.702428125 0.5182375 0.7271484375 0.5000578124999999 0.78568125 0.505396875 0.8135312499999999 0.5142421875000001 0.8455406249999999 0.5313859375 0.8662593749999999 0.5431578125 0.8826234375 0.552396875 0.844290625 0.48835937500000004 0.8279046875 0.45591875000000004 0.8264906249999999 0.44330625 0.8243359375000001 0.4327734375 0.8120156250000001 0.42587343750000006 0.791296875 0.38010625 0.7644671875 0.3347265625 0.7527671875 0.3051375 0.7490375 0.29729218749999997 0.7490375 0.2877984375 0.740046875 0.2866765625 0.7347828125 0.27740468749999997 0.731634375 0.26443906250000004 0.7268421875 0.255165625 0.71 0.2297265625 0.7037734375 0.21215 0.6994890625 0.20394218749999998 0.6957140625 0.19566406249999999 0.6861609375 0.1816234375 0.6565734375 0.201990625 0.63690625 0.21649531249999998 0.62238125 0.2851765625 0.6324015625 0.28933749999999997 0.6517359375 0.2954921875 0.6875625000000001 0.3074203125 0.710065625 0.31790625 0.731434375 0.3354265625 0.756690625 0.356825 0.7697703125 0.40288124999999997 0.7461562500000001 0.4443625 0.6675765625000001 0.4822796875 0.5087515625 0.5023171875 0.40958750000000005 0.4937796875 0.34037968749999997 0.47259062500000004 0.315690625 0.46592031250000004 0.24711875 0.43431406250000004 0.229634375 0.38501875 0.2470890625 0.3410671875 0.261046875 0.3263765625 0.28462031250000003 0.31000937500000003 0.293659375 0.30641093750000004 0.262046875 0.306490625 0.265296875 0.29819375 0.282396875 0.2931953125 0.27543281249999996 0.2855171875 0.271225 0.28205 0.2552078125 0.28704375 0.231590625 0.29830625 0.216190625 0.2934890625 0.1914734375 0.2948890625 0.141471875 0.3029890625 0.1011921875 0.30933125 0.0461125 0.32113125 0.0772203125 0.337296875 0.11416875 0.35788125000000004 0.1385046875 0.3660265625 0.160009375 0.3608484375 0.1969921875 0.349690625 0.21132656249999998 0.3479359375 0.1939921875 0.3683640625
0 0.322071875 0.22566250000000002 0.36171875 0.2272765625 0.38916875 0.23030625 0.37679375 0.22803125 0.3291671875 0.20225624999999997 0.3019015625 0.1855125 0.3015046875 0.1999875 0.29734531249999996 0.20795 0.296253125 0.21680312499999999 0.322071875 0.22566250000000002
0 0.300025 0.24528906250000002 0.3139015625 0.25334218750000004 0.319921875 0.2515203125 0.3100203125 0.24034218749999997 0.300025 0.24528906250000002
0 0.37545 0.267578125 0.39685156250000003 0.26208593750000003 0.397025 0.25605 0.3913 0.25429375 0.3795359375 0.2602953125 0.37545 0.267578125
0 0.7892359375 0.5428546875 0.78125 0.5336218749999999 0.774296875 0.5374921875 0.7656515625 0.54388125 0.7625328125 0.5543421875 0.7710125 0.5606390625000001 0.7847953125 0.554209375 0.7892359375 0.5428546875
0 0.8530875 0.61088125 0.877240625 0.6162 0.8842828125000001 0.6112625 0.84613125 0.5969140625 0.8530875 0.61088125
0 0.8729765625000001 0.5529437500000001 0.8619843749999999 0.5534234375 0.8578671874999999 0.5587093750000001 0.8607984375 0.5674140624999999 0.8742625 0.56793125 0.881315625 0.56164375 0.8729765625000001 0.5529437500000001
0 0.0810890625 0.43486874999999997 0.0902 0.43031406250000004 0.073365625 0.416128125 0.06820156250000001 0.41826093750000004 0.0669125 0.426284375 0.0810890625 0.43486874999999997
0 0.0711265625 0.20808125 0.0775890625 0.19542656249999998 0.0620046875 0.1915921875 0.058987500000000005 0.1935515625 0.056310937500000005 0.20359375000000002 0.0711265625 0.20808125
0 0 0.17628749999999999 0.0076906249999999995 0.182821875 0.041553125 0.1745484375 0.028064062499999997 0.16989062500000002 0.017653125 0.171853125 0 0.17628749999999999