0 0.044153125 0.60334375 0.0428546875 0.618709375 0.0468953125 0.627978125 0.0600859375 0.63621875 0.0817046875 0.635921875 0.08973125 0.6152609375 0.0882921875 0.595890625 0.07564531249999999 0.5836640625 0.0714890625 0.58321875 0.057454687500000004 0.5871000000000001 0.044153125 0.60334375
0 0.4053796875 0.6476890625 0.411996875 0.6380078124999999 0.4062671875 0.630303125 0.42218906250000005 0.6083624999999999 0.441865625 0.5890953125 0.46833749999999996 0.57606875 0.42311875 0.5702046875 0.352390625 0.5718640625 0.337209375 0.5737375 0.3071375 0.5788140625 0.2645921875 0.5898453124999999 0.2998421875 0.6038218750000001 0.31036874999999997 0.62790625 0.3325890625 0.62828125 0.3526671875 0.6446921875 0.3683609375 0.64973125 0.36283906250000003 0.6331 0.378234375 0.6148921875 0.38708437500000004 0.6236828125 0.3956390625 0.637465625 0.4053796875 0.6476890625
0 0.6536671875 0.615046875 0.674603125 0.619115625 0.68186875 0.6057265625 0.673071875 0.58536875 0.6515640625 0.5829078125 0.6288218750000001 0.5802921875 0.5956453125000001 0.57918125 0.550521875 0.5744921875 0.5168609375 0.578665625 0.5020671875 0.5959234375 0.501225 0.6159390625000001 0.5127203125 0.6439953125 0.530821875 0.6532890625000001 0.535303125 0.6370578124999999 0.552509375 0.6314328125 0.572103125 0.6470890625 0.580240625 0.646196875 0.5852593749999999 0.6315421875 0.605221875 0.6395578125 0.6216046875 0.6380343749999999 0.631728125 0.6341515625 0.6513171875 0.615053125 0.6536671875 0.615046875
0 0.446546875 1 0.44643437500000005 0.997446875 0.43954062499999996 0.9880718749999999 0.43519375 0.9888359375 0.42899062499999996 0.9922124999999999 0.42515937499999995 0.9986640625 0.43261874999999994 1 0.446546875 1
0 0.5031796875000001 0.9199734375 0.509615625 0.9305031250000001 0.514709375 0.9340578125000001 0.520990625 0.9358953124999999 0.522909375 0.9334421875000001 0.5229328125 0.9260890625 0.5188906249999999 0.9162250000000001 0.5119796875 0.9094093750000001 0.503371875 0.9098328125 0.50190625 0.9143125 0.5031796875000001 0.9199734375
0 0.8726125 0.740596875 0.8681765625000001 0.751240625 0.8703828124999999 0.75241875 0.8784296875000001 0.749109375 0.8825578125 0.7395546875 0.8817828125 0.7391281249999999 0.8804828125 0.739709375 0.8796062499999999 0.7363359375 0.8781609375 0.7362265625 0.8726125 0.740596875
0 0.948565625 0.7842078124999999 0.9511484375 0.7791406249999999 0.9470656249999999 0.7723921875 0.9403703125 0.7712234375 0.936659375 0.7738046875 0.9324781249999999 0.7831859375 0.9299234375 0.79255625 0.9329703125 0.8054671875 0.9422453125000001 0.805134375 0.9457281249999999 0.808465625 0.9514359375 0.8118015625 0.9533765624999999 0.8079046875 0.9527234375000001 0.7960406250000001 0.9523671874999999 0.7922515625 0.94788125 0.7896921875 0.948565625 0.7842078124999999
0 1 0.7324078125 0.9958484375 0.735696875 0.9949375 0.74051875 1 0.742965625 1 0.7324078125
0 0.273734375 0.8140750000000001 0.2714 0.8021546875000001 0.2697640625 0.7990296875 0.2659765625 0.8017937500000001 0.2615453125 0.8082921875 0.255365625 0.82085625 0.260528125 0.8272656250000001 0.273734375 0.8140750000000001
0 0.131309375 0.5942375 0.1415421875 0.605853125 0.163259375 0.5892593749999999 0.131709375 0.5884796875 0.131309375 0.5942375
0 0 0.5969203125 0.0029421875 0.6007281250000001 0.0151265625 0.596028125 0.013353124999999999 0.592084375 0.0021828125 0.5874640624999999 0 0.5969203125