0 0.48989374999999996 0.7517546875 0.49260937499999996 0.7445078125 0.5015484375 0.75075 0.5074515625 0.7513609375 0.5132765625 0.7410249999999999 0.5152765625 0.74008125 0.524546875 0.73914375 0.52799375 0.7374921875 0.5327625 0.7311703125 0.52624375 0.7212109375 0.53548125 0.717165625 0.5226421875 0.716878125 0.49903437500000003 0.7196828125 0.47605624999999996 0.71655 0.44890937500000005 0.72145 0.4366171875 0.7221484375 0.42764687500000004 0.735434375 0.4418921875 0.7595234375000001 0.44645 0.7625656249999999 0.4535078125 0.7577515625 0.4549046875 0.7511453125 0.461321875 0.7451749999999999 0.47276562499999997 0.7563421875 0.4772609375 0.7579140625 0.4781734375 0.7523078125 0.477615625 0.7466390625 0.48117968749999995 0.7465390625 0.48989374999999996 0.7517546875
0 0.34725625 0.75983125 0.353646875 0.752253125 0.3579671875 0.7407874999999999 0.3616171875 0.7324499999999999 0.37112500000000004 0.7514328124999999 0.378096875 0.7546921875 0.378028125 0.7441921875 0.393240625 0.7297953125000001 0.407490625 0.7223703125000001 0.416328125 0.715153125 0.39950312499999996 0.7152499999999999 0.36907968750000003 0.7148890625 0.349278125 0.712053125 0.33247187500000003 0.7125328125 0.292559375 0.7195953125 0.30398125 0.7226 0.31880625 0.7268328125 0.32156093750000003 0.7326171875 0.3300109375 0.7446843750000001 0.332053125 0.7328984375 0.34050625 0.7532 0.34725625 0.75983125
0 0.439884375 0.9186296875 0.43189687499999996 0.9086375 0.42819375 0.909240625 0.42877656249999996 0.9184859375000001 0.4337890625 0.9238484375 0.4397703125 0.9292624999999999 0.44091874999999997 0.923271875 0.439884375 0.9186296875
0 0.48134062499999997 0.9980296875000001 0.48506406249999995 0.9954281249999999 0.490275 0.9836499999999999 0.49396562499999996 0.9755296875000001 0.48963124999999996 0.9736015625000001 0.486425 0.9768234375 0.4773015625 0.98656875 0.47373281250000004 0.99266875 0.48134062499999997 0.9980296875000001
0 0.394859375 0.9581765624999999 0.3909203125 0.9527125 0.389346875 0.9551984375 0.3814890625 0.9636015625000001 0.37577812499999996 0.9624515625000001 0.3751546875 0.9677718750000001 0.3700046875 0.9811890625 0.37051406249999996 0.9933921874999999 0.38313593749999997 1 0.386465625 0.9957765625 0.38975624999999997 0.9905375 0.40113281250000005 0.973384375 0.40107499999999996 0.9687093750000001 0.3978125 0.9626953125 0.394859375 0.9581765624999999
0 0.32661250000000003 0.973421875 0.3244234375 0.9622515625 0.3201453125 0.9634171874999999 0.3201453125 0.9688531250000001 0.31866875 0.9785187499999999 0.3196625 0.985171875 0.32275 0.982925 0.32661250000000003 0.973421875
0 0.2860609375 0.8585328125 0.29184375 0.858975 0.29904375 0.8495359375 0.29733125 0.8418906249999999 0.2860609375 0.8585328125
0 0.6747484375 0.8346828125 0.6716171875 0.8425515625 0.6722328125 0.8501578125 0.6769859375 0.8527546875 0.678115625 0.8549234374999999 0.6848468750000001 0.8576593750000001 0.6851890625 0.848278125 0.6823203125 0.84241875 0.6843828125 0.8372734375 0.682590625 0.832325 0.6787625 0.83174375 0.6747484375 0.8346828125
0 0.641715625 0.8130875 0.635209375 0.8183187500000001 0.6411156250000001 0.8216749999999999 0.6428390625 0.8201015625 0.6481484375 0.8131921875 0.6458453125 0.8104140624999999 0.641715625 0.8130875
0 0.715178125 0.8056484375 0.7108531250000001 0.80408125 0.7055359375 0.8148203125 0.712984375 0.8154421875000001 0.716465625 0.8104515625 0.715178125 0.8056484375
0 0.739103125 0.7245921875 0.7398765625 0.72059375 0.7337046875000001 0.7185078125000001 0.7331609375 0.7247546875 0.736628125 0.7275828125 0.739103125 0.7245921875
0 0.7930375 0.7146796875 0.776 0.7152109375 0.7499374999999999 0.718725 0.74354375 0.720553125 0.7437640625 0.72414375 0.7525453125 0.7339546875 0.761778125 0.7377890625 0.7682734375 0.736590625 0.7766171875000001 0.7383515625 0.786246875 0.7465765625 0.7928265624999999 0.750153125 0.8061171874999999 0.744796875 0.809215625 0.7328328125 0.8175968749999999 0.7184921875 0.814446875 0.7167578125 0.7930375 0.7146796875
0 0.8673640625000001 0.73395 0.8703359374999999 0.734484375 0.8811828125 0.7167578125 0.8808703124999999 0.7163390625 0.8676296875 0.7129484374999999 0.8570187499999999 0.7163109375000001 0.8534656249999999 0.719625 0.8535328124999999 0.7260671875 0.8598328125 0.729478125 0.8673640625000001 0.73395
0 0.8498078124999999 0.8576359374999999 0.8499328125 0.851534375 0.8484984375 0.8500359375000001 0.8446671875 0.8505390625 0.8364984375000001 0.8557984375000001 0.836975 0.8637578124999999 0.84299375 0.8633468750000001 0.8498078124999999 0.8576359374999999
0 1 0.7126015625 0.960234375 0.7220015625 0.9643656249999999 0.7260500000000001 0.9641875000000001 0.73344375 0.9616515625 0.74379375 0.9737609375 0.7468234375 0.9806640625 0.739965625 0.988253125 0.7504562499999999 1 0.761709375 1 0.7514109375 1 0.7126015625
0 0.180675 0.7185890625 0.1733859375 0.720865625 0.1702921875 0.7278390625 0.1714125 0.7356015625000001 0.174325 0.7396421875 0.1845109375 0.7421031250000001 0.1897 0.7425125 0.19148281250000002 0.7361140625 0.194653125 0.722128125 0.19048437499999998 0.72238125 0.185553125 0.7177640625 0.180675 0.7185890625
0 0 0.7795796875 0.0066421875000000005 0.7791171875 0.0080390625 0.7575078125 0.0129296875 0.7588484375 0.013785937500000001 0.7721843749999999 0.020654687499999998 0.770896875 0.027551562499999998 0.760484375 0.03965625 0.7623562500000001 0.043512499999999996 0.7660484375000001 0.0476703125 0.7699984375 0.057115625 0.7637031249999999 0.059125000000000004 0.7546484375 0.076978125 0.7640328125 0.0873796875 0.7614687499999999 0.0863609375 0.7486046875000001 0.0995484375 0.75170625 0.10136562499999999 0.7422 0.1076953125 0.72683125 0.1099359375 0.7244796874999999 0.1228421875 0.730153125 0.12563437500000002 0.72741875 0.12838750000000002 0.7256125 0.14157031250000002 0.7251624999999999 0.1466296875 0.721571875 0.1514359375 0.7152078125 0.1389109375 0.7179109375 0.1206984375 0.7178296875 0.0978296875 0.71854375 0.069625 0.7169531250000001 0.0526921875 0.7171921875 0.030957812499999997 0.718584375 0 0.713353125 0 0.747553125 0 0.7795796875