0 0.09637812500000001 0.737684375 0.0627921875 0.7297203125 0.0377578125 0.74398125 0.0218234375 0.7622203125 0.026003125 0.7738640625000001 0.048162500000000004 0.788378125 0.1050453125 0.79 0.090228125 0.7732546874999999 0.10080156250000001 0.763996875 0.10787968750000002 0.7539078124999999 0.09637812500000001 0.737684375
0 0.140375 0.7770234375 0.1601375 0.76629375 0.16547343750000001 0.7470484374999999 0.1418734375 0.7532921875 0.1167484375 0.7670874999999999 0.1118390625 0.77368125 0.1253390625 0.7780796875 0.1389796875 0.7760203125 0.140375 0.7770234375
0 0.3006828125 0.58035625 0.31415625 0.59824375 0.3212046875 0.6021453125 0.32618593749999997 0.59609375 0.3209109375 0.5689171875000001 0.33590624999999996 0.560415625 0.35779375 0.572878125 0.36810624999999997 0.5700640625 0.38139375000000003 0.5667984374999999 0.3700296875 0.5506656249999999 0.34770625 0.5323078125 0.32972812500000004 0.519140625 0.31570156250000003 0.512996875 0.31236406250000004 0.5250546875000001 0.318984375 0.538459375 0.3240484375 0.5506593750000001 0.31548750000000003 0.5548437500000001 0.3009 0.559859375 0.3006828125 0.58035625
0 0.2490015625 0.52654375 0.25625 0.5240625 0.259603125 0.518671875 0.2522328125 0.5129937499999999 0.24190781249999999 0.5207203125000001 0.24321874999999998 0.5255515625 0.2490015625 0.52654375
0 0.30646249999999997 0.7814671875 0.309265625 0.7721265625 0.3068609375 0.7617984375 0.2899453125 0.760546875 0.284871875 0.7672640625 0.28135625000000003 0.7769328125 0.2805359375 0.7848953125 0.282346875 0.7905593750000001 0.29817031250000003 0.790840625 0.30646249999999997 0.7814671875
0 0.4777390625 0.764665625 0.479340625 0.768546875 0.4821890625 0.771896875 0.49397812500000005 0.7645500000000001 0.49604687500000005 0.7541218749999999 0.48585781250000004 0.7517109375000001 0.4777390625 0.764665625
0 0.99163125 0.26179687500000004 0.97831875 0.2655453125 0.9778265625 0.267790625 0.9858593750000001 0.2744828125 0.9999609375 0.2748078125 0.99163125 0.26179687500000004
0 0.912875 0.41413124999999995 0.8905078124999999 0.42722812499999996 0.87406875 0.4347578125 0.860059375 0.4337515625 0.8496078125000001 0.44419062499999995 0.8611484375 0.4673953125 0.8745984375000001 0.46926249999999997 0.8866625000000001 0.460553125 0.8896015625 0.45354374999999997 0.9188468750000001 0.4292546875 0.9241796875 0.42026562500000003 0.912875 0.41413124999999995
0 0.5552374999999999 0.088390625 0.5543109375 0.09498593749999999 0.5594375 0.0977390625 0.56216875 0.0963953125 0.5626453125 0.087909375 0.5552374999999999 0.088390625
0 0.3044765625 0.07744999999999999 0.31625312499999997 0.06998125 0.3193609375 0.0641453125 0.3080046875 0.058115625000000004 0.29757968749999997 0.067053125 0.2966671875 0.0726375 0.3044765625 0.07744999999999999
0 0.35139062499999996 0.140690625 0.3429125 0.13256718750000002 0.3325625 0.1272765625 0.32501250000000004 0.128328125 0.321621875 0.13988125 0.3359046875 0.155140625 0.3497734375 0.162671875 0.358128125 0.16203125000000002 0.3625171875 0.15541875 0.35139062499999996 0.140690625
0 0.3212078125 0.2990828125 0.3269328125 0.28797656250000003 0.32697656249999996 0.2712671875 0.3177203125 0.2351828125 0.32451093750000004 0.2108390625 0.323446875 0.188309375 0.3190703125 0.1584203125 0.3139296875 0.14305937500000002 0.3125453125 0.14086875000000001 0.31225 0.12748593749999998 0.3024515625 0.1306328125 0.304375 0.1603109375 0.30659843750000004 0.175778125 0.30284374999999997 0.195096875 0.30133125 0.21940624999999997 0.2727125 0.2987140625 0.25184531250000003 0.3188390625 0.23101875 0.339409375 0.22906875000000002 0.3527390625 0.250346875 0.3473953125 0.277471875 0.33163593750000003 0.284421875 0.3554921875 0.289128125 0.37345 0.29843281250000003 0.3965515625 0.31128125 0.387621875 0.314965625 0.3709 0.328121875 0.3490671875 0.33187812499999997 0.33871875 0.3271484375 0.32480312499999997 0.3212078125 0.2990828125
0 0.1145 0.33114374999999996 0.1201484375 0.3253765625 0.1189078125 0.3196765625 0.111109375 0.319225 0.1032703125 0.32933124999999996 0.10181718749999999 0.333290625 0.1145 0.33114374999999996