0 0.7317750000000001 0.37389843749999996 0.7101765624999999 0.37477031250000004 0.7182484375 0.3754015625 0.7336984375 0.37510937499999997 0.7317750000000001 0.37389843749999996
0 0.6563140625 0.37977500000000003 0.6725953125 0.379009375 0.6946656250000001 0.3769296875 0.6894828125 0.37555937500000003 0.681315625 0.3754140625 0.6748015625 0.3769703125 0.6665625000000001 0.3780203125 0.6563140625 0.37977500000000003
0 0.5844734375 0.37684843749999997 0.573415625 0.3801171875 0.566971875 0.3838828125 0.5721765624999999 0.3856734375 0.6198 0.381996875 0.6174390625 0.37967343750000004 0.6036203125 0.3768875 0.5844734375 0.37684843749999997
0 0.471090625 0.3722921875 0.4553828125 0.3796015625 0.440025 0.3882140625 0.43753281250000003 0.3949046875 0.4464203125 0.3947203125 0.52821875 0.38822812500000003 0.5217703124999999 0.38396718750000003 0.4946703125 0.3800453125 0.471090625 0.3722921875
0 0.330259375 0.4018484375 0.3541109375 0.40108125 0.3772109375 0.399190625 0.3990375 0.398184375 0.413165625 0.398184375 0.4286125 0.39506406250000003 0.4220546875 0.3893359375 0.40228281250000003 0.3868015625 0.390840625 0.3889078125 0.3784765625 0.3932140625 0.3686484375 0.38816875 0.357990625 0.39380625 0.358128125 0.3941203125 0.347934375 0.39106874999999997 0.3346484375 0.390571875 0.32191875 0.3918140625 0.31617812500000003 0.395671875 0.3152703125 0.39899062500000004 0.3045328125 0.3995421875 0.2894609375 0.399290625 0.27761562500000003 0.4023703125 0.26568125 0.40315625 0.26053125 0.4061828125 0.3078703125 0.40313906250000003 0.330259375 0.4018484375
0 0.154490625 0.39335 0.14373125 0.4022984375 0.147946875 0.41051562500000005 0.159353125 0.41240468750000003 0.21794843749999998 0.4091625 0.2479046875 0.406415625 0.24064375 0.40350937499999995 0.22947968749999997 0.39732500000000004 0.2189828125 0.40358593750000005 0.20982812499999998 0.40261718750000003 0.1951703125 0.397646875 0.1709984375 0.391384375 0.154490625 0.39335
0 0.09395624999999999 0.406121875 0.08529375 0.41014375000000003 0.075946875 0.4131359375 0.0515609375 0.41153281249999996 0.0341859375 0.4133171875 0.0230234375 0.41616093750000005 0.012178125 0.42062968749999996 0.015828125000000002 0.4210453125 0.0320125 0.42021406250000004 0.08766874999999999 0.4164 0.10316406250000001 0.41612968749999996 0.1380421875 0.4133046875 0.130928125 0.4079515625 0.12154374999999999 0.403671875 0.105896875 0.40313906250000003 0.09395624999999999 0.406121875
0 0.0157265625 0.6076234375 0.0465265625 0.6122359375 0.0618890625 0.61428125 0.095534375 0.614284375 0.10951875 0.60775 0.13107968750000001 0.6012328124999999 0.15818749999999998 0.5983515625 0.15735 0.5920046875 0.1365265625 0.5915984375 0.12066406249999999 0.5931328125 0.10040625 0.5936874999999999 0.0803734375 0.59455 0.07192499999999999 0.5936453125 0.061250000000000006 0.590646875 0.053818750000000005 0.594515625 0.0449265625 0.5938343749999999 0.036165625 0.5937078125 0.0280625 0.5953593749999999 0.0194328125 0.5977390625 0.012853125000000002 0.6044984375 0.0157265625 0.6076234375
0 0.23923437500000003 0.209653125 0.21764375 0.211403125 0.20317968749999998 0.21404062499999998 0.18371875 0.214228125 0.1701875 0.21620468750000002 0.1444015625 0.2194640625 0.12085937499999999 0.220965625 0.108771875 0.2234125 0.06740937500000001 0.2286453125 0.051854687499999996 0.23388593750000003 0.05565 0.23575624999999997 0.1978609375 0.2191875 0.4204328125 0.1918296875 0.60768125 0.1713390625 0.5814375 0.16652499999999998 0.5632859375 0.167171875 0.54166875 0.1710828125 0.525190625 0.17258281250000002 0.5057625 0.1762921875 0.4862703125 0.177090625 0.4722015625 0.17729843750000002 0.4702375 0.169759375 0.44268124999999997 0.16000468750000002 0.4214953125 0.164490625 0.40718750000000004 0.16821250000000001 0.3880015625 0.165225 0.3643453125 0.16142812499999998 0.272046875 0.175190625 0.257125 0.1914640625 0.24850625 0.2008078125 0.23923437500000003 0.209653125
0 0.1891703125 0.19735625 0.1983859375 0.1883734375 0.1939453125 0.18470781249999998 0.1843921875 0.1848921875 0.15888906249999998 0.1891359375 0.14625625 0.2031609375 0.16260625 0.2029296875 0.175015625 0.2015515625 0.1891703125 0.19735625
0 0.64631875 0.1382328125 0.640275 0.1360078125 0.63054375 0.13534531249999998 0.6238890625 0.1392484375 0.6257734375 0.14258593749999998 0.6287609375 0.145734375 0.6319203124999999 0.14437968750000002 0.6435703125 0.1431546875 0.64631875 0.1382328125
0 1 0.11544531250000001 0.99846875 0.11639375 0.9847078125 0.11944375 0.9721671875 0.121740625 0.9615734375 0.123171875 0.9528609375 0.12309218749999999 0.9531203125 0.1193921875 0.9656343749999999 0.109765625 0.9646359375 0.10608124999999999 0.9521875 0.1109890625 0.9467453125 0.1072203125 0.9437015625 0.0943359375 0.9308453125 0.10068593749999999 0.9250265625 0.1128734375 0.9281734374999999 0.125575 0.9094906249999999 0.128884375 0.89110625 0.131571875 0.8738890625 0.131809375 0.86605625 0.13212812499999999 0.8387593750000001 0.135896875 0.82898125 0.13729843749999998 0.8029515625 0.1415109375 0.7885515625 0.1434359375 0.7763703125 0.14584999999999998 0.7630625 0.1492328125 0.7598843750000001 0.1357390625 0.7512140625 0.136946875 0.7561328125 0.14851562499999998 0.7412171875 0.1508203125 0.7086125 0.1561703125 0.6939656249999999 0.1578390625 0.6736203125 0.157496875 0.66035625 0.1617953125 0.6492125 0.1635546875 0.63753125 0.16124375 0.6291328125 0.162896875 0.6381109375 0.165203125 0.6264609375 0.16584375 0.6108421875000001 0.1677296875 0.6046171874999999 0.17198125 1 0.1237953125 1 0.11544531250000001
0 0.025984374999999997 0.070125 0.0350796875 0.066896875 0.03098125 0.063925 0.023778125 0.059371875 0.0199953125 0.059676562499999995 0.0203109375 0.0662375 0.0189421875 0.06892812499999999 0.021215625 0.070125 0.025984374999999997 0.070125
0 0.2421828125 0.03495625 0.2313734375 0.034546875 0.22094062499999997 0.030503125 0.204815625 0.035725 0.1942765625 0.048459375 0.2521734375 0.039115625 0.2421828125 0.03495625