0 0.2817515625 0.6245984375 0.2663015625 0.624890625 0.268225 0.6261015624999999 0.2898234375 0.6252296875 0.2817515625 0.6245984375
0 0.32740468749999996 0.620990625 0.305334375 0.6230703125 0.3105171875 0.624440625 0.318684375 0.6245859375 0.3251984375 0.6230296875 0.3334375 0.6219796875 0.3436859375 0.620225 0.32740468749999996 0.620990625
0 0.426584375 0.6198828125 0.433028125 0.6161171875 0.4278234375 0.6143265625 0.3802 0.618003125 0.3825609375 0.6203265625000001 0.39637968749999997 0.6231125 0.41552656250000003 0.6231515625 0.426584375 0.6198828125
0 0.559975 0.6117859375 0.5624671875 0.6050953125 0.5535796875 0.6052796875 0.47178125 0.611771875 0.4782296875 0.6160328125000001 0.5053296875 0.6199546875 0.528909375 0.6277078125 0.5446171875 0.6203984375 0.559975 0.6117859375
0 0.6954671875 0.6004578125 0.7105390625 0.600709375 0.7223843750000001 0.5976296875 0.73431875 0.59684375 0.73946875 0.5938171875 0.6921296875 0.5968609375 0.669740625 0.5981515625 0.6458890625 0.5989187499999999 0.6227890625 0.600809375 0.6009625 0.601815625 0.586834375 0.601815625 0.5713874999999999 0.6049359375 0.5779453125 0.6106640624999999 0.5977171875 0.6131984375 0.6091593750000001 0.6110921874999999 0.6215234374999999 0.6067859375 0.6313515625 0.61183125 0.642009375 0.60619375 0.641871875 0.6058796875 0.652065625 0.60893125 0.6653515624999999 0.609428125 0.67808125 0.6081859374999999 0.683821875 0.604328125 0.6847296875 0.6010093750000001 0.6954671875 0.6004578125
0 0.75935625 0.596490625 0.7705203125 0.602675 0.7810171875 0.5964140625 0.790171875 0.5973828125 0.8048296875000001 0.6023531249999999 0.8290015625 0.608615625 0.845509375 0.6066499999999999 0.8562687499999999 0.5977015625 0.852053125 0.589484375 0.840646875 0.5875953125 0.7820515625 0.5908375 0.7520953125000001 0.593584375 0.75935625 0.596490625
0 0.91233125 0.5836 0.8968359375 0.5838703125 0.8619578125 0.5866953125000001 0.869071875 0.5920484375 0.8784562499999999 0.596328125 0.894103125 0.5968609375 0.90604375 0.593878125 0.91470625 0.58985625 0.924053125 0.5868640625 0.9484390625 0.5884671875 0.9658140625 0.5866828125 0.9769765625 0.5838390625 0.9878218750000001 0.5793703125 0.984171875 0.5789546875 0.9679874999999999 0.5797859375 0.91233125 0.5836
0 0.9461812500000001 0.405484375 0.9550734375 0.40616562500000003 0.963834375 0.40629218749999996 0.9719374999999999 0.40464062500000003 0.9805671874999999 0.4022609375 0.987146875 0.3955015625 0.9842734375 0.3923765625 0.9534734374999999 0.3877640625 0.9381109375 0.38571875 0.9044656249999999 0.385715625 0.89048125 0.39225 0.8689203125 0.3987671875 0.8418125 0.4016484375 0.8426500000000001 0.40799531250000004 0.8634734375 0.40840156250000004 0.8793359374999999 0.40686718749999995 0.89959375 0.4063125 0.9196265625000001 0.40545 0.928075 0.40635468750000003 0.93875 0.409353125 0.9461812500000001 0.405484375
0 0.5928125 0.8317875000000001 0.6119984374999999 0.8347749999999999 0.6356546875 0.8385718750000001 0.727953125 0.8248093750000001 0.742875 0.8085359375 0.7514937500000001 0.7991921875 0.760765625 0.790346875 0.7823562500000001 0.788596875 0.7968203125 0.785959375 0.81628125 0.785771875 0.8298125000000001 0.7837953125 0.8555984375 0.7805359375 0.879140625 0.779034375 0.8912281249999999 0.7765875 0.9325906249999999 0.7713546874999999 0.9481453125 0.7661140625 0.94435 0.76424375 0.8021390625 0.7808125 0.5795671875 0.8081703125 0.39231875 0.8286609374999999 0.4185625 0.833475 0.4367140625 0.832828125 0.45833124999999997 0.8289171874999999 0.474809375 0.8274171875 0.4942375 0.8237078125 0.5137296874999999 0.822909375 0.5277984375 0.8227015625 0.5297625 0.8302406250000001 0.5573187500000001 0.8399953124999999 0.5785046875 0.835509375 0.5928125 0.8317875000000001
0 0.8060546875 0.8152921875000001 0.8156078125 0.8151078125 0.8411109375000001 0.8108640625 0.8537437499999999 0.7968390624999999 0.83739375 0.7970703125 0.824984375 0.7984484375 0.8108296875000001 0.80264375 0.8016140625 0.8116265625000001 0.8060546875 0.8152921875000001
0 0.36945625 0.8646546875000001 0.3761109375 0.8607515625 0.37422656249999997 0.8574140625 0.3712390625 0.854265625 0.3680796875 0.8556203124999999 0.35642968750000004 0.8568453125 0.35368125 0.8617671874999999 0.35972499999999996 0.8639921875000001 0.36945625 0.8646546875000001
0 0 0.8845546875 0.00153125 0.88360625 0.015292187500000002 0.88055625 0.027832812499999998 0.8782593750000001 0.0384265625 0.876828125 0.0471390625 0.8769078125 0.0468796875 0.8806078125000001 0.034365625 0.890234375 0.0353640625 0.8939187499999999 0.0478125 0.8890109374999999 0.053254687499999995 0.8927796875 0.0562984375 0.9056640625 0.0691546875 0.8993140625 0.07497343749999999 0.8871265625 0.0718265625 0.8744249999999999 0.090509375 0.8711156250000001 0.10889374999999998 0.868428125 0.1261109375 0.8681906250000001 0.13394375 0.867871875 0.161240625 0.864103125 0.17101875 0.8627015625000001 0.1970484375 0.8584890625 0.2114484375 0.8565640625000001 0.22362968749999998 0.85415 0.23693749999999997 0.8507671875 0.240115625 0.8642609374999999 0.24878593750000003 0.8630531250000001 0.24386718749999997 0.8514843750000001 0.2587828125 0.8491796875000001 0.2913875 0.8438296875000001 0.30603437499999997 0.8421609374999999 0.3263796875 0.842503125 0.33964375 0.8382046875 0.3507875 0.8364453125000001 0.36246875 0.83875625 0.3708671875 0.837103125 0.3618890625 0.834796875 0.3735390625 0.83415625 0.38915781250000003 0.8322703125 0.39538281249999996 0.82801875 0 0.8762046874999999 0 0.8845546875
0 0.96901875 0.936075 0.976221875 0.9406281249999999 0.9800046874999999 0.9403234375 0.9796890625 0.9337624999999999 0.9810578124999999 0.931071875 0.978784375 0.929875 0.974015625 0.929875 0.9649203125 0.933103125 0.96901875 0.936075
0 0.7578171874999999 0.9650437500000001 0.7686265624999999 0.965453125 0.779059375 0.9694968749999999 0.795184375 0.964275 0.8057234375 0.951540625 0.7478265625 0.960884375 0.7578171874999999 0.9650437500000001