0 0.7101765624999999 0.6252296875 0.7317750000000001 0.6261015624999999 0.7336984375 0.624890625 0.7182484375 0.6245984375 0.7101765624999999 0.6252296875
0 0.6894828125 0.624440625 0.6946656250000001 0.6230703125 0.6725953125 0.620990625 0.6563140625 0.620225 0.6665625000000001 0.6219796875 0.6748015625 0.6230296875 0.681315625 0.6245859375 0.6894828125 0.624440625
0 0.5721765624999999 0.6143265625 0.566971875 0.6161171875 0.573415625 0.6198828125 0.5844734375 0.6231515625 0.6036203125 0.6231125 0.6174390625 0.6203265625000001 0.6198 0.618003125 0.5721765624999999 0.6143265625
0 0.52821875 0.611771875 0.4464203125 0.6052796875 0.43753281250000003 0.6050953125 0.440025 0.6117859375 0.4553828125 0.6203984375 0.471090625 0.6277078125 0.4946703125 0.6199546875 0.5217703124999999 0.6160328125000001 0.52821875 0.611771875
0 0.347934375 0.60893125 0.358128125 0.6058796875 0.357990625 0.60619375 0.3686484375 0.61183125 0.3784765625 0.6067859375 0.390840625 0.6110921874999999 0.40228281250000003 0.6131984375 0.4220546875 0.6106640624999999 0.4286125 0.6049359375 0.413165625 0.601815625 0.3990375 0.601815625 0.3772109375 0.600809375 0.3541109375 0.5989187499999999 0.330259375 0.5981515625 0.3078703125 0.5968609375 0.26053125 0.5938171875 0.26568125 0.59684375 0.27761562500000003 0.5976296875 0.2894609375 0.600709375 0.3045328125 0.6004578125 0.3152703125 0.6010093750000001 0.31617812500000003 0.604328125 0.32191875 0.6081859374999999 0.3346484375 0.609428125 0.347934375 0.60893125
0 0.14373125 0.5977015625 0.154490625 0.6066499999999999 0.1709984375 0.608615625 0.1951703125 0.6023531249999999 0.20982812499999998 0.5973828125 0.2189828125 0.5964140625 0.22947968749999997 0.602675 0.24064375 0.596490625 0.2479046875 0.593584375 0.21794843749999998 0.5908375 0.159353125 0.5875953125 0.147946875 0.589484375 0.14373125 0.5977015625
0 0.0341859375 0.5866828125 0.0515609375 0.5884671875 0.075946875 0.5868640625 0.08529375 0.58985625 0.09395624999999999 0.593878125 0.105896875 0.5968609375 0.12154374999999999 0.596328125 0.130928125 0.5920484375 0.1380421875 0.5866953125000001 0.10316406250000001 0.5838703125 0.08766874999999999 0.5836 0.0320125 0.5797859375 0.015828125000000002 0.5789546875 0.012178125 0.5793703125 0.0230234375 0.5838390625 0.0341859375 0.5866828125
0 0.12066406249999999 0.40686718749999995 0.1365265625 0.40840156250000004 0.15735 0.40799531250000004 0.15818749999999998 0.4016484375 0.13107968750000001 0.3987671875 0.10951875 0.39225 0.095534375 0.385715625 0.0618890625 0.38571875 0.0465265625 0.3877640625 0.0157265625 0.3923765625 0.012853125000000002 0.3955015625 0.0194328125 0.4022609375 0.0280625 0.40464062500000003 0.036165625 0.40629218749999996 0.0449265625 0.40616562500000003 0.053818750000000005 0.405484375 0.061250000000000006 0.409353125 0.07192499999999999 0.40635468750000003 0.0803734375 0.40545 0.10040625 0.4063125 0.12066406249999999 0.40686718749999995
0 0.4862703125 0.822909375 0.5057625 0.8237078125 0.525190625 0.8274171875 0.54166875 0.8289171874999999 0.5632859375 0.832828125 0.5814375 0.833475 0.60768125 0.8286609374999999 0.4204328125 0.8081703125 0.1978609375 0.7808125 0.05565 0.76424375 0.051854687499999996 0.7661140625 0.06740937500000001 0.7713546874999999 0.108771875 0.7765875 0.12085937499999999 0.779034375 0.1444015625 0.7805359375 0.1701875 0.7837953125 0.18371875 0.785771875 0.20317968749999998 0.785959375 0.21764375 0.788596875 0.23923437500000003 0.790346875 0.24850625 0.7991921875 0.257125 0.8085359375 0.272046875 0.8248093750000001 0.3643453125 0.8385718750000001 0.3880015625 0.8347749999999999 0.40718750000000004 0.8317875000000001 0.4214953125 0.835509375 0.44268124999999997 0.8399953124999999 0.4702375 0.8302406250000001 0.4722015625 0.8227015625 0.4862703125 0.822909375
0 0.14625625 0.7968390624999999 0.15888906249999998 0.8108640625 0.1843921875 0.8151078125 0.1939453125 0.8152921875000001 0.1983859375 0.8116265625000001 0.1891703125 0.80264375 0.175015625 0.7984484375 0.16260625 0.7970703125 0.14625625 0.7968390624999999
0 0.6287609375 0.854265625 0.6257734375 0.8574140625 0.6238890625 0.8607515625 0.63054375 0.8646546875000001 0.640275 0.8639921875000001 0.64631875 0.8617671874999999 0.6435703125 0.8568453125 0.6319203124999999 0.8556203124999999 0.6287609375 0.854265625
0 1 0.8762046874999999 0.6046171874999999 0.82801875 0.6108421875000001 0.8322703125 0.6264609375 0.83415625 0.6381109375 0.834796875 0.6291328125 0.837103125 0.63753125 0.83875625 0.6492125 0.8364453125000001 0.66035625 0.8382046875 0.6736203125 0.842503125 0.6939656249999999 0.8421609374999999 0.7086125 0.8438296875000001 0.7412171875 0.8491796875000001 0.7561328125 0.8514843750000001 0.7512140625 0.8630531250000001 0.7598843750000001 0.8642609374999999 0.7630625 0.8507671875 0.7763703125 0.85415 0.7885515625 0.8565640625000001 0.8029515625 0.8584890625 0.82898125 0.8627015625000001 0.8387593750000001 0.864103125 0.86605625 0.867871875 0.8738890625 0.8681906250000001 0.89110625 0.868428125 0.9094906249999999 0.8711156250000001 0.9281734374999999 0.8744249999999999 0.9250265625 0.8871265625 0.9308453125 0.8993140625 0.9437015625 0.9056640625 0.9467453125 0.8927796875 0.9521875 0.8890109374999999 0.9646359375 0.8939187499999999 0.9656343749999999 0.890234375 0.9531203125 0.8806078125000001 0.9528609375 0.8769078125 0.9615734375 0.876828125 0.9721671875 0.8782593750000001 0.9847078125 0.88055625 0.99846875 0.88360625 1 0.8845546875 1 0.8762046874999999
0 0.0203109375 0.9337624999999999 0.0199953125 0.9403234375 0.023778125 0.9406281249999999 0.03098125 0.936075 0.0350796875 0.933103125 0.025984374999999997 0.929875 0.021215625 0.929875 0.0189421875 0.931071875 0.0203109375 0.9337624999999999
0 0.2313734375 0.965453125 0.2421828125 0.9650437500000001 0.2521734375 0.960884375 0.1942765625 0.951540625 0.204815625 0.964275 0.22094062499999997 0.9694968749999999 0.2313734375 0.965453125