0 1 0.3334578125 0.9998765625000001 0.33280937499999996 0.9819828125000001 0.3342515625 0.9379140625 0.3368125 0.9318781250000001 0.337425 0.9329171875 0.342796875 0.9642859375 0.3411453125 0.9882609375 0.33978125000000003 0.9988421875 0.3407734375 1 0.33792187500000004 1 0.3334578125
0 0.7309859375000001 0.36011875 0.7268515625 0.3609875 0.7266859375 0.3650796875 0.7217265625 0.36483125 0.7167656250000001 0.3625984375 0.7124671874999999 0.3625984375 0.7065140624999999 0.3658234375 0.6995703125 0.366815625 0.6956015625 0.3685515625 0.6899796874999999 0.3670640625 0.6850203125000001 0.3692953125 0.6747687499999999 0.3712796875 0.669478125 0.3702875 0.6648484375 0.3727671875 0.6588953125 0.372271875 0.6536046875 0.37599218749999996 0.6380625 0.3767359375 0.6337625 0.3812 0.6256609375 0.3843 0.6274796874999999 0.38566406249999996 0.6408734375 0.3857890625 0.6585640625 0.384425 0.6763734375 0.38351875 0.7002312500000001 0.3807046875 0.733146875 0.3813203125 0.7671953125 0.3766125 0.7604171875 0.37574375 0.75694375 0.373884375 0.7566140625 0.371403125 0.7599203125 0.368428125 0.7584328124999999 0.365328125 0.7529765625 0.3649546875 0.75215 0.3608625 0.7432203125 0.359375 0.7309859375000001 0.36011875
0 0.031081249999999998 0.6711578125 0.0156234375 0.6747625 0.024065625 0.6764812499999999 0.044815625 0.6690265625 0.0358328125 0.66984375 0.031081249999999998 0.6711578125
0 0.244709375 0.637946875 0.26921093749999997 0.6385609375 0.2826109375 0.63543125 0.2917703125 0.628078125 0.288678125 0.627425 0.24497343749999997 0.6345578125 0.2328953125 0.6366328125 0.23642500000000002 0.6379296875 0.244709375 0.637946875
0 0.15165 0.6499109375 0.165615625 0.6505062500000001 0.1737453125 0.6490125 0.1819578125 0.6466734375 0.1841921875 0.6449374999999999 0.15165 0.6499109375
0 0.479428125 0.600328125 0.49252343749999994 0.5986109374999999 0.4980203125 0.593515625 0.5099218750000001 0.5948296875 0.51538125 0.5951609375 0.5258890625 0.5942406250000001 0.53533125 0.5914109375 0.5356359375 0.5869734375 0.5364453124999999 0.5849234375 0.560009375 0.5821515625 0.575934375 0.578625 0.5864953125000001 0.5752703125 0.5412703125 0.5823390625 0.48270156249999996 0.5921734375 0.45206093750000004 0.59665 0.43892499999999995 0.599940625 0.3599640625 0.6136890625 0.3283640625 0.619696875 0.33074375 0.6210703125 0.35074375 0.6215625 0.36949375 0.622871875 0.39521875 0.6275296875 0.403971875 0.62049375 0.4099921875 0.6151109375 0.41641874999999995 0.611475 0.4226140625 0.6058453125 0.42567656249999997 0.604 0.44299218749999997 0.6049859375 0.4539765625 0.6068687500000001 0.4694859375 0.6053625 0.479428125 0.600328125
0 0.70000625 0.559371875 0.71375625 0.5627375 0.7264921875 0.5614 0.7336875 0.5580046875 0.742284375 0.55388125 0.7541375 0.5492625 0.7594203125 0.5491171875 0.764728125 0.5518890625 0.7732671875 0.55411875 0.784053125 0.5476171875 0.79088125 0.5429265625 0.7938156249999999 0.540959375 0.8039390624999999 0.5383671875 0.8148546874999999 0.53955 0.8234234375 0.537778125 0.8325609375 0.5369312500000001 0.8346609375 0.5341453125 0.8275625 0.534246875 0.6232249999999999 0.5680984375 0.5972875 0.572434375 0.6048609375 0.5756546874999999 0.6193500000000001 0.5802390625 0.6190640625 0.5729375 0.6255499999999999 0.5706796875 0.6338078125 0.5749125 0.645871875 0.5788875 0.6652546874999999 0.5798062500000001 0.676090625 0.5740140625000001 0.681846875 0.5672390625 0.6869468750000001 0.5613359375 0.6963296875 0.5584421875000001 0.70000625 0.559371875
0 1 0.6613078125 0.882496875 0.693471875 0.906346875 0.6897921874999999 0.9183890625 0.6876640625 0.9287296875 0.684646875 0.9519109374999999 0.6801953125 0.9669578124999999 0.6776671875 0.976365625 0.6746531250000001 0.98321875 0.67864375 0.9883140625 0.6853609374999999 0.9866921874999999 0.6933609374999999 1 0.691128125 1 0.67066875 1 0.6632734375 1 0.6613078125
0 1 0.8046734375 0.9075640625 0.84021875 0.9123484375 0.842765625 0.9193031250000001 0.843278125 0.932096875 0.8431546875 0.9335296874999999 0.8406062500000001 0.9338593749999999 0.83564375 0.9191390625 0.8366234374999999 0.9402453124999999 0.8313234375 0.9445062500000001 0.8287234375000001 0.951690625 0.8301281250000001 0.9579187499999999 0.8326890625000001 0.968328125 0.832475 0.9763765624999999 0.8286171875000001 0.9753109375 0.8244187500000001 0.971790625 0.8203125 0.9807171875 0.8157625 0.97921875 0.822034375 0.9851484375 0.8228109375000001 0.9949796875000001 0.8255609375 1 0.8266218750000001 1 0.8162921875 1 0.8046734375
0 0.8300828125 0.8851156250000001 0.8343484374999999 0.88615 0.8351796874999999 0.8813453125 0.8342453125 0.8782828125 0.8306687500000001 0.8760765625 0.8290843750000001 0.87593125 0.826715625 0.8769953125000001 0.8234406249999999 0.8773078125 0.8229124999999999 0.8798 0.8256249999999999 0.8828109375000001 0.8300828125 0.8851156250000001
0 0.7490625 0.73690625 0.756434375 0.734065625 0.7605921875 0.7317 0.774003125 0.7292953125 0.7809140625000001 0.7269421875 0.7824890625 0.725396875 0.7812234375 0.7221484375 0.6677593749999999 0.7532062500000001 0.6708953125 0.7544734375 0.6726625 0.7560484375 0.6774953125 0.7555734375000001 0.686590625 0.7534453125 0.6906921875 0.7506453125 0.691496875 0.7505390625 0.7048062500000001 0.7492140625 0.7138828125 0.7451578125 0.715659375 0.7433109375 0.723903125 0.744125 0.7284578125000001 0.7432265625000001 0.7339781249999999 0.7403203125 0.7490625 0.73690625
0 0.6921390625 0.7662609375 0.6908453125 0.76618125 0.676865625 0.7718296875 0.6706515625 0.780265625 0.6735203125 0.7864921875 0.6809875 0.7862484375000001 0.6916578125 0.7826921875 0.6976984374999999 0.7773609375 0.6996703125 0.7723453124999999 0.69834375 0.7683203125 0.6953515625 0.767384375 0.6921390625 0.7662609375
0 0.6722734375 0.93735 0.6814078125 0.9335546875 0.68494375 0.9310984375 0.684553125 0.9271109375 0.68471875 0.9246421874999999 0.62831875 0.94650625 0.6408515625 0.94405625 0.6496375 0.9423890625 0.6607624999999999 0.9422843750000001 0.6722734375 0.93735
0 0.38951875 0.8380124999999999 0.3963 0.8378671875 0.40715625 0.834075 0.41327499999999995 0.83493125 0.419809375 0.8331593749999999 0.4201703125 0.8373703125 0.4159796875 0.8384218750000001 0.40527499999999994 0.8412546875 0.405215625 0.8425 0.415234375 0.8445140625 0.4256265625 0.8481375 0.44015468750000003 0.8488515624999999 0.4523484375 0.8471125 0.4647671875 0.8390281249999999 0.47271875 0.83136875 0.4760359375 0.82411875 0.47158125 0.820778125 0.470853125 0.8161921875000001 0.49024999999999996 0.8125312499999999 0.48841875 0.817271875 0.48222343749999996 0.8176890625000001 0.4806609375 0.8206296875 0.48309375 0.8216640625 0.48871093749999994 0.822490625 0.49963749999999996 0.8322703125 0.506375 0.8344843750000001 0.5145062499999999 0.8341765625 0.531921875 0.8304046875 0.5799000000000001 0.817165625 0.60429375 0.8067062500000001 0.6110453125 0.7941125 0.61428125 0.786903125 0.613171875 0.78320625 0.6093171875000001 0.7807390625 0.6045984375 0.7815390625 0.6024859375 0.780746875 0.6068765625 0.776996875 0.615615625 0.780471875 0.6217328125 0.7805718749999999 0.62523125 0.7772046875 0.6296671875000001 0.770628125 0.6419953125 0.76639375 0.6519921875 0.7637640625000001 0.65788125 0.759840625 0.6627796874999999 0.7569359375 0.6626390625 0.7555109375 0.6567203125 0.756646875 0.49430625 0.8024640625 0.35640312500000004 0.8406375 0.2739859375 0.8648875 0.292459375 0.8641875000000001 0.2990359375 0.8641875000000001 0.310809375 0.8613875 0.31612968750000003 0.8585578125 0.3241625 0.8562406250000001 0.328059375 0.8525421874999999 0.342059375 0.8497109375 0.34933125 0.847503125 0.36874843749999997 0.8450203125 0.3842921875 0.8386109375 0.38951875 0.8380124999999999
0 0.25961249999999997 0.8708343749999999 0.2630640625 0.869809375 0.270053125 0.8678140624999999 0.2747015625 0.8648171874999999 0.2734640625 0.8637828125 0.2335859375 0.8761984375 0.23559843749999998 0.87734375 0.2409140625 0.8762703125 0.2486984375 0.874428125 0.25961249999999997 0.8708343749999999
0 0.08219062499999999 0.9237140625 0.0841984375 0.9239390625 0.09094218750000001 0.9226140624999999 0.0946921875 0.9201265624999999 0.09990312500000001 0.916953125 0.10763281250000001 0.913865625 0.1120671875 0.9154500000000001 0.12030937500000001 0.9145453124999999 0.125959375 0.9118562499999999 0.1290390625 0.9094203125 0.127946875 0.9065125 0.10036562499999999 0.9145484375 0.0979859375 0.91469375 0.08527812500000001 0.9190875000000001 0.029235937499999996 0.9337156249999999 0.0003671875 0.9416343749999999 0 0.9481781249999999 0.005725 0.9458062500000001 0.0135609375 0.9401390624999999 0.020676562500000002 0.944996875 0.0284234375 0.9405328125000001 0.036028125 0.9380234375000001 0.042543750000000005 0.9364593749999999 0.049690625 0.9337953125 0.0549015625 0.9330187499999999 0.061837500000000004 0.9307968750000001 0.066325 0.92889375 0.0720453125 0.9261578125 0.08219062499999999 0.9237140625
0 0.14245000000000002 0.903396875 0.13803749999999998 0.9066984375 0.19732812500000002 0.8897859374999999 0.20995468750000001 0.8895312499999999 0.21123906250000002 0.8886796875 0.23038281249999998 0.8791671875 0.22971406249999998 0.8763125 0.2176890625 0.8812734375 0.1939734375 0.8879906249999999 0.14245000000000002 0.903396875
0 0.2581390625 0.8966578125 0.252140625 0.8986921875 0.2447375 0.9019281250000001 0.24250937499999997 0.9056390625 0.24487031250000002 0.9085046875 0.2489859375 0.9079437499999999 0.25543125 0.90644375 0.26422500000000004 0.9020609374999999 0.26370781249999997 0.8988406250000001 0.2617375 0.8972578125 0.2581390625 0.8966578125