0 0 0.6665421874999999 0.0001234375 0.667190625 0.0180171875 0.6657484375 0.0620859375 0.6631875 0.068121875 0.662575 0.0670828125 0.657203125 0.0357140625 0.6588546875 0.0117390625 0.6602187500000001 0.0011578125 0.6592265625 0 0.6620781250000001 0 0.6665421874999999
0 0.29348593749999996 0.6341765625 0.3004296875 0.633184375 0.3043984375 0.6314484375 0.3100203125 0.6329359375 0.3149796875 0.6307046875 0.32523124999999997 0.6287203124999999 0.33052187499999997 0.6297125 0.3351515625 0.6272328125 0.3411046875 0.627728125 0.3463953125 0.6240078125 0.36193749999999997 0.6232640625 0.3662375 0.6188 0.3743390625 0.6157 0.3725203125 0.6143359375 0.3591265625 0.6142109375 0.3414359375 0.615575 0.3236265625 0.61648125 0.29976875000000003 0.6192953125 0.266853125 0.6186796875 0.2328046875 0.6233875 0.2395828125 0.62425625 0.24305625000000003 0.626115625 0.24338593749999998 0.628596875 0.24007968750000003 0.631571875 0.2415671875 0.634671875 0.2470234375 0.6350453125 0.24785 0.6391375 0.2567796875 0.640625 0.26901406250000004 0.63988125 0.2731484375 0.6390125 0.2733140625 0.6349203125 0.2782734375 0.63516875 0.28323437500000004 0.6374015625 0.28753281249999996 0.6374015625 0.29348593749999996 0.6341765625
0 0.9843765624999999 0.32523749999999996 0.9759343749999999 0.32351874999999997 0.955184375 0.3309734375 0.9641671875 0.33015625000000004 0.9689187499999999 0.3288421875 0.9843765624999999 0.32523749999999996
0 0.7671046875 0.3633671875 0.763575 0.3620703125 0.755290625 0.362053125 0.7307890625 0.3614390625 0.7173890625 0.36456875 0.7082296875 0.371921875 0.711321875 0.372575 0.7550265625 0.3654421875 0.7671046875 0.3633671875
0 0.834384375 0.34949375 0.8262546875 0.3509875 0.8180421875 0.3533265625 0.8158078124999999 0.3550625 0.8483499999999999 0.3500890625 0.834384375 0.34949375
0 0.46466874999999996 0.40858906250000004 0.46436406249999995 0.41302656249999997 0.4635546875 0.4150765625 0.43999062499999997 0.4178484375 0.424065625 0.421375 0.41350468749999997 0.4247296875 0.4587296875 0.4176609375 0.5172984375 0.40782656250000004 0.5479390625 0.40335 0.561075 0.400059375 0.6400359375 0.3863109375 0.6716359375 0.380303125 0.66925625 0.3789296875 0.64925625 0.3784375 0.63050625 0.377128125 0.60478125 0.3724703125 0.596028125 0.37950625 0.5900078125 0.3848890625 0.58358125 0.388525 0.5773859375 0.3941546875 0.5743234375 0.396 0.5570078125 0.3950140625 0.5460234374999999 0.39313125000000004 0.5305140625 0.39463750000000003 0.520571875 0.399671875 0.5074765625000001 0.4013890625 0.5019796875 0.40648437499999995 0.490078125 0.4051703125 0.48461875 0.40483906249999996 0.4741109375 0.405759375 0.46466874999999996 0.40858906250000004
0 0.2405796875 0.4508828125 0.23527187500000002 0.4481109375 0.22673281250000002 0.44588124999999995 0.21594687499999998 0.45238281249999995 0.20911875000000002 0.45707343749999996 0.206184375 0.459040625 0.1960609375 0.4616328125 0.1851453125 0.46044999999999997 0.1765765625 0.462221875 0.1674390625 0.46306875 0.1653390625 0.4658546875 0.1724375 0.465753125 0.37677499999999997 0.43190156249999995 0.4027125 0.427565625 0.3951390625 0.4243453125 0.38065000000000004 0.4197609375 0.3809359375 0.4270625 0.37445 0.42932031249999997 0.3661921875 0.42508749999999995 0.354128125 0.4211125 0.3347453125 0.42019375 0.323909375 0.42598593749999997 0.318153125 0.4327609375 0.31305312500000004 0.4386640625 0.3036703125 0.4415578125 0.29999375 0.44062812500000004 0.28624375 0.4372625 0.2735078125 0.4386 0.2663125 0.4419953125 0.257715625 0.44611875 0.2458625 0.45073749999999996 0.2405796875 0.4508828125
0 0 0.3386921875 0.117503125 0.306528125 0.093653125 0.31020781249999996 0.08161093750000001 0.3123359375 0.0712703125 0.315353125 0.0480890625 0.3198046875 0.0330421875 0.3223328125 0.023634375 0.32534687500000004 0.01678125 0.32135625 0.0116859375 0.3146390625 0.013307812499999998 0.3066390625 0 0.308871875 0 0.32933124999999996 0 0.3367265625 0 0.3386921875
0 0 0.1953265625 0.0924359375 0.15978125 0.0876515625 0.15723437499999998 0.080696875 0.156721875 0.067903125 0.1568453125 0.06647031249999999 0.15939375 0.066140625 0.16435625 0.0808609375 0.16337656250000002 0.0597546875 0.16867656250000002 0.055493749999999994 0.1712765625 0.048309375 0.169871875 0.04208125 0.16731093749999998 0.031671875 0.16752499999999998 0.0236234375 0.1713828125 0.0246890625 0.17558125 0.028209375 0.1796875 0.0192828125 0.1842375 0.02078125 0.177965625 0.014851562500000002 0.1771890625 0.0050203125000000005 0.17443906250000002 0 0.173378125 0 0.18370781249999998 0 0.1953265625
0 0.173284375 0.1230046875 0.17655937500000002 0.1226921875 0.1770875 0.1202 0.174375 0.11718906250000001 0.1699171875 0.114884375 0.1656515625 0.11385 0.1648203125 0.1186546875 0.1657546875 0.1217171875 0.16933125 0.12392343750000001 0.170915625 0.12406874999999999 0.173284375 0.1230046875
0 0.2187765625 0.2778515625 0.33224062499999996 0.24679375 0.3291046875 0.2455265625 0.3273375 0.2439515625 0.3225046875 0.2444265625 0.313409375 0.24655468749999998 0.3093078125 0.24935468749999998 0.308503125 0.2494609375 0.29519375000000003 0.2507859375 0.28611718750000004 0.2548421875 0.284340625 0.2566890625 0.276096875 0.25587499999999996 0.27154218750000003 0.25677343750000003 0.26602187499999996 0.2596796875 0.2509375 0.26309375 0.243565625 0.265934375 0.2394078125 0.2683 0.225996875 0.2707046875 0.2190859375 0.2730578125 0.2175109375 0.274603125 0.2187765625 0.2778515625
0 0.3083421875 0.2173078125 0.3023015625 0.2226390625 0.3003296875 0.2276546875 0.30165625 0.2316796875 0.3046484375 0.232615625 0.3078609375 0.23373906249999998 0.3091546875 0.23381875000000002 0.32313437500000003 0.2281703125 0.3293484375 0.21973437499999998 0.3264796875 0.2135078125 0.31901250000000003 0.2137515625 0.3083421875 0.2173078125
0 0.3591484375 0.05594375 0.3503625 0.0576109375 0.33923749999999997 0.057715625000000007 0.3277265625 0.06265 0.3185921875 0.06644531249999999 0.31505625 0.0689015625 0.315446875 0.0728890625 0.31528125 0.0753578125 0.37168125 0.05349374999999999 0.3591484375 0.05594375
0 0.5840203125000001 0.161578125 0.5947250000000001 0.15874531249999999 0.5947843749999999 0.1575 0.584765625 0.1554859375 0.5743734375 0.15186249999999998 0.5598453125 0.1511484375 0.5476515625 0.1528875 0.5352328125 0.16097187500000001 0.5272812499999999 0.16863125 0.5239640624999999 0.17588125 0.5284187499999999 0.179221875 0.529146875 0.1838078125 0.50975 0.18746875000000002 0.51158125 0.182728125 0.5177765625 0.1823109375 0.5193390625000001 0.1793703125 0.51690625 0.1783359375 0.5112890625000001 0.177509375 0.5003625 0.1677296875 0.49362500000000004 0.165515625 0.48549375 0.1658234375 0.468078125 0.16959531249999998 0.4201 0.182834375 0.39570625000000004 0.19329375 0.3889546875 0.2058875 0.38571875 0.21309687500000002 0.38682812499999997 0.21679374999999998 0.39068281250000003 0.2192609375 0.39540156249999997 0.2184609375 0.3975140625 0.219253125 0.3931234375 0.22300312500000002 0.384384375 0.219528125 0.3782671875 0.219428125 0.37476875 0.2227953125 0.3703328125 0.229371875 0.3580046875 0.23360625000000002 0.3480078125 0.2362359375 0.34211874999999997 0.240159375 0.3372203125 0.2430640625 0.3373609375 0.24448906250000002 0.34327968750000004 0.243353125 0.50569375 0.1975359375 0.643596875 0.15936250000000002 0.7260140625 0.1351125 0.707540625 0.1358125 0.7009640625 0.1358125 0.689190625 0.1386125 0.6838703125000001 0.14144218749999998 0.6758375 0.143759375 0.671940625 0.1474578125 0.657940625 0.15028906250000001 0.65066875 0.152496875 0.6312515624999999 0.1549796875 0.6157078125 0.1613890625 0.6104812500000001 0.1619875 0.6037 0.1621328125 0.59284375 0.165925 0.586725 0.16506875000000001 0.580190625 0.16684062500000002 0.5798296875 0.1626296875 0.5840203125000001 0.161578125
0 0.7644015625 0.12265625 0.7590859375 0.12372968749999999 0.7513015625 0.125571875 0.7403875 0.129165625 0.7369359375 0.130190625 0.729946875 0.13218593750000002 0.7252984375 0.1351828125 0.7265359375 0.1362171875 0.7664140625 0.1238015625 0.7644015625 0.12265625
0 0.8879328125000001 0.08455 0.879690625 0.0854546875 0.8740406249999999 0.08814374999999999 0.8709609374999999 0.09057968749999999 0.8720531250000001 0.0934875 0.899634375 0.0854515625 0.9020140624999999 0.08530625 0.914721875 0.0809125 0.9707640625 0.06628437499999999 0.9996328125 0.058365625 1 0.051821874999999996 0.994275 0.05419375 0.9864390625 0.0598609375 0.9793234375000001 0.055003125 0.9715765624999999 0.0594671875 0.963971875 0.0619765625 0.9574562500000001 0.06354062499999999 0.950309375 0.0662046875 0.9450984375000001 0.06698125 0.9381625 0.069203125 0.933675 0.07110625000000001 0.9279546875 0.0738421875 0.917809375 0.0762859375 0.9158015625000001 0.07606093750000001 0.9090578125000001 0.0773859375 0.9053078125 0.0798734375 0.900096875 0.08304687499999999 0.8923671875 0.086134375 0.8879328125000001 0.08455
0 0.7702859375 0.12368749999999999 0.7823109374999999 0.1187265625 0.8060265624999999 0.11200937500000001 0.85755 0.096603125 0.8619625 0.0933015625 0.802671875 0.11021406250000002 0.7900453125 0.11046875 0.7887609375 0.1113203125 0.7696171875 0.1208328125 0.7702859375 0.12368749999999999
0 0.74456875 0.09355625 0.7357750000000001 0.0979390625 0.7362921874999999 0.10115937500000001 0.7382625 0.1027421875 0.7418609375 0.10334218749999999 0.747859375 0.10130781250000001 0.7552625 0.098071875 0.757490625 0.09436093749999999 0.7551296875 0.09149531250000001 0.7510140625 0.09205624999999999 0.74456875 0.09355625