0 0 0.33792187500000004 0.0011578125 0.3407734375 0.0117390625 0.33978125000000003 0.0357140625 0.3411453125 0.0670828125 0.342796875 0.068121875 0.337425 0.0620859375 0.3368125 0.0180171875 0.3342515625 0.0001234375 0.33280937499999996 0 0.3334578125 0 0.33792187500000004
0 0.24007968750000003 0.368428125 0.24338593749999998 0.371403125 0.24305625000000003 0.373884375 0.2395828125 0.37574375 0.2328046875 0.3766125 0.266853125 0.3813203125 0.29976875000000003 0.3807046875 0.3236265625 0.38351875 0.3414359375 0.384425 0.3591265625 0.3857890625 0.3725203125 0.38566406249999996 0.3743390625 0.3843 0.3662375 0.3812 0.36193749999999997 0.3767359375 0.3463953125 0.37599218749999996 0.3411046875 0.372271875 0.3351515625 0.3727671875 0.33052187499999997 0.3702875 0.32523124999999997 0.3712796875 0.3149796875 0.3692953125 0.3100203125 0.3670640625 0.3043984375 0.3685515625 0.3004296875 0.366815625 0.29348593749999996 0.3658234375 0.28753281249999996 0.3625984375 0.28323437500000004 0.3625984375 0.2782734375 0.36483125 0.2733140625 0.3650796875 0.2731484375 0.3609875 0.26901406250000004 0.36011875 0.2567796875 0.359375 0.24785 0.3608625 0.2470234375 0.3649546875 0.2415671875 0.365328125 0.24007968750000003 0.368428125
0 0.9689187499999999 0.6711578125 0.9641671875 0.66984375 0.955184375 0.6690265625 0.9759343749999999 0.6764812499999999 0.9843765624999999 0.6747625 0.9689187499999999 0.6711578125
0 0.7082296875 0.628078125 0.7173890625 0.63543125 0.7307890625 0.6385609375 0.755290625 0.637946875 0.763575 0.6379296875 0.7671046875 0.6366328125 0.7550265625 0.6345578125 0.711321875 0.627425 0.7082296875 0.628078125
0 0.8483499999999999 0.6499109375 0.8158078124999999 0.6449374999999999 0.8180421875 0.6466734375 0.8262546875 0.6490125 0.834384375 0.6505062500000001 0.8483499999999999 0.6499109375
0 0.5773859375 0.6058453125 0.58358125 0.611475 0.5900078125 0.6151109375 0.596028125 0.62049375 0.60478125 0.6275296875 0.63050625 0.622871875 0.64925625 0.6215625 0.66925625 0.6210703125 0.6716359375 0.619696875 0.6400359375 0.6136890625 0.561075 0.599940625 0.5479390625 0.59665 0.5172984375 0.5921734375 0.4587296875 0.5823390625 0.41350468749999997 0.5752703125 0.424065625 0.578625 0.43999062499999997 0.5821515625 0.4635546875 0.5849234375 0.46436406249999995 0.5869734375 0.46466874999999996 0.5914109375 0.4741109375 0.5942406250000001 0.48461875 0.5951609375 0.490078125 0.5948296875 0.5019796875 0.593515625 0.5074765625000001 0.5986109374999999 0.520571875 0.600328125 0.5305140625 0.6053625 0.5460234374999999 0.6068687500000001 0.5570078125 0.6049859375 0.5743234375 0.604 0.5773859375 0.6058453125
0 0.3347453125 0.5798062500000001 0.354128125 0.5788875 0.3661921875 0.5749125 0.37445 0.5706796875 0.3809359375 0.5729375 0.38065000000000004 0.5802390625 0.3951390625 0.5756546874999999 0.4027125 0.572434375 0.37677499999999997 0.5680984375 0.1724375 0.534246875 0.1653390625 0.5341453125 0.1674390625 0.5369312500000001 0.1765765625 0.537778125 0.1851453125 0.53955 0.1960609375 0.5383671875 0.206184375 0.540959375 0.20911875000000002 0.5429265625 0.21594687499999998 0.5476171875 0.22673281250000002 0.55411875 0.23527187500000002 0.5518890625 0.2405796875 0.5491171875 0.2458625 0.5492625 0.257715625 0.55388125 0.2663125 0.5580046875 0.2735078125 0.5614 0.28624375 0.5627375 0.29999375 0.559371875 0.3036703125 0.5584421875000001 0.31305312500000004 0.5613359375 0.318153125 0.5672390625 0.323909375 0.5740140625000001 0.3347453125 0.5798062500000001
0 0 0.691128125 0.013307812499999998 0.6933609374999999 0.0116859375 0.6853609374999999 0.01678125 0.67864375 0.023634375 0.6746531250000001 0.0330421875 0.6776671875 0.0480890625 0.6801953125 0.0712703125 0.684646875 0.08161093750000001 0.6876640625 0.093653125 0.6897921874999999 0.117503125 0.693471875 0 0.6613078125 0 0.6632734375 0 0.67066875 0 0.691128125
0 0 0.8266218750000001 0.0050203125000000005 0.8255609375 0.014851562500000002 0.8228109375000001 0.02078125 0.822034375 0.0192828125 0.8157625 0.028209375 0.8203125 0.0246890625 0.8244187500000001 0.0236234375 0.8286171875000001 0.031671875 0.832475 0.04208125 0.8326890625000001 0.048309375 0.8301281250000001 0.055493749999999994 0.8287234375000001 0.0597546875 0.8313234375 0.0808609375 0.8366234374999999 0.066140625 0.83564375 0.06647031249999999 0.8406062500000001 0.067903125 0.8431546875 0.080696875 0.843278125 0.0876515625 0.842765625 0.0924359375 0.84021875 0 0.8046734375 0 0.8162921875 0 0.8266218750000001
0 0.170915625 0.87593125 0.16933125 0.8760765625 0.1657546875 0.8782828125 0.1648203125 0.8813453125 0.1656515625 0.88615 0.1699171875 0.8851156250000001 0.174375 0.8828109375000001 0.1770875 0.8798 0.17655937500000002 0.8773078125 0.173284375 0.8769953125000001 0.170915625 0.87593125
0 0.28611718750000004 0.7451578125 0.29519375000000003 0.7492140625 0.308503125 0.7505390625 0.3093078125 0.7506453125 0.313409375 0.7534453125 0.3225046875 0.7555734375000001 0.3273375 0.7560484375 0.3291046875 0.7544734375 0.33224062499999996 0.7532062500000001 0.2187765625 0.7221484375 0.2175109375 0.725396875 0.2190859375 0.7269421875 0.225996875 0.7292953125 0.2394078125 0.7317 0.243565625 0.734065625 0.2509375 0.73690625 0.26602187499999996 0.7403203125 0.27154218750000003 0.7432265625000001 0.276096875 0.744125 0.284340625 0.7433109375 0.28611718750000004 0.7451578125
0 0.3083421875 0.7826921875 0.31901250000000003 0.7862484375000001 0.3264796875 0.7864921875 0.3293484375 0.780265625 0.32313437500000003 0.7718296875 0.3091546875 0.76618125 0.3078609375 0.7662609375 0.3046484375 0.767384375 0.30165625 0.7683203125 0.3003296875 0.7723453124999999 0.3023015625 0.7773609375 0.3083421875 0.7826921875
0 0.31528125 0.9246421874999999 0.315446875 0.9271109375 0.31505625 0.9310984375 0.3185921875 0.9335546875 0.3277265625 0.93735 0.33923749999999997 0.9422843750000001 0.3503625 0.9423890625 0.3591484375 0.94405625 0.37168125 0.94650625 0.31528125 0.9246421874999999
0 0.671940625 0.8525421874999999 0.6758375 0.8562406250000001 0.6838703125000001 0.8585578125 0.689190625 0.8613875 0.7009640625 0.8641875000000001 0.707540625 0.8641875000000001 0.7260140625 0.8648875 0.643596875 0.8406375 0.50569375 0.8024640625 0.34327968750000004 0.756646875 0.3373609375 0.7555109375 0.3372203125 0.7569359375 0.34211874999999997 0.759840625 0.3480078125 0.7637640625000001 0.3580046875 0.76639375 0.3703328125 0.770628125 0.37476875 0.7772046875 0.3782671875 0.7805718749999999 0.384384375 0.780471875 0.3931234375 0.776996875 0.3975140625 0.780746875 0.39540156249999997 0.7815390625 0.39068281250000003 0.7807390625 0.38682812499999997 0.78320625 0.38571875 0.786903125 0.3889546875 0.7941125 0.39570625000000004 0.8067062500000001 0.4201 0.817165625 0.468078125 0.8304046875 0.48549375 0.8341765625 0.49362500000000004 0.8344843750000001 0.5003625 0.8322703125 0.5112890625000001 0.822490625 0.51690625 0.8216640625 0.5193390625000001 0.8206296875 0.5177765625 0.8176890625000001 0.51158125 0.817271875 0.50975 0.8125312499999999 0.529146875 0.8161921875000001 0.5284187499999999 0.820778125 0.5239640624999999 0.82411875 0.5272812499999999 0.83136875 0.5352328125 0.8390281249999999 0.5476515625 0.8471125 0.5598453125 0.8488515624999999 0.5743734375 0.8481375 0.584765625 0.8445140625 0.5947843749999999 0.8425 0.5947250000000001 0.8412546875 0.5840203125000001 0.8384218750000001 0.5798296875 0.8373703125 0.580190625 0.8331593749999999 0.586725 0.83493125 0.59284375 0.834075 0.6037 0.8378671875 0.6104812500000001 0.8380124999999999 0.6157078125 0.8386109375 0.6312515624999999 0.8450203125 0.65066875 0.847503125 0.657940625 0.8497109375 0.671940625 0.8525421874999999
0 0.7265359375 0.8637828125 0.7252984375 0.8648171874999999 0.729946875 0.8678140624999999 0.7369359375 0.869809375 0.7403875 0.8708343749999999 0.7513015625 0.874428125 0.7590859375 0.8762703125 0.7644015625 0.87734375 0.7664140625 0.8761984375 0.7265359375 0.8637828125
0 0.950309375 0.9337953125 0.9574562500000001 0.9364593749999999 0.963971875 0.9380234375000001 0.9715765624999999 0.9405328125000001 0.9793234375000001 0.944996875 0.9864390625 0.9401390624999999 0.994275 0.9458062500000001 1 0.9481781249999999 0.9996328125 0.9416343749999999 0.9707640625 0.9337156249999999 0.914721875 0.9190875000000001 0.9020140624999999 0.91469375 0.899634375 0.9145484375 0.8720531250000001 0.9065125 0.8709609374999999 0.9094203125 0.8740406249999999 0.9118562499999999 0.879690625 0.9145453124999999 0.8879328125000001 0.9154500000000001 0.8923671875 0.913865625 0.900096875 0.916953125 0.9053078125 0.9201265624999999 0.9090578125000001 0.9226140624999999 0.9158015625000001 0.9239390625 0.917809375 0.9237140625 0.9279546875 0.9261578125 0.933675 0.92889375 0.9381625 0.9307968750000001 0.9450984375000001 0.9330187499999999 0.950309375 0.9337953125
0 0.7887609375 0.8886796875 0.7900453125 0.8895312499999999 0.802671875 0.8897859374999999 0.8619625 0.9066984375 0.85755 0.903396875 0.8060265624999999 0.8879906249999999 0.7823109374999999 0.8812734375 0.7702859375 0.8763125 0.7696171875 0.8791671875 0.7887609375 0.8886796875
0 0.7510140625 0.9079437499999999 0.7551296875 0.9085046875 0.757490625 0.9056390625 0.7552625 0.9019281250000001 0.747859375 0.8986921875 0.7418609375 0.8966578125 0.7382625 0.8972578125 0.7362921874999999 0.8988406250000001 0.7357750000000001 0.9020609374999999 0.74456875 0.90644375 0.7510140625 0.9079437499999999