0 0.4874953125 0.546225 0.4867125 0.5418453125 0.48395937499999997 0.537740625 0.48262343750000003 0.5361171875 0.4810078125 0.5399453125 0.4754796875 0.541571875 0.473440625 0.541678125 0.4836359375 0.54985625 0.485575 0.548996875 0.4874953125 0.546225
0 0.51399375 0.5623484375000001 0.5147109375000001 0.560790625 0.514096875 0.5589578125 0.5109265625 0.55981875 0.5086796875 0.562078125 0.50851875 0.5645875 0.5098203125 0.5649453125 0.5126015625 0.5641203124999999 0.51399375 0.5623484375000001
0 0.6281218749999999 0.663409375 0.629309375 0.6623671875 0.628496875 0.6570875 0.627971875 0.656090625 0.62415 0.65866875 0.623859375 0.6612046874999999 0.6253109375 0.6632125 0.6281218749999999 0.663409375
0 0.6118359375 0.5945890625 0.612796875 0.5900265625000001 0.61260625 0.584478125 0.6102984375 0.5825765625 0.601253125 0.591115625 0.6017734375 0.5950375 0.60766875 0.5961609375 0.6118359375 0.5945890625
0 0.6468421875 0.5781109375 0.6482921875 0.5786156250000001 0.650215625 0.5778218749999999 0.6531015625000001 0.5712375 0.6499921875 0.5729875 0.6482187500000001 0.5748765625 0.6468421875 0.5781109375
0 0.454315625 0.8437250000000001 0.44944375000000003 0.8459046875 0.4510203125 0.8484015625 0.45562500000000006 0.8509656250000001 0.4641109375 0.8541546875 0.47127968750000004 0.8584140625 0.4792375 0.8596953125000001 0.48765468749999996 0.85948125 0.48941875 0.8580796875000001 0.49811875 0.8559390625000001 0.5008578124999999 0.85066875 0.5025875 0.8449578125 0.50241875 0.8402578125 0.50055625 0.8357015625 0.4976640625 0.8350046875 0.49332343749999996 0.83545625 0.48507656250000003 0.8294671875 0.47575625 0.8279046875 0.4680015625 0.834421875 0.462125 0.8391968750000001 0.455153125 0.841696875 0.454315625 0.8437250000000001
0 0.40948906249999995 0.8315921875000001 0.41516875000000003 0.8336406249999999 0.42830312499999995 0.8374703125 0.43778750000000005 0.8419859375 0.4467609375 0.8454296875 0.451109375 0.8454296875 0.45473749999999996 0.8444421875 0.45467500000000005 0.84090625 0.4542 0.83841875 0.4569953125 0.8347609374999999 0.4572765625 0.8277390625000001 0.45654374999999997 0.821875 0.46464062500000003 0.8224828125 0.46098437499999995 0.8129078125 0.45634687500000004 0.8029734375 0.4520515625 0.78516875 0.4393328125 0.7878921875 0.43207968750000003 0.8168390625 0.4190171875 0.8180890625 0.41230781250000004 0.8221437500000001 0.40387031249999994 0.8262515625000001 0.3974859375 0.8268984375 0.40948906249999995 0.8315921875000001
0 0.3645921875 0.8068687499999999 0.36910937499999996 0.8065921875000001 0.37226875000000004 0.80585625 0.3783359375 0.8032875 0.365803125 0.802696875 0.3645921875 0.8068687499999999
0 0.202159375 0.7310859375 0.1943625 0.7303609375 0.1910234375 0.732528125 0.187725 0.73489375 0.1860515625 0.7368 0.19684531249999998 0.743815625 0.2000921875 0.742184375 0.20451562499999998 0.7431359375000001 0.21123906250000002 0.7455 0.214025 0.74929375 0.2163125 0.7506703124999999 0.22504062500000002 0.7525890625 0.2335484375 0.7565734375 0.24363593749999998 0.76075625 0.2509234375 0.7639750000000001 0.257165625 0.7631 0.2589734375 0.7631 0.2566546875 0.758190625 0.2508421875 0.7569484375 0.2448984375 0.7555046875 0.2503421875 0.7548734375 0.255271875 0.75423125 0.257709375 0.75020625 0.26124843750000004 0.7505703125000001 0.268078125 0.7510515625 0.27168125 0.7481109375 0.27292031250000004 0.7410234375 0.2725421875 0.7344515625 0.2709375 0.72921875 0.260196875 0.72790625 0.2569671875 0.721196875 0.25375625 0.7147015624999999 0.2530328125 0.7090265625 0.244390625 0.7157671875 0.2409921875 0.7182031249999999 0.23720781249999998 0.7138671875 0.23012968749999999 0.7142546875 0.228346875 0.7150359374999999 0.222796875 0.7222109375 0.22665937500000002 0.7278671875 0.22531249999999997 0.7322421875 0.219721875 0.7351109375 0.2139671875 0.734728125 0.2103375 0.7337578125 0.2059921875 0.7352703125 0.202159375 0.7310859375
0 0.1144953125 0.20718437500000003 0.17423125 0.2633921875 0.174175 0.256021875 0.17165468749999999 0.25093437500000004 0.1626921875 0.24021093750000003 0.1497125 0.22816718749999998 0.1415171875 0.22110625 0.13215 0.21217187499999998 0.1144953125 0.20718437500000003
0 0.23743750000000002 0.2649609375 0.23965156250000003 0.26232968749999996 0.235546875 0.25546875 0.2270890625 0.2554875 0.222509375 0.2581609375 0.23245 0.2657703125 0.23743750000000002 0.2649609375
0 0.5129734375 0.0672171875 0.5179078125000001 0.0668328125 0.52353125 0.0627875 0.5257015625 0.061159375 0.5313625 0.060190625 0.5329265624999999 0.0555375 0.53386875 0.051640624999999996 0.5264390624999999 0.0477625 0.5239109375 0.0473890625 0.505915625 0.045771875000000004 0.501334375 0.052801562499999996 0.5012796875000001 0.06325468749999999 0.5129734375 0.0672171875
0 0.5132046875 0.022775 0.505971875 0.0207078125 0.5028265625 0.027381250000000003 0.50405 0.033564062500000005 0.505834375 0.0346859375 0.512996875 0.0313671875 0.514603125 0.0270859375 0.5141765625 0.023649999999999997 0.5132046875 0.022775
0 0.7177703125 0.2882546875 0.71531875 0.2873671875 0.7157953125 0.29100156250000003 0.719975 0.29228437500000004 0.7221921874999999 0.2926375 0.7291984375 0.292515625 0.7309515625 0.2908515625 0.72770625 0.2880640625 0.7177703125 0.2882546875
0 0.8045249999999999 0.09136562499999999 0.8049843750000001 0.086134375 0.802846875 0.084575 0.8004906249999999 0.08641093749999999 0.7993921875 0.0888125 0.799034375 0.092034375 0.8003718750000001 0.093659375 0.8038093749999999 0.0935953125 0.8045249999999999 0.09136562499999999
0 0.7986171875 0.055965625 0.80006875 0.0539578125 0.8003015625 0.048015625 0.7983609375 0.0462984375 0.797103125 0.047195312499999996 0.7956375 0.052003125 0.7965703125 0.0560828125 0.7986171875 0.055965625
0 0.8208640624999999 0.043925 0.8159953124999999 0.043625000000000004 0.8180390624999999 0.050375 0.8197374999999999 0.050070312500000005 0.8206875 0.049237500000000003 0.82388125 0.047940625 0.823646875 0.045459375 0.8208640624999999 0.043925
0 0.7412203125 0.1977171875 0.7452124999999999 0.1969109375 0.7463953125 0.1945765625 0.7455046875 0.1893546875 0.7418703125 0.19251093749999998 0.74095 0.19493906249999998 0.7401953125 0.198003125 0.7412203125 0.1977171875