0 0.8001984375 0.6634375 0.805740625 0.6538703124999999 0.778496875 0.6404093750000001 0.7626796875 0.650678125 0.7590234375 0.6700640625000001 0.783890625 0.667003125 0.8001984375 0.6634375
0 0.457471875 0.60981875 0.45089687500000003 0.6213578125 0.46040468749999997 0.6389703124999999 0.4913796875 0.6268984375 0.49827187500000003 0.611096875 0.483371875 0.5964828125 0.4668234375 0.6028046875 0.457471875 0.60981875
0 0.7373390625 0.15979375 0.59349375 0.16078125000000001 0.6194078125 0.1664640625 0.6408296874999999 0.1693171875 0.6660203124999999 0.17082031250000002 0.7011765624999999 0.168275 0.7156687500000001 0.168275 0.7316125 0.1663875 0.7373390625 0.15979375
0 0.5687390625 0.206696875 0.5633328125 0.21108125000000003 0.5655796875 0.217146875 0.57545 0.2188984375 0.5844703124999999 0.21228906250000001 0.5824906249999999 0.207809375 0.577846875 0.20519375 0.5687390625 0.206696875
0 0.5084734375 0.6251249999999999 0.5016812500000001 0.6271765625 0.5018687500000001 0.6308578125000001 0.5033390625 0.6370265625 0.5141640625 0.6345109375 0.51371875 0.629384375 0.5084734375 0.6251249999999999
0 0.0984375 0.875 0.0890625 0.875 0.0890625 0.884375 0.0984375 0.884375 0.0984375 0.875
0 0.15390625 0.89296875 0.14296875 0.89296875 0.14296875 0.90078125 0.15390625 0.90078125 0.15390625 0.89296875
0 0.32890625 0.86640625 0.31953125 0.86640625 0.31953125 0.87578125 0.32890625 0.87578125 0.32890625 0.86640625
0 0.33125 0.88984375 0.3234375 0.88984375 0.3234375 0.90234375 0.33125 0.90234375 0.33125 0.88984375
0 0.353125 0.95703125 0.3453125 0.95703125 0.3453125 0.96328125 0.353125 0.96328125 0.353125 0.95703125
0 0.2140625 0.9296875 0.209375 0.9296875 0.209375 0.934375 0.2140625 0.934375 0.2140625 0.9296875
0 0.13125 0.9171875 0.121875 0.9171875 0.121875 0.9265625 0.13125 0.9265625 0.13125 0.9171875
0 0.14140625 0.9546875 0.13203125 0.9546875 0.13203125 0.9625 0.14140625 0.9625 0.14140625 0.9546875
0 0.16875 0.903125 0.1640625 0.903125 0.1640625 0.9078125 0.16875 0.9078125 0.16875 0.903125