0 0.805740625 0.3461296875 0.8001984375 0.3365625 0.783890625 0.33299687499999997 0.7590234375 0.3299359375 0.7626796875 0.349321875 0.778496875 0.359590625 0.805740625 0.3461296875
0 0.4913796875 0.3731015625 0.46040468749999997 0.3610296875 0.45089687500000003 0.3786421875 0.457471875 0.39018125000000003 0.4668234375 0.3971953125 0.483371875 0.4035171875 0.49827187500000003 0.388903125 0.4913796875 0.3731015625
0 0.7011765624999999 0.8317249999999999 0.6660203124999999 0.8291796874999999 0.6408296874999999 0.8306828124999999 0.6194078125 0.8335359375 0.59349375 0.83921875 0.7373390625 0.8402062499999999 0.7316125 0.8336124999999999 0.7156687500000001 0.8317249999999999 0.7011765624999999 0.8317249999999999
0 0.57545 0.7811015625 0.5655796875 0.782853125 0.5633328125 0.78891875 0.5687390625 0.793303125 0.577846875 0.7948062499999999 0.5824906249999999 0.792190625 0.5844703124999999 0.7877109375 0.57545 0.7811015625
0 0.5016812500000001 0.3728234375 0.5084734375 0.37487499999999996 0.51371875 0.370615625 0.5141640625 0.3654890625 0.5033390625 0.3629734375 0.5018687500000001 0.3691421875 0.5016812500000001 0.3728234375
0 0.0890625 0.125 0.0984375 0.125 0.0984375 0.115625 0.0890625 0.115625 0.0890625 0.125
0 0.14296875 0.10703125 0.15390625 0.10703125 0.15390625 0.09921875 0.14296875 0.09921875 0.14296875 0.10703125
0 0.31953125 0.13359375 0.32890625 0.13359375 0.32890625 0.12421875 0.31953125 0.12421875 0.31953125 0.13359375
0 0.3234375 0.11015625 0.33125 0.11015625 0.33125 0.09765625 0.3234375 0.09765625 0.3234375 0.11015625
0 0.3453125 0.04296875 0.353125 0.04296875 0.353125 0.03671875 0.3453125 0.03671875 0.3453125 0.04296875
0 0.209375 0.0703125 0.2140625 0.0703125 0.2140625 0.065625 0.209375 0.065625 0.209375 0.0703125
0 0.121875 0.0828125 0.13125 0.0828125 0.13125 0.0734375 0.121875 0.0734375 0.121875 0.0828125
0 0.13203125 0.0453125 0.14140625 0.0453125 0.14140625 0.0375 0.13203125 0.0375 0.13203125 0.0453125
0 0.1640625 0.096875 0.16875 0.096875 0.16875 0.0921875 0.1640625 0.0921875 0.1640625 0.096875