0 0.156678125 0.149190625 0.1836375 0.14524062499999998 0.20301874999999997 0.1364109375 0.10846562500000001 0.14285781250000001 0.1281859375 0.1470890625 0.156678125 0.149190625
0 0.3606125 0.14044218749999998 0.39845312499999996 0.1377375 0.4125234375 0.1277203125 0.453315625 0.116346875 0.2824078125 0.1294640625 0.3032796875 0.133315625 0.32799375 0.1369109375 0.3606125 0.14044218749999998
0 0.5248375000000001 0.111596875 0.4755296875 0.11458281249999999 0.48309687500000004 0.11932812500000001 0.49555156250000004 0.11728125 0.499415625 0.1179234375 0.5113953125 0.11866718750000001 0.5248375000000001 0.111596875
0 0.91195625 0.0817890625 0.94364375 0.07675937499999999 0.9611984375 0.08199218750000001 0.9865187499999999 0.07179218750000001 0.8756359375 0.0812171875 0.8435515625000001 0.0846234375 0.8417296875 0.08219062499999999 0.8154765625 0.0858140625 0.8154187500000001 0.0895046875 0.83411875 0.096096875 0.873984375 0.1037109375 0.9006718749999999 0.09833125000000001 0.91195625 0.0817890625
0 1 0.3888890625 0.7109296875 0.4420578125 0.3328390625 0.510365625 0.3525609375 0.5105546875 0.37144374999999996 0.50805625 0.3824859375 0.5099015625 0.3987703125 0.50605 0.4196109375 0.5017921875 0.4444875 0.5018140625 0.46065781250000004 0.49845937500000004 0.43441718749999997 0.5062046875 0.4624171875 0.509896875 0.47072343749999995 0.5167234374999999 0.4971859375 0.5203109375 0.5183390625000001 0.5161687500000001 0.5398390625 0.5029203125 0.5498921875 0.500465625 0.5814484375 0.5009734375 0.5971109375 0.50383125 0.6181328125000001 0.5077953125 0.6333234375 0.5041734375 0.7450125 0.48057343750000003 0.7592609375 0.4711078125 0.77015625 0.4538078125 0.7685671875 0.44520781249999997 0.7709312500000001 0.442878125 0.7851921875000001 0.4423515625 0.790759375 0.43581562500000004 0.795034375 0.4307546875 0.8082750000000001 0.42825781249999995 0.8430125 0.42050312500000003 0.844590625 0.4184609375 0.8625984375 0.415271875 0.8712796875000001 0.41553125 0.8830078125 0.41538437500000003 1 0.39177343750000004 1 0.3888890625
0 0.9112515625000001 0.43466875 0.9018390625 0.43851874999999996 0.8989125 0.4289703125 0.8893281249999999 0.4265609375 0.8686109375 0.433909375 0.85394375 0.442828125 0.8593671875 0.45865625000000004 0.868746875 0.46128281250000003 0.8977234375 0.4533046875 0.9154390625 0.443515625 0.922121875 0.4353015625 0.9284625 0.4250984375 0.926915625 0.4242328125 0.9181437499999999 0.4243546875 0.9112515625000001 0.43466875
0 0.1923 0.566634375 0.1847640625 0.5711031249999999 0.18407500000000002 0.5762828125 0.18458125 0.5785609375 0.18923281249999999 0.57984375 0.1959203125 0.577040625 0.2004828125 0.577615625 0.1981421875 0.5677218749999999 0.1923 0.566634375
0 0.13549687500000002 0.5509921875 0.143103125 0.5468171875000001 0.13850625 0.546109375 0.13293125 0.5473265625 0.1247109375 0.5482234375 0.12453281249999999 0.5524765625 0.13549687500000002 0.5509921875
0 0.013271874999999999 0.5744906249999999 0.0197046875 0.5690953125 0.015834375 0.568628125 0.0007859375 0.5711515625 0 0.57604375 0.0012265625 0.5764234375 0.013271874999999999 0.5744906249999999
0 0.193209375 0.2041328125 0.191678125 0.200053125 0.183503125 0.199809375 0.1785296875 0.20180625000000002 0.17879375 0.20563281249999998 0.1844953125 0.2064171875 0.193209375 0.2041328125
0 0.5129374999999999 1 0.5203421875 0.99515 0.5179609375 0.98616875 0.5144437500000001 0.9833421875000001 0.50946875 0.9765203124999999 0.5152296875 0.9720531250000001 0.5197375 0.96668125 0.5205031250000001 0.959325 0.3930328125 1 0.45210937500000004 1 0.5129374999999999 1
0 0.86878125 0.6578078125 0.7969578125 0.6755953124999999 0.8282109375 0.6743265625 0.8423703124999999 0.6733765625 0.8526703124999999 0.670259375 0.8659218750000001 0.6639 0.86878125 0.6578078125
0 0.8606765624999999 0.854034375 0.861478125 0.85045 0.810846875 0.8675593750000001 0.80404375 0.8705343750000001 0.8042734375 0.8741703125000001 0.8076656249999999 0.8800874999999999 0.8149234375000001 0.8820406249999999 0.822053125 0.8801062500000001 0.8331140625 0.8818921874999999 0.8356796875000001 0.8851703125 0.8431421875 0.8921578125 0.8564562499999999 0.8892031250000001 0.8699875 0.8820781249999999 0.8768343749999999 0.8773078125 0.8801921875 0.87065625 0.8719390625000001 0.8673343750000001 0.866021875 0.864009375 0.8692859374999999 0.8591953125 0.868890625 0.8562749999999999 0.8606765624999999 0.854034375