0 1 0.3674296875 0.595846875 0.462940625 0.44367343750000005 0.4985125 0.44923906249999995 0.502865625 0.46440468749999997 0.49682812500000006 0.484446875 0.4934890625 0.5062890624999999 0.4907296875 0.5153734375 0.48575468749999995 0.525253125 0.48650625 0.53608125 0.4843796875 0.5454828125 0.48006093749999995 0.5474109375 0.48135000000000006 0.5510531249999999 0.48311093749999995 0.55791875 0.4818359375 0.566146875 0.4807453125 0.5577140625 0.4855203125 0.559584375 0.49375625 0.584365625 0.4988546875 0.6026515625 0.49863749999999996 0.6285390625 0.49343750000000003 0.6395578125 0.4815921875 0.6453984375 0.47255156249999997 0.6518937499999999 0.46970156249999995 0.6670515625 0.4751890625 0.681709375 0.48129375 0.7037703125 0.4850875 0.772596875 0.46860937500000005 0.8133343749999999 0.455990625 0.8281750000000001 0.4499734375 0.8360578125 0.42786875 0.8384078125000001 0.4240609375 0.836 0.41997343750000005 0.8300296875000001 0.416215625 0.8446093749999999 0.417090625 0.8508687500000001 0.416128125 0.8543796875 0.411365625 0.85818125 0.40573750000000003 0.85889375 0.4049890625 0.878121875 0.4015046875 0.8853578125 0.39886875 0.8906124999999999 0.396665625 0.8979796875 0.39449999999999996 0.90740625 0.3912015625 0.91886875 0.3900828125 0.9280593749999999 0.39133125 0.9429765625 0.388203125 0.9491015624999999 0.38273437499999996 0.9511078124999999 0.3827 0.9633593749999999 0.3817421875 0.9724171875 0.378790625 0.9782781249999999 0.37436875000000003 0.986175 0.37346406249999997 0.995415625 0.3729125 1 0.3713609375 1 0.3674296875
0 0.9789749999999999 0.405278125 0.9820437500000001 0.39537187500000004 0.9795999999999999 0.3943453125 0.97083125 0.3947859375 0.9663828125 0.40115937500000004 0.95706875 0.40325937500000003 0.946453125 0.40208125 0.9321624999999999 0.39985624999999997 0.9163640624999999 0.40984687500000005 0.9099703124999999 0.41685937500000003 0.9083171875 0.42886406250000003 0.9446421875000001 0.42435 0.9558406250000001 0.419921875 0.9707859375 0.41351875 0.9789749999999999 0.405278125
0 0.8978796875 0.6233671875 0.9055624999999999 0.6208515625000001 0.9212234374999999 0.6147109375 0.92315 0.61019375 0.9214796875 0.606384375 0.85460625 0.626653125 0.8566296875000001 0.6275203125 0.8639171875 0.628015625 0.8734734375000001 0.62699375 0.8978796875 0.6233671875
0 0.34940000000000004 0.5619328125 0.34623750000000003 0.5527984375 0.3426234375 0.5509640625000001 0.3357421875 0.5546875 0.3354640625 0.561696875 0.340321875 0.5641125 0.34454375000000004 0.5636796875 0.34940000000000004 0.5619328125
0 0.0259171875 0.6035671875 0.0667375 0.5948453125000001 0.1029171875 0.5879578125 0.1252859375 0.5796921875 0.134634375 0.5776109375 0.1471015625 0.5746578125 0.160625 0.5702375 0.17660625000000002 0.5681296875 0.190984375 0.5584484375 0 0.60460625 0.00007500000000000001 0.609990625 0.0259171875 0.6035671875
0 0.29096875 0.5398171875 0.2980703125 0.535865625 0.29126093750000004 0.5351140625 0.2842734375 0.5366390625 0.2802859375 0.537828125 0.2786625 0.539628125 0.28125 0.5415687499999999 0.29096875 0.5398171875
0 0.45002343749999996 0.9449406249999999 0.4057640625 0.960884375 0.404434375 0.9707515624999999 0.41127812500000005 0.9761015625 0.41809843750000003 0.981634375 0.429678125 0.984446875 0.4431859375 0.9830203125000001 0.44830781249999996 0.977078125 0.45011875 0.9722468750000001 0.4508546875 0.9648031250000001 0.4508546875 0.9603671874999999 0.448478125 0.9567625 0.44865468750000004 0.9536749999999999 0.451434375 0.9490796874999999 0.45002343749999996 0.9449406249999999
0 0.6262734375 0.8859640625 0.6357796875 0.8778546875 0.479234375 0.9346062500000001 0.48932343749999996 0.9350015624999999 0.49273125 0.9408046875 0.49089687499999995 0.950984375 0.49480781250000005 0.9573421874999999 0.5109671875 0.9576625 0.5432546874999999 0.9560421874999999 0.5794703125 0.94495625 0.6040296875 0.9367515624999999 0.6168390625 0.924709375 0.6223046875 0.917996875 0.6238765625 0.90530625 0.6182921875 0.8978578125000001 0.6262734375 0.8859640625
0 0.1333671875 0.8979843750000001 0.1317109375 0.8920296875 0.129528125 0.89221875 0.115840625 0.8959421875 0.111153125 0.8976484375 0.1015578125 0.9098109375 0.120028125 0.905428125 0.1333671875 0.8979843750000001
0 0.9291015625 0.8027390625 0.933578125 0.7963250000000001 0.9317265625 0.79145 0.9219890625 0.7918609375 0.9183078124999999 0.78986875 0.9222671874999999 0.7869609375 0.9243984375000001 0.78333125 0.918584375 0.7827703125000001 0.9154015624999999 0.7812140624999999 0.9147703125 0.7777421875 0.8770125 0.7914671875 0.8741359375 0.7936296875 0.8674203125 0.7977375 0.8674203125 0.7991109375 0.8718234375 0.804365625 0.8851375000000001 0.804253125 0.89119375 0.8024578124999999 0.89415 0.8028546875 0.8942609375 0.8069218749999999 0.8940078124999999 0.81226875 0.8995046875 0.8132609375 0.9083765625 0.8141468749999999 0.918765625 0.8104171875 0.9291015625 0.8027390625
0 0.8294328125 0.9318546874999999 0.7706140625 0.9558765625 0.786246875 0.9561249999999999 0.7984625000000001 0.9499671875000001 0.8079000000000001 0.9462953125 0.8139296874999999 0.9436546874999999 0.8204640624999999 0.93900625 0.8294328125 0.9318546874999999
0 0.8600765625 0.9593734375 0.8655765625 0.9570953125000001 0.8633078125000001 0.9553125 0.8595140625000001 0.95305 0.858571875 0.9529046875 0.8547499999999999 0.953921875 0.8552250000000001 0.9570390625 0.8600765625 0.9593734375
0 0.5342156250000001 0.14015468749999999 0.40158281249999994 0.1577703125 0.4382859375 0.157134375 0.4633375 0.158178125 0.506821875 0.1642484375 0.5118390625 0.1590171875 0.53043125 0.1453515625 0.5342156250000001 0.14015468749999999
0 0.8764265625000001 0.0930453125 0.8907046875000001 0.0952703125 0.92194375 0.0947171875 0.962125 0.087984375 0.9567390625 0.0775171875 0.8680734375 0.0895125 0.8764265625000001 0.0930453125