0 0.7252484375 0.39380000000000004 0.776890625 0.37469375 0.792559375 0.363759375 0.7985296875000001 0.3510171875 0.8031359374999999 0.3400046875 0.8066765625000001 0.335909375 0.8102953125000001 0.3278640625 0.8196421875000001 0.3249546875 0.8315015625 0.3178625 0.8391046875000001 0.3111796875 0.8451765625000001 0.31239062500000003 0.8585671874999999 0.31044375 0.8737796875000001 0.306453125 0.8820171875 0.30141874999999996 0.8908375 0.29788281250000004 0.9012687500000001 0.2950078125 0.9086093749999999 0.292396875 0.9262 0.2869875 0.9329062499999999 0.2833515625 0.941675 0.2796328125 0.9517875 0.2757 0.9591031250000001 0.2712296875 0.95025625 0.2710734375 0.7851375 0.3301765625 0.6169703125 0.389340625 0.5956453125000001 0.397284375 0.594809375 0.3971265625 0.516975 0.42410781249999996 0.52146875 0.42999687499999995 0.537815625 0.4241890625 0.5674812499999999 0.4165546875 0.581503125 0.41240625 0.5904828125 0.4080921875 0.6013109375 0.4069375 0.5914796875 0.41223124999999994 0.6160890625000001 0.4187140625 0.6441734375 0.4153640625 0.6614796875 0.4034890625 0.6713078125 0.3963234375 0.7014203125 0.3992140625 0.7252484375 0.39380000000000004
0 0.859203125 0.3417890625 0.8736593750000001 0.3362796875 0.88853125 0.32704374999999997 0.8931828124999999 0.3176796875 0.8873046875 0.314740625 0.87130625 0.321259375 0.857865625 0.32816093749999997 0.8480187499999999 0.33620625 0.859203125 0.3417890625
0 0.9604453124999999 0.44709062499999996 0.9649390625 0.4432578125 0.962303125 0.43933125000000006 0.9549921875 0.43716875 0.9494828125 0.4387546875 0.9517093750000001 0.44382343750000003 0.954109375 0.445684375 0.9604453124999999 0.44709062499999996
0 0.8228609375 0.4923109375 0.7713828125 0.5145171875 0.799665625 0.5110859375000001 0.8113890625 0.50795625 0.8207000000000001 0.50298125 0.8279484374999999 0.49894218749999997 0.8277765625000001 0.495871875 0.8228609375 0.4923109375
0 0.44588593750000005 0.48113593750000005 0.44389687499999997 0.48363125 0.4425828125 0.48846249999999997 0.44609531249999995 0.49107500000000004 0.45401718750000003 0.487125 0.4513890625 0.4811515625 0.44588593750000005 0.48113593750000005
0 0.43370625 0.46147031250000003 0.443003125 0.45911406250000003 0.4381609375 0.4513890625 0.416515625 0.46071718749999996 0.41902343750000004 0.46174687499999995 0.43370625 0.46147031250000003
0 0.3958515625 0.4743578125 0.40445937499999995 0.4702171875 0.40799843750000003 0.4643140625 0.3813796875 0.4727671875 0.3883 0.47500625 0.3958515625 0.4743578125
0 0 0.617109375 0.025979687499999998 0.6083203125 0.0622546875 0.5942921875 0.0939421875 0.5882953125 0.11950468750000001 0.5733234375 0.13403281250000001 0.5670625 0.1659984375 0.56001875 0.1876640625 0.5516515625 0.217659375 0.5413234375 0.23094375 0.535871875 0.250065625 0.5285328125000001 0.262740625 0.522259375 0.2836875 0.5160328125 0.29385625000000004 0.5104109375 0.3164875 0.5020156250000001 0.3268109375 0.4969234375 0.35593906249999996 0.4849640625 0.380978125 0.4754359375 0.380403125 0.47279687499999995 0 0.60771875 0 0.617109375
0 0.4727734375 0.14276093750000002 0.4760484375 0.13717656250000002 0.47420156249999995 0.133396875 0.44831093749999995 0.1374671875 0.43805781250000003 0.14095625 0.456584375 0.150575 0.4727734375 0.14276093750000002
0 0.58194375 0.1275515625 0.60378125 0.1334921875 0.5990249999999999 0.125690625 0.609090625 0.11515625 0.6214265625000001 0.10549375000000001 0.6139 0.1035703125 0.5277000000000001 0.12021250000000001 0.5086453125 0.125246875 0.5365796875 0.12584375 0.555934375 0.1269171875 0.58194375 0.1275515625
0 1 0.030175 0.9733031249999999 0.035134375 0.8719281249999999 0.05434375 0.8512859374999999 0.058357812499999995 0.8574734375 0.061246875 0.884690625 0.0707390625 0.9011203125 0.0729515625 0.9101296874999999 0.06423593749999999 0.8987 0.0507734375 0.9200359375 0.0464234375 0.9376546875 0.05075468749999999 0.9477953125 0.048675 0.9532609375 0.0430140625 0.97119375 0.0373859375 0.9921640625 0.0369578125 1 0.0359125 1 0.030175
0 0.6772578125 0.10143906250000001 0.68876875 0.09309062500000001 0.6861453125 0.091078125 0.6739921875 0.091521875 0.655721875 0.0957359375 0.6334593749999999 0.10043906250000001 0.6286421875 0.10037812500000001 0.6398937499999999 0.10137031249999999 0.65966875 0.1033390625 0.6772578125 0.10143906250000001
0 0.7600109374999999 0.07976093749999999 0.7726875 0.074865625 0.782434375 0.072975 0.8001828124999999 0.071184375 0.8233203124999999 0.06410625 0.7038140625 0.08680625 0.7173328125 0.0860578125 0.738409375 0.08408750000000001 0.74611875 0.0818875 0.7600109374999999 0.07976093749999999
0 0.9783687499999999 0.537065625 0.983753125 0.5361687500000001 0.993365625 0.5316062500000001 1 0.5253796875 0.9783687499999999 0.537065625
0 0.9750921874999999 0.56068125 0.9754359375 0.5598015625 0.9680406250000001 0.55709375 0.962221875 0.5575296875 0.9515546875 0.5575359375 0.9418765625000001 0.5587453124999999 0.9329890625000001 0.5624890625 0.9308375 0.567421875 0.9346359375000001 0.572865625 0.9412375000000001 0.5767249999999999 0.9550765625000001 0.576096875 0.9633140625 0.571903125 0.9706296875 0.5668421875 0.9750921874999999 0.56068125
0 0.9426625 0.584921875 0.9406734374999999 0.577078125 0.938971875 0.5740515625 0.9338296875 0.5705 0.9334109375 0.5705 0.9130703125 0.573496875 0.898934375 0.5805281250000001 0.8956578125 0.58623125 0.9002359375 0.5913999999999999 0.9113296875 0.592746875 0.9256437500000001 0.5967125 0.9297359374999999 0.5953765625 0.9368375 0.59095625 0.9426625 0.584921875
0 0.81075 0.635903125 0.8046734375 0.632440625 0.7749015625 0.6489359375 0.7748359375 0.6565515625 0.78423125 0.6568875000000001 0.7959265624999999 0.6560406249999999 0.7947875 0.66175 0.8032843749999999 0.6644593750000001 0.811134375 0.6583609375 0.8194703125 0.6546765625 0.8234796875000001 0.6476656249999999 0.821390625 0.6432296875 0.8146875 0.642140625 0.8148390624999999 0.637803125 0.8113828125 0.635903125 0.81075 0.635903125
0 0.9320140625000001 0.6496234375000001 0.9333078125000001 0.6459718750000001 0.9300828125 0.6432640625 0.9280421875 0.6446484375 0.9228515625 0.6482921875 0.9234859375 0.6504296875 0.927815625 0.65280625 0.9320140625000001 0.6496234375000001
0 0.9382515625 0.8932390625 0.93415625 0.8957750000000001 0.93674375 0.898865625 0.9421312500000001 0.9012218750000001 0.9523765624999999 0.9017828124999999 0.9578687499999999 0.8992531250000001 0.9584140624999999 0.8969734375 0.9501296874999999 0.894434375 0.9440234375 0.892209375 0.9382515625 0.8932390625
0 0.8720874999999999 0.960259375 0.88930625 0.960509375 0.893690625 0.956425 0.8884484374999999 0.954034375 0.8845750000000001 0.9523093749999999 0.8754937500000001 0.951071875 0.8700453125 0.95160625 0.8695515625000001 0.9562406250000001 0.8720874999999999 0.960259375
0 0.69881875 0.7905984375 0.70714375 0.7869953125 0.712834375 0.783134375 0.7197859375 0.7760234374999999 0.72420625 0.7688484375 0.685634375 0.7923843749999999 0.69881875 0.7905984375
0 0.7533375 0.779990625 0.751040625 0.7801484375000001 0.749290625 0.780584375 0.7502421874999999 0.782721875 0.757421875 0.7835375 0.7592171875 0.7805828125 0.7533375 0.779990625
0 0.629434375 0.85634375 0.6307296874999999 0.8508015625 0.6313171875 0.847925 0.626009375 0.8463140625 0.6237125 0.8463140625 0.6197421875 0.8498796875 0.6234921875 0.8553062499999999 0.629434375 0.85634375
0 0.4966921875 0.8028281249999999 0.5112765625 0.8050843750000001 0.5103640625 0.8149421875 0.5180343749999999 0.8193546875 0.5302265625 0.8176500000000001 0.53973125 0.816103125 0.5625984374999999 0.807684375 0.60786875 0.7817000000000001 0.6125203124999999 0.7652984375 0.608421875 0.7552749999999999 0.605159375 0.7432203125 0.5458390625 0.7747875 0.4966921875 0.8028281249999999
0 0.44672812500000003 0.8348390625000001 0.44560781250000003 0.8437140624999999 0.45594062500000004 0.8482031250000001 0.468715625 0.84754375 0.4763828125 0.84754375 0.48562500000000003 0.8438203124999999 0.48685156249999995 0.8359390624999999 0.4844921875 0.8285140625 0.48203593749999996 0.8239578125 0.4787078125 0.8183343750000001 0.47372812499999994 0.8157640625000001 0.442775 0.83143125 0.44672812500000003 0.8348390625000001
0 0 0.9157609375 0.0009296875 0.935246875 0.293571875 0.791546875 0.2778 0.7915140625 0.257403125 0.7981546875000001 0.24710468749999998 0.8041046875 0.23593437499999997 0.8104984375000001 0.2166484375 0.8173546875 0.20650624999999997 0.82399375 0.191003125 0.83105 0.1632171875 0.83928125 0.1427453125 0.8491 0.11960781250000001 0.8563765625 0.108409375 0.8597187500000001 0.096609375 0.87340625 0.077225 0.882134375 0.0550859375 0.88498125 0.03701875 0.8900781249999999 0.015484375 0.9026203125000001 0 0.9114578124999999 0 0.9157609375