0 0.3839109375 0.4187140625 0.4085203125 0.41223124999999994 0.3986890625 0.4069375 0.4095171875 0.4080921875 0.41849687500000005 0.41240625 0.43251875 0.4165546875 0.462184375 0.4241890625 0.47853124999999996 0.42999687499999995 0.48302500000000004 0.42410781249999996 0.405190625 0.3971265625 0.4043546875 0.397284375 0.3830296875 0.389340625 0.2148625 0.3301765625 0.049743749999999996 0.2710734375 0.040896875 0.2712296875 0.048212500000000005 0.2757 0.058325 0.2796328125 0.06709375 0.2833515625 0.0738 0.2869875 0.091390625 0.292396875 0.09873125 0.2950078125 0.10916250000000001 0.29788281250000004 0.1179828125 0.30141874999999996 0.12622031250000001 0.306453125 0.1414328125 0.31044375 0.1548234375 0.31239062500000003 0.1608953125 0.3111796875 0.1684984375 0.3178625 0.1803578125 0.3249546875 0.1897046875 0.3278640625 0.1933234375 0.335909375 0.1968640625 0.3400046875 0.2014703125 0.3510171875 0.207440625 0.363759375 0.223109375 0.37469375 0.2747515625 0.39380000000000004 0.2985796875 0.3992140625 0.3286921875 0.3963234375 0.3385203125 0.4034890625 0.3558265625 0.4153640625 0.3839109375 0.4187140625
0 0.1068171875 0.3176796875 0.11146875 0.32704374999999997 0.126340625 0.3362796875 0.140796875 0.3417890625 0.15198125 0.33620625 0.14213437499999998 0.32816093749999997 0.12869375 0.321259375 0.1126953125 0.314740625 0.1068171875 0.3176796875
0 0.037696875000000005 0.43933125000000006 0.0350609375 0.4432578125 0.039554687500000005 0.44709062499999996 0.045890625000000004 0.445684375 0.048290625 0.44382343750000003 0.050517187500000005 0.4387546875 0.0450078125 0.43716875 0.037696875000000005 0.43933125000000006
0 0.200334375 0.5110859375000001 0.22861718749999999 0.5145171875 0.1771390625 0.4923109375 0.1722234375 0.495871875 0.1720515625 0.49894218749999997 0.1793 0.50298125 0.1886109375 0.50795625 0.200334375 0.5110859375000001
0 0.556103125 0.48363125 0.5541140625 0.48113593750000005 0.5486109375 0.4811515625 0.5459828124999999 0.487125 0.5539046875 0.49107500000000004 0.5574171875 0.48846249999999997 0.556103125 0.48363125
0 0.56629375 0.46147031250000003 0.5809765625 0.46174687499999995 0.583484375 0.46071718749999996 0.5618390625 0.4513890625 0.5569968750000001 0.45911406250000003 0.56629375 0.46147031250000003
0 0.6041484374999999 0.4743578125 0.6117 0.47500625 0.6186203124999999 0.4727671875 0.5920015624999999 0.4643140625 0.595540625 0.4702171875 0.6041484374999999 0.4743578125
0 1 0.60771875 0.6195968749999999 0.47279687499999995 0.6190218749999999 0.4754359375 0.6440609375 0.4849640625 0.6731890625 0.4969234375 0.6835125 0.5020156250000001 0.7061437500000001 0.5104109375 0.7163125 0.5160328125 0.737259375 0.522259375 0.749934375 0.5285328125000001 0.76905625 0.535871875 0.782340625 0.5413234375 0.8123359375 0.5516515625 0.8340015624999999 0.56001875 0.8659671875000001 0.5670625 0.8804953125000001 0.5733234375 0.9060578125 0.5882953125 0.9377453125 0.5942921875 0.9740203125000001 0.6083203125 1 0.617109375 1 0.60771875
0 0.5239515625 0.13717656250000002 0.5272265625 0.14276093750000002 0.543415625 0.150575 0.5619421874999999 0.14095625 0.5516890625 0.1374671875 0.5257984375 0.133396875 0.5239515625 0.13717656250000002
0 0.3861 0.1035703125 0.3785734375 0.10549375000000001 0.390909375 0.11515625 0.400975 0.125690625 0.39621875 0.1334921875 0.41805624999999996 0.1275515625 0.444065625 0.1269171875 0.4634203125 0.12584375 0.4913546875 0.125246875 0.4723 0.12021250000000001 0.3861 0.1035703125
0 0 0.0359125 0.0078359375 0.0369578125 0.02880625 0.0373859375 0.0467390625 0.0430140625 0.0522046875 0.048675 0.06234531250000001 0.05075468749999999 0.0799640625 0.0464234375 0.10129999999999999 0.0507734375 0.08987031250000001 0.06423593749999999 0.09887968750000001 0.0729515625 0.115309375 0.0707390625 0.1425265625 0.061246875 0.14871406250000002 0.058357812499999995 0.128071875 0.05434375 0.026696875 0.035134375 0 0.030175 0 0.0359125
0 0.344278125 0.0957359375 0.3260078125 0.091521875 0.3138546875 0.091078125 0.31123124999999996 0.09309062500000001 0.3227421875 0.10143906250000001 0.34033125000000003 0.1033390625 0.36010624999999996 0.10137031249999999 0.3713578125 0.10037812500000001 0.366540625 0.10043906250000001 0.344278125 0.0957359375
0 0.17667968750000002 0.06410625 0.1998171875 0.071184375 0.21756562499999998 0.072975 0.22731249999999997 0.074865625 0.2399890625 0.07976093749999999 0.25388125 0.0818875 0.261590625 0.08408750000000001 0.28266718750000003 0.0860578125 0.2961859375 0.08680625 0.17667968750000002 0.06410625
0 0 0.5253796875 0.0066343750000000005 0.5316062500000001 0.016246875 0.5361687500000001 0.021631249999999998 0.537065625 0 0.5253796875
0 0.0653640625 0.572865625 0.0691625 0.567421875 0.0670109375 0.5624890625 0.0581234375 0.5587453124999999 0.0484453125 0.5575359375 0.037778125 0.5575296875 0.031959375 0.55709375 0.0245640625 0.5598015625 0.0249078125 0.56068125 0.029370312500000002 0.5668421875 0.0366859375 0.571903125 0.0449234375 0.576096875 0.058762499999999995 0.5767249999999999 0.0653640625 0.572865625
0 0.0997640625 0.5913999999999999 0.10434218749999999 0.58623125 0.101065625 0.5805281250000001 0.08692968749999999 0.573496875 0.06658906249999999 0.5705 0.0661703125 0.5705 0.061028125 0.5740515625 0.0593265625 0.577078125 0.0573375 0.584921875 0.0631625 0.59095625 0.0702640625 0.5953765625 0.07435625 0.5967125 0.0886703125 0.592746875 0.0997640625 0.5913999999999999
0 0.1765203125 0.6476656249999999 0.1805296875 0.6546765625 0.18886562499999998 0.6583609375 0.196715625 0.6644593750000001 0.20521250000000002 0.66175 0.2040734375 0.6560406249999999 0.21576875 0.6568875000000001 0.22516406249999998 0.6565515625 0.22509843749999997 0.6489359375 0.1953265625 0.632440625 0.18925 0.635903125 0.1886171875 0.635903125 0.1851609375 0.637803125 0.1853125 0.642140625 0.17860937500000001 0.6432296875 0.1765203125 0.6476656249999999
0 0.0699171875 0.6432640625 0.0666921875 0.6459718750000001 0.06798593750000001 0.6496234375000001 0.072184375 0.65280625 0.07651406250000001 0.6504296875 0.0771484375 0.6482921875 0.0719578125 0.6446484375 0.0699171875 0.6432640625
0 0.0476234375 0.9017828124999999 0.057868750000000004 0.9012218750000001 0.06325625 0.898865625 0.06584375 0.8957750000000001 0.061748437499999996 0.8932390625 0.05597656250000001 0.892209375 0.0498703125 0.894434375 0.041585937499999996 0.8969734375 0.042131249999999995 0.8992531250000001 0.0476234375 0.9017828124999999
0 0.1115515625 0.954034375 0.106309375 0.956425 0.11069375 0.960509375 0.1279125 0.960259375 0.1304484375 0.9562406250000001 0.1299546875 0.95160625 0.12450625 0.951071875 0.115425 0.9523093749999999 0.1115515625 0.954034375
0 0.29285625 0.7869953125 0.30118125 0.7905984375 0.314365625 0.7923843749999999 0.27579375 0.7688484375 0.28021406249999997 0.7760234374999999 0.287165625 0.783134375 0.29285625 0.7869953125
0 0.248959375 0.7801484375000001 0.2466625 0.779990625 0.2407828125 0.7805828125 0.242578125 0.7835375 0.2497578125 0.782721875 0.250709375 0.780584375 0.248959375 0.7801484375000001
0 0.3686828125 0.847925 0.3692703125 0.8508015625 0.370565625 0.85634375 0.3765078125 0.8553062499999999 0.3802578125 0.8498796875 0.3762875 0.8463140625 0.373990625 0.8463140625 0.3686828125 0.847925
0 0.39213125 0.7817000000000001 0.4374015625 0.807684375 0.46026875 0.816103125 0.46977343749999995 0.8176500000000001 0.48196562500000006 0.8193546875 0.4896359375 0.8149421875 0.4887234375 0.8050843750000001 0.5033078125 0.8028281249999999 0.45416093750000003 0.7747875 0.394840625 0.7432203125 0.391578125 0.7552749999999999 0.3874796875 0.7652984375 0.39213125 0.7817000000000001
0 0.5155078125 0.8285140625 0.5131484375 0.8359390624999999 0.514375 0.8438203124999999 0.5236171875 0.84754375 0.531284375 0.84754375 0.544059375 0.8482031250000001 0.5543921875 0.8437140624999999 0.553271875 0.8348390625000001 0.5572250000000001 0.83143125 0.5262718750000001 0.8157640625000001 0.5212921875000001 0.8183343750000001 0.5179640625 0.8239578125 0.5155078125 0.8285140625
0 1 0.9114578124999999 0.984515625 0.9026203125000001 0.96298125 0.8900781249999999 0.9449140625 0.88498125 0.922775 0.882134375 0.9033906249999999 0.87340625 0.8915906250000001 0.8597187500000001 0.8803921875 0.8563765625 0.8572546875 0.8491 0.8367828125000001 0.83928125 0.8089968750000001 0.83105 0.79349375 0.82399375 0.7833515625 0.8173546875 0.764065625 0.8104984375000001 0.7528953125 0.8041046875 0.742596875 0.7981546875000001 0.7222000000000001 0.7915140625 0.706428125 0.791546875 0.9990703125 0.935246875 1 0.9157609375 1 0.9114578124999999