0 0.42559531249999993 0.4942953125 0.4398140625 0.490328125 0.476521875 0.4838796875 0.4914015625 0.4796625 0.49966875 0.476190625 0.505290625 0.47247031249999993 0.509590625 0.46775781250000004 0.5178578125 0.4672625 0.5228171875000001 0.4692453125 0.527446875 0.46949375 0.5337296874999999 0.467509375 0.539021875 0.46329374999999995 0.542659375 0.46180625 0.55125625 0.4610609375 0.5588625 0.4630453125 0.567790625 0.4623015625 0.575396875 0.459078125 0.578703125 0.45610156249999995 0.5839953125 0.4546125 0.5876328125 0.4548609375 0.5912703125000001 0.459821875 0.5889546875 0.46602187500000003 0.5889546875 0.4704859375 0.5929234375 0.4759421875 0.5982140625000001 0.476934375 0.6147484375000001 0.4764390625 0.6170640625 0.4751984375 0.619046875 0.46974218749999996 0.6220234375 0.4682546875 0.6557546875 0.4640375 0.6739421875 0.44965312500000004 0.67625625 0.4466765625 0.6752640624999999 0.4432046875 0.663690625 0.4350203125 0.6577375 0.4322921875 0.6587296874999999 0.429315625 0.6699734375 0.42410781249999996 0.6884921875 0.42113125 0.6990734375 0.41765937500000005 0.707340625 0.4171625 0.7129624999999999 0.4203875 0.7126328125 0.4221234375 0.7070109375 0.4265875 0.7053578125 0.43452343750000005 0.72420625 0.44097187499999996 0.7328046875 0.44692499999999996 0.74239375 0.4479171875 0.7486765625 0.4466765625 0.759259375 0.447171875 0.766203125 0.4459328125 0.7791 0.4392359375 0.799271875 0.4322921875 0.8171296874999999 0.428571875 0.8306875 0.423115625 0.8459 0.42088281250000004 0.8670640625000001 0.40922656249999995 0.87830625 0.4064984375 0.8829359374999999 0.40128906249999996 0.887896875 0.39260937500000004 0.8905421875 0.38045625 0.899140625 0.3732640625 0.8994703124999999 0.371528125 0.894840625 0.369046875 0.8786375 0.3670640625 0.876653125 0.36483125 0.8769843749999999 0.36334374999999997 0.88624375 0.35863125 0.88988125 0.35863125 0.902778125 0.3618546875 0.9100531249999999 0.360615625 0.9107140625 0.35441406249999996 0.9143515624999999 0.3459828125 0.94874375 0.3358140625 0.958003125 0.3298609375 0.9563484375 0.3283734375 0.9429812500000001 0.3291921875 0.93353125 0.33308593750000004 0.9073328125 0.34092500000000003 0.7910984375 0.376046875 0.759953125 0.385825 0.6150796875 0.4303078125 0.5734125 0.4439484375 0.53306875 0.45535781249999996 0.5248015625 0.4588296875 0.49867656250000003 0.46527812500000004 0.458003125 0.478421875 0.431878125 0.485615625 0.3974359375 0.49569375000000004 0.3999859375 0.496628125 0.4120375 0.4935515625 0.41335937500000003 0.49454374999999995 0.42559531249999993 0.4942953125
0 0.249646875 0.6191453124999999 0.2534484375 0.6144859375 0.2610109375 0.615334375 0.25628281249999996 0.602678125 0.2465953125 0.602984375 0.2392671875 0.6018640625 0.234934375 0.6067375 0.23178125 0.6152921874999999 0.23317031250000003 0.6208750000000001 0.24228125 0.6215296875 0.249646875 0.6191453124999999
0 0.2120796875 0.5563671875 0.22202187499999998 0.5549203125 0.22622031250000002 0.5532421875 0.2215609375 0.5474953124999999 0.20472031249999997 0.5533875 0.2120796875 0.5563671875
0 0.1530375 0.5798453125 0.153353125 0.5742078125 0.1464140625 0.575490625 0.137996875 0.5777484375 0.1300171875 0.5800953125 0.1319265625 0.5838359375 0.13573125 0.584815625 0.14349375 0.5857390625 0.1496328125 0.5837328125 0.1530375 0.5798453125
0 0.8550156250000001 0.6278625 0.8939031249999999 0.626240625 0.8966749999999999 0.624740625 0.9013109375000001 0.6175843750000001 0.9070953125000001 0.61586875 0.91719375 0.6118046875 0.9118718749999999 0.6060765625 0.9036046875 0.6063984375 0.8992703125 0.6044562499999999 0.862184375 0.622278125 0.8578468750000001 0.6233484375 0.8529546874999999 0.6270609375 0.8550156250000001 0.6278625
0 1 0.7147484375000001 0.9878562499999999 0.71968125 0.9915140625 0.7266234375 0.9925703125 0.72915 1 0.7291671875 1 0.7147484375000001
0 1 0.3607265625 0.9999171875 0.352803125 0.989528125 0.35371874999999997 0.9838374999999999 0.36185625 0.9854515625 0.369884375 1 0.370209375 1 0.3681140625 1 0.3607265625
0 1 0.3121859375 0.9627156250000001 0.3236609375 0.973503125 0.324625 0.97916875 0.32508593750000003 0.984159375 0.3247171875 0.9875265625 0.3236703125 0.9909531250000001 0.321546875 0.9933 0.321078125 0.9984531249999999 0.3187109375 1 0.31634375000000003 1 0.3121859375
0 0.388346875 0.8576734374999999 0.386078125 0.8575156249999999 0.3602515625 0.869809375 0.3617953125 0.8694124999999999 0.3717375 0.8683203125000001 0.377421875 0.8665515625 0.3822546875 0.8647390625 0.3878390625 0.8617765625 0.38934531250000004 0.8594453124999999 0.388346875 0.8576734374999999
0 0.5597078125 1 0.5586140625 0.9925421875 0.5608 0.9894796875 0.5666218749999999 0.982834375 0.5762906250000001 0.9732593749999999 0.53724375 0.9955671875000001 0.5323734375 1 0.542671875 1 0.5597078125 1
0 0.8683937500000001 0.841509375 0.8732468750000001 0.840603125 0.8750249999999999 0.8395953125 0.8787203124999999 0.835615625 0.88195 0.83245 0.8858890625000001 0.82973125 0.8877890624999999 0.826909375 0.89133125 0.8236265625 0.8946171875 0.8199578125 0.8946687499999999 0.81410625 0.8891609375 0.8134656250000001 0.882784375 0.81439375 0.8775562499999999 0.8139031250000001 0.8731 0.8125515625 0.8782796875000001 0.81145 0.880853125 0.8074390625 0.882646875 0.8063234375 0.882646875 0.8038578125000001 0.8766671875000001 0.8026312499999999 0.8739734374999999 0.8036328125000001 0.87175625 0.8039578125 0.8693687499999999 0.8026046875 0.8708015625 0.8016406249999999 0.8662046875 0.79915625 0.862059375 0.7979937500000001 0.8210890624999999 0.8224218750000001 0.830553125 0.8201765625 0.8307375 0.8212921874999999 0.8276046875 0.8255921875000001 0.826278125 0.8275625 0.8288578125000001 0.82973125 0.8309421875 0.8325875 0.8311515625 0.8355062500000001 0.8327390625 0.8375406249999999 0.8404734375 0.8383515625 0.84335 0.836034375 0.8521796875 0.83270625 0.8551781249999999 0.8331203125 0.8595703125 0.83516875 0.8560265625 0.8397265624999999 0.8585046875 0.8437875 0.8620828125 0.8436953125000001 0.8683937500000001 0.841509375