0 0.84859375 0.544196875 0.8419796875 0.5559093749999999 0.867909375 0.559578125 0.8584468749999999 0.5468 0.84859375 0.544196875
0 0.8802328125000001 0.5011328125000001 0.8703765625000001 0.508759375 0.8871328125 0.5059812499999999 0.892309375 0.5050921875000001 0.8802328125000001 0.5011328125000001
0 0.9199734375 0.51275625 0.9055640625000001 0.5167937499999999 0.9312984375 0.5248953125 0.94663125 0.5349999999999999 0.970803125 0.5346890625 0.980778125 0.5329484375 0.9199734375 0.51275625
0 0.6011656249999999 0.4385328125 0.5929109375 0.43229375000000003 0.6132734375 0.43568125 0.6217625 0.4396328125 0.6248109375 0.43755 0.643303125 0.4418921875 0.666315625 0.4512875 0.7241828124999999 0.458653125 0.735371875 0.457125 0.4543421875 0.374046875 0.1568203125 0.2820984375 0.14981875 0.285421875 0.177271875 0.2972265625 0.2230734375 0.3122328125 0.256959375 0.32042031249999997 0.22252187499999998 0.328153125 0.23428906249999998 0.3449578125 0.2502171875 0.36067187500000003 0.2687984375 0.345421875 0.26104531249999996 0.33201875 0.2672515625 0.3218296875 0.2802046875 0.32347187499999996 0.2900640625 0.3292703125 0.3132703125 0.3372828125 0.317465625 0.34169062499999997 0.31873125 0.3506390625 0.3272953125 0.354090625 0.3251765625 0.3609796875 0.33061250000000003 0.375809375 0.3392890625 0.3914671875 0.36031875 0.4000828125 0.4426109375 0.42722499999999997 0.47021406250000003 0.42090937500000003 0.50349375 0.41265625000000006 0.5150515625 0.44100312500000005 0.54196875 0.45385625 0.5862171875 0.44956250000000003 0.6011656249999999 0.4385328125
0 0.29417499999999996 0.5671296875 0.2959484375 0.5693828125 0.317740625 0.5820546875 0.332834375 0.5868921874999999 0.3487609375 0.5885140625 0.3518484375 0.5868218749999999 0.3059328125 0.5629984375 0.29417499999999996 0.5671296875
0 0.16395781250000002 0.5036296874999999 0.1670859375 0.5000640625 0.1583484375 0.496946875 0.152115625 0.4992234375 0.147959375 0.5042640625 0.16395781250000002 0.5036296874999999
0 0 0.2390640625 0.013865625000000001 0.244115625 0.03628125 0.2497796875 0.0575390625 0.2526703125 0 0.23501875 0 0.2390640625
0 0.0485296875 0.4431953125 0.065 0.44348124999999994 0.0829 0.445103125 0.078659375 0.4463296875 0.066846875 0.44767812500000004 0.0669796875 0.45281562500000005 0.07604999999999999 0.45653750000000004 0.08808906250000001 0.45732968749999997 0.0969828125 0.450690625 0.0067703125 0.40261874999999997 0.0066609375 0.406246875 0.014220312500000002 0.4115421875 0.006987500000000001 0.41430468749999994 0.0049421874999999995 0.4202 0.007875 0.428515625 0.011995312499999999 0.43410000000000004 0.0222171875 0.43424375 0.037575 0.433259375 0.0406078125 0.4393296875 0.0485296875 0.4431953125
0 0.137325 0.6078515624999999 0.1239390625 0.601971875 0.117203125 0.59793125 0.1258796875 0.6071187499999999 0.13895156250000001 0.6136921875 0.1479 0.6160187500000001 0.137325 0.6078515624999999
0 0.065671875 0.6463265625 0.0627359375 0.6481453125 0.0760828125 0.653071875 0.08899375000000001 0.65475 0.085703125 0.6518703125 0.076059375 0.644534375 0.0751203125 0.643346875 0.065671875 0.6463265625
0 0.18385 0.6633703125 0.1931953125 0.658528125 0.19079375 0.650390625 0.18568437499999998 0.6460546875000001 0.17617031249999998 0.64284375 0.1616484375 0.641771875 0.15321562500000002 0.64088125 0.14709375 0.6424703125 0.14554687500000002 0.6438234375 0.1453140625 0.6506765624999999 0.1502640625 0.6569812500000001 0.1568390625 0.661734375 0.1732390625 0.6642046875000001 0.18385 0.6633703125
0 0.23029531250000002 0.680925 0.23049843750000001 0.6730875000000001 0.21673125 0.6651281250000001 0.2012375 0.6618 0.1916390625 0.6579390625 0.182790625 0.6609140625000001 0.17881562499999998 0.6649265625 0.1768171875 0.6698078125 0.171465625 0.67094375 0.17704843750000002 0.6789171875 0.187146875 0.6876265625 0.19617656249999998 0.69219375 0.2007328125 0.6869359375 0.21619531250000001 0.68591875 0.23029531250000002 0.680925
0 0.3134125 0.7586765625 0.30668281249999996 0.7577609375 0.3049359375 0.76396875 0.3110234375 0.7755515625 0.3233875 0.7823546875 0.33225937499999997 0.7818875000000001 0.345325 0.7808578125000001 0.3572421875 0.7774421874999999 0.36648749999999997 0.7666265625 0.3323015625 0.745171875 0.3238171875 0.74585 0.315146875 0.7499484375 0.3167390625 0.7575484375 0.3134125 0.7586765625
0 0.20447031249999997 0.7445734374999999 0.1996703125 0.745365625 0.197384375 0.7503671875 0.20082968750000002 0.7546703124999999 0.2092625 0.751790625 0.2087609375 0.7464453125 0.20447031249999997 0.7445734374999999
0 0.7626890625 0.8063640624999999 0.735634375 0.79269375 0.7441109375 0.8021671874999999 0.755359375 0.8059937500000001 0.7626890625 0.8063640624999999
0 0.6973171875 1 0.5767203125 0.9145578125 0.58141875 0.923903125 0.5820093749999999 0.93685625 0.5706390625 0.946034375 0.5731796874999999 0.962675 0.597203125 0.9932140625000001 0.6022609375 1 0.6973171875 1
0 0.4484 0.9486343749999999 0.4582859375 0.9552890625 0.47595312500000003 0.95995625 0.43039062499999997 0.9219593749999999 0.43367500000000003 0.9355593750000001 0.4419453125 0.9424531249999999 0.4484 0.9486343749999999
0 0.382140625 0.9378515625 0.38947031249999997 0.94219375 0.40000468749999996 0.93848125 0.3943765625 0.9376734375 0.382140625 0.9378515625