0 0.8419796875 0.444090625 0.84859375 0.455803125 0.8584468749999999 0.4532 0.867909375 0.440421875 0.8419796875 0.444090625
0 0.8703765625000001 0.491240625 0.8802328125000001 0.4988671875 0.892309375 0.4949078125 0.8871328125 0.49401875000000006 0.8703765625000001 0.491240625
0 0.9055640625000001 0.48320625 0.9199734375 0.48724375000000003 0.980778125 0.4670515625 0.970803125 0.46531093749999997 0.94663125 0.465 0.9312984375 0.4751046875 0.9055640625000001 0.48320625
0 0.3272953125 0.645909375 0.31873125 0.6493609375 0.317465625 0.658309375 0.3132703125 0.6627171875 0.2900640625 0.6707296875 0.2802046875 0.676528125 0.2672515625 0.6781703125 0.26104531249999996 0.66798125 0.2687984375 0.654578125 0.2502171875 0.639328125 0.23428906249999998 0.6550421875 0.22252187499999998 0.6718468750000001 0.256959375 0.6795796875 0.2230734375 0.6877671875 0.177271875 0.7027734375 0.14981875 0.714578125 0.1568203125 0.7179015625 0.4543421875 0.625953125 0.735371875 0.542875 0.7241828124999999 0.541346875 0.666315625 0.5487124999999999 0.643303125 0.5581078125000001 0.6248109375 0.56245 0.6217625 0.5603671875 0.6132734375 0.56431875 0.5929109375 0.56770625 0.6011656249999999 0.5614671875 0.5862171875 0.5504374999999999 0.54196875 0.5461437499999999 0.5150515625 0.558996875 0.50349375 0.5873437499999999 0.47021406250000003 0.579090625 0.4426109375 0.572775 0.36031875 0.5999171875 0.3392890625 0.6085328125 0.33061250000000003 0.624190625 0.3251765625 0.6390203125 0.3272953125 0.645909375
0 0.332834375 0.4131078125 0.317740625 0.4179453125 0.2959484375 0.43061718750000005 0.29417499999999996 0.43287031249999997 0.3059328125 0.4370015625 0.3518484375 0.41317812500000006 0.3487609375 0.4114859375 0.332834375 0.4131078125
0 0.147959375 0.4957359375 0.152115625 0.5007765625 0.1583484375 0.503053125 0.1670859375 0.4999359375 0.16395781250000002 0.4963703125 0.147959375 0.4957359375
0 0 0.7649812500000001 0.0575390625 0.7473296875 0.03628125 0.7502203125 0.013865625000000001 0.755884375 0 0.7609359375 0 0.7649812500000001
0 0.0969828125 0.549309375 0.08808906250000001 0.5426703125000001 0.07604999999999999 0.5434625 0.0669796875 0.547184375 0.066846875 0.552321875 0.078659375 0.5536703125 0.0829 0.5548968750000001 0.065 0.5565187500000001 0.0485296875 0.5568046875 0.0406078125 0.5606703125 0.037575 0.566740625 0.0222171875 0.56575625 0.011995312499999999 0.5659 0.007875 0.571484375 0.0049421874999999995 0.5798 0.006987500000000001 0.5856953125000001 0.014220312500000002 0.5884578125 0.0066609375 0.593753125 0.0067703125 0.59738125 0.0969828125 0.549309375
0 0.1239390625 0.398028125 0.137325 0.3921484375 0.1479 0.38398125 0.13895156250000001 0.3863078125 0.1258796875 0.39288124999999996 0.117203125 0.40206875000000003 0.1239390625 0.398028125
0 0.08899375000000001 0.34525 0.0760828125 0.346928125 0.0627359375 0.35185468750000004 0.065671875 0.3536734375 0.0751203125 0.356653125 0.076059375 0.355465625 0.085703125 0.3481296875 0.08899375000000001 0.34525
0 0.19079375 0.349609375 0.1931953125 0.341471875 0.18385 0.3366296875 0.1732390625 0.3357953125 0.1568390625 0.338265625 0.1502640625 0.34301875000000004 0.1453140625 0.3493234375 0.14554687500000002 0.3561765625 0.14709375 0.35752968749999997 0.15321562500000002 0.35911875000000004 0.1616484375 0.358228125 0.17617031249999998 0.35715625 0.18568437499999998 0.3539453125 0.19079375 0.349609375
0 0.2012375 0.3382 0.21673125 0.33487187500000004 0.23049843750000001 0.3269125 0.23029531250000002 0.319075 0.21619531250000001 0.31408125 0.2007328125 0.31306406249999996 0.19617656249999998 0.30780625 0.187146875 0.3123734375 0.17704843750000002 0.3210828125 0.171465625 0.32905625 0.1768171875 0.3301921875 0.17881562499999998 0.3350734375 0.182790625 0.3390859375 0.1916390625 0.3420609375 0.2012375 0.3382
0 0.3049359375 0.23603125 0.30668281249999996 0.2422390625 0.3134125 0.24132343750000002 0.3167390625 0.24245156250000002 0.315146875 0.2500515625 0.3238171875 0.25415 0.3323015625 0.254828125 0.36648749999999997 0.2333734375 0.3572421875 0.2225578125 0.345325 0.2191421875 0.33225937499999997 0.21811250000000001 0.3233875 0.21764531250000002 0.3110234375 0.2244484375 0.3049359375 0.23603125
0 0.1996703125 0.254634375 0.20447031249999997 0.2554265625 0.2087609375 0.2535546875 0.2092625 0.248209375 0.20082968750000002 0.2453296875 0.197384375 0.24963281249999997 0.1996703125 0.254634375
0 0.735634375 0.20730624999999997 0.7626890625 0.19363593750000002 0.755359375 0.19400625 0.7441109375 0.1978328125 0.735634375 0.20730624999999997
0 0.6022609375 0 0.597203125 0.0067859375 0.5731796874999999 0.037325000000000004 0.5706390625 0.053965624999999996 0.5820093749999999 0.06314375 0.58141875 0.076096875 0.5767203125 0.0854421875 0.6973171875 0 0.6022609375 0
0 0.4582859375 0.0447109375 0.4484 0.051365625000000005 0.4419453125 0.057546875 0.43367500000000003 0.064440625 0.43039062499999997 0.078040625 0.47595312500000003 0.04004375 0.4582859375 0.0447109375
0 0.38947031249999997 0.05780625 0.382140625 0.0621484375 0.3943765625 0.0623265625 0.40000468749999996 0.06151875 0.38947031249999997 0.05780625