0 0.8007328125000001 0.0950796875 0.8170328124999999 0.11844062500000001 0.8261687500000001 0.1032625 0.818021875 0.0943109375 0.807534375 0.08858125 0.8007328125000001 0.0950796875
0 0.5256703125 0.4252640625 0.520709375 0.4265875 0.518353125 0.4290671875 0.5171125 0.43402812500000004 0.5177328125 0.4351859375 0.5259171874999999 0.43617656250000003 0.533978125 0.43931875 0.5344734375 0.44460937500000003 0.5306296875000001 0.44675937499999996 0.5290171875 0.44923906249999995 0.530134375 0.4533734375 0.5338546875 0.4546953125 0.5380703125 0.4517203125 0.5422859375 0.45535781249999996 0.545634375 0.45552187499999997 0.550471875 0.4533734375 0.5532 0.4497359375 0.5569203125 0.44940468750000007 0.5608875 0.4513890625 0.564359375 0.45039687500000003 0.568453125 0.44460937500000003 0.561384375 0.44047656249999995 0.5605156250000001 0.43931875 0.5602671875 0.43435781249999994 0.5683281250000001 0.43253906249999996 0.56944375 0.42840625 0.5646078125 0.4252640625 0.543278125 0.42460312499999997 0.5256703125 0.4252640625
0 0.1610859375 0.43287031249999997 0.15315 0.44246093750000004 0.1490578125 0.4499015625 0.149925 0.45502656249999995 0.1563734375 0.45932500000000004 0.1657984375 0.4623015625 0.1705109375 0.46693125 0.17621562500000001 0.4695765625 0.18315937499999999 0.4682546875 0.18836875 0.4619703125 0.1920890625 0.45965625 0.1932046875 0.46544375000000004 0.19456875 0.4672625 0.20002499999999998 0.46990781249999997 0.2025046875 0.4695765625 0.20696875 0.4662703125 0.214409375 0.4662703125 0.21850156250000002 0.46345937499999995 0.21875 0.459821875 0.21750937499999998 0.45519218749999996 0.219865625 0.454034375 0.22098281250000001 0.45519218749999996 0.2197421875 0.46544375000000004 0.21639375 0.46593906250000006 0.2157734375 0.467096875 0.21552656250000002 0.470734375 0.216765625 0.474703125 0.21961875000000003 0.4771828125 0.2318953125 0.47933125 0.2337546875 0.47850468749999997 0.23896406250000002 0.47056875 0.243675 0.4666 0.2459078125 0.460978125 0.251115625 0.461309375 0.25582812499999996 0.4586640625 0.258184375 0.45585312499999997 0.2599203125 0.4499015625 0.2562 0.4436171875 0.2564484375 0.43931875 0.2742265625 0.43060468749999997 0.25855625 0.43055625 0.16331875 0.43220937499999995 0.1610859375 0.43287031249999997
0 0.7473953125 0.439153125 0.752728125 0.44460937500000003 0.751240625 0.4499015625 0.7545890625 0.454034375 0.75706875 0.45535781249999996 0.761409375 0.45519218749999996 0.7640125 0.453703125 0.768725 0.4477515625 0.7751734375 0.44709062499999996 0.7859625 0.4287375 0.780134375 0.42493437500000003 0.764509375 0.42394218749999996 0.7540921875000001 0.420634375 0.7327625 0.420634375 0.7224703124999999 0.42377656249999995 0.7282984375 0.43220937499999995 0.7344984375 0.43783125 0.7411953125 0.4401453125 0.7446671874999999 0.43849218749999996 0.7473953125 0.439153125
0 0.8118796875 0.44907343749999995 0.81956875 0.4477515625 0.8247765625 0.44940468750000007 0.8314734375 0.4477515625 0.83445 0.4517203125 0.8363093750000001 0.451884375 0.8433781249999999 0.44874375000000005 0.8457343749999999 0.4442796875 0.8467265625 0.43965 0.8457343749999999 0.43435781249999994 0.83990625 0.42824062500000004 0.8309765625000001 0.4265875 0.8247765625 0.42261875 0.8158484375 0.41997343750000005 0.79600625 0.41964218750000004 0.7869546875 0.42377656249999995 0.7958828125 0.44262499999999994 0.7989828125 0.4460984375 0.8084078124999999 0.44709062499999996 0.8118796875 0.44907343749999995
0 0.1063984375 0.46114375 0.11011875 0.4588296875 0.11284687499999999 0.45023125 0.11334375000000001 0.445271875 0.11582343749999999 0.441303125 0.1174359375 0.43386250000000004 0.100075 0.43287031249999997 0.09139375 0.43419375000000004 0.086309375 0.43634218750000003 0.08506875 0.4432875 0.085565625 0.44857812499999994 0.0916421875 0.45701093750000005 0.0938734375 0.45899531250000003 0.10106718750000002 0.461309375 0.1063984375 0.46114375
0 0.341496875 0.6755 0.3466734375 0.677209375 0.35325937500000004 0.6694625000000001 0.352634375 0.662615625 0.34865 0.6600328125 0.3464796875 0.6596859375 0.3420859375 0.6640296875 0.341825 0.6695421875 0.341496875 0.6755
0 0.45926718749999995 0.6487453125 0.46435000000000004 0.6491890625 0.47742500000000004 0.648096875 0.4880234375 0.646615625 0.5072875 0.6410828125 0.44913749999999997 0.6435187499999999 0.45926718749999995 0.6487453125
0 0.1768015625 0.6513984374999999 0.1851234375 0.652478125 0.193253125 0.6538109375000001 0.20142812499999999 0.653465625 0.20964999999999998 0.6487499999999999 0.171359375 0.648809375 0.1768015625 0.6513984374999999
0 0.5058828125 0.6684625 0.5045375 0.6694125 0.503946875 0.6731515625 0.507225 0.67939375 0.511240625 0.678103125 0.511240625 0.6727609375 0.5058828125 0.6684625
0 0.4034765625 0.9459734375 0.3965578125 0.9345234375 0.391390625 0.9378171875 0.389553125 0.9437734375 0.3917390625 0.9472890625 0.40140937499999996 0.9552828124999999 0.405971875 0.95160625 0.4034765625 0.9459734375
0 0.5236234375000001 0.9472093750000001 0.5190671874999999 0.9318421875 0.5138812500000001 0.9241828125 0.5085375 0.928178125 0.5074984375 0.9368000000000001 0.51199375 0.9441890624999999 0.5215562499999999 0.950603125 0.5236234375000001 0.9472093750000001
0 0.8206859375000001 0.6355593749999999 0.8159046875 0.6358125 0.8149859375 0.640565625 0.81943125 0.645290625 0.8268484375 0.6433687499999999 0.8300546875 0.637775 0.8206859375000001 0.6355593749999999
0 0.9843578125000001 0.7123406250000001 0.9896828125000001 0.701025 0.9909671875000001 0.6938796875000001 0.985478125 0.6942062499999999 0.9822578125 0.6966453125000001 0.9800812499999999 0.708940625 0.9843578125000001 0.7123406250000001