0 0.1992671875 0.0950796875 0.192465625 0.08858125 0.181978125 0.0943109375 0.17383125 0.1032625 0.18296718750000002 0.11844062500000001 0.1992671875 0.0950796875
0 0.43973281249999996 0.43435781249999994 0.439484375 0.43931875 0.438615625 0.44047656249999995 0.431546875 0.44460937500000003 0.435640625 0.45039687500000003 0.43911249999999996 0.4513890625 0.44307968750000004 0.44940468750000007 0.4468 0.4497359375 0.44952812499999995 0.4533734375 0.454365625 0.45552187499999997 0.4577140625 0.45535781249999996 0.46192968749999996 0.4517203125 0.4661453125 0.4546953125 0.469865625 0.4533734375 0.47098281249999996 0.44923906249999995 0.4693703125 0.44675937499999996 0.4655265625 0.44460937500000003 0.46602187500000003 0.43931875 0.4740828125 0.43617656250000003 0.4822671875 0.4351859375 0.4828875 0.43402812500000004 0.48164687500000003 0.4290671875 0.47929062499999997 0.4265875 0.47432968750000004 0.4252640625 0.45672187500000005 0.42460312499999997 0.4353921875 0.4252640625 0.43055625 0.42840625 0.431671875 0.43253906249999996 0.43973281249999996 0.43435781249999994
0 0.7438 0.4436171875 0.7400796875 0.4499015625 0.741815625 0.45585312499999997 0.7441718749999999 0.4586640625 0.748884375 0.461309375 0.7540921875000001 0.460978125 0.756325 0.4666 0.7610359375 0.47056875 0.7662453124999999 0.47850468749999997 0.7681046874999999 0.47933125 0.78038125 0.4771828125 0.7832343749999999 0.474703125 0.7844734375 0.470734375 0.7842265625 0.467096875 0.78360625 0.46593906250000006 0.7802578125 0.46544375000000004 0.7790171875 0.45519218749999996 0.780134375 0.454034375 0.782490625 0.45519218749999996 0.78125 0.459821875 0.7814984375 0.46345937499999995 0.785590625 0.4662703125 0.7930312500000001 0.4662703125 0.7974953124999999 0.4695765625 0.799975 0.46990781249999997 0.80543125 0.4672625 0.8067953125 0.46544375000000004 0.8079109375 0.45965625 0.8116312499999999 0.4619703125 0.816840625 0.4682546875 0.823784375 0.4695765625 0.8294890625000001 0.46693125 0.8342015625 0.4623015625 0.8436265625000001 0.45932500000000004 0.850075 0.45502656249999995 0.8509421875 0.4499015625 0.8468500000000001 0.44246093750000004 0.8389140625 0.43287031249999997 0.83668125 0.43220937499999995 0.74144375 0.43055625 0.7257734375 0.43060468749999997 0.7435515625 0.43931875 0.7438 0.4436171875
0 0.2775296875 0.42377656249999995 0.2672375 0.420634375 0.2459078125 0.420634375 0.235490625 0.42394218749999996 0.219865625 0.42493437500000003 0.21403750000000002 0.4287375 0.22482656250000002 0.44709062499999996 0.23127499999999998 0.4477515625 0.23598750000000002 0.453703125 0.238590625 0.45519218749999996 0.24293125 0.45535781249999996 0.24541093749999998 0.454034375 0.24875937499999998 0.4499015625 0.24727187499999997 0.44460937500000003 0.2526046875 0.439153125 0.2553328125 0.43849218749999996 0.25880468749999996 0.4401453125 0.2655015625 0.43783125 0.2717015625 0.43220937499999995 0.2775296875 0.42377656249999995
0 0.20399375000000003 0.41964218750000004 0.1841515625 0.41997343750000005 0.1752234375 0.42261875 0.16902343749999998 0.4265875 0.16009374999999998 0.42824062500000004 0.15426562500000002 0.43435781249999994 0.1532734375 0.43965 0.15426562500000002 0.4442796875 0.156621875 0.44874375000000005 0.163690625 0.451884375 0.16555 0.4517203125 0.1685265625 0.4477515625 0.1752234375 0.44940468750000007 0.18043125 0.4477515625 0.1881203125 0.44907343749999995 0.1915921875 0.44709062499999996 0.20101718750000003 0.4460984375 0.2041171875 0.44262499999999994 0.21304531249999997 0.42377656249999995 0.20399375000000003 0.41964218750000004
0 0.9149312500000001 0.4432875 0.9136906249999999 0.43634218750000003 0.9086062500000001 0.43419375000000004 0.899925 0.43287031249999997 0.8825640625 0.43386250000000004 0.8841765625000001 0.441303125 0.88665625 0.445271875 0.887153125 0.45023125 0.88988125 0.4588296875 0.8936015625 0.46114375 0.8989328125 0.461309375 0.9061265625000001 0.45899531250000003 0.9083578125 0.45701093750000005 0.9144343750000001 0.44857812499999994 0.9149312500000001 0.4432875
0 0.6473656250000001 0.662615625 0.646740625 0.6694625000000001 0.6533265625 0.677209375 0.658503125 0.6755 0.6581750000000001 0.6695421875 0.6579140625 0.6640296875 0.6535203125 0.6596859375 0.65135 0.6600328125 0.6473656250000001 0.662615625
0 0.53565 0.6491890625 0.5407328125 0.6487453125 0.5508625 0.6435187499999999 0.4927125 0.6410828125 0.5119765625 0.646615625 0.522575 0.648096875 0.53565 0.6491890625
0 0.8148765625 0.652478125 0.8231984375 0.6513984374999999 0.828640625 0.648809375 0.79035 0.6487499999999999 0.798571875 0.653465625 0.806746875 0.6538109375000001 0.8148765625 0.652478125
0 0.49546250000000003 0.6694125 0.4941171875 0.6684625 0.488759375 0.6727609375 0.488759375 0.678103125 0.49277499999999996 0.67939375 0.496053125 0.6731515625 0.49546250000000003 0.6694125
0 0.608609375 0.9378171875 0.6034421875 0.9345234375 0.5965234374999999 0.9459734375 0.594028125 0.95160625 0.598590625 0.9552828124999999 0.6082609375 0.9472890625 0.6104468749999999 0.9437734375 0.608609375 0.9378171875
0 0.48611875 0.9241828125 0.48093281250000003 0.9318421875 0.47637656249999993 0.9472093750000001 0.47844375 0.950603125 0.48800625000000003 0.9441890624999999 0.49250156250000005 0.9368000000000001 0.4914625 0.928178125 0.48611875 0.9241828125
0 0.1840953125 0.6358125 0.17931406249999998 0.6355593749999999 0.1699453125 0.637775 0.1731515625 0.6433687499999999 0.18056875 0.645290625 0.18501406250000002 0.640565625 0.1840953125 0.6358125
0 0.0103171875 0.701025 0.015642187499999998 0.7123406250000001 0.01991875 0.708940625 0.0177421875 0.6966453125000001 0.014521875 0.6942062499999999 0.0090328125 0.6938796875000001 0.0103171875 0.701025