0 0.5667984374999999 0.5685765625 0.5600203125000001 0.565228125 0.5563828125 0.5620046875 0.5362109375 0.55704375 0.53670625 0.55394375 0.53885625 0.552828125 0.5415015624999999 0.5545640625 0.5491078125 0.5545640625 0.554728125 0.5563 0.5649796874999999 0.55555625 0.5664687500000001 0.5532 0.5560515625 0.5491078125 0.5431546875000001 0.54613125 0.5249671874999999 0.539434375 0.521659375 0.537203125 0.5081015625 0.5332343749999999 0.48627656249999995 0.5295140625 0.47635625 0.5295140625 0.46544375000000004 0.5352187500000001 0.4604828125 0.5364578125 0.4517203125 0.5415421874999999 0.446428125 0.5497265625 0.44477500000000003 0.55543125 0.44047656249999995 0.5576640625 0.44047656249999995 0.5608875 0.44212968750000003 0.5631203124999999 0.4474203125 0.56485625 0.44031093749999994 0.565971875 0.43435781249999994 0.5689484375 0.4290671875 0.5701890625 0.42559531249999993 0.573040625 0.42460312499999997 0.579984375 0.420965625 0.5807296875 0.41947812500000003 0.5845734375 0.41765937500000005 0.5842015625 0.41683125 0.5803578125 0.412203125 0.5798609375 0.3983140625 0.5820937500000001 0.3758265625 0.58829375 0.38227500000000003 0.6052828124999999 0.38988125 0.6114828125 0.39318749999999997 0.61793125 0.3976515625 0.6205359374999999 0.404265625 0.621528125 0.41683125 0.6267359375 0.4222890625 0.6328125 0.4290671875 0.636409375 0.43468906250000006 0.6381453125000001 0.44047656249999995 0.63826875 0.45519218749999996 0.6349203125 0.47602500000000003 0.6359125 0.48660781249999996 0.6341765625 0.495865625 0.6299609375 0.5014875 0.6254953125 0.507771875 0.6240078125 0.5122359375000001 0.6174359375 0.5176921875 0.6140875 0.52430625 0.616071875 0.5342265625 0.6165671875000001 0.535053125 0.614459375 0.5291 0.6025546875 0.52943125 0.5921375 0.5332343749999999 0.58829375 0.538525 0.58755 0.544146875 0.584821875 0.5610125 0.5701890625 0.5667984374999999 0.5685765625
0 0.2137890625 0.44965312500000004 0.22437187500000003 0.44866093749999997 0.2475203125 0.44890937500000005 0.2564484375 0.44692499999999996 0.2624015625 0.4466765625 0.2667 0.45014843750000005 0.27695156249999997 0.44618125 0.290840625 0.443453125 0.2931546875 0.4407234375 0.298115625 0.43973281249999996 0.3007609375 0.4375 0.3301921875 0.43526718750000004 0.33366406249999997 0.439359375 0.32308125 0.44456875 0.3210984375 0.4468 0.3204359375 0.451265625 0.323909375 0.455109375 0.332671875 0.4557296875 0.3351515625 0.45535781249999996 0.3424265625 0.44866093749999997 0.35433125 0.44246093750000004 0.3630953125 0.436384375 0.363590625 0.43129999999999996 0.3523484375 0.4265875 0.334821875 0.4221234375 0.3189484375 0.4223703125 0.29447812500000003 0.42534687499999996 0.25975468749999997 0.42460312499999997 0.22536406250000002 0.42881875 0.2177578125 0.4310515625 0.2084984375 0.4357640625 0.2012234375 0.4375 0.1984125 0.439359375 0.20039687499999997 0.446553125 0.2051921875 0.44866093749999997 0.2137890625 0.44965312500000004
0 0.35648124999999997 0.33395312499999996 0.3764875 0.3283734375 0.39699062500000004 0.319196875 0.4275796875 0.3173359375 0.4250984375 0.313740625 0.4184859375 0.3120046875 0.37913437499999997 0.3072921875 0.3645828125 0.3025796875 0.3579703125 0.30233125 0.323578125 0.3063 0.308696875 0.3102671875 0.2916671875 0.3178328125 0.3080359375 0.32118125000000003 0.3186171875 0.3216765625 0.32258593750000003 0.32316406249999996 0.34804843750000003 0.325396875 0.3501984375 0.32725624999999997 0.3501984375 0.3334578125 0.35648124999999997 0.33395312499999996
0 0.1787375 0.24603125 0.1919640625 0.24355156249999999 0.2045296875 0.244046875 0.20965625000000002 0.23945937499999997 0.2015546875 0.2368546875 0.19295625 0.2358625 0.15724218750000002 0.23561562500000002 0.139384375 0.240328125 0.106315625 0.2470234375 0.1025125 0.25086875000000003 0.1127640625 0.251859375 0.1294640625 0.2495046875 0.1453375 0.24925625 0.1625328125 0.2450390625 0.1787375 0.24603125
0 0.2722984375 0.180153125 0.29050937499999996 0.18551562500000002 0.31431875 0.18650781249999998 0.33151406250000004 0.1845234375 0.333003125 0.18043125 0.32523124999999997 0.177828125 0.3070765625 0.17824374999999998 0.2846890625 0.17600156250000001 0.27099843749999997 0.1721234375 0.2635328125 0.179109375 0.25710937500000003 0.176090625 0.235284375 0.1775796875 0.2197421875 0.18055625 0.21511249999999998 0.1822921875 0.21263281250000002 0.1844 0.21742656249999998 0.18650781249999998 0.271825 0.18836875 0.2722984375 0.180153125
0 0.338625 0.3552828125 0.329034375 0.3607390625 0.3338296875 0.36334374999999997 0.3414359375 0.3650796875 0.3609453125 0.365575 0.371528125 0.3665671875 0.3761578125 0.368303125 0.38260625 0.36817968749999996 0.3883921875 0.366815625 0.3908734375 0.364459375 0.38806250000000003 0.3623515625 0.38409375 0.36135937500000004 0.380953125 0.35701875 0.386078125 0.3549109375 0.3920296875 0.35391875 0.4036046875 0.34871093750000004 0.40939218750000006 0.344865625 0.41121093750000004 0.341021875 0.4085640625 0.3400296875 0.396659375 0.341021875 0.3725203125 0.3462296875 0.35499375 0.3459828125 0.34408125 0.3469734375 0.3379625 0.3490828125 0.33961562500000003 0.35230625 0.338625 0.3552828125
0 0.213625 0.3373015625 0.17904375 0.349240625 0.19292343750000002 0.35275 0.1988953125 0.3519171875 0.208034375 0.3494453125 0.21435624999999997 0.34324374999999996 0.213625 0.3373015625
0 0.5804609375 0.2810953125 0.5711078125 0.2861328125 0.57861875 0.29193281249999997 0.589946875 0.2807546875 0.5804609375 0.2810953125
0 0.5793468749999999 0.27352656249999996 0.5808734375 0.27680937499999997 0.60305 0.2756328125 0.603809375 0.2728140625 0.611478125 0.275953125 0.6102484375 0.27937500000000004 0.6231109375 0.279975 0.6003203125 0.2695546875 0.5793468749999999 0.27352656249999996
0 0.5566203125 0.26205625 0.5568625 0.266396875 0.5481515625 0.2727125 0.5509859374999999 0.2760828125 0.5618390625 0.271921875 0.568896875 0.2705421875 0.5743046875 0.2674578125 0.5601671875 0.2616796875 0.5566203125 0.26205625
0 0.9139671875 0.4179609375 0.90870625 0.4174375 0.8992390625000001 0.4201046875 0.897615625 0.4248046875 0.919875 0.42944531250000006 0.9400984375 0.43140625000000005 0.9626765625000001 0.4345140625 0.9621484375 0.426575 0.9491546874999999 0.42269843749999997 0.9325453125 0.420246875 0.9139671875 0.4179609375