0 0.7824312499999999 0.2663828125 0.7818562499999999 0.270384375 0.7836000000000001 0.2757703125 0.7883015624999999 0.2830265625 0.795640625 0.28280625000000004 0.8091734374999999 0.27776718749999996 0.8106 0.277390625 0.8085000000000001 0.2710515625 0.794421875 0.2608296875 0.7824312499999999 0.2663828125
0 0.3843328125 0.44724375 0.3902453125 0.4466859375 0.3935734375 0.44960468750000004 0.40170625 0.44910625 0.40556562500000004 0.4434796875 0.404828125 0.43896562499999997 0.4025984375 0.4351625 0.4000296875 0.434846875 0.396603125 0.43629375000000004 0.3865609375 0.43898593750000003 0.384696875 0.4420109375 0.3843328125 0.44724375
0 0.4020765625 0.4896984375 0.4045609375 0.4799328125 0.3964515625 0.4725890625 0.396125 0.46727968750000004 0.39892812499999997 0.4601671875 0.391284375 0.45569218749999996 0.3850328125 0.45720625000000004 0.382959375 0.45807343749999996 0.38639375 0.46332031249999994 0.3798953125 0.47175 0.378240625 0.4727734375 0.3689703125 0.47578125 0.3752546875 0.480840625 0.38119843750000004 0.485321875 0.37901875 0.49146718749999996 0.372625 0.49610624999999997 0.3748234375 0.4985984375 0.385915625 0.49843593750000004 0.397534375 0.49415312499999997 0.4020765625 0.4896984375
0 0.42812343750000004 0.48442187499999995 0.4327375 0.4819296875 0.4374921875 0.474371875 0.439325 0.4721203125 0.4456421875 0.4687234375 0.45020156250000004 0.46411875 0.44589375000000003 0.4569140625 0.4398734375 0.45062187500000006 0.43609687499999994 0.44840468749999995 0.42141406249999996 0.447025 0.4118453125 0.45273906249999996 0.41854531250000004 0.463225 0.41448906250000006 0.470859375 0.3995109375 0.465128125 0.39689687500000004 0.467484375 0.40651875000000004 0.474003125 0.412309375 0.47810625 0.412309375 0.4841265625 0.41542500000000004 0.48862187500000004 0.42182343749999995 0.486659375 0.42812343750000004 0.48442187499999995
0 0.45145468749999995 0.572625 0.456209375 0.576021875 0.45123749999999996 0.58125 0.456571875 0.583234375 0.4640453125 0.5768984374999999 0.4754609375 0.5833625 0.47617656249999996 0.5799953125 0.466684375 0.569103125 0.46402031250000003 0.562946875 0.45145468749999995 0.572625
0 0.5384703125 0.659071875 0.5360343750000001 0.655109375 0.527425 0.6513656250000001 0.518284375 0.6467906250000001 0.51436875 0.638015625 0.5083171875 0.6348453125 0.5021171875 0.6344093749999999 0.4971328125 0.6352140625 0.4925359375 0.6360765625 0.48466718750000004 0.644209375 0.4814421875 0.6491546875 0.4818140625 0.6553734375 0.48332031249999996 0.659146875 0.48917968749999996 0.6611687500000001 0.49488125 0.6632281250000001 0.5014796875 0.6627921875 0.5099296875 0.6609281250000001 0.52115 0.6639140625 0.5296531250000001 0.6649953125 0.5368859375 0.6625984375 0.5384703125 0.659071875
0 0.7582671875 0.61173125 0.7523140625 0.6196671874999999 0.7513234375 0.6236359375 0.7600859375 0.62574375 0.76636875 0.6232640625 0.77066875 0.6197921875 0.7749671874999999 0.61805625 0.7804234375 0.621403125 0.785384375 0.6288437499999999 0.795634375 0.6352921874999999 0.8019187499999999 0.6236359375 0.8167984374999999 0.6114828125 0.8181218749999999 0.6067703125 0.817790625 0.600075 0.821925 0.5977187500000001 0.8377968750000001 0.594990625 0.84193125 0.5921375 0.8442453125 0.587425 0.8561515625 0.58048125 0.8597890625 0.5735359375 0.8571421875 0.568825 0.8654093749999999 0.5571671874999999 0.8650796875 0.5532 0.8625984375 0.5505953124999999 0.8553234375000001 0.5466265625 0.8381281250000001 0.5446421875 0.831184375 0.5446421875 0.827215625 0.545634375 0.829034375 0.5412953125 0.8320109375 0.53980625 0.8339953124999999 0.5358390625 0.8339953124999999 0.53360625 0.8278765625 0.53050625 0.8215937500000001 0.53125 0.8169640625 0.5295140625 0.8129953125 0.5297625 0.801090625 0.5344734375 0.7951390625 0.530009375 0.779596875 0.5213296875 0.768021875 0.5200890625000001 0.7627312500000001 0.5220734375 0.7584328124999999 0.5260421875 0.753803125 0.5272812499999999 0.7491734375 0.52579375 0.7382609375 0.518353125 0.735615625 0.5203375 0.730159375 0.5217015625 0.733134375 0.524678125 0.73511875 0.5298859375 0.7318125 0.5360859375 0.7255296875 0.5412953125 0.725859375 0.545015625 0.728175 0.5536953125 0.7318125 0.56014375 0.7318125 0.5653515625 0.73875625 0.5698171875 0.7438828125 0.5761406250000001 0.753803125 0.5798609375 0.7602515624999999 0.58445 0.7587625 0.587053125 0.74818125 0.5885421875 0.741071875 0.5921375 0.7450390625 0.600075 0.7562828125000001 0.6080109375 0.7582671875 0.61173125
0 0.0215421875 0.8608515625000001 0.0111359375 0.86184375 0.010515625 0.867903125 0.009234375 0.8741984374999999 0.0098734375 0.8793703125000001 0.020690625 0.8782062500000001 0.023034375000000003 0.8638609374999999 0.0215421875 0.8608515625000001
0 0 0.867609375 0.0036593750000000003 0.8661218749999999 0.0062828125 0.8614421875 0 0.8624218750000001 0 0.867609375
0 0 0.874525 0.0057625 0.8750515625 0.004190625 0.871328125 0.001315625 0.8701359375 0 0.8714484375 0 0.874525
0 0.14447656250000002 0.8887031249999999 0.15020625 0.88865625 0.145171875 0.8837624999999999 0.14447656250000002 0.8887031249999999
0 0.3244625 0.8603359375 0.3268078125 0.8622953125 0.32937343750000003 0.8626484375000001 0.33152499999999996 0.8622687499999999 0.33158906250000003 0.8575250000000001 0.330503125 0.8527734375 0.3283640625 0.8524875 0.3241640625 0.8533953125 0.32321093749999996 0.8556921875000001 0.3244625 0.8603359375
0 0.296903125 0.8516609374999999 0.299028125 0.856603125 0.295259375 0.8587296875 0.2968953125 0.86353125 0.2980125 0.8666203124999999 0.29793125 0.870753125 0.29793125 0.8752203125 0.29936406249999997 0.879996875 0.3028921875 0.8833015625 0.3009265625 0.8358140625000001 0.296565625 0.836140625 0.2958515625 0.840015625 0.2952015625 0.843865625 0.2960671875 0.8460046875 0.297125 0.8492843750000001 0.296903125 0.8516609374999999
0 0.3369703125 0.80795 0.3383484375 0.8045984374999999 0.3395390625 0.798821875 0.3438 0.7977296875000001 0.347728125 0.7946171875 0.3470375 0.7906953125 0.3402125 0.790015625 0.33719375 0.7897546875 0.3316796875 0.7884421875000001 0.33247031250000003 0.812371875 0.3369703125 0.80795
0 0.29669375 0.824265625 0.2984375 0.8228640625000001 0.2998453125 0.820828125 0.28930625 0.8219015625000001 0.2918109375 0.8232609375 0.2952015625 0.8221187499999999 0.29669375 0.824265625
0 0.292521875 0.8148578125 0.2981953125 0.815390625 0.3005703125 0.8147718749999999 0.299603125 0.8122515625 0.288940625 0.8131078125 0.292521875 0.8148578125
0 0.3467359375 0.8031406249999999 0.349746875 0.8070265624999999 0.3529609375 0.8091015625000001 0.3589171875 0.8075671874999999 0.35586093750000003 0.8045734375 0.3519671875 0.8021968749999999 0.35 0.8016140625 0.34805156249999997 0.8016140625 0.3467359375 0.8031406249999999
0 0.3475796875 0.776503125 0.3453265625 0.7778953125 0.3413421875 0.783446875 0.344915625 0.7859625 0.355946875 0.786103125 0.3536453125 0.781540625 0.3507140625 0.7788078125 0.3475796875 0.776503125
0 0.353615625 0.7617984375 0.359921875 0.7651578125 0.3621078125 0.76411875 0.35960000000000003 0.758390625 0.356484375 0.7529 0.3533734375 0.751425 0.35092500000000004 0.7518374999999999 0.3484359375 0.75295625 0.346275 0.7538203125 0.34685 0.757203125 0.353615625 0.7617984375
0 0.3507875 0.9740328125 0.3485375 0.9720078125 0.3418609375 0.9760312499999999 0.33897343750000003 0.9794328125 0.3387265625 0.980371875 0.344275 0.979109375 0.3488859375 0.9757203125 0.3507875 0.9740328125
0 0.5185500000000001 0.9263953125000001 0.5137421875 0.926134375 0.507978125 0.9271 0.5048421875 0.9287046875 0.49727499999999997 0.9279 0.4882953125 0.9237953125 0.4882953125 0.92415 0.48890312500000005 0.929559375 0.4889859375 0.9301953125000001 0.48564375000000004 0.9342203124999999 0.4839015625 0.9376687499999999 0.48300625 0.9403796874999999 0.4863953125 0.9450296874999999 0.49747343749999995 0.9561093749999999 0.5007515625 0.9547890625000001 0.49905 0.9505343749999999 0.49542656249999995 0.9471468749999999 0.49809843750000005 0.941834375 0.5008874999999999 0.9400046874999999 0.5039625 0.93750625 0.504834375 0.9439718750000001 0.5101265625 0.9478234375 0.5135500000000001 0.94918125 0.5139828125 0.9446671875 0.5246562499999999 0.9447328125000001 0.5299171874999999 0.942496875 0.53174375 0.936596875 0.5298796875 0.9316765625000001 0.524371875 0.9275984375 0.5185500000000001 0.9263953125000001
0 0.445753125 0.8620156250000001 0.44386875000000003 0.8647453125 0.45787812499999997 0.8760359375 0.4596078125 0.8824062500000001 0.463984375 0.8817671875 0.47523906250000003 0.8733187499999999 0.4740734375 0.864475 0.470046875 0.8603031250000001 0.46160468750000005 0.8604484375 0.45275156250000004 0.8622578125 0.445753125 0.8620156250000001
0 0.508725 0.8388656250000001 0.5060625 0.8406203124999999 0.5127390625 0.8489703125 0.5234328125000001 0.84706875 0.5110265625 0.8348703125 0.5085968750000001 0.8345343749999999 0.508725 0.8388656250000001
0 0.4672890625 0.83263125 0.47378125000000004 0.8253875 0.47549374999999994 0.8210140625 0.468840625 0.815078125 0.4642921875 0.8105375 0.45113281250000004 0.8052828125 0.4422890625 0.804590625 0.43855000000000005 0.8058609375 0.43910625000000003 0.8093015625 0.43999531249999996 0.8148671875 0.43765625 0.8187890624999999 0.4303265625 0.8230015625 0.4274171875 0.826696875 0.427753125 0.830478125 0.43616875000000005 0.8271000000000001 0.43724687500000003 0.8265171875 0.4427140625 0.8305640625 0.4438859375 0.834859375 0.448403125 0.841021875 0.4554390625 0.8459671875 0.45887500000000003 0.8430624999999999 0.459421875 0.835434375 0.4672890625 0.83263125
0 0.7039125 0.9850875 0.701059375 0.9849375 0.691690625 0.9870156250000001 0.6915578124999999 0.9904984375 0.6876609375 0.9872078125 0.6859828125 0.9837140625 0.6798031250000001 0.9842390625 0.6745015624999999 0.9894984375 0.6757500000000001 0.9994703125 0.759484375 1 0.7606234374999999 0.994371875 0.755759375 0.9919578124999999 0.750253125 0.9909531250000001 0.740278125 0.9922734375 0.7359046874999999 0.9918296874999999 0.7325765625 0.9895515625 0.72655625 0.98656875 0.7224515625000001 0.9834171875 0.7149234375 0.9811500000000001 0.7072078125 0.98489375 0.7039125 0.9850875
0 0.605159375 0.733259375 0.605159375 0.7342515625 0.6064812500000001 0.7377234374999999 0.6134265625 0.744915625 0.621196875 0.75074375 0.62830625 0.7531 0.6259921875 0.754340625 0.6240078125 0.7580609375 0.6207015625000001 0.7607890625 0.6226859375 0.762028125 0.628471875 0.761409375 0.6357468749999999 0.758184375 0.6519515625000001 0.759671875 0.6555890625 0.7591765625 0.6587296874999999 0.7573171875 0.6577375 0.7531 0.6610453125 0.74913125 0.660053125 0.7454109375 0.6498015625 0.737475 0.660384375 0.7297859375 0.660053125 0.725321875 0.6569109375 0.7227187500000001 0.654596875 0.7219734375 0.6440140624999999 0.722221875 0.6387234375 0.71949375 0.628471875 0.7227187500000001 0.617725 0.71565 0.6167328125 0.7216015625 0.6127640624999999 0.7245781250000001 0.6091265625 0.730778125 0.605159375 0.733259375
0 0.9785515625000001 0.5249406249999999 0.98230625 0.5272609375 0.9913390625 0.525928125 0.9928921875000001 0.5242171875 0.9903718749999999 0.5202953124999999 0.9865656250000001 0.5190578125 0.9830859375 0.5207921875 0.978765625 0.51859375 0.9778437500000001 0.5186015625 0.9785515625000001 0.5249406249999999
0 0.9987187499999999 0.5211859375000001 0.9966906249999999 0.5193515625 0.9922875 0.517278125 0.9912218749999999 0.5183515625 0.9904921874999999 0.5192546874999999 0.9917343750000001 0.52091875 0.9947125 0.5220953125000001 0.9987187499999999 0.5211859375000001