0 0.8085000000000001 0.7289484374999999 0.8106 0.722609375 0.8091734374999999 0.7222328124999999 0.795640625 0.7171937500000001 0.7883015624999999 0.7169734375 0.7836000000000001 0.7242296875 0.7818562499999999 0.729615625 0.7824312499999999 0.7336171874999999 0.794421875 0.7391703125 0.8085000000000001 0.7289484374999999
0 0.3843328125 0.5527562500000001 0.384696875 0.5579890625 0.3865609375 0.5610140625 0.396603125 0.56370625 0.4000296875 0.5651531249999999 0.4025984375 0.5648375 0.404828125 0.561034375 0.40556562500000004 0.5565203125 0.40170625 0.55089375 0.3935734375 0.5503953125 0.3902453125 0.5533140624999999 0.3843328125 0.5527562500000001
0 0.38639375 0.5366796875000001 0.382959375 0.5419265625 0.3850328125 0.54279375 0.391284375 0.5443078125 0.39892812499999997 0.5398328125 0.396125 0.5327203125 0.3964515625 0.5274109375 0.4045609375 0.5200671875 0.4020765625 0.5103015625 0.397534375 0.505846875 0.385915625 0.5015640625 0.3748234375 0.5014015625 0.372625 0.50389375 0.37901875 0.5085328125 0.38119843750000004 0.514678125 0.3752546875 0.519159375 0.3689703125 0.52421875 0.378240625 0.5272265625 0.3798953125 0.52825 0.38639375 0.5366796875000001
0 0.42141406249999996 0.552975 0.43609687499999994 0.5515953125 0.4398734375 0.5493781249999999 0.44589375000000003 0.5430859375 0.45020156250000004 0.53588125 0.4456421875 0.5312765625 0.439325 0.5278796875 0.4374921875 0.525628125 0.4327375 0.5180703125 0.42812343750000004 0.515578125 0.42182343749999995 0.513340625 0.41542500000000004 0.511378125 0.412309375 0.5158734375 0.412309375 0.52189375 0.40651875000000004 0.5259968749999999 0.39689687500000004 0.532515625 0.3995109375 0.534871875 0.41448906250000006 0.5291406249999999 0.41854531250000004 0.536775 0.4118453125 0.5472609375 0.42141406249999996 0.552975
0 0.466684375 0.430896875 0.47617656249999996 0.4200046875 0.4754609375 0.41663750000000005 0.4640453125 0.42310156250000003 0.456571875 0.41676562500000003 0.45123749999999996 0.41875 0.456209375 0.423978125 0.45145468749999995 0.42737499999999995 0.46402031250000003 0.437053125 0.466684375 0.430896875
0 0.48466718750000004 0.35579062499999997 0.4925359375 0.3639234375 0.4971328125 0.3647859375 0.5021171875 0.365590625 0.5083171875 0.3651546875 0.51436875 0.36198437499999997 0.518284375 0.353209375 0.527425 0.348634375 0.5360343750000001 0.344890625 0.5384703125 0.34092812499999997 0.5368859375 0.33740156250000003 0.5296531250000001 0.3350046875 0.52115 0.3360859375 0.5099296875 0.339071875 0.5014796875 0.3372078125 0.49488125 0.336771875 0.48917968749999996 0.33883125000000003 0.48332031249999996 0.340853125 0.4818140625 0.3446265625 0.4814421875 0.3508453125 0.48466718750000004 0.35579062499999997
0 0.7318125 0.43985624999999995 0.728175 0.44630468749999996 0.725859375 0.454984375 0.7255296875 0.45870468750000004 0.7318125 0.46391406249999995 0.73511875 0.4701140625 0.733134375 0.475321875 0.730159375 0.4782984375 0.735615625 0.4796625 0.7382609375 0.48164687500000003 0.7491734375 0.47420625000000005 0.753803125 0.47271875 0.7584328124999999 0.4739578125 0.7627312500000001 0.4779265625 0.768021875 0.47991093749999997 0.779596875 0.4786703125 0.7951390625 0.469990625 0.801090625 0.4655265625 0.8129953125 0.4702375 0.8169640625 0.4704859375 0.8215937500000001 0.46875 0.8278765625 0.46949375 0.8339953124999999 0.46639375000000005 0.8339953124999999 0.4641609375 0.8320109375 0.46019375 0.829034375 0.45870468750000004 0.827215625 0.454365625 0.831184375 0.45535781249999996 0.8381281250000001 0.45535781249999996 0.8553234375000001 0.4533734375 0.8625984375 0.44940468750000007 0.8650796875 0.4468 0.8654093749999999 0.4428328125 0.8571421875 0.431175 0.8597890625 0.4264640625 0.8561515625 0.41951875000000005 0.8442453125 0.412575 0.84193125 0.40786249999999996 0.8377968750000001 0.405009375 0.821925 0.40228125 0.817790625 0.399925 0.8181218749999999 0.3932296875 0.8167984374999999 0.3885171875 0.8019187499999999 0.3763640625 0.795634375 0.3647078125 0.785384375 0.37115624999999997 0.7804234375 0.378596875 0.7749671874999999 0.38194374999999997 0.77066875 0.3802078125 0.76636875 0.3767359375 0.7600859375 0.37425625 0.7513234375 0.3763640625 0.7523140625 0.3803328125 0.7582671875 0.38826875 0.7562828125000001 0.3919890625 0.7450390625 0.399925 0.741071875 0.40786249999999996 0.74818125 0.4114578125 0.7587625 0.412946875 0.7602515624999999 0.41555 0.753803125 0.4201390625 0.7438828125 0.423859375 0.73875625 0.4301828125 0.7318125 0.43464843750000004 0.7318125 0.43985624999999995
0 0.009234375 0.12580156250000002 0.010515625 0.132096875 0.0111359375 0.13815625 0.0215421875 0.1391484375 0.023034375000000003 0.13613906250000002 0.020690625 0.12179374999999999 0.0098734375 0.1206296875 0.009234375 0.12580156250000002
0 0 0.137578125 0.0062828125 0.13855781250000002 0.0036593750000000003 0.13387812500000001 0 0.132390625 0 0.137578125
0 0 0.1285515625 0.001315625 0.1298640625 0.004190625 0.128671875 0.0057625 0.1249484375 0 0.125475 0 0.1285515625
0 0.15020625 0.11134375 0.14447656250000002 0.111296875 0.145171875 0.1162375 0.15020625 0.11134375
0 0.3241640625 0.1466046875 0.3283640625 0.1475125 0.330503125 0.1472265625 0.33158906250000003 0.142475 0.33152499999999996 0.13773125 0.32937343750000003 0.1373515625 0.3268078125 0.1377046875 0.3244625 0.13966406250000002 0.32321093749999996 0.1443078125 0.3241640625 0.1466046875
0 0.2980125 0.1333796875 0.2968953125 0.13646875 0.295259375 0.1412703125 0.299028125 0.143396875 0.296903125 0.1483390625 0.297125 0.150715625 0.2960671875 0.1539953125 0.2952015625 0.156134375 0.2958515625 0.159984375 0.296565625 0.163859375 0.3009265625 0.1641859375 0.3028921875 0.1166984375 0.29936406249999997 0.12000312500000002 0.29793125 0.12477968749999999 0.29793125 0.129246875 0.2980125 0.1333796875
0 0.33247031250000003 0.18762812499999998 0.3316796875 0.2115578125 0.33719375 0.21024531249999998 0.3402125 0.20998437499999997 0.3470375 0.20930468750000003 0.347728125 0.20538281249999998 0.3438 0.2022703125 0.3395390625 0.20117812499999999 0.3383484375 0.19540156250000001 0.3369703125 0.19205 0.33247031250000003 0.18762812499999998
0 0.2984375 0.1771359375 0.29669375 0.175734375 0.2952015625 0.17788125 0.2918109375 0.1767390625 0.28930625 0.1780984375 0.2998453125 0.179171875 0.2984375 0.1771359375
0 0.288940625 0.1868921875 0.299603125 0.1877484375 0.3005703125 0.18522812500000002 0.2981953125 0.18460937500000002 0.292521875 0.1851421875 0.288940625 0.1868921875
0 0.3519671875 0.197803125 0.35586093750000003 0.19542656249999998 0.3589171875 0.1924328125 0.3529609375 0.1908984375 0.349746875 0.1929734375 0.3467359375 0.196859375 0.34805156249999997 0.1983859375 0.35 0.1983859375 0.3519671875 0.197803125
0 0.344915625 0.21403750000000002 0.3413421875 0.21655312499999999 0.3453265625 0.22210468749999998 0.3475796875 0.223496875 0.3507140625 0.22119218749999997 0.3536453125 0.21845937499999998 0.355946875 0.21389687500000001 0.344915625 0.21403750000000002
0 0.34685 0.24279687499999997 0.346275 0.24617968750000002 0.3484359375 0.24704375 0.35092500000000004 0.2481625 0.3533734375 0.248575 0.356484375 0.24710000000000001 0.35960000000000003 0.241609375 0.3621078125 0.23588125 0.359921875 0.23484218750000002 0.353615625 0.23820156250000002 0.34685 0.24279687499999997
0 0.33897343750000003 0.0205671875 0.3418609375 0.02396875 0.3485375 0.027992187499999998 0.3507875 0.0259671875 0.3488859375 0.0242796875 0.344275 0.020890625 0.3387265625 0.019628125 0.33897343750000003 0.0205671875
0 0.5008874999999999 0.059995312499999995 0.49809843750000005 0.058165625 0.49542656249999995 0.052853125 0.49905 0.049465625 0.5007515625 0.0452109375 0.49747343749999995 0.043890625 0.4863953125 0.05497031249999999 0.48300625 0.059620312499999994 0.4839015625 0.062331250000000005 0.48564375000000004 0.06577968749999999 0.4889859375 0.06980468749999999 0.48890312500000005 0.070440625 0.4882953125 0.07585 0.4882953125 0.0762046875 0.49727499999999997 0.0721 0.5048421875 0.0712953125 0.507978125 0.07289999999999999 0.5137421875 0.073865625 0.5185500000000001 0.0736046875 0.524371875 0.0724015625 0.5298796875 0.0683234375 0.53174375 0.063403125 0.5299171874999999 0.057503125 0.5246562499999999 0.0552671875 0.5139828125 0.055332812499999995 0.5135500000000001 0.05081875 0.5101265625 0.0521765625 0.504834375 0.056028125 0.5039625 0.06249375 0.5008874999999999 0.059995312499999995
0 0.45275156250000004 0.1377421875 0.46160468750000005 0.1395515625 0.470046875 0.139696875 0.4740734375 0.135525 0.47523906250000003 0.12668125 0.463984375 0.11823281249999999 0.4596078125 0.11759375000000001 0.45787812499999997 0.1239640625 0.44386875000000003 0.1352546875 0.445753125 0.137984375 0.45275156250000004 0.1377421875
0 0.5060625 0.1593796875 0.508725 0.161134375 0.5085968750000001 0.165465625 0.5110265625 0.1651296875 0.5234328125000001 0.15293125000000002 0.5127390625 0.1510296875 0.5060625 0.1593796875
0 0.4303265625 0.1769984375 0.43765625 0.1812109375 0.43999531249999996 0.1851328125 0.43910625000000003 0.19069843749999998 0.43855000000000005 0.1941390625 0.4422890625 0.195409375 0.45113281250000004 0.1947171875 0.4642921875 0.1894625 0.468840625 0.18492187499999999 0.47549374999999994 0.1789859375 0.47378125000000004 0.1746125 0.4672890625 0.16736875 0.459421875 0.164565625 0.45887500000000003 0.1569375 0.4554390625 0.1540328125 0.448403125 0.158978125 0.4438859375 0.16514062499999999 0.4427140625 0.1694359375 0.43724687500000003 0.1734828125 0.43616875000000005 0.1729 0.427753125 0.169521875 0.4274171875 0.173303125 0.4303265625 0.1769984375
0 0.759484375 0 0.6757500000000001 0.0005296875 0.6745015624999999 0.0105015625 0.6798031250000001 0.0157609375 0.6859828125 0.0162859375 0.6876609375 0.0127921875 0.6915578124999999 0.009501562500000001 0.691690625 0.012984375000000001 0.701059375 0.015062500000000001 0.7039125 0.0149125 0.7072078125 0.015106249999999998 0.7149234375 0.01885 0.7224515625000001 0.0165828125 0.72655625 0.01343125 0.7325765625 0.010448437500000001 0.7359046874999999 0.0081703125 0.740278125 0.007726562500000001 0.750253125 0.009046875 0.755759375 0.0080421875 0.7606234374999999 0.0056281249999999994 0.759484375 0
0 0.660384375 0.2702140625 0.6498015625 0.262525 0.660053125 0.2545890625 0.6610453125 0.25086875000000003 0.6577375 0.24689999999999998 0.6587296874999999 0.2426828125 0.6555890625 0.24082343750000001 0.6519515625000001 0.240328125 0.6357468749999999 0.241815625 0.628471875 0.238590625 0.6226859375 0.237971875 0.6207015625000001 0.2392109375 0.6240078125 0.24193906250000002 0.6259921875 0.245659375 0.62830625 0.24689999999999998 0.621196875 0.24925625 0.6134265625 0.255084375 0.6064812500000001 0.2622765625 0.605159375 0.2657484375 0.605159375 0.266740625 0.6091265625 0.269221875 0.6127640624999999 0.27542187500000004 0.6167328125 0.27839843750000004 0.617725 0.28435 0.628471875 0.27728125000000003 0.6387234375 0.28050625 0.6440140624999999 0.277778125 0.654596875 0.2780265625 0.6569109375 0.27728125000000003 0.660053125 0.274678125 0.660384375 0.2702140625
0 0.978765625 0.48140625000000004 0.9830859375 0.4792078125 0.9865656250000001 0.4809421875 0.9903718749999999 0.47970468750000006 0.9928921875000001 0.4757828125 0.9913390625 0.47407187500000003 0.98230625 0.4727390625 0.9785515625000001 0.475059375 0.9778437500000001 0.48139843750000005 0.978765625 0.48140625000000004
0 0.9912218749999999 0.48164843749999997 0.9922875 0.482721875 0.9966906249999999 0.4806484375 0.9987187499999999 0.47881406249999997 0.9947125 0.4779046875 0.9917343750000001 0.47908125 0.9904921874999999 0.4807453125 0.9912218749999999 0.48164843749999997