0 0.9275796875 0.5455109375 0.9265874999999999 0.541790625 0.9237765625 0.540178125 0.889384375 0.5329859375 0.8791343749999999 0.5322421875 0.87285 0.5329859375 0.8659062499999999 0.5364578125 0.8622687499999999 0.53993125 0.85863125 0.540921875 0.826884375 0.5384421875000001 0.8186171874999999 0.5389390625 0.805390625 0.5429062499999999 0.8022484375 0.5452625 0.803075 0.5493546874999999 0.8210984375000001 0.5571671874999999 0.8234125000000001 0.560640625 0.821925 0.5649796874999999 0.8298609375 0.5682046875 0.8321765624999999 0.5704359375 0.8368062500000001 0.571428125 0.842096875 0.5696921875000001 0.843584375 0.5708078125 0.8442453125 0.573040625 0.8422625 0.5767609375 0.8447421875 0.5791171875 0.8629296875 0.5853171875000001 0.885746875 0.587796875 0.9052578125 0.592509375 0.9160046875000001 0.5936265625 0.926090625 0.5935015625 0.93568125 0.5915171875 0.9505625 0.5845734375 0.952546875 0.580853125 0.9657734375 0.580853125 0.9776781250000001 0.5786203125 0.979828125 0.5767609375 0.983796875 0.56485625 0.9828046875 0.560640625 0.9803234375000001 0.559028125 0.9677578125 0.55555625 0.9459328125 0.5548109375 0.9307203124999999 0.5486109375 0.9275796875 0.5455109375
0 0.053571875000000005 0.494171875 0.060846875 0.4973953125 0.060846875 0.5021078125 0.0382515625 0.5049078125 0.019165625 0.5152187500000001 0.06795625 0.5079359375 0.0796953125 0.5078125 0.1000328125 0.507440625 0.133928125 0.498140625 0.1261578125 0.49454374999999995 0.1096234375 0.491815625 0.10466249999999999 0.4900796875 0.0967265625 0.4908234375 0.08912031249999999 0.4975203125 0.0838296875 0.49727187500000003 0.07886875 0.49578437500000005 0.07357812500000001 0.49652812500000004 0.06431875000000001 0.49578437500000005 0.0616734375 0.494046875 0.058365625 0.4935515625 0.053571875000000005 0.494171875
0 0.1737765625 0.38194374999999997 0.1588953125 0.384425 0.152446875 0.3880203125 0.15625 0.390625 0.1714609375 0.3936015625 0.174934375 0.3984375 0.178075 0.400296875 0.1886578125 0.398809375 0.2042 0.4010421875 0.22585937500000003 0.40240625 0.2514875 0.3970734375 0.2703375 0.3978171875 0.2819109375 0.3963296875 0.2911703125 0.391865625 0.2929890625 0.38826875 0.28670625 0.379340625 0.28323437500000004 0.37698437500000004 0.2620703125 0.3732640625 0.242559375 0.3720234375 0.22271875 0.373759375 0.2042 0.37400781250000004 0.1975859375 0.37599218749999996 0.18931875 0.3807046875 0.1737765625 0.38194374999999997
0 0.10511250000000001 0.30226875 0.09620625000000001 0.3009765625 0.0852328125 0.301278125 0.0737390625 0.303296875 0.0627765625 0.30500937499999997 0.0522484375 0.305928125 0.0541015625 0.30632187499999997 0.0557203125 0.3100203125 0.0744046875 0.310640625 0.103340625 0.30853125000000003 0.11259843750000001 0.3060515625 0.10511250000000001 0.30226875
0 0.4859453125 0.2849703125 0.518021875 0.28819374999999997 0.5598546875 0.2885671875 0.5722546875 0.2864578125 0.5734125 0.282365625 0.5656421875000001 0.278521875 0.555059375 0.278521875 0.5491078125 0.2767859375 0.544146875 0.2765375 0.5286046875 0.2775296875 0.509425 0.2765375 0.49818125 0.2780265625 0.485284375 0.27728125000000003 0.4811515625 0.2786453125 0.48048906249999995 0.281621875 0.48230781250000004 0.2837296875 0.4859453125 0.2849703125
0 0.83614375 0.34375 0.864253125 0.34573437500000004 0.87896875 0.3485859375 0.889384375 0.3482140625 0.89500625 0.3454859375 0.9042656250000001 0.34300625 0.9067453125 0.339409375 0.9143515624999999 0.3334578125 0.9153437500000001 0.3297375 0.8874015625 0.32713281250000004 0.8807875 0.325396875 0.8672281249999999 0.3249015625 0.8414359375 0.332340625 0.8249015625 0.3345734375 0.8240734375000001 0.3354421875 0.8245703125 0.33755 0.83614375 0.34375
0 0.7460312499999999 0.30567968749999996 0.7428046875 0.30496093750000003 0.7255984375 0.30376875000000003 0.7045296875 0.2993546875 0.68900625 0.30307343750000004 0.6747687499999999 0.300346875 0.670965625 0.301959375 0.6737765625 0.3060515625 0.6793984375 0.30704375 0.7061843750000001 0.309771875 0.7271828124999999 0.310640625 0.7395828125 0.3092765625 0.7460312499999999 0.30567968749999996
0 0.8859125000000001 0.310640625 0.8996359375 0.3095234375 0.9181546875000001 0.3100203125 0.9189812500000001 0.305928125 0.9026125 0.300346875 0.889715625 0.298115625 0.8695437500000001 0.2966265625 0.8321765624999999 0.2973703125 0.8212624999999999 0.2993546875 0.81646875 0.3022078125 0.8171296874999999 0.3041921875 0.8199406249999999 0.30555625000000003 0.8315140624999999 0.30555625000000003 0.8583000000000001 0.3092765625 0.8859125000000001 0.310640625
0 0.7164359375 0.2450390625 0.7032078125 0.24380000000000002 0.6850203125000001 0.244046875 0.6683203125 0.2471484375 0.67840625 0.2514875 0.7207343749999999 0.25496093750000004 0.7324734375 0.255084375 0.7354499999999999 0.25384375000000003 0.735615625 0.25074375 0.7290015624999999 0.2470234375 0.7164359375 0.2450390625
0 0.9151781250000001 0.24082343750000001 0.9098875 0.2393359375 0.8853624999999999 0.239184375 0.8629296875 0.23759843749999998 0.8578046875 0.2392109375 0.8625984375 0.24231093750000002 0.87896875 0.24442031250000001 0.8827718750000001 0.24355156249999999 0.8996359375 0.24429531249999997 0.916996875 0.2431796875 0.9151781250000001 0.24082343750000001
0 1 0.305803125 0.9677578125 0.3033234375 0.96114375 0.3033234375 0.9563484375 0.3049359375 0.9550265625 0.3098953125 0.9641203125000001 0.3122515625 0.9666 0.314359375 0.9644515625000001 0.3157234375 0.9571765624999999 0.31646874999999997 0.948909375 0.31944374999999997 0.9464281250000001 0.3218 0.948246875 0.324653125 0.9621359375 0.3258921875 0.9829703125 0.3298609375 0.9990078125 0.3307296875 1 0.3297375 1 0.3084078125 1 0.305803125
0 0.6161578125 0.35416875000000003 0.6170093750000001 0.35836718749999996 0.6251109375 0.35983437500000004 0.6345171875 0.3608 0.6443546875 0.36225 0.6550421875 0.3580078125 0.6524 0.35721875000000003 0.649428125 0.35366875000000003 0.6651140625 0.350715625 0.6536890625 0.3487328125 0.6326765625 0.3479671875 0.61714375 0.3489015625 0.6161578125 0.35416875000000003
0 0.6840531249999999 0.36333125 0.6753171874999999 0.360828125 0.672446875 0.3624375 0.6717 0.36507812500000003 0.675784375 0.36762812500000003 0.6828328124999999 0.36859375 0.691740625 0.3660265625 0.7113875000000001 0.3669046875 0.7025546874999999 0.3634078125 0.69474375 0.3632015625 0.6911671875 0.36166718750000004 0.6840531249999999 0.36333125
0 0.81781875 0.43616406249999995 0.8131812500000001 0.43286875 0.8084875 0.4361171875 0.8067015625 0.43964218749999995 0.8094828125 0.4441578125 0.8163671875 0.44715625000000003 0.8198171875 0.4515921875 0.8263671875 0.45287499999999997 0.83551875 0.45135312499999997 0.8449390625 0.444384375 0.839828125 0.4427078125 0.8342609375000001 0.43983437500000006 0.8253078125 0.4383609375 0.81781875 0.43616406249999995
0 0.9335625000000001 0.303440625 0.932053125 0.303440625 0.92826875 0.3052109375 0.9265015625 0.308075 0.9300062499999999 0.309978125 0.940521875 0.3106703125 0.9455218750000001 0.309290625 0.945615625 0.3073375 0.9470765625 0.30546093750000003 0.94569375 0.30460937499999996 0.9335625000000001 0.303440625
0 0.6293359374999999 0.158978125 0.63435 0.1580640625 0.6345421875 0.1552390625 0.6321828125 0.153378125 0.6281625 0.1531859375 0.6266828125 0.15588437500000002 0.6293359374999999 0.158978125
0 0.6744718749999999 0.15837812499999998 0.6774312499999999 0.15545625000000002 0.6744203125 0.1537078125 0.6698453125 0.1537078125 0.6576296875 0.15460625 0.6568625 0.1576171875 0.6618999999999999 0.160165625 0.6744718749999999 0.15837812499999998
0 0.6880015625 0.1536984375 0.696115625 0.1559171875 0.6866375 0.1589703125 0.6914296875 0.1616625 0.7405171875 0.161909375 0.7461609375 0.1597296875 0.74390625 0.156653125 0.7384671875000001 0.15991093750000002 0.7341015625 0.15560625 0.7272000000000001 0.1558546875 0.7263890625 0.161190625 0.722334375 0.15494375 0.71724375 0.15495 0.7169531250000001 0.1602 0.7125640625 0.15894375 0.71045 0.15453125 0.6880015625 0.1536984375
0 0.7752296875 0.1563984375 0.7735546875 0.1588796875 0.75704375 0.160325 0.7581578125 0.1626015625 0.83605 0.162625 0.8309749999999999 0.15688437500000002 0.7832109375 0.1549890625 0.7752296875 0.1563984375
0 0.8268640625 0.10066250000000002 0.8281046875 0.09810156249999999 0.8263796875 0.0952765625 0.8247953125 0.095065625 0.8234796875000001 0.097353125 0.8238109375 0.0992890625 0.8268640625 0.10066250000000002
0 0.4007734375 0.3041625 0.416725 0.303690625 0.4262671875 0.3042109375 0.43751249999999997 0.3062890625 0.44786875000000004 0.3056734375 0.45554375 0.3031546875 0.4605234375 0.303540625 0.470809375 0.303540625 0.4818203125 0.30279375000000003 0.4813328125 0.29880625 0.476284375 0.2973 0.46747500000000003 0.294215625 0.46270937500000003 0.2928515625 0.452009375 0.29240468750000004 0.4420671875 0.292146875 0.4324859375 0.29059375 0.41582656250000005 0.29231562499999997 0.41141562499999995 0.291634375 0.4070796875 0.29095312500000003 0.39614531249999996 0.2917046875 0.3925125 0.2940296875 0.3902046875 0.29873125 0.388753125 0.3026390625 0.4007734375 0.3041625
0 0.3082203125 0.3141125 0.314153125 0.312659375 0.3133 0.3104078125 0.310675 0.3089953125 0.3034484375 0.3089953125 0.2994890625 0.31001249999999997 0.2985296875 0.312509375 0.3082203125 0.3141125
0 0.2086390625 0.3063109375 0.20043281249999997 0.3092171875 0.2126859375 0.3121671875 0.22156875 0.31284375 0.224259375 0.311021875 0.23179687499999999 0.30950625 0.233984375 0.3060421875 0.226865625 0.30721875 0.219634375 0.306628125 0.2086390625 0.3063109375
0 0.25829375 0.3065765625 0.25151875 0.30586718749999997 0.24546874999999999 0.3085875 0.2432859375 0.3126671875 0.2522828125 0.310284375 0.25937968749999996 0.308225 0.25829375 0.3065765625
0 0.3758828125 0.69403125 0.3744125 0.6883812500000001 0.374334375 0.6884859375 0.371134375 0.6867671875 0.3635171875 0.6864 0.358259375 0.6889875 0.3657390625 0.6935749999999999 0.3758828125 0.69403125
0 0.906221875 0.7278328125 0.903896875 0.7269046875 0.9016718750000001 0.7269578125 0.898596875 0.7287140625 0.8989312500000001 0.7307203125 0.9033671875 0.7330046875 0.9067999999999999 0.7310531250000001 0.906221875 0.7278328125