0 0.0171953125 0.560640625 0.016203125 0.56485625 0.020171875 0.5767609375 0.022321874999999998 0.5786203125 0.0342265625 0.580853125 0.047453125 0.580853125 0.0494375 0.5845734375 0.06431875000000001 0.5915171875 0.073909375 0.5935015625 0.0839953125 0.5936265625 0.09474218749999999 0.592509375 0.114253125 0.587796875 0.13707031249999999 0.5853171875000001 0.15525781249999998 0.5791171875 0.1577375 0.5767609375 0.15575468750000002 0.573040625 0.156415625 0.5708078125 0.157903125 0.5696921875000001 0.16319375 0.571428125 0.1678234375 0.5704359375 0.1701390625 0.5682046875 0.178075 0.5649796874999999 0.1765875 0.560640625 0.1789015625 0.5571671874999999 0.196925 0.5493546874999999 0.1977515625 0.5452625 0.194609375 0.5429062499999999 0.1813828125 0.5389390625 0.173115625 0.5384421875000001 0.14136875 0.540921875 0.13773125 0.53993125 0.13409374999999998 0.5364578125 0.12715 0.5329859375 0.120865625 0.5322421875 0.110615625 0.5329859375 0.0762234375 0.540178125 0.0734125 0.541790625 0.0724203125 0.5455109375 0.06927968749999999 0.5486109375 0.0540671875 0.5548109375 0.032242187500000005 0.55555625 0.0196765625 0.559028125 0.0171953125 0.560640625
0 0.92113125 0.49578437500000005 0.9161703125 0.49727187500000003 0.9108796874999999 0.4975203125 0.9032734375 0.4908234375 0.8953374999999999 0.4900796875 0.8903765625 0.491815625 0.8738421875 0.49454374999999995 0.8660718749999999 0.498140625 0.8999671875 0.507440625 0.9203046875 0.5078125 0.9320437500000001 0.5079359375 0.980834375 0.5152187500000001 0.9617484375 0.5049078125 0.939153125 0.5021078125 0.939153125 0.4973953125 0.9464281250000001 0.494171875 0.9416343749999999 0.4935515625 0.9383265625 0.494046875 0.93568125 0.49578437500000005 0.926421875 0.49652812500000004 0.92113125 0.49578437500000005
0 0.757440625 0.3720234375 0.7379296875 0.3732640625 0.7167656250000001 0.37698437500000004 0.71329375 0.379340625 0.7070109375 0.38826875 0.7088296875 0.391865625 0.7180890625 0.3963296875 0.7296625 0.3978171875 0.7485125 0.3970734375 0.774140625 0.40240625 0.7958000000000001 0.4010421875 0.8113421875 0.398809375 0.821925 0.400296875 0.825065625 0.3984375 0.8285390625 0.3936015625 0.84375 0.390625 0.8475531249999999 0.3880203125 0.8411046875 0.384425 0.8262234375 0.38194374999999997 0.81068125 0.3807046875 0.8024140624999999 0.37599218749999996 0.7958000000000001 0.37400781250000004 0.7772812499999999 0.373759375 0.757440625 0.3720234375
0 0.9458984375 0.30632187499999997 0.9477515625 0.305928125 0.9372234374999999 0.30500937499999997 0.9262609375 0.303296875 0.9147671875000001 0.301278125 0.90379375 0.3009765625 0.8948875 0.30226875 0.8874015625 0.3060515625 0.8966593749999999 0.30853125000000003 0.9255953124999999 0.310640625 0.9442796875000001 0.3100203125 0.9458984375 0.30632187499999997
0 0.50181875 0.2780265625 0.49057500000000004 0.2765375 0.4713953125 0.2775296875 0.45585312499999997 0.2765375 0.45089218750000004 0.2767859375 0.444940625 0.278521875 0.43435781249999994 0.278521875 0.4265875 0.282365625 0.42774531250000003 0.2864578125 0.4401453125 0.2885671875 0.48197812500000003 0.28819374999999997 0.5140546875 0.2849703125 0.5176921875 0.2837296875 0.5195109375 0.281621875 0.5188484375 0.2786453125 0.514715625 0.27728125000000003 0.50181875 0.2780265625
0 0.132771875 0.3249015625 0.11921250000000001 0.325396875 0.11259843750000001 0.32713281250000004 0.08465625 0.3297375 0.0856484375 0.3334578125 0.0932546875 0.339409375 0.09573437500000001 0.34300625 0.10499375 0.3454859375 0.110615625 0.3482140625 0.12103124999999999 0.3485859375 0.135746875 0.34573437500000004 0.16385624999999998 0.34375 0.17542968750000001 0.33755 0.1759265625 0.3354421875 0.1750984375 0.3345734375 0.1585640625 0.332340625 0.132771875 0.3249015625
0 0.3262234375 0.3060515625 0.329034375 0.301959375 0.32523124999999997 0.300346875 0.31099375 0.30307343750000004 0.2954703125 0.2993546875 0.2744015625 0.30376875000000003 0.2571953125 0.30496093750000003 0.25396874999999997 0.30567968749999996 0.2604171875 0.3092765625 0.2728171875 0.310640625 0.293815625 0.309771875 0.3206015625 0.30704375 0.3262234375 0.3060515625
0 0.18353124999999998 0.3022078125 0.1787375 0.2993546875 0.1678234375 0.2973703125 0.13045625 0.2966265625 0.11028437499999999 0.298115625 0.0973875 0.300346875 0.08101875 0.305928125 0.0818453125 0.3100203125 0.1003640625 0.3095234375 0.11408750000000001 0.310640625 0.1417 0.3092765625 0.16848593750000002 0.30555625000000003 0.180059375 0.30555625000000003 0.18287031250000002 0.3041921875 0.18353124999999998 0.3022078125
0 0.27926562499999996 0.25496093750000004 0.32159375 0.2514875 0.3316796875 0.2471484375 0.3149796875 0.244046875 0.2967921875 0.24380000000000002 0.2835640625 0.2450390625 0.27099843749999997 0.2470234375 0.264384375 0.25074375 0.26455 0.25384375000000003 0.2675265625 0.255084375 0.27926562499999996 0.25496093750000004
0 0.1374015625 0.24231093750000002 0.1421953125 0.2392109375 0.13707031249999999 0.23759843749999998 0.11463749999999999 0.239184375 0.0901125 0.2393359375 0.084821875 0.24082343750000001 0.083003125 0.2431796875 0.1003640625 0.24429531249999997 0.11722812499999999 0.24355156249999999 0.12103124999999999 0.24442031250000001 0.1374015625 0.24231093750000002
0 0 0.3297375 0.0009921875 0.3307296875 0.017029687499999998 0.3298609375 0.037864062500000004 0.3258921875 0.051753125 0.324653125 0.053571875000000005 0.3218 0.051090625 0.31944374999999997 0.0428234375 0.31646874999999997 0.0355484375 0.3157234375 0.0334 0.314359375 0.0358796875 0.3122515625 0.044973437500000005 0.3098953125 0.043651562500000005 0.3049359375 0.038856249999999995 0.3033234375 0.032242187500000005 0.3033234375 0 0.305803125 0 0.3084078125 0 0.3297375
0 0.35057187500000003 0.35366875000000003 0.3476 0.35721875000000003 0.3449578125 0.3580078125 0.3556453125 0.36225 0.3654828125 0.3608 0.3748890625 0.35983437500000004 0.38299062500000003 0.35836718749999996 0.3838421875 0.35416875000000003 0.38285625 0.3489015625 0.36732343749999996 0.3479671875 0.3463109375 0.3487328125 0.3348859375 0.350715625 0.35057187500000003 0.35366875000000003
0 0.308259375 0.3660265625 0.3171671875 0.36859375 0.324215625 0.36762812500000003 0.3283 0.36507812500000003 0.327553125 0.3624375 0.3246828125 0.360828125 0.31594687499999996 0.36333125 0.3088328125 0.36166718750000004 0.30525625 0.3632015625 0.2974453125 0.3634078125 0.2886125 0.3669046875 0.308259375 0.3660265625
0 0.16448125 0.45135312499999997 0.1736328125 0.45287499999999997 0.18018281249999998 0.4515921875 0.18363281250000002 0.44715625000000003 0.1905171875 0.4441578125 0.1932984375 0.43964218749999995 0.1915125 0.4361171875 0.18681874999999998 0.43286875 0.18218125000000002 0.43616406249999995 0.17469218749999998 0.4383609375 0.16573906249999998 0.43983437500000006 0.16017187500000002 0.4427078125 0.1550609375 0.444384375 0.16448125 0.45135312499999997
0 0.05947812500000001 0.3106703125 0.06999375 0.309978125 0.0734984375 0.308075 0.07173125 0.3052109375 0.06794687499999999 0.303440625 0.06643750000000001 0.303440625 0.05430625 0.30460937499999996 0.0529234375 0.30546093750000003 0.054384375 0.3073375 0.054478125 0.309290625 0.05947812500000001 0.3106703125
0 0.36565 0.1580640625 0.3706640625 0.158978125 0.3733171875 0.15588437500000002 0.3718375 0.1531859375 0.3678171875 0.153378125 0.3654578125 0.1552390625 0.36565 0.1580640625
0 0.3255796875 0.1537078125 0.32256874999999996 0.15545625000000002 0.325528125 0.15837812499999998 0.33809999999999996 0.160165625 0.3431375 0.1576171875 0.3423703125 0.15460625 0.3301546875 0.1537078125 0.3255796875 0.1537078125
0 0.27766562499999997 0.15494375 0.2736109375 0.161190625 0.27280000000000004 0.1558546875 0.26589843750000003 0.15560625 0.2615328125 0.15991093750000002 0.25609375 0.156653125 0.2538390625 0.1597296875 0.2594828125 0.161909375 0.3085703125 0.1616625 0.3133625 0.1589703125 0.303884375 0.1559171875 0.3119984375 0.1536984375 0.28955000000000003 0.15453125 0.2874359375 0.15894375 0.28304687500000003 0.1602 0.28275625 0.15495 0.27766562499999997 0.15494375
0 0.24295624999999998 0.160325 0.22644531250000002 0.1588796875 0.2247703125 0.1563984375 0.21678906250000002 0.1549890625 0.169025 0.15688437500000002 0.16394999999999998 0.162625 0.2418421875 0.1626015625 0.24295624999999998 0.160325
0 0.1718953125 0.09810156249999999 0.1731359375 0.10066250000000002 0.1761890625 0.0992890625 0.1765203125 0.097353125 0.1752046875 0.095065625 0.1736203125 0.0952765625 0.1718953125 0.09810156249999999
0 0.5929203125 0.29095312500000003 0.588584375 0.291634375 0.5841734375 0.29231562499999997 0.5675140625 0.29059375 0.5579328125 0.292146875 0.547990625 0.29240468750000004 0.537290625 0.2928515625 0.5325249999999999 0.294215625 0.523715625 0.2973 0.5186671875 0.29880625 0.5181796875 0.30279375000000003 0.529190625 0.303540625 0.5394765625 0.303540625 0.54445625 0.3031546875 0.55213125 0.3056734375 0.5624875 0.3062890625 0.5737328125000001 0.3042109375 0.583275 0.303690625 0.5992265625 0.3041625 0.611246875 0.3026390625 0.6097953125 0.29873125 0.6074875 0.2940296875 0.6038546874999999 0.2917046875 0.5929203125 0.29095312500000003
0 0.6867 0.3104078125 0.685846875 0.312659375 0.6917796875 0.3141125 0.7014703124999999 0.312509375 0.7005109375 0.31001249999999997 0.6965515625 0.3089953125 0.689325 0.3089953125 0.6867 0.3104078125
0 0.775740625 0.311021875 0.77843125 0.31284375 0.7873140624999999 0.3121671875 0.7995671875 0.3092171875 0.7913609375 0.3063109375 0.7803656250000001 0.306628125 0.7731343749999999 0.30721875 0.766015625 0.3060421875 0.768203125 0.30950625 0.775740625 0.311021875
0 0.74848125 0.30586718749999997 0.74170625 0.3065765625 0.7406203125 0.308225 0.7477171874999999 0.310284375 0.7567140625000001 0.3126671875 0.75453125 0.3085875 0.74848125 0.30586718749999997
0 0.625665625 0.6884859375 0.6255875 0.6883812500000001 0.6241171875 0.69403125 0.6342609375 0.6935749999999999 0.641740625 0.6889875 0.6364828124999999 0.6864 0.628865625 0.6867671875 0.625665625 0.6884859375
0 0.098328125 0.7269578125 0.096103125 0.7269046875 0.093778125 0.7278328125 0.0932 0.7310531250000001 0.0966328125 0.7330046875 0.10106875 0.7307203125 0.101403125 0.7287140625 0.098328125 0.7269578125