0 0.5961078125 0.58821875 0.607478125 0.5857359375 0.6090859375 0.5807765625 0.608096875 0.5742640625 0.6122765625000001 0.573121875 0.614765625 0.5691734375 0.61381875 0.5625953124999999 0.6121984375 0.5561843750000001 0.6109875 0.5540203125 0.6041000000000001 0.5539734375 0.596759375 0.552440625 0.5885640624999999 0.5493265625 0.58336875 0.547675 0.57475625 0.54805 0.5719203125 0.5494749999999999 0.5684953125 0.5551140625000001 0.565159375 0.5641453125 0.5655218750000001 0.5762875000000001 0.5740406250000001 0.5841515625 0.577075 0.5849171875 0.5961078125 0.58821875
0 0.2441609375 0.5290046875 0.25755625000000004 0.5293546874999999 0.2620515625 0.5211390625 0.2600796875 0.5166906250000001 0.2526609375 0.512375 0.2424203125 0.5139 0.23612656250000003 0.5154859375 0.228015625 0.5227046875 0.23069531250000003 0.5258828125 0.2441609375 0.5290046875
0 0.5476921875 0.3905328125 0.5456953125 0.38970625000000003 0.5380984375 0.38746718750000003 0.5452265625 0.38632343750000003 0.549615625 0.3865109375 0.55791875 0.38445625 0.5588515625 0.38045625 0.5544203125 0.37636875000000003 0.5494203125 0.37544062500000003 0.5415734375000001 0.37400781250000004 0.533396875 0.36533125 0.5277640625 0.3646953125 0.5232187500000001 0.3633140625 0.5224140625 0.36837343749999996 0.5293421875 0.37304375 0.5245062500000001 0.3736078125 0.5208984375 0.37858125 0.5208984375 0.3834015625 0.5226421875 0.3886984375 0.5233890625 0.394265625 0.5291609375 0.397 0.5379953125 0.3973421875 0.54304375 0.3955359375 0.5476921875 0.3905328125
0 0.5337859375 0.294565625 0.5345328125 0.2998953125 0.538153125 0.30305312500000003 0.5447171875000001 0.305515625 0.5482703124999999 0.3042859375 0.5487015625 0.2991625 0.5465078125 0.296596875 0.5428296875 0.295153125 0.5346390624999999 0.2922234375 0.5337859375 0.294565625
0 0.5567609375 0.3274171875 0.55293125 0.323859375 0.550309375 0.32568281250000003 0.547790625 0.328365625 0.5480859375 0.3326078125 0.5543546874999999 0.3360203125 0.5566625000000001 0.334409375 0.5567609375 0.3274171875
0 0.5692999999999999 0.318628125 0.565609375 0.31913749999999996 0.5637640625 0.32198906250000003 0.565709375 0.324246875 0.5699625 0.3235234375 0.5712515625 0.3206953125 0.5692999999999999 0.318628125
0 0.240475 0.2366109375 0.24281250000000001 0.2407 0.24790937500000002 0.24951093750000003 0.252246875 0.2523609375 0.26306250000000003 0.254309375 0.272765625 0.2566046875 0.28347656250000003 0.2601859375 0.2901515625 0.261028125 0.29533125 0.25966875 0.2945 0.2542890625 0.293821875 0.2531359375 0.30143125 0.252728125 0.30520468749999996 0.2500640625 0.307115625 0.2465671875 0.305709375 0.2398421875 0.305709375 0.23607187500000001 0.3094703125 0.23204687499999999 0.316775 0.2311640625 0.319240625 0.23134843749999998 0.320275 0.2289546875 0.3196640625 0.227225 0.31617812500000003 0.22430468750000002 0.31246874999999996 0.224165625 0.3072625 0.2217546875 0.3040046875 0.22109062499999999 0.2970546875 0.21764531250000002 0.2834546875 0.214471875 0.2793359375 0.215028125 0.273784375 0.2160875 0.27906875000000003 0.22002187499999998 0.2823078125 0.2213 0.2750296875 0.22227187499999998 0.2673734375 0.22284687500000003 0.25759375 0.22443437500000002 0.255240625 0.2236328125 0.2528171875 0.2204578125 0.246025 0.22249687499999998 0.24362499999999998 0.22345625 0.238646875 0.22558281249999998 0.23113125 0.22743750000000001 0.225221875 0.22895625000000003 0.2227546875 0.23234531249999998 0.22732812500000002 0.2343484375 0.23440468750000001 0.2325828125 0.23631562499999997 0.2334921875 0.240475 0.2366109375
0 0.49417343750000003 0.217465625 0.49806718749999995 0.2179921875 0.5110875 0.2182 0.5108921875 0.21509999999999999 0.5074640625 0.21207343750000002 0.5130296875 0.21358281250000002 0.5229421875 0.21331562499999998 0.5246625 0.21004062499999998 0.5246625 0.2053609375 0.5246625 0.1995203125 0.5243046875 0.196409375 0.520815625 0.19018593749999999 0.51605625 0.1875828125 0.5107406250000001 0.18836406249999998 0.5109734375 0.1932046875 0.50890625 0.1930703125 0.49598906249999997 0.1913703125 0.48777499999999996 0.19429375 0.48100624999999997 0.1965546875 0.47388125 0.1992546875 0.46626874999999995 0.20462031249999998 0.468715625 0.209203125 0.473921875 0.21018906249999997 0.4832515625 0.2144375 0.49417343750000003 0.217465625
0 0.5090375 0.1818515625 0.518203125 0.18679375 0.518565625 0.185615625 0.518003125 0.1796140625 0.518003125 0.174590625 0.5166984375 0.16816875 0.5152828125 0.16543125 0.5131249999999999 0.1600015625 0.511553125 0.159528125 0.5047484375 0.158415625 0.503334375 0.1605203125 0.49985 0.16288125 0.4958984375 0.1636609375 0.4891265625 0.1658703125 0.4849984375 0.17116875 0.48484375 0.17590625 0.49104374999999995 0.1774703125 0.49543593750000003 0.177759375 0.4999625 0.178828125 0.5068875 0.1804265625 0.5090375 0.1818515625
0 0.48660156250000003 0.1630609375 0.48406874999999994 0.16183125 0.4807890625 0.16201875 0.47919062500000004 0.16381718750000002 0.47788593749999997 0.169621875 0.48825312500000007 0.164484375 0.48660156250000003 0.1630609375
0 0.553053125 0.11092500000000001 0.5424703125 0.1119109375 0.531590625 0.11328750000000001 0.5211671875 0.116140625 0.503384375 0.121725 0.5029578124999999 0.1204140625 0.5006875 0.1157234375 0.49748281250000004 0.1119828125 0.49431562500000004 0.11225937500000001 0.4894046875 0.1188796875 0.48614218749999993 0.1195796875 0.47904843750000003 0.12017343750000001 0.47788437500000003 0.1242640625 0.481459375 0.12596093749999998 0.49956875 0.13104218750000002 0.4962328125 0.13104218750000002 0.4847671875 0.13131718750000002 0.48188906249999997 0.132896875 0.47695781249999997 0.137446875 0.47389843750000005 0.1386859375 0.4679046875 0.13957031250000002 0.46318125 0.1382390625 0.45815625000000004 0.14037968750000002 0.453959375 0.1456078125 0.45709062500000003 0.14823906250000002 0.46331718750000006 0.1419796875 0.4658765625 0.144815625 0.48139062499999996 0.1494140625 0.495496875 0.15188593749999998 0.49875625 0.15165 0.5085437500000001 0.1525390625 0.5091546874999999 0.1494828125 0.5077390625 0.14133281250000002 0.505240625 0.133690625 0.5031171875 0.131803125 0.5048859375 0.1287890625 0.5098640624999999 0.126415625 0.520953125 0.12425468749999999 0.526565625 0.12206718750000001 0.5325624999999999 0.1181875 0.5361828125 0.11795312499999999 0.542971875 0.1200078125 0.5531140625 0.121996875 0.5609015625 0.1218671875 0.5657234375 0.119390625 0.5665828125 0.11582656250000001 0.5606046874999999 0.1123890625 0.553053125 0.11092500000000001
0 0.42438593750000003 0.0219828125 0.4277578125 0.018615625 0.43196406249999997 0.0168828125 0.4371703125 0.014674999999999999 0.44138124999999995 0.011071875 0.4372515625 0.006929687499999999 0.43248749999999997 0.0059187499999999995 0.42225625000000006 0.006293749999999999 0.41325625 0.0035499999999999998 0.40827187499999995 0.0007437499999999999 0.40505 0.000071875 0.3915625 0 0.3884640625 0.0010640625000000001 0.384753125 0.006904687499999999 0.3812734375 0.010843750000000001 0.3684703125 0.0149359375 0.369890625 0.0176546875 0.3860765625 0.0168859375 0.39357031249999996 0.018575 0.40793125 0.0215046875 0.4153546875 0.0241390625 0.42438593750000003 0.0219828125
0 0.440746875 0.0459546875 0.43967343750000004 0.0459546875 0.4311015625 0.045110937499999997 0.42401718749999995 0.0406125 0.42030312500000006 0.042476562499999995 0.4190921875 0.0421578125 0.41035937499999997 0.041603125000000005 0.40759375000000003 0.045659375 0.40664999999999996 0.05119375 0.4101828125 0.053146875 0.41715625 0.0542015625 0.4263921875 0.0565296875 0.43245781250000004 0.0574640625 0.43709687500000005 0.05601874999999999 0.43974531250000004 0.051328125 0.440921875 0.0487640625 0.440746875 0.0459546875
0 0.183428125 0.10051406249999999 0.19642656249999998 0.1008046875 0.19846406249999998 0.1018234375 0.20878437500000002 0.10586718749999999 0.2172046875 0.1038375 0.225721875 0.0998015625 0.2270125 0.09462343749999999 0.2165078125 0.0916765625 0.21269375 0.0894859375 0.2020015625 0.088578125 0.20186874999999999 0.086928125 0.20431249999999998 0.083559375 0.2056421875 0.0797640625 0.2043359375 0.0800015625 0.1887375 0.08163437500000001 0.1805828125 0.0829421875 0.1752234375 0.08484375 0.163959375 0.08796875 0.15754375 0.0912453125 0.152571875 0.096253125 0.15237343750000001 0.10063124999999999 0.161109375 0.10218125 0.1670828125 0.1013875 0.1762734375 0.1013578125 0.183428125 0.10051406249999999
0 0.2048953125 0.11755 0.20549843750000002 0.113378125 0.2016953125 0.1111109375 0.19575 0.1106390625 0.1929671875 0.1115546875 0.1928578125 0.11593437499999999 0.194759375 0.117121875 0.2048953125 0.11755
0 0.493815625 0.08244375000000001 0.4889453125 0.079365625 0.48648749999999996 0.0819109375 0.48561249999999995 0.08625625 0.48783125 0.0889875 0.4925390625 0.0887234375 0.494778125 0.0854390625 0.493815625 0.08244375000000001
0 0.3909109375 0.110865625 0.383296875 0.113565625 0.3758625 0.11362187500000001 0.3627234375 0.11220156249999999 0.3558296875 0.11159531250000002 0.345853125 0.111121875 0.3398515625 0.11539999999999999 0.33746718750000004 0.1150828125 0.32682500000000003 0.11368125 0.31314375 0.1176765625 0.305696875 0.1234984375 0.3088265625 0.13020625 0.318471875 0.1263671875 0.331059375 0.1255078125 0.32942031250000003 0.127340625 0.3243625 0.13520156249999998 0.3258609375 0.1408203125 0.328378125 0.14601406249999999 0.3321578125 0.149221875 0.3392671875 0.151515625 0.3478234375 0.1528078125 0.3631359375 0.1515609375 0.36752656250000004 0.1503453125 0.3810609375 0.14500156250000001 0.3853375 0.141884375 0.39328281249999997 0.1382609375 0.40912812499999995 0.13953593749999998 0.41515781250000006 0.1389578125 0.4285109375 0.138825 0.4342578125 0.137125 0.4405265625 0.135721875 0.44488281250000006 0.130571875 0.4409015625 0.1281765625 0.4303390625 0.125065625 0.4237171875 0.125728125 0.41490937499999997 0.122571875 0.4226546875 0.122884375 0.4358375 0.12351562499999999 0.445415625 0.1198328125 0.4520046875 0.11691093749999999 0.46087812499999997 0.11487031249999999 0.4659484375 0.113675 0.4698421875 0.1130359375 0.47977968750000005 0.1095515625 0.4813203125 0.10429375 0.48028750000000003 0.10263125 0.47666718750000003 0.09914062500000001 0.47317187499999996 0.0977875 0.46803906250000005 0.09704375 0.4604609375 0.0968078125 0.45256406250000003 0.0964375 0.44056249999999997 0.0960171875 0.427034375 0.0990578125 0.41678437500000004 0.09906406250000001 0.4059984375 0.09592031250000001 0.40010312499999995 0.09398125 0.3931671875 0.09359218750000001 0.384709375 0.09785625 0.38256875 0.103628125 0.38746718750000003 0.10943750000000001 0.3909109375 0.110865625
0 0.871921875 0.30669843750000003 0.8801406249999999 0.310453125 0.8853 0.308859375 0.8840640625 0.3039703125 0.8825125 0.2987734375 0.877584375 0.29645156250000004 0.8702796875000001 0.29579218749999997 0.8620749999999999 0.29579218749999997 0.863634375 0.30066875 0.8661015624999999 0.30289375 0.871921875 0.30669843750000003
0 0.783396875 0.0159828125 0.7765953125 0.014549999999999999 0.7757171875 0.016884375 0.7760796875 0.01905625 0.7786593749999999 0.019514062500000002 0.7843140625 0.019318750000000003 0.7850609375000001 0.016353125 0.783396875 0.0159828125
0 0.8802171875000001 0.6110109375 0.8790515624999999 0.6169859375 0.8834875 0.6166734375 0.8875624999999999 0.6119140625 0.8879953125 0.6084421875 0.8884265625 0.6047 0.8880687500000001 0.6012703125 0.8855046874999999 0.600446875 0.8826640625 0.603184375 0.882084375 0.6065968749999999 0.8802171875000001 0.6110109375
0 0.7768875000000001 0.6044203125000001 0.7744421874999999 0.6033984375 0.7719203125 0.60090625 0.7673390625 0.604575 0.7703609375 0.6093875 0.775 0.6108718750000001 0.7832359375 0.60844375 0.7819609375 0.604759375 0.7768875000000001 0.6044203125000001
0 0.729015625 0.5813484375 0.730403125 0.5783796875 0.7301546875 0.5774625 0.71960625 0.5769484375 0.7206046875000001 0.57890625 0.72663125 0.5821796875 0.729015625 0.5813484375
0 0.6390734375 0.6851625 0.6376125 0.688421875 0.641771875 0.6987890625000001 0.6480625 0.6990828125 0.649859375 0.6953765625 0.647040625 0.689075 0.6390734375 0.6851625
0 0.7099765625 0.9403296875 0.709728125 0.9336078125 0.7100390625 0.92335625 0.70755 0.9221 0.698696875 0.9215562500000001 0.70118125 0.9424921875000001 0.7010421874999999 0.9511515625 0.702125 0.9599171875 0.7043078125 0.9696234374999999 0.7086515624999999 0.9759156250000001 0.7135359375 0.9822140625 0.7157578124999999 0.9915906250000001 0.72166875 1 0.724334375 0.989175 0.7219703125 0.977428125 0.7191359375 0.968821875 0.7124484375 0.9587328125000001 0.71188125 0.9510609375 0.7099765625 0.9403296875