0 0.018021875 0.1108625 0.014220312500000002 0.1134671875 0.015542187499999999 0.115946875 0.0193453125 0.11780781250000001 0.0319109375 0.11780781250000001 0.06349218749999999 0.1256203125 0.067625 0.1247515625 0.070271875 0.1220234375 0.07886875 0.11954374999999999 0.0873015625 0.11371562500000001 0.08895468749999999 0.10999531250000001 0.08333281249999999 0.1060265625 0.08217656250000001 0.101934375 0.0778765625 0.10069375 0.0620046875 0.101190625 0.0467921875 0.09920625 0.0375328125 0.099703125 0.03306875 0.1013140625 0.030257812499999998 0.10689531249999999 0.018021875 0.1108625
0 0.37698437500000004 0.2798859375 0.38227500000000003 0.27839843750000004 0.38525156250000003 0.2709578125 0.383928125 0.266740625 0.3718578125 0.2579359375 0.356646875 0.2547125 0.3503640625 0.2544640625 0.3498671875 0.255084375 0.353175 0.256571875 0.354828125 0.260540625 0.36011875 0.265996875 0.36011875 0.27442968749999996 0.36590625 0.277778125 0.3718578125 0.2780265625 0.37698437500000004 0.2798859375
0 0.4877640625 0.3649546875 0.48677187499999997 0.3607390625 0.4811515625 0.3518109375 0.4790015625 0.350446875 0.46544375000000004 0.34871093750000004 0.461309375 0.35255468749999996 0.4583328125 0.35701875 0.4586640625 0.361234375 0.4563484375 0.3649546875 0.4604828125 0.366815625 0.46693125 0.3674359375 0.48627656249999995 0.3658234375 0.4877640625 0.3649546875
0 0.527778125 0.548734375 0.5284390625000001 0.5532 0.53125 0.5560515625 0.538525 0.5587796875000001 0.5446421875 0.558903125 0.5704359375 0.5529515625 0.5707671875 0.5494796875 0.5734125 0.545015625 0.5674609375 0.5412953125 0.5654765625 0.5368296875 0.5661375 0.5333578125 0.5710984375 0.5296375 0.5707671875 0.52269375 0.5649796874999999 0.5188484375 0.559028125 0.5188484375 0.55125625 0.52195 0.54761875 0.5279015625000001 0.53306875 0.5410468749999999 0.527778125 0.548734375
0 0.608134375 0.7079609375 0.5914359375 0.6959328124999999 0.5682875000000001 0.6884921875 0.5596890625000001 0.68824375 0.5567124999999999 0.686259375 0.552909375 0.686384375 0.555225 0.694071875 0.5735781249999999 0.7053578125 0.5914359375 0.7110609375 0.60069375 0.7130453125 0.6061515625 0.7129218749999999 0.6091265625 0.7104421875 0.608134375 0.7079609375
0 0.39401406250000004 0.8234125000000001 0.38409375 0.8196921875 0.371528125 0.8127484375 0.360615625 0.8080359375 0.3371359375 0.8000984375 0.3242390625 0.79761875 0.3207671875 0.7997265625 0.322090625 0.8041921875 0.3240734375 0.8064234375 0.331184375 0.8120046875 0.34275781250000004 0.8147328125 0.3505296875 0.8200640625 0.3518515625 0.823040625 0.351521875 0.8289937500000001 0.3614421875 0.8354421875 0.362434375 0.8396578124999999 0.3561515625 0.8490828125000001 0.35085937500000003 0.8510671875 0.3505296875 0.8592515625000001 0.3462296875 0.8627234375 0.348875 0.8691718749999999 0.348875 0.8746281249999999 0.3607796875 0.8865328124999999 0.34078125 0.8907328124999999 0.3484453125 0.8983609375 0.36276875 0.9000203125 0.374096875 0.9058406250000001 0.40755937500000006 0.9181359375 0.380953125 0.8952140625 0.380621875 0.8905015625000001 0.3925265625 0.8810765625 0.398478125 0.8709078124999999 0.4047625 0.863715625 0.4041 0.850321875 0.4054234375 0.8470984375 0.40922656249999995 0.8432546875 0.4145171875 0.8412703125000001 0.4163359375 0.8391609375 0.4128640625 0.8350687499999999 0.400296875 0.828125 0.39401406250000004 0.8234125000000001
0 0.6962625 0.7951390625 0.6919640625000001 0.7936515625 0.685846875 0.7895578125 0.678075 0.78125 0.6744375 0.7807546875 0.6698078125 0.7829859375 0.6641859375 0.7829859375 0.6483140625 0.7790171875 0.6443453124999999 0.7762890625 0.6335984375 0.7724453125 0.63260625 0.766740625 0.6264875 0.759425 0.6225203125000001 0.7591765625 0.617559375 0.7609125 0.6036703125 0.76016875 0.5973875 0.7609125 0.593915625 0.76475625 0.5968921875000001 0.772196875 0.6097890625 0.7811265625 0.6132609375 0.7849703124999999 0.617228125 0.7864578125 0.632440625 0.787946875 0.6360781249999999 0.7904265625 0.6435187499999999 0.7922859375 0.641534375 0.795759375 0.63988125 0.8036953125 0.6425265625 0.8108875 0.6440140624999999 0.8120046875 0.650959375 0.8120046875 0.6504624999999999 0.8103921875 0.6464953125 0.808159375 0.64864375 0.8063 0.6536046875 0.80853125 0.6555890625 0.811259375 0.6590609374999999 0.8121281249999999 0.6755953124999999 0.833209375 0.679728125 0.8355656249999999 0.6850203125000001 0.8333328124999999 0.6922953125 0.8353171875 0.6997359375000001 0.8431296875 0.707340625 0.847346875 0.7083328125 0.8510671875 0.7166 0.8570187499999999 0.7192453125 0.8525546875 0.7218921875000001 0.8510671875 0.7195765625 0.8361859375 0.7129624999999999 0.823784375 0.7136250000000001 0.8198171875 0.71693125 0.8158484375 0.7175921875 0.807415625 0.7192453125 0.8041921875 0.7166 0.793775 0.7144515625000001 0.7921625 0.7108140625 0.79141875 0.7080031250000001 0.7922859375 0.7065140624999999 0.7963796875 0.6962625 0.7951390625
0 0.7319046874999999 0.7670578124999999 0.719015625 0.7541078125 0.70525 0.7498812499999999 0.70330625 0.7512875 0.7023140625 0.75455625 0.72746875 0.769725 0.7213609375 0.7710343749999999 0.7187421875 0.775825 0.7250796875 0.7831515625 0.7350640625 0.7862250000000001 0.738628125 0.7896703125 0.7438890625 0.796246875 0.7522875 0.8017125 0.74058125 0.7811984375 0.7319046874999999 0.7670578124999999
0 0.5801265625 0.8476000000000001 0.5938921875000001 0.8342421874999999 0.5972453125 0.8296203125 0.60823125 0.820146875 0.6119109375 0.8113546875000001 0.6009921874999999 0.8049953125 0.5977921875 0.7982640625 0.5929359375 0.7971828125 0.5975109375 0.80990625 0.5908828125000001 0.8327031249999999 0.5815890625 0.8335593749999999 0.5754765625 0.836434375 0.57029375 0.8399421874999999 0.571090625 0.8487375 0.5801265625 0.8476000000000001
0 0.5223640625 0.66465 0.5164828124999999 0.664475 0.5105515625 0.667128125 0.5103546875 0.670853125 0.5213515625 0.67214375 0.5263984374999999 0.6681640625 0.5223640625 0.66465
0 0.5187859375 0.650153125 0.5170015625 0.65138125 0.5142265625 0.655221875 0.517396875 0.657875 0.521965625 0.6565375 0.5239203125 0.6511484375000001 0.5187859375 0.650153125
0 0.3076984375 0.0887171875 0.30038593750000003 0.0896875 0.299340625 0.0920640625 0.3031953125 0.096678125 0.31703125 0.095709375 0.3197546875 0.10105625 0.3234265625 0.1040296875 0.3358140625 0.11243125000000001 0.327765625 0.096890625 0.31713125 0.083328125 0.31534375 0.0842203125 0.3076984375 0.0887171875
0 0.0971546875 0.0557265625 0.0858390625 0.056382812500000004 0.091225 0.061417187500000005 0.10834531249999999 0.056882812500000005 0.0971546875 0.0557265625