0 1 0.558846875 0.9297765625000001 0.3013 0.858690625 0 0.6731859375 0.00047187499999999996 0.6765703125 0.0165921875 0.7261578125 0.20408125 0.7674515625 0.3543953125 0.8642171875000001 0.65585 0.9374218750000001 0.8717078125000001 0.981528125 1 1 1 1 0.558846875
0 0.3655296875 0.059946875 0.35783906249999997 0.063590625 0.3564828125 0.0639484375 0.3517296875 0.0663953125 0.3483171875 0.07105937500000001 0.344278125 0.074265625 0.3451296875 0.083203125 0.3839234375 0.20819843750000003 0.42986250000000004 0.3482453125 0.4579859375 0.4297546875 0.47070625 0.464615625 0.4970703125 0.5427296875 0.5898109375 0.7930671874999999 0.5912484375 0.7969828125 0.5978234375 0.7974046875 0.5999109375 0.7972234375 0.6042390625 0.795909375 0.607584375 0.7936234375 0.611053125 0.7894359375 0.6123859375 0.7867875 0.6128390625 0.7852046875 0.6048953125 0.7689421875 0.5816421875 0.7092265624999999 0.5525609375 0.6293546875 0.5056640625 0.49839218750000003 0.47028437500000003 0.396140625 0.41190781249999997 0.213325 0.36846718749999996 0.067690625 0.3655296875 0.059946875
0 0.3261765625 0 0.3365109375 0.0277890625 0.32849375 0.03211875 0.3290984375 0.035726562499999996 0.337215625 0.031040625 0.340646875 0.044584374999999996 0.344559375 0.061803125 0.34359687499999997 0.06527187500000001 0.3411828125 0.077409375 0.3441546875 0.08208125 0.344328125 0.1085109375 0.341021875 0.10982343750000001 0.3376359375 0.10194218749999999 0.33595 0.1036875 0.3439109375 0.1247671875 0.3458 0.1354953125 0.347971875 0.174503125 0.34581249999999997 0.170025 0.34368750000000003 0.16590312499999998 0.34256406250000004 0.1665984375 0.3483234375 0.1841390625 0.34923906250000003 0.192646875 0.349225 0.21072031249999998 0.3491359375 0.21030781250000002 0.347221875 0.21113906249999997 0.34636093749999997 0.20813593749999998 0.3453984375 0.2093296875 0.34860625 0.22855468750000002 0.350634375 0.2318453125 0.349915625 0.2411171875 0.3480375 0.23603437500000002 0.3465125 0.2373265625 0.3511515625 0.2523140625 0.3513015625 0.2622859375 0.34720625 0.25429843750000003 0.3507546875 0.2678875 0.3484171875 0.26723906249999996 0.350734375 0.2770625 0.348321875 0.2794515625 0.35145781249999997 0.288715625 0.3527234375 0.2960140625 0.3549640625 0.3025578125 0.3595890625 0.302084375 0.3577625 0.296575 0.35476874999999997 0.2883859375 0.354453125 0.28306718750000004 0.3548 0.28228125 0.356903125 0.28218437500000004 0.35955312500000003 0.2809125 0.3598 0.27968125 0.36029374999999997 0.2782796875 0.3602484375 0.27675937500000003 0.3599046875 0.2748015625 0.3596328125 0.273109375 0.3591875 0.2718421875 0.3590171875 0.2693265625 0.35931875 0.267725 0.36040625 0.2663234375 0.3608078125 0.2643359375 0.3601921875 0.26113749999999997 0.352421875 0.23751250000000002 0.3601296875 0.2364671875 0.36106875 0.22797031250000002 0.36042968750000004 0.1980453125 0.3618890625 0.19636562500000002 0.362771875 0.1956921875 0.3646734375 0.188396875 0.3624421875 0.1863046875 0.3622140625 0.1937734375 0.359621875 0.1307953125 0.34538437499999997 0.085271875 0.3448609375 0.0776625 0.3544875 0.07332968749999999 0.35968125 0.06981875 0.360803125 0.0650953125 0.3614484375 0.06131875 0.364828125 0.05694375 0.3653375 0.054064062499999996 0.363921875 0.0488578125 0.362640625 0.048678125 0.36288593750000003 0.015684375 0.3642390625 0 0.34213125 0.000359375 0.34154375 0.0240265625 0.33948125 0.024745312499999998 0.3302640625 0 0.3261765625 0
0 0.352940625 0.2935171875 0.352940625 0.2985140625 0.3533421875 0.30221718750000004 0.355228125 0.3082296875 0.3749953125 0.36166875 0.4069375 0.44849843749999996 0.4207296875 0.48628125000000005 0.4304671875 0.511534375 0.431509375 0.5119296875 0.43242343749999995 0.5113734375 0.4355921875 0.5089890625 0.4413984375 0.5258499999999999 0.444865625 0.5351859375 0.44685312499999996 0.542634375 0.4488609375 0.5488890625 0.450378125 0.549328125 0.4529375 0.5491343750000001 0.4547296875 0.54850625 0.4576921875 0.5454359375 0.427584375 0.46274218749999996 0.3932640625 0.36945625 0.38289375 0.340596875 0.3606828125 0.2798125 0.3566640625 0.280859375 0.35503125 0.2836390625 0.352940625 0.2935171875
0 0.39816875 0.34121718749999996 0.3970796875 0.33909531249999997 0.395771875 0.336721875 0.39464062499999997 0.33440781249999996 0.3935984375 0.336284375 0.391828125 0.337175 0.391528125 0.3392578125 0.3917296875 0.3427703125 0.39240624999999996 0.344475 0.3937421875 0.34720625 0.39535 0.3482796875 0.3965125 0.35037656250000004 0.398415625 0.354446875 0.398809375 0.35369843749999996 0.398965625 0.3500296875 0.3989671875 0.345853125 0.39816875 0.34121718749999996
0 0.42536250000000003 0.41493906249999996 0.42543749999999997 0.41749843750000004 0.4232390625 0.4171 0.4213609375 0.4142453125 0.4198640625 0.4140765625 0.41658125 0.40894062499999995 0.419203125 0.41840312500000004 0.41735 0.41963437499999995 0.4180171875 0.4206578125 0.4185484375 0.42337499999999995 0.41902343750000004 0.4267390625 0.4192421875 0.42766562500000005 0.4218890625 0.433134375 0.423678125 0.43209687499999994 0.424921875 0.430984375 0.4284671875 0.4296390625 0.43043125 0.4268828125 0.42597968750000004 0.4149453125 0.42536250000000003 0.41493906249999996
0 0.4396 0.47915937499999994 0.44002968750000004 0.48529999999999995 0.44879687500000004 0.4793671875 0.4453890625 0.468559375 0.4396 0.47915937499999994
0 0.4459625 0.4844515625 0.4419765625 0.48845 0.45121874999999995 0.48345312500000004 0.4498015625 0.4816734375 0.4459625 0.4844515625
0 0.45115937500000003 0.48759218750000005 0.4427484375 0.49197499999999994 0.44593125 0.49957812500000004 0.45069687500000005 0.50379375 0.4528359375 0.5033046875 0.4492328125 0.49265468749999997 0.45343125000000006 0.49579531250000003 0.45115937500000003 0.48759218750000005
0 0.4385828125 0.47487031249999995 0.4428078125 0.46428906249999996 0.4381390625 0.45075312500000003 0.43226250000000005 0.459946875 0.4385828125 0.47487031249999995
0 0.4312203125 0.4568 0.4345140625 0.4492265625 0.42904687499999994 0.4528703125 0.4312203125 0.4568
0 0.4295890625 0.44784218750000004 0.43620937499999995 0.445403125 0.4339234375 0.4369546875 0.431784375 0.43595468750000005 0.4285953125 0.437259375 0.4295171875 0.44264843750000005 0.4295890625 0.44784218750000004