0 1 0.47876250000000004 0.9911703125000001 0.4816015625 0.9412828125000001 0.50449375 0.9998515625 0.5157125 0.9652203125 0.5211921875 0.8941343749999999 0.5186921875 0.728996875 0.511678125 0.6370250000000001 0.519840625 0.460009375 0.5238703124999999 0.21463593749999998 0.528628125 0 0.533790625 0.001575 0.558975 0.005176562500000001 0.556653125 0.0146484375 0.5562828125 0.022121875 0.5548796874999999 0.027371875 0.553121875 0.0316671875 0.5521843750000001 0.03990625 0.5514578125 0.0433203125 0.5521125 0.0523375 0.5531453125 0.05835625 0.5531046875000001 0.062426562500000005 0.5512421875 0.0644328125 0.5505546875 0.0690078125 0.5508015625 0.07562656250000001 0.5519953125 0.08835 0.5534546875 0.10090312500000001 0.5526 0.10892968750000001 0.5507484375 0.110690625 0.55020625 0.11505625 0.552325 0.122871875 0.5521390625 0.1262859375 0.5512921875 0.13682031249999999 0.5495859375000001 0.14488281249999999 0.5499375 0.152734375 0.551115625 0.1674234375 0.548828125 0.1796203125 0.548440625 0.1877546875 0.5485921874999999 0.19750625 0.5492328125 0.20859843749999998 0.5466562500000001 0.2248015625 0.5457562499999999 0.23459218750000002 0.546371875 0.247128125 0.5459171875 0.25582343750000003 0.5460609375 0.267478125 0.5472125 0.2824015625 0.545965625 0.31882968749999996 0.5439484375 0.32755625 0.5447578125 0.3351359375 0.5476 0.345490625 0.544878125 0.3629546875 0.544303125 0.3822890625 0.5442234375 0.40029375 0.5441 0.40972968749999994 0.5427500000000001 0.431846875 0.542259375 0.47791562499999996 0.5415515625 0.5056875 0.540603125 0.5131593750000001 0.541340625 0.527634375 0.5402828125 0.5386921874999999 0.5399125 0.549640625 0.5410796875 0.5558734375000001 0.541696875 0.5685875 0.539371875 0.5938421875000001 0.5398203125000001 0.6094046875 0.5408031249999999 0.6219406249999999 0.5400625 0.629965625 0.5413765625 0.6371671875 0.5380484375 0.7600718750000001 0.5387015625 0.7925046874999999 0.5387 0.81650625 0.5363015625 0.8277171875 0.5362984375 0.845071875 0.5357093749999999 0.873903125 0.53589375 0.892315625 0.5359203124999999 0.9009656250000001 0.535121875 0.9108499999999999 0.5385921875 0.9258234375000001 0.5366859374999999 1 0.5358703125 1 0.47876250000000004
0 0.572228125 0 0.5760578125 0.0003046875 0.5786828125000001 0.0109265625 0.57940625 0.015515625 0.58426875 0.0233875 0.5915640625 0.0316671875 0.6042984375 0.036940625 0.621540625 0.04074375 0.6308359375 0.0462546875 0.65131875 0.05370625 0.662375 0.0573140625 0.669915625 0.0665671875 0.67773125 0.068146875 0.6918046875 0.064125 0.70473125 0.0559015625 0.7088734375 0.051778124999999994 0.714065625 0.0359640625 0.7216328125 0.026887499999999998 0.7356859375 0.0266578125 0.7404625 0.03830625 0.7646015625 0.049196875 0.78938125 0.05328125 0.8076531250000001 0.05658125000000001 0.8347296875 0.0558921875 0.8870828124999999 0.0519484375 0.90580625 0.052653125 0.921946875 0.049609375 0.935984375 0.041884375 0.9540671875 0.03130625 0.969178125 0.026453125 1 0.0336828125 1 0 0.572228125 0
0 0.3518265625 0 0.341153125 0.0011359375 0.3404640625 0.004675 0.34404218750000004 0.011301562499999999 0.34131093749999997 0.0156609375 0.3375796875 0.0261640625 0.3463796875 0.027464062500000004 0.356728125 0.0269796875 0.359828125 0.0410515625 0.3610125 0.0471640625 0.3680234375 0.04175625 0.367928125 0.034921875000000005 0.370621875 0.03281875 0.382209375 0.0295828125 0.39260625 0.0290984375 0.40334843749999993 0.0274421875 0.4105890625 0.023509375 0.407496875 0.0153140625 0.398675 0.01118125 0.3974546875 0.008690625 0.399515625 0.003490625 0.395890625 0 0.3518265625 0
0 0.2951859375 0.01533125 0.2980203125 0.0212625 0.305803125 0.02248125 0.3114046875 0.021028125 0.3132359375 0.0162625 0.31094218749999997 0.01310625 0.3064953125 0.0121296875 0.302403125 0.0131640625 0.2951859375 0.01533125
0 0.2509640625 0.05903125 0.248925 0.050315624999999996 0.23950624999999998 0.0431421875 0.23819062500000002 0.0372703125 0.2397703125 0.0334 0.234990625 0.030257812499999998 0.221159375 0.033973437499999995 0.2192 0.035339062500000004 0.211721875 0.037034375 0.2061171875 0.0452796875 0.20981718749999997 0.0556578125 0.2225828125 0.061459375000000004 0.2326671875 0.06624375 0.24666562500000003 0.0666796875 0.24853125 0.0656375 0.2509640625 0.05903125
0 0.39065 0.11609218750000001 0.3866375 0.118559375 0.38028125 0.12364375000000001 0.37756875 0.1281078125 0.37748906249999997 0.13294062499999998 0.3799390625 0.13721875 0.3882921875 0.1415515625 0.387990625 0.1395609375 0.3903453125 0.134215625 0.4182359375 0.13458125 0.4177203125 0.128421875 0.41657656249999997 0.1253671875 0.4136390625 0.12374531250000001 0.40684375 0.12006093749999999 0.39835937499999996 0.1171265625 0.39065 0.11609218750000001
0 0.009221875000000001 0.160175 0.0141375 0.1658703125 0.026296874999999997 0.16681718750000002 0.031390625 0.15914375 0.0334859375 0.15575 0.035971875 0.15302968749999998 0.030104687499999998 0.1495828125 0.018767187499999997 0.1501484375 0.0165125 0.1496953125 0.0098859375 0.1547734375 0.009221875000000001 0.160175
0 0.0375453125 0.1282125 0.045854687500000005 0.1296859375 0.05519375 0.1297296875 0.056584375 0.1283171875 0.051365625000000005 0.1232734375 0.0463203125 0.12093593750000001 0.042990625 0.1194828125 0.0346421875 0.12155625 0.027265624999999998 0.12313750000000001 0.026742187499999997 0.1258921875 0.0375453125 0.1282125
0 0.06862968750000001 0.14814687499999998 0.0658875 0.1480109375 0.062051562500000004 0.1536890625 0.0667203125 0.16049843749999998 0.0732703125 0.1626640625 0.07278124999999999 0.1540375 0.06862968750000001 0.14814687499999998
0 0.0835453125 0.1568046875 0.08015625 0.1620859375 0.079896875 0.16958125 0.08798125 0.1753328125 0.0956609375 0.1740625 0.09519375 0.1700625 0.08657812499999999 0.1604734375 0.08707343749999999 0.1556953125 0.0835453125 0.1568046875
0 0.2265828125 0.3906125 0.226865625 0.394125 0.25061093749999996 0.3980046875 0.26836875 0.4020234375 0.27647187500000003 0.3913078125 0.2680546875 0.37954374999999996 0.2564265625 0.3752359375 0.24609999999999999 0.375484375 0.2442046875 0.3790203125 0.2372484375 0.383459375 0.2265828125 0.3906125
0 0.11095625 0.3669796875 0.1049359375 0.3568140625 0.0729671875 0.3305609375 0.05559531250000001 0.324934375 0.0452859375 0.324603125 0.032806249999999995 0.32489218750000004 0.027309375000000004 0.32513749999999997 0.015137500000000002 0.3179265625 0 0.3120015625 0.0006312500000000001 0.5100546875 0.026360937499999997 0.5054609375 0.0405625 0.4960890625 0.0450578125 0.48731718749999997 0.0637984375 0.48153125 0.0831 0.4610265625 0.09119374999999999 0.4473890625 0.09442500000000001 0.44384218750000004 0.14407343749999998 0.4391453125 0.16206875 0.43362187499999993 0.1693640625 0.4222265625 0.163878125 0.4112484375 0.1452015625 0.4014015625 0.140340625 0.399328125 0.1448375 0.3920234375 0.131984375 0.38475625 0.1153703125 0.38220624999999997 0.11095625 0.3669796875
0 0.23367187500000003 0.7382546875 0.233965625 0.757734375 0.2341046875 0.76553125 0.2321359375 0.86798125 0.23960468750000002 0.8706109375000001 0.245759375 0.8689296875 0.2475265625 0.864921875 0.236015625 0.58510625 0.2266625 0.5828375 0.2285265625 0.6898171875 0.23378281250000002 0.703415625 0.23367187500000003 0.7382546875
0 0.94746875 0.7398453125 0.9404484375 0.6896265625 0.9315 0.68665 0.94228125 0.8153921875 0.9583468749999999 0.81688125 0.9578296875 0.809546875 0.94746875 0.7398453125