0 0 0.5358703125 0.0741765625 0.5366859374999999 0.08915 0.5385921875 0.099034375 0.535121875 0.10768437500000001 0.5359203124999999 0.126096875 0.53589375 0.154928125 0.5357093749999999 0.1722828125 0.5362984375 0.18349375 0.5363015625 0.2074953125 0.5387 0.239928125 0.5387015625 0.3628328125 0.5380484375 0.370034375 0.5413765625 0.378059375 0.5400625 0.3905953125 0.5408031249999999 0.40615781249999994 0.5398203125000001 0.4314125 0.539371875 0.4441265625 0.541696875 0.450359375 0.5410796875 0.4613078125 0.5399125 0.472365625 0.5402828125 0.48684062499999997 0.541340625 0.49431250000000004 0.540603125 0.522084375 0.5415515625 0.568153125 0.542259375 0.5902703125000001 0.5427500000000001 0.59970625 0.5441 0.6177109375 0.5442234375 0.6370453125 0.544303125 0.6545093750000001 0.544878125 0.6648640625 0.5476 0.67244375 0.5447578125 0.6811703125 0.5439484375 0.7175984375 0.545965625 0.732521875 0.5472125 0.7441765625000001 0.5460609375 0.7528718750000001 0.5459171875 0.7654078125 0.546371875 0.7751984375000001 0.5457562499999999 0.7914015625 0.5466562500000001 0.80249375 0.5492328125 0.8122453125 0.5485921874999999 0.8203796875 0.548440625 0.8325765625000001 0.548828125 0.847265625 0.551115625 0.8551171875 0.5499375 0.8631796875 0.5495859375000001 0.8737140625 0.5512921875 0.8771281249999999 0.5521390625 0.88494375 0.552325 0.8893093750000001 0.55020625 0.8910703124999999 0.5507484375 0.899096875 0.5526 0.9116500000000001 0.5534546875 0.9243734375000001 0.5519953125 0.9309921875 0.5508015625 0.9355671875 0.5505546875 0.9375734375 0.5512421875 0.9416437500000001 0.5531046875000001 0.9476625000000001 0.5531453125 0.9566796875 0.5521125 0.9600937500000001 0.5514578125 0.9683328124999999 0.5521843750000001 0.972628125 0.553121875 0.9778781249999999 0.5548796874999999 0.9853515625 0.5562828125 0.9948234375 0.556653125 0.9984249999999999 0.558975 1 0.533790625 0.7853640625 0.528628125 0.539990625 0.5238703124999999 0.362975 0.519840625 0.271003125 0.511678125 0.105865625 0.5186921875 0.0347796875 0.5211921875 0.0001484375 0.5157125 0.058717187500000004 0.50449375 0.008829687499999999 0.4816015625 0 0.47876250000000004 0 0.5358703125
0 0 0 0 0.0336828125 0.030821875 0.026453125 0.045932812499999996 0.03130625 0.06401562499999999 0.041884375 0.078053125 0.049609375 0.09419374999999999 0.052653125 0.11291718749999999 0.0519484375 0.1652703125 0.0558921875 0.192346875 0.05658125000000001 0.21061875 0.05328125 0.2353984375 0.049196875 0.25953750000000003 0.03830625 0.2643140625 0.0266578125 0.2783671875 0.026887499999999998 0.28593437499999996 0.0359640625 0.2911265625 0.051778124999999994 0.29526875 0.0559015625 0.3081953125 0.064125 0.32226875 0.068146875 0.330084375 0.0665671875 0.337625 0.0573140625 0.34868125 0.05370625 0.3691640625 0.0462546875 0.378459375 0.04074375 0.3957015625 0.036940625 0.4084359375 0.0316671875 0.41573125 0.0233875 0.42059375 0.015515625 0.42131718749999997 0.0109265625 0.42394218749999996 0.0003046875 0.427771875 0 0 0
0 0.604109375 0 0.600484375 0.003490625 0.6025453125 0.008690625 0.601325 0.01118125 0.592503125 0.0153140625 0.5894109375000001 0.023509375 0.5966515625000001 0.0274421875 0.6073937500000001 0.0290984375 0.617790625 0.0295828125 0.629378125 0.03281875 0.6320718750000001 0.034921875000000005 0.6319765625 0.04175625 0.6389875 0.0471640625 0.640171875 0.0410515625 0.643271875 0.0269796875 0.6536203125 0.027464062500000004 0.6624203125 0.0261640625 0.6586890624999999 0.0156609375 0.6559578125 0.011301562499999999 0.6595359375000001 0.004675 0.6588468749999999 0.0011359375 0.6481734375 0 0.604109375 0
0 0.697596875 0.0131640625 0.6935046875 0.0121296875 0.6890578125 0.01310625 0.6867640625 0.0162625 0.6885953125000001 0.021028125 0.694196875 0.02248125 0.7019796875 0.0212625 0.7048140625 0.01533125 0.697596875 0.0131640625
0 0.7788406250000001 0.033973437499999995 0.765009375 0.030257812499999998 0.7602296875000001 0.0334 0.761809375 0.0372703125 0.76049375 0.0431421875 0.7510749999999999 0.050315624999999996 0.7490359375 0.05903125 0.75146875 0.0656375 0.753334375 0.0666796875 0.7673328125000001 0.06624375 0.7774171875 0.061459375000000004 0.7901828125 0.0556578125 0.7938828124999999 0.0452796875 0.7882781249999999 0.037034375 0.7807999999999999 0.035339062500000004 0.7788406250000001 0.033973437499999995
0 0.6117078125 0.1415515625 0.6200609375 0.13721875 0.6225109375 0.13294062499999998 0.62243125 0.1281078125 0.61971875 0.12364375000000001 0.6133625 0.118559375 0.60935 0.11609218750000001 0.601640625 0.1171265625 0.59315625 0.12006093749999999 0.5863609375000001 0.12374531250000001 0.5834234375 0.1253671875 0.5822796875 0.128421875 0.5817640625 0.13458125 0.6096546875 0.134215625 0.612009375 0.1395609375 0.6117078125 0.1415515625
0 0.9858625 0.1658703125 0.990778125 0.160175 0.9901140625 0.1547734375 0.9834875000000001 0.1496953125 0.9812328125 0.1501484375 0.9698953124999999 0.1495828125 0.9640281249999999 0.15302968749999998 0.9665140624999999 0.15575 0.968609375 0.15914375 0.9737031249999999 0.16681718750000002 0.9858625 0.1658703125
0 0.9541453125 0.1296859375 0.9624546875 0.1282125 0.9732578125 0.1258921875 0.9727343749999999 0.12313750000000001 0.9653578125 0.12155625 0.9570093749999999 0.1194828125 0.9536796875 0.12093593750000001 0.9486343749999999 0.1232734375 0.9434156249999999 0.1283171875 0.9448062500000001 0.1297296875 0.9541453125 0.1296859375
0 0.9332796875 0.16049843749999998 0.9379484375 0.1536890625 0.9341125 0.1480109375 0.9313703125 0.14814687499999998 0.92721875 0.1540375 0.9267296875 0.1626640625 0.9332796875 0.16049843749999998
0 0.9129265625 0.1556953125 0.913421875 0.1604734375 0.90480625 0.1700625 0.9043390625000001 0.1740625 0.91201875 0.1753328125 0.920103125 0.16958125 0.9198437500000001 0.1620859375 0.9164546874999999 0.1568046875 0.9129265625 0.1556953125
0 0.7731343749999999 0.394125 0.7734171875 0.3906125 0.7627515625 0.383459375 0.7557953125 0.3790203125 0.7539 0.375484375 0.7435734375 0.3752359375 0.7319453125 0.37954374999999996 0.723528125 0.3913078125 0.7316312500000001 0.4020234375 0.7493890624999999 0.3980046875 0.7731343749999999 0.394125
0 0.8559265625 0.4391453125 0.905575 0.44384218750000004 0.9088062499999999 0.4473890625 0.9169 0.4610265625 0.9362015625 0.48153125 0.9549421875 0.48731718749999997 0.9594374999999999 0.4960890625 0.9736390625 0.5054609375 0.99936875 0.5100546875 1 0.3120015625 0.9848625 0.3179265625 0.972690625 0.32513749999999997 0.9671937500000001 0.32489218750000004 0.9547140625000001 0.324603125 0.9444046875 0.324934375 0.9270328125 0.3305609375 0.8950640625 0.3568140625 0.8890437500000001 0.3669796875 0.8846296875 0.38220624999999997 0.868015625 0.38475625 0.8551624999999999 0.3920234375 0.859659375 0.399328125 0.8547984375000001 0.4014015625 0.8361218750000001 0.4112484375 0.8306359375 0.4222265625 0.8379312499999999 0.43362187499999993 0.8559265625 0.4391453125
0 0.7658953125 0.76553125 0.766034375 0.757734375 0.766328125 0.7382546875 0.7662171875 0.703415625 0.7714734375 0.6898171875 0.7733375 0.5828375 0.7639843749999999 0.58510625 0.7524734375000001 0.864921875 0.754240625 0.8689296875 0.7603953125 0.8706109375000001 0.7678640624999999 0.86798125 0.7658953125 0.76553125
0 0.05771875 0.8153921875 0.0685 0.68665 0.0595515625 0.6896265625 0.052531249999999995 0.7398453125 0.0421703125 0.809546875 0.041653125 0.81688125 0.05771875 0.8153921875