0 0.5582 0.48652968750000003 0.5631828125 0.4762109375 0.5529484375 0.45866562499999997 0.5662015625000001 0.453928125 0.5761937500000001 0.446540625 0.581028125 0.4322828125 0.5844109375000001 0.42573906250000004 0.5902828125 0.416225 0.5889953125 0.41603593749999995 0.591621875 0.40498124999999996 0.5924375000000001 0.388346875 0.5895828125 0.37464375 0.580728125 0.36145312500000004 0.5773703125 0.349771875 0.567040625 0.33768750000000003 0.557665625 0.328790625 0.5473890625 0.31646874999999997 0.541553125 0.31385625 0.526146875 0.32308125 0.5090890625 0.334225 0.4942828125 0.3460015625 0.4832140625 0.3582296875 0.47232812500000004 0.37445625 0.46517968749999994 0.392296875 0.46231718749999995 0.4099046875 0.469609375 0.427359375 0.48439062499999996 0.45236093750000006 0.4901890625 0.470846875 0.50028125 0.4904125 0.523959375 0.4954546875 0.5582 0.48652968750000003
0 0.6096734374999999 0.108434375 0.6143296874999999 0.08079375 0.6078578125 0.0719625 0.593978125 0.07158281250000001 0.6034984375 0.09645000000000001 0.5656765625 0.05028125 0.5607921874999999 0.048809375 0.5241359375 0.107565625 0.50439375 0.066215625 0.5067484375 0.052646875 0.5046203125 0.046825 0.48556406250000006 0.052832812500000007 0.4729953125 0.09704375 0.474078125 0.10200000000000001 0.4818203125 0.12553125 0.48445937499999997 0.1280265625 0.488371875 0.1215078125 0.496075 0.077628125 0.525615625 0.12420781249999999 0.528915625 0.120684375 0.5626359375 0.0623 0.6019640625 0.1075703125 0.6096734374999999 0.108434375
0 0.45939375 0.151515625 0.4685578125 0.1158328125 0.45606562500000003 0.124353125 0.4588765625 0.102878125 0.45278124999999997 0.10477812500000001 0.444978125 0.1351453125 0.43415625 0.1716140625 0.4397203125 0.1833078125 0.44753125000000005 0.183225 0.451078125 0.153365625 0.45939375 0.151515625
0 0.4876265625 0.20610937499999998 0.486121875 0.21030781250000002 0.4842984375 0.2139515625 0.4910953125 0.21663125 0.49158749999999996 0.2095890625 0.4876265625 0.20610937499999998
0 0.4879515625 0 0.43393906250000003 0.001475 0.433396875 0.063709375 0.436871875 0.0631921875 0.4683125 0.024065625 0.4879515625 0
0 0.568978125 1 0.625434375 0.9854734374999999 0.6347328125 0.9226453125 0.5931203125 0.9174749999999999 0.5282 0.9125593750000001 0.5193953125 0.9072296874999999 0.5006999999999999 0.8911890625 0.47595 0.8663437500000001 0.45968125000000004 0.8467015625000001 0.45123125000000003 0.8268187499999999 0.44891249999999994 0.8074125000000001 0.450796875 0.7825828125000001 0.45211875 0.7649703125 0.4530234375 0.7491265625 0.4432359375 0.7214015625 0.4314078125 0.7370921874999999 0.43252499999999994 0.7570625 0.42940781250000004 0.8361265625 0.43059843750000004 0.8868218750000001 0.43036562500000003 0.9179812500000001 0.41790937499999997 0.922903125 0.411996875 0.9964609375 0.41352031250000004 1 0.568978125 1
0 0.5237421875 0.726184375 0.5211015625 0.7188015625 0.4866703125 0.7192703125000001 0.49120625 0.7322875 0.485 0.7423421875 0.4805546875 0.7526109375 0.49757656250000004 0.7635109375 0.5093234375 0.7692578125 0.5116140625 0.762146875 0.5208765625 0.7430953125 0.5237421875 0.726184375
0 0.5868546875 0.7296796875 0.575746875 0.758040625 0.564528125 0.7796796875 0.5621609375000001 0.7982109375 0.56110625 0.812403125 0.5693359375 0.8325781250000001 0.5789796875000001 0.8431124999999999 0.585009375 0.8577234375 0.5820140625 0.8709546874999999 0.5791796875 0.87849375 0.5768796875 0.8801671875 0.5616921875 0.8897906250000001 0.5456218749999999 0.9020140624999999 0.5600359375 0.9137968750000001 0.5943937499999999 0.9146984375 0.6361203125 0.918253125 0.6253984375 0.8963921875 0.62434375 0.877684375 0.623634375 0.8527953125 0.615240625 0.841384375 0.6119421875 0.831315625 0.6189312499999999 0.816440625 0.6232734375 0.796621875 0.620725 0.78248125 0.6173578125 0.7638546875000001 0.6021875 0.72578125 0.590803125 0.725003125 0.5868546875 0.7296796875
0 0.6571859375 0.76253125 0.6425765625000001 0.772990625 0.6302171875 0.7649796875 0.6257796875 0.75551875 0.6207906249999999 0.760609375 0.630475 0.806853125 0.6453171875 0.7979953125 0.6490218750000001 0.8052828125 0.659375 0.7990859375 0.6571859375 0.76253125
0 0.42475312499999995 0.442859375 0.43202187500000006 0.4510859375 0.45175 0.45962812499999994 0.461628125 0.42896093750000003 0.46004843749999996 0.3791078125 0.460771875 0.3236625 0.458721875 0.3023046875 0.46067656250000005 0.242490625 0.44217031249999994 0.23561875 0.43903593750000003 0.317921875 0.4397046875 0.34368125 0.437925 0.3584265625 0.4478625 0.3710875 0.4387390625 0.38771093749999996 0.4360640625 0.4123609375 0.4247609375 0.41762187500000003 0.42475312499999995 0.442859375
0 0.551346875 0.22990781249999998 0.544690625 0.2363640625 0.5206999999999999 0.23443125 0.5001187500000001 0.22674375000000002 0.490996875 0.2555328125 0.5125359375 0.281765625 0.5494953125 0.2940171875 0.5649031250000001 0.29340781250000003 0.5727625 0.283340625 0.5548 0.2684890625 0.5202312499999999 0.26114375 0.537096875 0.2500296875 0.5800359375 0.250309375 0.588859375 0.2096640625 0.578353125 0.18141875000000002 0.548403125 0.1726328125 0.5416390625 0.16280624999999999 0.538909375 0.142878125 0.524265625 0.1277390625 0.5146 0.12262031250000001 0.528209375 0.1233 0.5893515625 0.10625781249999999 0.58290625 0.089878125 0.5589125 0.0745140625 0.5267515625 0.12214218750000001 0.5101421875 0.10417343750000001 0.49765781249999996 0.1266875 0.47169999999999995 0.1340015625 0.454975 0.174 0.45920468750000004 0.208278125 0.47659531250000003 0.208378125 0.502709375 0.1959328125 0.53403125 0.1992671875 0.5403609375 0.21523281249999998 0.52609375 0.208484375 0.512953125 0.21971406249999997 0.5345109375 0.22096718750000002 0.5443749999999999 0.2116046875 0.5370234375 0.192453125 0.548134375 0.1949828125 0.5605328125 0.21528437500000003 0.551346875 0.22990781249999998
0 0.43409062499999995 0.498121875 0.43059843750000004 0.5096937500000001 0.43059843750000004 0.524328125 0.43284218750000003 0.5485578125 0.43341874999999996 0.5527968750000001 0.43720625 0.5591546875 0.44860937500000003 0.5598328125 0.4620796875 0.5567796875 0.462315625 0.5564203125 0.46648750000000005 0.55040625 0.4595359375 0.5373328125 0.45615625 0.5330781250000001 0.45422812500000004 0.5281109374999999 0.45422812500000004 0.5187203125 0.453771875 0.5131390625 0.44775 0.5058078125 0.448328125 0.49756406249999996 0.43895156249999995 0.4929125 0.43409062499999995 0.498121875
0 0.48386562499999997 0.5533796875 0.49184218749999997 0.5602984375 0.49775625 0.5603453125 0.5026671875 0.5595125000000001 0.5077625 0.5556296875 0.5101703125 0.5480640625000001 0.5040859375 0.5441421875 0.484228125 0.5481609375 0.48386562499999997 0.5533796875
0 0.5331265625 0.511475 0.528875 0.5049187500000001 0.508278125 0.4974234375 0.49303749999999996 0.4961390625 0.48367343749999997 0.5033578125 0.4861109375 0.5154390624999999 0.49565937499999996 0.5257796875 0.505590625 0.5290874999999999 0.5223421874999999 0.52505 0.5296109375 0.516284375 0.5331265625 0.511475
0 0.21445937499999998 0.381765625 0.20271875 0.4175625 0.20568749999999997 0.4236109375 0.2092765625 0.4198140625 0.2287765625 0.37691875 0.219178125 0.375421875 0.21445937499999998 0.381765625
0 0.306225 0.3429078125 0.27528437499999997 0.337834375 0.2746828125 0.340446875 0.304378125 0.347125 0.306225 0.3429078125
0 0.2910484375 0.1333875 0.27465937500000004 0.1376703125 0.2772609375 0.13990156250000002 0.281084375 0.14285781250000001 0.29691093749999997 0.1375265625 0.2910484375 0.1333875
0 0.10582031249999999 0.4171625 0.0780390625 0.4003375 0.0734453125 0.40497187500000004 0.09841875 0.42174843749999996 0.10582031249999999 0.4171625