0 0.3860828125 1 0.390425 0.9997328124999999 0.39063906249999997 0.9956843750000001 0.3900265625 0.9756859375 0.3893640625 0.9581625 0.388125 0.9538500000000001 0.3777640625 0.9572859375 0.36555624999999997 0.9622765624999999 0.36202812500000003 0.9594531249999999 0.3559328125 0.9487375 0.35473750000000004 0.9409453125 0.3517328125 0.9318921874999999 0.343940625 0.9219593749999999 0.33602656249999996 0.91815625 0.32411249999999997 0.9210578125 0.31901875 0.9248625 0.31899375 0.9165734375 0.3151046875 0.9095328125 0.3157375 0.90445 0.3217171875 0.9018859375 0.32185 0.896596875 0.3165375 0.8927125 0.3112734375 0.8949812500000001 0.30179999999999996 0.89770625 0.2928421875 0.9138390624999999 0.2902546875 0.9242609375 0.29107656249999997 0.934084375 0.2948234375 0.938203125 0.29924531249999997 0.9373921875000001 0.300865625 0.9424640625 0.3029140625 0.9547828125000001 0.307046875 0.969915625 0.313634375 0.9923046875000001 0.31875624999999996 1 0.3292625 1 0.367225 1 0.3860828125 1
0 0.28742812500000003 0.9484265625000001 0.28152187500000003 0.9430343750000001 0.277890625 0.942253125 0.2696046875 0.9512906250000001 0.26943125 0.9579437499999999 0.2750171875 0.96380625 0.279790625 0.9696 0.282421875 0.9750984375 0.28714375 0.975740625 0.29286406249999997 0.9664296875 0.2924890625 0.9574953125000001 0.28742812500000003 0.9484265625000001
0 0.2886375 0.7142109375000001 0.29269218750000003 0.72143125 0.3 0.7166140624999999 0.3077 0.71205 0.3057578125 0.7280953125 0.309271875 0.7324203125000001 0.314475 0.73448125 0.31898593750000004 0.731825 0.31825312499999997 0.7277109375 0.3223890625 0.709553125 0.3200109375 0.700740625 0.3236484375 0.69710625 0.32189999999999996 0.6919828125 0.31260937499999997 0.6854390625 0.3075671875 0.68958125 0.2954828125 0.6946359375 0.29154375 0.699934375 0.29290625000000003 0.7045203124999999 0.2886375 0.7142109375000001
0 0.0105375 0.987778125 0.0150828125 0.9901109375000001 0.0193 0.9887640624999999 0.022689062500000003 0.9847187500000001 0.023865624999999998 0.9807234375 0.027665625 0.977196875 0.030259374999999998 0.9771984375 0.031778125000000004 0.9753828125 0.03261875 0.9678000000000001 0.0317328125 0.9507875 0.0208625 0.948246875 0.012764062500000001 0.947309375 0.004337499999999999 0.9565093750000001 0 0.9664453125 0.00031874999999999997 0.9796156249999999 0.002253125 0.9934671875 0.0105375 0.987778125
0 0.18372968750000002 0.9681031250000001 0.1852015625 0.9813218750000001 0.1870703125 0.9845124999999999 0.191553125 0.9843328124999999 0.19748125 0.9890859375 0.20109531249999998 0.9963531250000001 0.2049796875 0.997575 0.20916406250000003 0.9954859375 0.2106765625 0.9910234375 0.2140546875 0.9835578125 0.2149828125 0.9771656249999999 0.2175140625 0.973571875 0.22002187499999998 0.9707921875000001 0.2226671875 0.9701921875 0.225465625 0.97483125 0.23015625 0.9753343750000001 0.2328140625 0.9661062499999999 0.23425781250000002 0.9614359374999999 0.2328140625 0.9548234375 0.232540625 0.9510484375000001 0.227175 0.955259375 0.21892499999999998 0.9601296874999999 0.21729531249999998 0.9603828125 0.2138828125 0.9555078124999999 0.2140453125 0.9505640625 0.2117375 0.9447281249999999 0.2067796875 0.94454375 0.20352031249999997 0.9488234375 0.19309218749999998 0.9523453125 0.18931718749999998 0.9540031250000001 0.18532656249999999 0.9613140625 0.18372968750000002 0.9681031250000001
0 0.160321875 0.938490625 0.1610640625 0.9459609375 0.16140000000000002 0.953065625 0.1652328125 0.9566421875 0.16730781249999999 0.9600843749999999 0.169028125 0.968734375 0.17221875 0.9748687500000001 0.173428125 0.9750484374999999 0.1787046875 0.9698249999999999 0.1820546875 0.9622078125 0.1842328125 0.9555781250000001 0.1846546875 0.9489265625 0.1843328125 0.9436203125 0.18515625 0.9401624999999999 0.1892390625 0.9387734375000001 0.1951171875 0.9397718749999999 0.198453125 0.93735 0.2025546875 0.9326984375 0.2023984375 0.9254546875 0.202346875 0.9207875 0.20421406250000002 0.9174703125000001 0.1983921875 0.9135875 0.1891546875 0.91100625 0.189153125 0.9082234375 0.188809375 0.8998765625 0.184225 0.891525 0.1802859375 0.8951953125 0.1766515625 0.9021687500000001 0.1691828125 0.9072875 0.167003125 0.9103984374999999 0.1621140625 0.91264375 0.161678125 0.9196140625 0.16116875 0.9200437499999999 0.1568578125 0.9225562500000001 0.15663125 0.9300703125 0.160321875 0.938490625
0 0.160596875 0.867675 0.1572671875 0.8755062499999999 0.156571875 0.8809390625000001 0.15881875 0.8920312499999999 0.16202031249999999 0.8967609375000001 0.1655640625 0.8955249999999999 0.167565625 0.891640625 0.1684109375 0.8853375 0.169528125 0.8839640624999999 0.1738546875 0.8800703125 0.18186093750000001 0.8764984374999999 0.184475 0.870659375 0.18465937500000001 0.8667046875000001 0.183209375 0.8549 0.1809015625 0.8490328125 0.17569218749999999 0.8458062500000001 0.17258437499999998 0.85058125 0.17117500000000002 0.8603624999999999 0.16888281249999998 0.8631015625 0.16480937499999998 0.8636687500000001 0.160596875 0.867675
0 0.12711406249999999 0.892184375 0.12455156249999999 0.8901625 0.12244531249999999 0.8896000000000001 0.11954218750000001 0.8929046875 0.1186078125 0.9001015625000001 0.12201875 0.9058734375 0.128171875 0.9041171875 0.130525 0.9013109375000001 0.1300671875 0.9003296875 0.12711406249999999 0.892184375
0 0.10319843749999999 0.898428125 0.0989546875 0.8939125000000001 0.0968171875 0.8929921875 0.0928796875 0.8958890625 0.09063750000000001 0.9042843749999999 0.0927296875 0.9125 0.0987421875 0.9088171875000001 0.1019546875 0.9065734375 0.10545625 0.9045171875 0.10319843749999999 0.898428125
0 0.017921875 0.8478546874999999 0.019068750000000002 0.8528546875 0.02286875 0.8507640625 0.023929687499999998 0.8479234375000001 0.023115625 0.84375 0.0192625 0.8449562500000001 0.017921875 0.8478546874999999
0 0 0.9124453125 0.0033921875 0.9066531250000001 0.0056546875 0.9002734374999999 0.00519375 0.8934828125 0.0027484375 0.892178125 0 0.8929515625000001 0 0.9124453125
0 0.28466874999999997 0.8939 0.28598124999999996 0.8943296875 0.2889140625 0.8901031250000001 0.2907921875 0.890471875 0.29295 0.8942734375000001 0.2941578125 0.893915625 0.29672187499999997 0.8916734375 0.2972578125 0.8902421875 0.2982734375 0.8884421874999999 0.30014375000000004 0.8867359374999999 0.29939375 0.8809531249999999 0.2957765625 0.8784359374999999 0.2907015625 0.8796843750000001 0.28852968749999997 0.8812234374999999 0.2843015625 0.8876078125 0.28466874999999997 0.8939
0 0.235971875 0.7555765625 0.23713437499999998 0.7643578125 0.2386109375 0.7650812499999999 0.244215625 0.76204375 0.2466703125 0.7569171875 0.25233125 0.7547906249999999 0.2562859375 0.758796875 0.25815625 0.758265625 0.2610125 0.753534375 0.26445625 0.744721875 0.26431875 0.7382453124999999 0.259496875 0.7381046875 0.2556953125 0.741434375 0.2538421875 0.7382265625 0.253971875 0.7337359375 0.2528171875 0.7294515625 0.248709375 0.73013125 0.2453484375 0.7348625 0.24178281250000003 0.7404296875 0.235971875 0.7555765625
0 0.0105015625 0.5384765625 0.00671875 0.53855625 0.0018421875 0.5510078125 0.001075 0.559075 0.0025921875 0.566271875 0.0041734375 0.56724375 0.0084703125 0.5620125 0.013632812499999999 0.5574296875 0.014090625 0.557934375 0.012642187499999999 0.5446609375 0.0105015625 0.5384765625
0 0.0692859375 0.6610453125 0.06510625 0.6681765625 0.0653890625 0.673109375 0.066865625 0.673290625 0.074128125 0.668975 0.0802484375 0.6700171874999999 0.0825734375 0.6701312500000001 0.0847125 0.6675296875 0.0861453125 0.6655125 0.0856171875 0.6560140624999999 0.080915625 0.6514 0.075840625 0.6533921874999999 0.0692859375 0.6610453125
0 0.1818328125 0.6533218749999999 0.17825 0.6616515625 0.179515625 0.66758125 0.18084687500000002 0.6711328125 0.1765171875 0.67670625 0.176803125 0.678878125 0.1801921875 0.6815265625 0.185596875 0.68096875 0.186584375 0.6797046875 0.1910015625 0.6723484375 0.1934765625 0.6649625 0.1955 0.6600171875 0.1928515625 0.6549921875 0.1864328125 0.6513234375 0.1818328125 0.6533218749999999
0 0.169421875 0.5325109375 0.16255625 0.533125 0.1563015625 0.5378375 0.1537703125 0.5462625 0.1537703125 0.5527375 0.1577 0.563921875 0.160890625 0.56681875 0.16368906249999998 0.5683578125000001 0.1672734375 0.5677515625 0.1745890625 0.5600562499999999 0.17855625 0.555371875 0.17938125 0.550303125 0.1774796875 0.5425203125 0.17884375 0.5381546875 0.1812390625 0.5336375 0.1790125 0.5275218749999999 0.172596875 0.5280515625 0.169421875 0.5325109375
0 0.3185671875 0.4610484375 0.3169515625 0.4653484375 0.31285625 0.47693906249999996 0.3196921875 0.48262499999999997 0.325909375 0.48111718750000004 0.3310453125 0.4770734375 0.332728125 0.4736859375 0.33659062500000003 0.46991562499999995 0.33724375 0.469190625 0.3396890625 0.4600140625 0.339315625 0.45816718749999996 0.33709218750000003 0.45251562500000003 0.3326453125 0.45020156250000004 0.3253109375 0.4527859375 0.3185671875 0.4610484375
0 0.3552046875 0.41309687500000003 0.3480546875 0.4169609375 0.34283125000000003 0.42178125 0.338140625 0.42319687500000003 0.335053125 0.42762968749999997 0.33626093749999997 0.43214687500000004 0.3412515625 0.43653906249999996 0.3442234375 0.43919375 0.3477875 0.4415046875 0.3555890625 0.44255468750000004 0.3598484375 0.443025 0.36103593749999996 0.442053125 0.36314375 0.433 0.3618765625 0.42171875 0.358965625 0.41599531250000005 0.3552046875 0.41309687500000003
0 0.2149375 0.360990625 0.21123281249999998 0.37036250000000004 0.20728749999999999 0.3887546875 0.20523281249999997 0.3971734375 0.208065625 0.410165625 0.2143140625 0.416934375 0.2216625 0.4171828125 0.22447187500000002 0.4150078125 0.22495156249999998 0.4112390625 0.227159375 0.40694375000000005 0.23564531249999998 0.4037578125 0.240328125 0.402509375 0.24119375 0.3972875 0.23953125000000003 0.39318437500000003 0.23752187500000002 0.3809125 0.234346875 0.37033125 0.2286921875 0.3635140625 0.2149375 0.360990625
0 0.310828125 0.595840625 0.29969375 0.596071875 0.29594375 0.598675 0.2929875 0.607140625 0.29295312500000004 0.6176953125 0.2963828125 0.6222921875 0.30025625 0.6252140625 0.3041796875 0.6242234375 0.30917500000000003 0.6211265625 0.31174843750000003 0.614553125 0.312221875 0.6024468749999999 0.310828125 0.595840625
0 0.300596875 0.529384375 0.3059265625 0.52345 0.3072875 0.5191375 0.3060828125 0.5137640625000001 0.3065 0.509203125 0.3110921875 0.5125984375 0.31328125 0.5158578125 0.316265625 0.5142609375 0.3203109375 0.5131453125000001 0.3223 0.5069625 0.3228234375 0.4989375 0.320496875 0.49354062499999996 0.3152984375 0.4947265625 0.3069515625 0.5042703125 0.3004546875 0.51100625 0.29617187500000003 0.513571875 0.291146875 0.511609375 0.29943125 0.5265546875 0.300596875 0.529384375
0 0.4285015625 0.41125937500000004 0.41653124999999996 0.416071875 0.4150359375 0.421303125 0.415778125 0.42691718749999996 0.418709375 0.43289218749999997 0.42222187499999997 0.43517968749999997 0.4254234375 0.4352265625 0.428225 0.4329171875 0.42893125000000004 0.4335796875 0.4325015625 0.42553906250000006 0.43551406249999997 0.4193546875 0.4347140625 0.4156640625 0.4285015625 0.41125937500000004
0 0.404765625 0.4487859375 0.399571875 0.45200312499999995 0.3976515625 0.4572546875 0.3983609375 0.46626406249999997 0.4017203125 0.4700203125 0.405971875 0.4686734375 0.41023750000000003 0.46447656249999997 0.4120234375 0.46206718750000003 0.4119859375 0.45892499999999997 0.41133749999999997 0.4510734375 0.404765625 0.4487859375
0 0.36709375 0.766475 0.36808593749999996 0.7640515625 0.35952656250000004 0.75499375 0.3541640625 0.7571718749999999 0.351921875 0.7632375 0.35329062499999997 0.7709296875 0.3578765625 0.7764109375 0.3607390625 0.775490625 0.3611328125 0.7742453125 0.36709375 0.766475
0 0.381709375 0.748215625 0.382078125 0.7396125 0.37927656249999997 0.7367125 0.37595 0.7394046875 0.373775 0.7456515625 0.3739578125 0.7510390625000001 0.376621875 0.752396875 0.380409375 0.751025 0.381709375 0.748215625
0 0.40093281249999996 0.6512578125 0.39628125000000003 0.646084375 0.3931265625 0.6477359375 0.39103750000000004 0.6538265625 0.3915796875 0.660984375 0.393871875 0.66388125 0.3970453125 0.663634375 0.40051875 0.6613234375 0.4013578125 0.660346875 0.40093281249999996 0.6512578125
0 0.28823125 0.6308546875000001 0.29084374999999996 0.6255921875 0.2881796875 0.6216406250000001 0.2851078125 0.62085625 0.2810171875 0.6237781250000001 0.279690625 0.63056875 0.2820046875 0.63435 0.2874375 0.6326875000000001 0.28823125 0.6308546875000001
0 0.03308125 0.4869296875 0.0349609375 0.4854984375 0.037653124999999996 0.47955625 0.036676562499999996 0.469303125 0.0281890625 0.4672109375 0.0202484375 0.4683890625 0.0182109375 0.4775359375 0.021721874999999998 0.4836921875 0.0259453125 0.4862515625 0.03308125 0.4869296875
0 0.0975375 0.382071875 0.09210625 0.3822578125 0.08854218750000001 0.38683125 0.0848078125 0.3939375 0.08239687500000001 0.40149687500000003 0.08560625 0.4088765625 0.0894984375 0.41111875 0.093578125 0.41111875 0.09661093750000001 0.409 0.099634375 0.40254687499999997 0.10107031250000001 0.398815625 0.098453125 0.3872390625 0.0975375 0.382071875
0 0.127871875 0.3021125 0.11158749999999999 0.299490625 0.1093796875 0.300940625 0.1124171875 0.3127546875 0.11329375 0.3243875 0.11530156250000001 0.331765625 0.12025468749999998 0.3317453125 0.12175312499999999 0.3302859375 0.12252343750000001 0.328646875 0.12981875 0.3210875 0.136278125 0.3154078125 0.1367296875 0.3099234375 0.1294671875 0.30310156250000003 0.127871875 0.3021125
0 0.0487390625 0.2304046875 0.037420312500000004 0.239453125 0.033075 0.2421046875 0.029240625 0.250390625 0.0313 0.26165937499999997 0.0339625 0.2663671875 0.03720625 0.2678828125 0.0417625 0.266425 0.045232812500000004 0.26471093749999997 0.052878125 0.2583828125 0.058075 0.25533125 0.0606671875 0.2524109375 0.0631953125 0.243003125 0.0633796875 0.235590625 0.061528125 0.22932187499999998 0.053151562500000006 0.229159375 0.0487390625 0.2304046875
0 0.019690625 0.30867187500000004 0.016465625 0.311003125 0.015582812500000001 0.3166171875 0.016645312500000002 0.3206453125 0.0197609375 0.3246953125 0.024524999999999998 0.326371875 0.0278109375 0.324528125 0.028935937499999998 0.322778125 0.028978125 0.31803593750000003 0.02515625 0.3050953125 0.019690625 0.30867187500000004
0 0.16394999999999998 0.134784375 0.16914374999999998 0.14390624999999999 0.1732453125 0.1461234375 0.1773703125 0.1569859375 0.1822640625 0.1622828125 0.188384375 0.1646609375 0.19362812499999998 0.1634 0.19926875 0.160390625 0.20053437500000001 0.15872187499999998 0.203096875 0.1547703125 0.2055546875 0.151134375 0.207765625 0.1540109375 0.210296875 0.157540625 0.2145140625 0.1556578125 0.2208015625 0.1508453125 0.23428906249999998 0.1347046875 0.2383953125 0.13034218749999998 0.238521875 0.12459843749999999 0.23545 0.1227125 0.2298484375 0.1241625 0.22850781250000002 0.1206515625 0.2296484375 0.11224843749999999 0.22834062500000002 0.10988125 0.2247765625 0.1024921875 0.220159375 0.095534375 0.212484375 0.0954953125 0.2071203125 0.0954953125 0.19958125 0.094121875 0.1916375 0.091015625 0.184725 0.095978125 0.180428125 0.103265625 0.1728578125 0.109815625 0.1707171875 0.11327812500000001 0.17063124999999998 0.120296875 0.1673953125 0.1273703125 0.16394999999999998 0.134784375
0 0.08169375 0.152309375 0.0773828125 0.1514875 0.0732046875 0.156465625 0.0703359375 0.161671875 0.0715328125 0.16585624999999998 0.07377500000000001 0.167825 0.08028437499999999 0.16634374999999998 0.08095625 0.16598593749999999 0.081709375 0.1643046875 0.08383281249999999 0.158534375 0.08169375 0.152309375
0 0.0915453125 0.007803124999999999 0.0876578125 0.0105890625 0.0835140625 0.020999999999999998 0.0844609375 0.025525 0.08854218750000001 0.0369765625 0.0934734375 0.0409609375 0.09819531249999999 0.038265625 0.10152187500000001 0.033270312499999996 0.09967812499999999 0.02961875 0.09758750000000001 0.0140515625 0.0955171875 0.009218750000000001 0.0915453125 0.007803124999999999
0 0.1859625 0 0.18444218750000002 0.009648437499999999 0.18258749999999999 0.0173 0.18324374999999998 0.026487500000000004 0.1875375 0.028209375 0.1929265625 0.022471875 0.1944546875 0.0202265625 0.1979484375 0.0242328125 0.206446875 0.028399999999999998 0.215690625 0.027003125 0.21853125 0.0241109375 0.22546249999999998 0.022064062500000002 0.23151875 0.024784375 0.236990625 0.028453125000000003 0.241971875 0.020453125 0.25032343749999997 0.0196890625 0.2529359375 0.016496875 0.2553328125 0.012420312499999999 0.259728125 0.003103125 0.2599109375 0 0.1859625 0
0 0.33137343750000003 0.34126093750000003 0.3366734375 0.34286875 0.3405578125 0.343484375 0.34407187499999997 0.3414625 0.3488453125 0.3371984375 0.34962031250000003 0.3335203125 0.35075 0.324340625 0.351575 0.3215984375 0.3524171875 0.3190984375 0.3611609375 0.30584687499999996 0.36469375 0.302225 0.36267031250000004 0.2958890625 0.36512500000000003 0.2890140625 0.365578125 0.2840421875 0.36581562500000003 0.2726078125 0.3658640625 0.267759375 0.36429999999999996 0.2547328125 0.363790625 0.24496406249999997 0.359903125 0.23565312500000002 0.35740781250000003 0.23284531249999998 0.3483421875 0.2258578125 0.3437578125 0.2211359375 0.34024375 0.21402656250000002 0.332978125 0.206965625 0.32585000000000003 0.2040640625 0.3149484375 0.2040234375 0.29650468750000003 0.2060828125 0.2892046875 0.20671875 0.27952656249999996 0.20381875 0.2724265625 0.20676875 0.26474375 0.2107390625 0.2538671875 0.216296875 0.24994375 0.2185640625 0.2466515625 0.22254999999999997 0.2381890625 0.2370890625 0.23043906249999999 0.2522046875 0.2227484375 0.25842343749999996 0.21809375000000003 0.2620921875 0.21547343749999998 0.2736 0.212990625 0.291896875 0.21775000000000003 0.3076078125 0.22499531250000002 0.31503281250000004 0.2316421875 0.319290625 0.23511875 0.32979375 0.2389796875 0.3361546875 0.25558437500000003 0.34220937500000004 0.26624375 0.34431406249999996 0.276621875 0.3478703125 0.28362031249999997 0.348934375 0.28655624999999996 0.3470890625 0.29900000000000004 0.34455 0.303915625 0.3487609375 0.30471875000000004 0.3530828125 0.3051921875 0.3601 0.3083515625 0.3662328125 0.313471875 0.369834375 0.31569375 0.36933906250000004 0.3235 0.3655609375 0.3257625 0.3642140625 0.32228124999999996 0.356475 0.32265 0.35533281250000004 0.326896875 0.3532015625 0.329221875 0.35228125 0.33095625 0.345909375 0.33137343750000003 0.34126093750000003
0 0.1870109375 0.2928078125 0.184359375 0.30105 0.1823703125 0.309696875 0.190234375 0.3154546875 0.1934859375 0.3204609375 0.1918375 0.3280234375 0.1956453125 0.3358546875 0.19939374999999998 0.339815625 0.20536249999999998 0.34140156250000003 0.2251390625 0.313290625 0.21887343750000002 0.303590625 0.213575 0.29301093749999996 0.211590625 0.290946875 0.203903125 0.2918578125 0.194596875 0.2894765625 0.193953125 0.289228125 0.1870109375 0.2928078125
0 0.1351265625 0.3366765625 0.14388281249999998 0.3362265625 0.1448421875 0.32993125 0.1424140625 0.32587968749999996 0.13820468749999998 0.32587968749999996 0.13237812499999999 0.33144687500000003 0.1321921875 0.3339375 0.1351265625 0.3366765625
0 0.12507656250000002 0.3750125 0.1279890625 0.36786093750000004 0.127021875 0.36322031250000003 0.12328593750000001 0.362684375 0.11951875 0.3642484375 0.11805937500000001 0.368525 0.11995156250000001 0.3712859375 0.12371406250000001 0.3724640625 0.12507656250000002 0.3750125
0 0.22150937499999998 0.22423125000000002 0.2189390625 0.22652187499999998 0.21774062500000002 0.2293296875 0.21611093750000002 0.2324109375 0.2154296875 0.2338796875 0.214609375 0.2364734375 0.21550937499999998 0.2383453125 0.21887500000000001 0.237871875 0.2213078125 0.23805937500000002 0.22164999999999999 0.2332203125 0.22562500000000002 0.23203125 0.2271046875 0.23064843750000003 0.2266625 0.2275640625 0.22416718750000003 0.225690625 0.22150937499999998 0.22423125000000002
0 0.163465625 0.208453125 0.1672765625 0.2063203125 0.170528125 0.20340468750000001 0.169340625 0.20117812499999999 0.16705 0.20002187500000002 0.1636375 0.20103125 0.1612671875 0.20469218749999998 0.1627265625 0.20737031250000001 0.163465625 0.208453125
0 0.11892499999999999 0.19509375 0.12269062500000001 0.1923453125 0.12454687499999999 0.1865109375 0.12135 0.18194531249999998 0.116725 0.1833765625 0.11552500000000002 0.187153125 0.1150171875 0.1903203125 0.11489687500000001 0.1921640625 0.1156125 0.1961953125 0.11892499999999999 0.19509375
0 0.09104218750000001 0.1896859375 0.087346875 0.19225 0.086546875 0.19387812499999998 0.084371875 0.2011203125 0.0833234375 0.20584531250000002 0.08453125 0.20922812500000001 0.086871875 0.21013593749999998 0.09021718749999999 0.207440625 0.09190781249999999 0.20468125 0.0946734375 0.20659062499999997 0.09479062499999999 0.207021875 0.09813125 0.2027328125 0.09795625 0.1948953125 0.09428281250000001 0.189778125 0.09104218750000001 0.1896859375
0 0.14423906250000001 0.150690625 0.1390578125 0.154746875 0.13623593750000002 0.15931718749999998 0.13668750000000002 0.164790625 0.138653125 0.1669515625 0.1428984375 0.1660625 0.1441015625 0.1629328125 0.146090625 0.15847031250000002 0.14785625 0.15675 0.1493921875 0.1532109375 0.14756562499999998 0.1491171875 0.14423906250000001 0.150690625
0 0.27111718749999997 0.1280796875 0.266665625 0.1241296875 0.25967656250000004 0.123540625 0.2590390625 0.1244328125 0.2536421875 0.13085156250000002 0.253196875 0.136875 0.25448593750000004 0.143184375 0.255515625 0.1484265625 0.2591890625 0.15116875000000002 0.2647421875 0.14754687500000002 0.2694046875 0.14719218750000002 0.272778125 0.145590625 0.2721234375 0.143175 0.26937968749999996 0.1397046875 0.2670234375 0.132634375 0.2698453125 0.1297796875 0.27111718749999997 0.1280796875
0 0.2883234375 0.150090625 0.29124374999999997 0.147103125 0.29011875 0.1433359375 0.286046875 0.1412609375 0.2831296875 0.142875 0.278871875 0.146721875 0.2791375 0.1511015625 0.2802203125 0.15184999999999998 0.2812328125 0.15199218750000001 0.28374375 0.15175 0.2883234375 0.150090625
0 0.32773281249999997 0.08842968749999999 0.3306640625 0.08664374999999999 0.3339 0.08610156249999999 0.333015625 0.0808359375 0.32899687499999997 0.078621875 0.316809375 0.07853125 0.31415625 0.08255781250000001 0.31265312500000003 0.0875703125 0.314353125 0.09110625 0.3178203125 0.09214375 0.3211078125 0.0926203125 0.3241421875 0.09081875 0.32773281249999997 0.08842968749999999
0 0.27103125 0.0992625 0.27114531249999996 0.10277499999999999 0.2713171875 0.10300625000000001 0.27421093750000003 0.10289999999999999 0.2735171875 0.09808125 0.27103125 0.0992625
0 0.25384375000000003 0.0462859375 0.2569296875 0.0447359375 0.2554703125 0.0387125 0.2532546875 0.0371984375 0.2513109375 0.037875 0.24999375000000001 0.0413609375 0.25196406250000003 0.044875 0.25384375000000003 0.0462859375
0 0.24784375 0.0462640625 0.24736406249999998 0.04445 0.24267656249999997 0.040359374999999996 0.24120625 0.0403609375 0.23950156250000001 0.0420890625 0.2391109375 0.04638125 0.23997968749999998 0.047546875 0.2420375 0.047546875 0.2439984375 0.047409375 0.24784375 0.0462640625
0 0.172328125 0.030246875 0.17433437499999999 0.028048437500000002 0.1727671875 0.023459374999999998 0.1691375 0.022915625000000002 0.167009375 0.0224859375 0.16551875 0.023739062499999998 0.1646328125 0.026187500000000002 0.16476875 0.028664062499999997 0.16549843749999998 0.0300234375 0.1705546875 0.030746875 0.172328125 0.030246875
0 0.164821875 0.05900625 0.158371875 0.0534390625 0.1560609375 0.0499953125 0.1523328125 0.049809375 0.15461875 0.0547359375 0.1572609375 0.057990625 0.159896875 0.05876875 0.164834375 0.059834374999999995 0.164821875 0.05900625
0 0.12449062500000001 0 0.1188921875 0.000265625 0.1223625 0.007121875 0.124365625 0.012276562500000001 0.128021875 0.012939062500000001 0.13036875 0.0095140625 0.1315765625 0.009271875 0.13162968749999998 0.0050999999999999995 0.130765625 0 0.12449062500000001 0
0 0.0453453125 0.0435671875 0.0445140625 0.052671875 0.048978125 0.0531859375 0.05313125 0.051996875 0.056462500000000006 0.052532812500000005 0.061450000000000005 0.0511609375 0.06301562499999999 0.0496640625 0.0626671875 0.042675000000000005 0.063271875 0.0421828125 0.0634875 0.03314375 0.0586796875 0.027490625 0.056215625000000005 0.029467187500000002 0.0511078125 0.032037500000000003 0.04838125 0.0336546875 0.04591875 0.041118749999999996 0.0453453125 0.0435671875
0 0.044929687499999996 0.0922140625 0.045534375 0.0922140625 0.0483421875 0.09074375 0.04795 0.086509375 0.0415375 0.0844625 0.037259375 0.085021875 0.0338828125 0.089053125 0.033859375000000004 0.09320937500000001 0.038471875 0.0948390625 0.04203125 0.0929296875 0.044929687499999996 0.0922140625
0 0.06354375 0.1348609375 0.060584375 0.1335921875 0.0558921875 0.1358296875 0.053596875 0.139853125 0.0541859375 0.14336875 0.0553953125 0.145109375 0.0592046875 0.145340625 0.060821875000000004 0.1427546875 0.061864062500000004 0.14109531250000001 0.063190625 0.13846562499999998 0.06354375 0.1348609375
0 0.0714828125 0.1244828125 0.0731328125 0.12228281249999999 0.075065625 0.12018124999999999 0.073953125 0.1164375 0.072246875 0.1169140625 0.0711015625 0.1188015625 0.0701828125 0.12171093749999999 0.070215625 0.1239875 0.0714828125 0.1244828125
0 0.0525359375 0 0.0494203125 0.0015125 0.0504 0.0096375 0.0568390625 0.008178125 0.0602546875 0.0069203125 0.063290625 0.01135625 0.06567031250000001 0.006717187500000001 0.0659265625 0.004140625 0.0631484375 0 0.055820312500000004 0 0.0525359375 0
0 0.1138625 0.04761875 0.11766406250000001 0.0449796875 0.1145296875 0.041845312499999995 0.1137953125 0.041415625 0.1138625 0.04761875
0 0.1242921875 0.086853125 0.1204046875 0.082721875 0.1167921875 0.08820312500000001 0.1242921875 0.086853125
0 0.1541109375 0.1240734375 0.15695625 0.126421875 0.1630046875 0.1259671875 0.1618546875 0.1149515625 0.15654062500000002 0.118396875 0.1541109375 0.1240734375
0 0.3218875 0.1928046875 0.32328125 0.1942015625 0.32670468750000003 0.19342187500000002 0.3315015625 0.1811046875 0.321571875 0.18129843750000002 0.322146875 0.1854171875 0.3218875 0.1928046875
0 0.38320625 0.12121875 0.385540625 0.1169265625 0.38705781250000004 0.1067015625 0.3846015625 0.10245 0.38144062500000003 0.1025015625 0.37791406250000004 0.10094375 0.3743609375 0.09605781249999999 0.368853125 0.0944265625 0.366046875 0.095828125 0.36323125 0.11676249999999999 0.3647078125 0.11840312500000001 0.3699375 0.12053125 0.37211249999999996 0.1182421875 0.3744140625 0.1216703125 0.377934375 0.12122031250000001 0.38320625 0.12121875
0 0.36909843750000004 0.0749671875 0.3682109375 0.0766953125 0.36760625 0.083465625 0.36980625 0.086490625 0.3749359375 0.08791718750000001 0.37798906250000003 0.0869578125 0.380396875 0.0854 0.3822640625 0.083228125 0.38255 0.08306406250000001 0.3795140625 0.07565 0.3760875 0.070784375 0.37243593750000004 0.07130625 0.36909843750000004 0.0749671875
0 0.38758593750000003 0.126690625 0.384303125 0.1248 0.3824015625 0.1248015625 0.3812125 0.12775625 0.3811890625 0.1313859375 0.3833125 0.1331703125 0.38568437499999997 0.1331296875 0.3886734375 0.1322125 0.3894328125 0.1307859375 0.38758593750000003 0.126690625
0 0.391703125 0.1720375 0.394121875 0.1726796875 0.40162812499999995 0.16189375 0.397178125 0.1622296875 0.39285468749999997 0.1638734375 0.3920984375 0.1656 0.390921875 0.1693453125 0.391703125 0.1720375
0 0.38210937500000003 0.18 0.38566875 0.174075 0.3800265625 0.171396875 0.377065625 0.171396875 0.372803125 0.17458281250000002 0.3726828125 0.1791046875 0.3751015625 0.1798546875 0.379253125 0.1792546875 0.38210937500000003 0.18
0 0.43595468750000005 0.240684375 0.43422499999999997 0.236865625 0.42599375000000006 0.2399203125 0.424434375 0.236375 0.42737968750000005 0.234775 0.4273421875 0.23000625000000002 0.42647812500000004 0.22399375 0.4245765625 0.21912812499999998 0.423753125 0.2172890625 0.4248359375 0.2121765625 0.42433437500000004 0.2077296875 0.41948125 0.2002625 0.4161984375 0.198375 0.4112390625 0.1921984375 0.41007187500000003 0.190165625 0.39998125 0.1938609375 0.39473437499999997 0.20232187499999998 0.394409375 0.2033015625 0.390465625 0.20700625 0.39468437500000003 0.2119765625 0.401746875 0.21790156249999998 0.4043375 0.22301406250000003 0.41275625 0.2246 0.41448437499999996 0.2261546875 0.4175625 0.23531718750000002 0.4139640625 0.24010156249999998 0.41631093750000003 0.25138906250000004 0.41910468749999996 0.26521249999999996 0.431690625 0.26701874999999997 0.4312578125 0.26101562500000003 0.4356671875 0.25444062500000003 0.4356671875 0.2508375 0.43925156249999997 0.2482140625 0.43595468750000005 0.240684375
0 0.4192578125 0.1847671875 0.416478125 0.189625 0.4176390625 0.19789062500000001 0.42236250000000003 0.20584375000000002 0.42474999999999996 0.21220781249999998 0.429228125 0.21545312499999997 0.43370312499999997 0.22179218750000002 0.436196875 0.22379375 0.43399687499999995 0.216534375 0.4379765625 0.220203125 0.4384125 0.22524375000000002 0.447509375 0.232440625 0.45457656249999995 0.236996875 0.4637203125 0.2419453125 0.470815625 0.2476671875 0.4784859375 0.2505515625 0.49050781250000003 0.25341718750000003 0.5022015625 0.2531453125 0.506975 0.24498437499999998 0.5199953125000001 0.2488046875 0.5239265625 0.2501875 0.5361140625 0.248028125 0.5417421874999999 0.24217499999999997 0.5516953124999999 0.23012031249999998 0.5532171875 0.2169421875 0.5557531250000001 0.21486718749999997 0.5607453125 0.216796875 0.5635171875 0.21375625 0.5675046874999999 0.21209531250000002 0.5702171875000001 0.2117375 0.5729124999999999 0.2104609375 0.5754921875 0.204628125 0.5794515625 0.1938515625 0.5874484375 0.186840625 0.5851453125 0.17458437499999999 0.5856921875000001 0.1618765625 0.5819515625 0.1543640625 0.5915296875 0.152009375 0.594228125 0.144196875 0.597140625 0.134690625 0.6013546875 0.1197234375 0.6009375 0.109765625 0.600459375 0.0927921875 0.5969796875 0.0834421875 0.59529375 0.07562656250000001 0.5884515625 0.0690328125 0.5821515625 0.0612203125 0.57454375 0.054304687500000004 0.557725 0.0496890625 0.552453125 0.0494890625 0.54056875 0.05210625 0.5308859375 0.05941875 0.5229109375000001 0.068959375 0.5151703125 0.0873890625 0.512378125 0.1022859375 0.5046140625 0.108840625 0.50335 0.10566093750000001 0.5004875 0.10374375 0.489103125 0.1060453125 0.461625 0.12073437499999999 0.45742031250000004 0.1252015625 0.4534765625 0.120871875 0.449740625 0.121075 0.4312578125 0.13132656250000002 0.4268515625 0.1412453125 0.4191734375 0.1440921875 0.4164671875 0.14920625 0.41495468750000003 0.16390625 0.41366875 0.17404999999999998 0.4192578125 0.1847671875
0 0.5101359375000001 0.308303125 0.5113453125 0.3074890625 0.5191375 0.30185625 0.5238765625 0.30169843749999997 0.5335796875 0.301475 0.5358359375 0.2994171875 0.5354640625 0.292684375 0.53304375 0.2863828125 0.5307296874999999 0.2810640625 0.5252375 0.271890625 0.5210250000000001 0.26611562499999997 0.5163484375 0.2627796875 0.5116140625 0.26376093749999996 0.5056421875 0.26758906250000003 0.502125 0.27210625 0.500221875 0.27611093750000004 0.4966015625 0.2776140625 0.491684375 0.2822671875 0.490171875 0.28871875 0.49088125 0.294484375 0.5000390625 0.296784375 0.504 0.30152812500000004 0.5101359375000001 0.308303125
0 0.45838124999999996 0.0620484375 0.4598890625 0.049871874999999996 0.457565625 0.045700000000000005 0.4528609375 0.05116875 0.450740625 0.0539953125 0.450909375 0.062696875 0.45320937499999997 0.06442656249999999 0.45636875000000005 0.0633953125 0.45838124999999996 0.0620484375
0 0.44842343749999997 0.00565625 0.4516703125 0.0045125 0.4531953125 0.0043296875 0.45359531249999996 0 0.44217031249999994 0.00009375 0.44329375000000004 0.0035359375 0.44842343749999997 0.00565625
0 0.490809375 0.04950625 0.4913875 0.052817187499999994 0.492878125 0.054834375000000005 0.49941250000000004 0.0520390625 0.49727187500000003 0.04781875 0.49554375000000006 0.04781875 0.490809375 0.04950625
0 0.5841671875000001 0.22583906250000002 0.585996875 0.22438750000000002 0.586309375 0.2214015625 0.58458125 0.2190265625 0.58335 0.21886875 0.582096875 0.22043906249999998 0.5826546875 0.22401093749999998 0.5841671875000001 0.22583906250000002
0 0.5963046875 0.32948750000000004 0.5946515625 0.3326546875 0.5941078125 0.3391640625 0.596534375 0.3417578125 0.599740625 0.342075 0.6031375 0.340903125 0.6049515624999999 0.33816718749999997 0.60506875 0.335915625 0.60455625 0.3339125 0.6014468749999999 0.32992499999999997 0.5989609375 0.32859375 0.5963046875 0.32948750000000004
0 0.48291093749999997 0.2769875 0.482871875 0.2757390625 0.47239062499999995 0.268909375 0.47259375 0.2732046875 0.4750078125 0.28026249999999997 0.47707812499999996 0.28186093749999996 0.48116250000000005 0.279175 0.48291093749999997 0.2769875
0 0.3510578125 0.385765625 0.355653125 0.37385625 0.34776406249999997 0.371475 0.3431953125 0.3724859375 0.34003125 0.37565468750000003 0.3384953125 0.382465625 0.3400875 0.3842390625 0.3482125 0.3860125 0.3510578125 0.385765625
0 0.5768953125 0.42163281250000006 0.5779265625 0.42431093750000004 0.5792578125000001 0.4279265625 0.58134375 0.42926562500000004 0.5885671875 0.427628125 0.5902937500000001 0.42221875000000003 0.5920109375 0.4158375 0.5920109375 0.4138140625 0.5906343749999999 0.41144218749999995 0.58739375 0.40556562500000004 0.5814609374999999 0.3992015625 0.5755312499999999 0.3959390625 0.5719671875000001 0.3948640625 0.5636671875 0.39486875 0.5609984375 0.390234375 0.5601234374999999 0.3862890625 0.549034375 0.38537187500000003 0.54683125 0.3866265625 0.5427875 0.3909734375 0.5470203125 0.395771875 0.5407859375 0.40009218750000003 0.5348296875 0.39656250000000004 0.5214765625 0.3977484375 0.5173046875 0.4001265625 0.5155093749999999 0.4040734375 0.513425 0.40887031250000005 0.5135046875 0.4224375 0.5163890624999999 0.4268296875 0.522575 0.42526562500000004 0.5262140625 0.42244374999999995 0.52813125 0.4185078125 0.5321343749999999 0.41650468749999997 0.54299375 0.4219390625 0.5450406250000001 0.42872656249999996 0.5419390625 0.43411406250000006 0.538125 0.438134375 0.5391015625 0.4434359375 0.5437390625 0.451559375 0.5490375000000001 0.4536515625 0.55385 0.45110625000000004 0.5708953125 0.4349578125 0.5705671875 0.43168125 0.5644953125 0.4267796875 0.5653734375 0.42276875 0.5669484375 0.4266140625 0.568828125 0.42779531249999997 0.5709515625 0.4274796875 0.571140625 0.42421875 0.5713734374999999 0.4206765625 0.5748375 0.4199625 0.5768953125 0.42163281250000006
0 0.498684375 0.43253593749999997 0.4909921875 0.43298125 0.49209531249999994 0.436771875 0.4917671875 0.439153125 0.4905390625 0.448921875 0.49253749999999996 0.4501046875 0.4961421875 0.444340625 0.4991203125 0.4462453125 0.499140625 0.44329062500000005 0.498684375 0.43253593749999997
0 0.46666875 0.5417125 0.464259375 0.5381609375 0.462359375 0.537303125 0.4602421875 0.5394203125 0.4598625 0.543453125 0.4614375 0.5481484375 0.46269375 0.5498765624999999 0.465696875 0.5497203125000001 0.46785 0.5493625 0.46666875 0.5417125
0 0.5768328125 0.45443437500000006 0.5783296874999999 0.45941875000000004 0.583453125 0.46351250000000005 0.5896359375 0.46705781249999995 0.5912203125 0.46628749999999997 0.593053125 0.462940625 0.5932234375000001 0.4598296875 0.593659375 0.45724375000000006 0.5940671875 0.4551546875 0.5936953125 0.4496203125 0.5942703125000001 0.443221875 0.591840625 0.44147187499999996 0.5889671875 0.43998593750000003 0.5874125 0.44034531250000003 0.5812328124999999 0.443171875 0.5789625 0.44832656249999997 0.5768328125 0.45443437500000006
0 0.577175 0.6034921875 0.575134375 0.6056250000000001 0.5747453124999999 0.6094578125 0.5757749999999999 0.6142671875 0.5773859375 0.6201734375 0.578515625 0.62203125 0.5826374999999999 0.6235171875 0.5840296875 0.6236046875000001 0.585828125 0.6208265625 0.5872859375 0.6182234375 0.5871671875 0.615428125 0.5860546875 0.61021875 0.582684375 0.6053359375 0.577175 0.6034921875
0 0.4796390625 0.621403125 0.477328125 0.6200453125000001 0.475903125 0.6202046875 0.4737125 0.6233171875 0.4795375 0.6241187499999999 0.4796390625 0.621403125
0 0.5706140625 0.8681296875 0.5474671875 0.867740625 0.5484203125 0.8814718750000001 0.5472718750000001 0.8883734375 0.5511421875 0.8910671875 0.5563765625 0.892328125 0.5580453125 0.89500625 0.5611640625 0.8944984375 0.5623218750000001 0.8926765624999999 0.5647921874999999 0.8862781249999999 0.5684125 0.8755124999999999 0.5706687500000001 0.8686734375 0.5706140625 0.8681296875
0 0.5324359375000001 0.9749265625 0.5316687499999999 0.9785562499999999 0.5316687499999999 0.9833375 0.53271875 0.9878031249999999 0.5354671875 0.9890984375 0.5386421875 0.9885125 0.5412296875 0.9871546875 0.5427609375 0.9842968750000001 0.54363125 0.9834625000000001 0.5477390625 0.978978125 0.5482828125 0.9741234375 0.545321875 0.970346875 0.5403984375 0.9680781250000001 0.5356015625 0.9711796874999999 0.5324359375000001 0.9749265625
0 0.57179375 0.9462109375000001 0.5702828125 0.9468296875 0.56830625 0.9515687500000001 0.5680671875 0.9555734375 0.568959375 0.9632343750000001 0.5709578125 0.9711859374999999 0.5714328125 0.9711859374999999 0.5754453125000001 0.9691124999999999 0.5753984375 0.965728125 0.57395625 0.9580203125000001 0.573684375 0.9504546875000001 0.572928125 0.9473687500000001 0.57179375 0.9462109375000001
0 0.5446171875 0.9274968749999999 0.5412921875000001 0.9341843750000001 0.542925 0.94003125 0.5459031249999999 0.9451734374999999 0.5451875 0.9519875000000001 0.5467765625000001 0.9577203125 0.5498609375 0.960284375 0.5545921875000001 0.9582265624999999 0.5548437500000001 0.9549218749999999 0.5521859375 0.9490140625000001 0.5480375000000001 0.9461437500000001 0.5472453125000001 0.944628125 0.548971875 0.9411343750000001 0.55125625 0.9349984375 0.5515234375 0.9293890625 0.54918125 0.9268734375 0.5446171875 0.9274968749999999
0 0.5334015625 0.911921875 0.534925 0.908009375 0.5339203125 0.9043015625 0.5314359375000001 0.9027609375000001 0.5292328125 0.9042875 0.5297046875 0.908290625 0.5302828125 0.9105078125 0.5307546875 0.913475 0.5312078125 0.9140218750000001 0.5334015625 0.911921875
0 0.698459375 0.8217484374999999 0.690346875 0.8251796875 0.6868203125 0.829290625 0.6857796875 0.836640625 0.686515625 0.8429578125000001 0.6825546874999999 0.8496046875 0.679925 0.8573359375 0.6777171875 0.8606374999999999 0.675790625 0.868225 0.677125 0.8743437500000001 0.6767000000000001 0.8756109375 0.676765625 0.8836703124999999 0.6780296875 0.8883765625000001 0.681940625 0.886746875 0.685559375 0.8877875 0.6844140624999999 0.8961874999999999 0.6929984375 0.8935078125 0.6956890625 0.8891 0.7070921875 0.8877828125 0.7114203125 0.885975 0.716834375 0.88065625 0.71851875 0.8761921875 0.7179625 0.8697374999999999 0.7158484374999999 0.8665546875000001 0.7162921875 0.8639906249999999 0.7191875 0.856325 0.7182515625 0.8487765625 0.712453125 0.8348718749999999 0.704034375 0.8261921875 0.698459375 0.8217484374999999
0 0.8367968749999999 0.8598375 0.839996875 0.8576640624999999 0.8406921875 0.8549484375 0.8400968750000001 0.8478125000000001 0.8395671874999999 0.8423125 0.8398031250000001 0.8361562499999999 0.8423999999999999 0.827034375 0.8425171875 0.8218453125 0.8431046875 0.8193093749999999 0.83159375 0.8189671875 0.8247765625 0.8261171875000001 0.8232734374999999 0.83231875 0.8237890625000001 0.8400703125 0.8250140625 0.8451984375 0.8283984375 0.8528046874999999 0.83103125 0.8571703125000001 0.8367968749999999 0.8598375
0 0.8400359375 0.92154375 0.8422390625 0.9282562499999999 0.849334375 0.934296875 0.8548781249999999 0.9372421875000001 0.8619171874999999 0.9424578125 0.8640921875 0.9416296875000001 0.8663718749999999 0.9384218750000001 0.865875 0.9337828125 0.8646 0.9322125 0.862890625 0.9160296875 0.8635984375 0.911190625 0.8637812500000001 0.9064296875 0.8561046875 0.9088421875 0.8510249999999999 0.9126937500000001 0.8485953125 0.914640625 0.8411703125000001 0.9164171874999999 0.8400359375 0.92154375
0 0.8388859375 0.7936328125000001 0.8437578125 0.7954078124999999 0.8480296875000001 0.7966328125000001 0.861453125 0.79876875 0.86975 0.7984828125 0.8702296875 0.7940890625 0.8778859375 0.7956484374999999 0.8832828125000001 0.7946203125 0.8858671875 0.79858125 0.9199875000000001 0.79115625 0.9244203125 0.7890796875 0.9238421875 0.7809359375 0.9261250000000001 0.76791875 0.916053125 0.7601515625 0.9143890625 0.7555234375000001 0.9096671875 0.749871875 0.9089859375 0.7431796875 0.9096078125 0.7366375 0.9078453124999999 0.7298046874999999 0.90491875 0.7239640625 0.9000671875 0.7153046875 0.89875 0.7109109375 0.8997796875 0.70478125 0.8986765625 0.697584375 0.895965625 0.6923390625 0.8902187500000001 0.68869375 0.8808203125 0.6870640625 0.8760031250000001 0.6856671875 0.875625 0.68375625 0.8746515625000001 0.678128125 0.8741421875000001 0.6703703125 0.8672390625 0.6642625 0.85695 0.6647968750000001 0.8484703124999999 0.6644593750000001 0.846178125 0.6564484375 0.8416734375000001 0.6506921875 0.83598125 0.6515187499999999 0.830203125 0.6477031249999999 0.8252124999999999 0.6451453125 0.813778125 0.64415 0.809359375 0.6368109375000001 0.8010531249999999 0.6369609374999999 0.7993328125 0.6243921875 0.7932718750000001 0.6178265625 0.7891874999999999 0.6240796875 0.7896687499999999 0.6325765624999999 0.7811765625 0.6389218750000001 0.7819734375 0.64529375 0.7829078125 0.656790625 0.7810374999999999 0.66555 0.7767921875 0.6644125 0.77463125 0.67045 0.7729765625 0.6780265625 0.76988125 0.686015625 0.772821875 0.6942125 0.7713953124999999 0.7004640625 0.7720125 0.7078515624999999 0.7798703125 0.7089609375 0.779853125 0.7162765624999999 0.7759625 0.72303125 0.7780078125000001 0.7264734374999999 0.785965625 0.7270640625 0.7883515625 0.7309984375 0.789865625 0.73863125 0.7945375 0.742278125 0.7983640624999999 0.7448421875 0.8046953125 0.746571875 0.80255625 0.7520875 0.802090625 0.7566359375 0.8026484375 0.7591125 0.8074749999999999 0.763690625 0.81421875 0.7690375 0.8159921875 0.775196875 0.8127359375 0.7842015625000001 0.8133609375 0.7919578125 0.8149890624999999 0.7952703125 0.819590625 0.7919359375 0.8236343749999999 0.7873375 0.8269296875000001 0.7790390625 0.8296234374999999 0.7758515625 0.836290625 0.7726171875000001 0.8395890625 0.7760609374999999 0.839425 0.783925 0.8378015624999999 0.7903484375 0.8388859375 0.7936328125000001
0 1 0.871325 0.99865625 0.8635187500000001 0.9968406249999999 0.8523109375000001 0.9774671875 0.8470734375 0.9756734375 0.84936875 0.9729468750000001 0.8539687499999999 0.97106875 0.859659375 0.9721265625 0.8676046875000001 0.972140625 0.8728562500000001 0.9736109374999999 0.8780109375 0.977403125 0.8831906249999999 0.98009375 0.8886828124999999 0.9916859375 0.8883890624999999 0.9961640624999999 0.8844515625 1 0.878209375 1 0.871325
0 0.9806828124999999 0.9564953125000001 0.9759015625 0.9528078125 0.9699484375 0.9451109375 0.9644328124999999 0.9421109375000001 0.9591453124999999 0.9420828125 0.9553796875 0.94336875 0.9510078125 0.949346875 0.953290625 0.95824375 0.9530328125 0.9634078125000001 0.9595859375 0.9702546875 0.9627484374999999 0.9654515625 0.9701421874999999 0.9619156249999999 0.97666875 0.9607749999999999 0.9818328125000001 0.9606578125 0.9806828124999999 0.9564953125000001
0 0.930275 0.6563859375 0.9341234375 0.6531374999999999 0.9327406249999999 0.6489390625 0.9301484375 0.648153125 0.9281390625 0.6487875 0.92755625 0.6521984375 0.928028125 0.6547031249999999 0.9288953125000001 0.6557546875 0.930275 0.6563859375
0 0.825103125 0.6064640625 0.825725 0.6099640625 0.8262015625 0.6130453124999999 0.8272890625 0.61618125 0.83095 0.618153125 0.8327500000000001 0.6222171875 0.834353125 0.6233921875 0.8371656249999999 0.625465625 0.839184375 0.62421875 0.840978125 0.6205015625 0.8414171874999999 0.6166953125 0.8398187500000001 0.6122890625 0.836640625 0.6123093749999999 0.8347109375 0.6053968750000001 0.8273984375 0.6045609375 0.825103125 0.6064640625
0 0.8167625 0.5784578125000001 0.8160171875 0.574215625 0.8126687499999999 0.574015625 0.810734375 0.57601875 0.8114421875 0.579934375 0.8133546875000001 0.5831171875 0.8155171875 0.5830031250000001 0.81655625 0.580075 0.8167625 0.5784578125000001
0 0.7708406250000001 0.6086453125 0.7724484375 0.6021359375 0.778465625 0.6097015625 0.7829546875 0.618003125 0.7854453125 0.618146875 0.788953125 0.6122140625 0.796221875 0.6092 0.7986093750000001 0.607396875 0.79860625 0.606196875 0.8024625000000001 0.603378125 0.8036328125000001 0.6012046875 0.804340625 0.5972859374999999 0.804196875 0.5896109375 0.8037218749999999 0.5870062500000001 0.8043968749999999 0.5821671875 0.8032734375 0.579046875 0.79909375 0.5749390625 0.795021875 0.572121875 0.7927531250000001 0.5698359375 0.7909484375 0.5685046875 0.78149375 0.56155625 0.7729578125 0.556115625 0.7628 0.5525671875 0.759915625 0.5502484375 0.7576359375 0.548040625 0.7538109375000001 0.55098125 0.7504734375 0.5538937500000001 0.7475125 0.5607484375 0.747721875 0.5695078125 0.7517296875 0.576696875 0.75585 0.5806171875 0.76005 0.5859609375 0.76153125 0.5930484375 0.7625859375 0.5993890625 0.7642 0.6079796875000001 0.7641296875 0.6107609375 0.7708406250000001 0.6086453125
0 0.7402875 0.655203125 0.7400828125000001 0.6516875 0.733709375 0.6492890625000001 0.7327046875 0.650153125 0.731525 0.655284375 0.7321265625 0.6591437499999999 0.733959375 0.6625859375 0.737415625 0.6629890625 0.7398687500000001 0.6623984375 0.7402875 0.655203125
0 0.9676734375 0.56905625 0.9656750000000001 0.56491875 0.9598421874999999 0.5647859375000001 0.957690625 0.5674953125 0.955084375 0.5730421875 0.9545765625 0.5771625 0.9566703125 0.582390625 0.95980625 0.58121875 0.961221875 0.5786156250000001 0.9646203124999999 0.5772421875 0.9674734375 0.5744125 0.9676734375 0.56905625
0 0.978709375 0.5261234375 0.9733296875 0.522540625 0.9701484375 0.5286234375000001 0.9716546875000001 0.5317921875 0.9738890625 0.534196875 0.977584375 0.53615625 0.9812406250000001 0.5339515625 0.9824828125 0.5320234375 0.9816921875 0.5324859375 0.978709375 0.5261234375
0 0.7412828124999999 0.5240015625 0.744046875 0.52805 0.74810625 0.5287859375 0.7507421875 0.5323156250000001 0.7552515625 0.5339171875 0.7602375 0.5314 0.7634203125 0.52966875 0.76416875 0.526478125 0.76376875 0.524825 0.7606375 0.5170656250000001 0.7542609375 0.5068625 0.7491734375 0.5033593749999999 0.743309375 0.5054031250000001 0.7409828125 0.516675 0.7412828124999999 0.5240015625
0 0.8263421875000001 0.525028125 0.8197812499999999 0.5230890625 0.8158156249999999 0.5259031249999999 0.816203125 0.5308671875 0.8166703125 0.5334671875 0.81860625 0.53568125 0.8207765625000001 0.537390625 0.8237609375 0.53721875 0.8267765624999999 0.5367703125000001 0.8275296875 0.5313656250000001 0.8263421875000001 0.525028125
0 0.8391203125000001 0.5166953125 0.837725 0.52291875 0.8375203125 0.5257984375 0.83843125 0.5311 0.843621875 0.5360703124999999 0.8460281249999999 0.537640625 0.848540625 0.5396703125 0.850428125 0.5387 0.8531109375 0.5373296875 0.8506484375 0.5307046875 0.8534796874999999 0.5280421875 0.8524265625 0.5232984375 0.8517140624999999 0.5228703125 0.8571953125 0.5202296875 0.8571375 0.5164875 0.8531828125 0.51166875 0.8501593749999999 0.5106546875 0.8453640625000001 0.5115515625 0.8424687499999999 0.5131359375 0.8396171875 0.51583125 0.8391203125000001 0.5166953125
0 0.9124156250000001 0.5586609375 0.9120593749999999 0.5558562499999999 0.9101140624999999 0.5570984375 0.9075328125000001 0.5599203125 0.9067546875 0.5625859375 0.9067546875 0.5645156250000001 0.9088578125 0.566703125 0.9101515625 0.5674812499999999 0.913815625 0.5664984375000001 0.9124156250000001 0.5586609375
0 0.9517578125 0.479715625 0.9527812499999999 0.48536406249999997 0.95330625 0.4904921875 0.95330625 0.49801406249999997 0.957946875 0.5123593750000001 0.9602718749999999 0.5151749999999999 0.9663578125000001 0.5173640625 0.9710140624999999 0.5155296875000001 0.9722671875 0.5127140625 0.974825 0.5116125 0.9754546875000001 0.5090078124999999 0.9745687500000001 0.5053687499999999 0.9749015625 0.50024375 0.97510625 0.496415625 0.97593125 0.4916921875 0.97630625 0.48980781249999994 0.9750640625000001 0.4853078125 0.9710109375 0.48205937499999996 0.9685921875 0.4809140625 0.9663656250000001 0.47602500000000003 0.965090625 0.4742828125 0.962153125 0.47091874999999994 0.9563625 0.471078125 0.9543046875 0.47161406250000004 0.9513640625 0.4747109375 0.9517578125 0.479715625
0 0.9238078125 0.527846875 0.9205875000000001 0.522359375 0.9187312500000001 0.5217484375 0.9177687499999999 0.5252921875000001 0.9174421875000001 0.5262749999999999 0.9183625 0.52794375 0.9201609375 0.532178125 0.9222453125 0.531409375 0.9238078125 0.527846875
0 0.937725 0.451653125 0.93658125 0.45389999999999997 0.9385562500000001 0.457471875 0.9390671875000001 0.4590703125 0.9372109375000001 0.461678125 0.9372390625 0.465134375 0.9399875 0.4679578125 0.9425453125000001 0.46913906250000004 0.94560625 0.4687953125 0.9517796875 0.45519218749999996 0.9478687499999999 0.452215625 0.9441312500000001 0.44952031249999996 0.9403499999999999 0.44996875000000003 0.937725 0.451653125
0 0.90739375 0.5451390625 0.9147140625000001 0.5422734375 0.9171781250000001 0.5404703125 0.916 0.5349734374999999 0.9146609375000001 0.528959375 0.9157093749999999 0.5248375000000001 0.9171890625 0.52356875 0.91706875 0.520684375 0.9146671874999999 0.5156875000000001 0.9141703124999999 0.51145625 0.9128296875 0.507234375 0.9078390625000001 0.5042515625 0.9026359375 0.5048578125 0.90155625 0.5046781250000001 0.9006703125 0.5000890625000001 0.899428125 0.4961640625 0.8962843749999999 0.492765625 0.8934109375 0.491121875 0.891121875 0.489765625 0.888896875 0.4865921875 0.8858625 0.482884375 0.881865625 0.4808828125 0.87918125 0.47379375 0.8787874999999999 0.464678125 0.8753859374999999 0.46322656249999994 0.8697687500000001 0.4671890625 0.8661609374999999 0.47085 0.8664125 0.477475 0.8716421875 0.48100624999999997 0.8750249999999999 0.4821453125 0.87781875 0.48309687500000004 0.8776890625 0.487146875 0.8756468749999999 0.491884375 0.873475 0.4954140625 0.8730125 0.4972171875 0.8755609375000001 0.506771875 0.8721046875 0.5081140625 0.871778125 0.5128859375 0.87276875 0.5181953125 0.8718171874999999 0.5248781250000001 0.874715625 0.53044375 0.8816703125 0.5396890625 0.8904109375000001 0.54264375 0.8942296875 0.539746875 0.8985546875000001 0.54601875 0.8994265625000001 0.5528796875 0.9055406250000001 0.5482234375 0.90739375 0.5451390625
0 0.9439265625000001 0.44084218750000004 0.9461765625 0.43928593749999995 0.9448046874999999 0.434265625 0.9434421875 0.430428125 0.9406546875 0.43208437499999997 0.9403312500000001 0.43464843750000004 0.9415515624999999 0.4395015625 0.9439265625000001 0.44084218750000004
0 0.9479124999999999 0.4226859375 0.9516218750000001 0.4216171875 0.94949375 0.4181296875 0.948328125 0.4176296875 0.9453890625 0.41947343750000005 0.945146875 0.4223125 0.9474750000000001 0.42422812499999996 0.9479124999999999 0.4226859375
0 0.9494187500000001 0.350828125 0.9489218749999999 0.34799531250000004 0.9443515625 0.3476 0.942440625 0.3494875 0.9402796875 0.3526109375 0.9423828125 0.35998593749999996 0.9447421874999999 0.3627796875 0.9484234375 0.362509375 0.9506625 0.35731875 0.9494187500000001 0.350828125
0 0.9193765624999999 0.34348125 0.9219921875000001 0.35026406250000003 0.9259906250000001 0.35095 0.9268921875 0.348790625 0.9281234375 0.34576562499999997 0.9272828125 0.3429140625 0.923365625 0.339715625 0.9193765624999999 0.34348125
0 0.911040625 0.27103125 0.9017156249999999 0.277221875 0.900015625 0.28156875000000003 0.9043125 0.2910921875 0.9059765625 0.295628125 0.9093296875 0.29767343749999997 0.915046875 0.3005125 0.9168609375000001 0.297278125 0.9186359375 0.289728125 0.9194078125 0.2819 0.9158625 0.2752421875 0.911040625 0.27103125
0 0.9972171875000001 0.3266921875 0.9972140625 0.3211296875 0.9908890625 0.317934375 0.9883062499999999 0.3210734375 0.9898093749999999 0.327328125 0.9927671874999999 0.329575 0.9955999999999999 0.3308 0.9972312499999999 0.3297140625 0.9972171875000001 0.3266921875
0 0.8675937499999999 0.322690625 0.8694765625 0.317553125 0.871228125 0.312078125 0.8703749999999999 0.3097203125 0.8588515624999999 0.30664375 0.8604062499999999 0.31463593749999996 0.863409375 0.3191453125 0.865375 0.322025 0.8675937499999999 0.322690625
0 0.975715625 0.277634375 0.9721140625 0.275771875 0.9693578125 0.28221250000000003 0.9702031249999999 0.29029531249999996 0.975084375 0.29238437500000003 0.9794703124999999 0.29164375 0.979928125 0.28840937499999997 0.977140625 0.2806921875 0.975715625 0.277634375
0 0.6345421875 0 0.6352125 0.0003296875 0.6405703125 0.007267187499999999 0.6468609375 0.019215625 0.6546734375 0.0247984375 0.660203125 0.0283609375 0.6681890625 0.0350828125 0.67066875 0.0315953125 0.6831078125000001 0.0356625 0.6882078125 0.0399171875 0.6950578125 0.0416921875 0.700675 0.042565625 0.7120890625 0.038815625 0.715459375 0.03753125 0.7199093750000001 0.041915625 0.7232796875 0.0436734375 0.7262187499999999 0.0391359375 0.7332671875 0.0389765625 0.7366828125 0.044209375 0.74114375 0.04604375 0.7442328125000001 0.0468734375 0.7497109375 0.0497078125 0.7530375 0.0499765625 0.75610625 0.046071875 0.7606765625 0.049398437499999996 0.764196875 0.05330625 0.76890625 0.053190625000000005 0.7727625 0.050826562500000005 0.7757875000000001 0.0534171875 0.782278125 0.0600953125 0.7829796875 0.064215625 0.7805046875 0.0751203125 0.7828046875 0.078915625 0.7900031249999999 0.07610781250000001 0.7928453125 0.08193125 0.79705 0.0827796875 0.8028609375 0.0863390625 0.8115046875 0.0877984375 0.81428125 0.08915625 0.82024375 0.0932515625 0.8164578125 0.098025 0.8105078125 0.1046953125 0.81365625 0.11485468750000001 0.8256765625 0.11127187499999999 0.82739375 0.1143125 0.8296140624999999 0.12835000000000002 0.836 0.12655 0.8425062499999999 0.127478125 0.844659375 0.1133734375 0.8509546875 0.10930781249999999 0.8560531250000001 0.10854375000000001 0.863875 0.1101609375 0.8665218749999999 0.116184375 0.8686406249999999 0.122378125 0.8816671875000001 0.125 0.8918859375 0.1211546875 0.8957015625 0.11700312500000001 0.8965859375 0.10608437500000001 0.8983375 0.095625 0.905034375 0.09914843749999999 0.9105874999999999 0.10585156250000001 0.9176703125 0.10486718749999999 0.9190328125 0.1099890625 0.9279796875 0.1195453125 0.937775 0.12217343750000001 0.940878125 0.13029375 0.9467375 0.1424546875 0.9501890625 0.1525 0.9333328125 0.153521875 0.928196875 0.15181875 0.9196624999999999 0.15047656250000002 0.9092171875 0.1577859375 0.90854375 0.15661875 0.8939937499999999 0.15698281249999999 0.8917484375000001 0.159846875 0.8924984374999999 0.1650859375 0.8961593750000001 0.170015625 0.9012687500000001 0.1728078125 0.90000625 0.1785640625 0.897784375 0.18551875 0.893521875 0.1969171875 0.8936546875 0.2040015625 0.8956109375000001 0.21197343750000003 0.8987453125 0.21953593749999997 0.9031515625000001 0.2232828125 0.90566875 0.22564062499999998 0.9079359374999999 0.22812968749999998 0.9090609374999999 0.2360296875 0.9105734375000001 0.2423390625 0.9132640625 0.2481140625 0.9185812500000001 0.25470000000000004 0.925878125 0.2585109375 0.9306515624999999 0.25703906249999997 0.936153125 0.2534796875 0.9410125 0.2558609375 0.9451171875 0.25858125 0.9483124999999999 0.26057031249999996 0.9541359375 0.2606078125 0.9576453125000001 0.2610765625 0.9573562499999999 0.2651109375 0.9566531250000001 0.27225625 0.9591265625000001 0.274434375 0.9629515625 0.2607921875 0.9647453125000001 0.2587625 0.9704843750000001 0.2512859375 0.9764062499999999 0.24752187499999997 0.9797499999999999 0.25001562499999996 0.985090625 0.2560046875 0.9938234375 0.258528125 1 0.2568890625 1 0.1703171875 1 0 0.8454328125 0 0.6345421875 0
0 0.82024375 0.2245625 0.8151125 0.231334375 0.8209546874999999 0.23993906250000002 0.8251328125 0.24316718750000002 0.8303953125 0.2458796875 0.8347609374999999 0.24312968750000002 0.8369843749999999 0.2467734375 0.83856875 0.23825625 0.8371734375000001 0.23514218750000002 0.8341046875 0.228934375 0.8280453124999999 0.2252578125 0.82024375 0.2245625
0 0.8699781249999999 0.20084062500000002 0.87041875 0.19671875 0.8680625 0.193784375 0.8650609375 0.1934296875 0.8600484375 0.1976796875 0.8601234375000001 0.20335312499999997 0.86164375 0.209303125 0.8654125 0.2129625 0.868103125 0.210103125 0.8699781249999999 0.20084062500000002
0 0.88494375 0.21745781250000001 0.8862515625 0.2193296875 0.8885265625000001 0.22053906250000002 0.889303125 0.2182203125 0.8852062500000001 0.214346875 0.88494375 0.21745781250000001
0 0.8584328125 0.1611578125 0.8605421874999999 0.16162812499999998 0.8614515624999999 0.1574359375 0.858090625 0.15309375 0.8548046875 0.155675 0.8558031250000001 0.160240625 0.8584328125 0.1611578125
0 0.7793421875 0.19472499999999998 0.77583125 0.1853796875 0.774146875 0.18483750000000002 0.771209375 0.1853125 0.77010625 0.190121875 0.7700828125 0.1936671875 0.772196875 0.1954390625 0.7758093749999999 0.19698125 0.7793421875 0.19472499999999998
0 0.673346875 0.2875828125 0.690690625 0.2830328125 0.70326875 0.2832125 0.7033859375 0.272084375 0.7085359375 0.2708671875 0.7062203125 0.262640625 0.711103125 0.2538328125 0.7176953125 0.24692656249999997 0.7180140625 0.24166875000000002 0.7194906249999999 0.228265625 0.7183828125 0.2145203125 0.72005 0.209384375 0.7216812499999999 0.205590625 0.7193562499999999 0.1960765625 0.70994375 0.1929265625 0.6969359374999999 0.1884890625 0.6939609375 0.180134375 0.67818125 0.1746015625 0.6446328125 0.17529999999999998 0.634178125 0.175725 0.61271875 0.20005781250000002 0.603815625 0.21154531250000003 0.5959749999999999 0.230196875 0.6006578124999999 0.24485625 0.6116046875000001 0.2596328125 0.611009375 0.2644640625 0.608515625 0.26941875 0.6131578125 0.274865625 0.6264390625 0.288309375 0.6366625 0.28933437500000003 0.63896875 0.28359531250000003 0.6459296875 0.276315625 0.6502390625000001 0.27706718750000003 0.6514796875 0.28761875 0.6543609375 0.2889640625 0.6609390625 0.2869453125 0.66295 0.2908765625 0.673346875 0.2875828125
0 0.6895749999999999 0.30143593750000003 0.6843640625 0.30553125 0.6805390625000001 0.3134265625 0.6813078124999999 0.3153546875 0.6863625 0.318775 0.6905984375 0.32075156250000003 0.6993859375 0.32031875 0.7031031249999999 0.3159234375 0.703421875 0.308375 0.694084375 0.2962125 0.695634375 0.295003125 0.69115 0.29681250000000003 0.6895749999999999 0.30143593750000003
0 0.8164281250000001 0.306884375 0.8120203125 0.2901859375 0.7969 0.291965625 0.7909953125 0.28183437499999997 0.7851874999999999 0.2693609375 0.7817265625 0.2580671875 0.7665875 0.25168124999999997 0.752715625 0.2500203125 0.7387578125 0.246740625 0.7200421875 0.24483749999999999 0.715178125 0.24914999999999998 0.7084171875 0.25819375 0.7106140625 0.2678796875 0.7084953125 0.277584375 0.7068296875 0.2879625 0.706646875 0.2974625 0.7117890625000001 0.3030921875 0.714359375 0.31045625 0.71596875 0.3177140625 0.714684375 0.32570625 0.71343125 0.33967187499999996 0.7142578125 0.34281875 0.7259671875 0.34271875 0.7272765625 0.34775625 0.731196875 0.3528828125 0.7292015625 0.3553671875 0.7261203125 0.36049375 0.72749375 0.3646203125 0.732475 0.3775203125 0.7374359375 0.3901046875 0.7335203124999999 0.3973484375 0.723765625 0.4042484375 0.7163828125 0.4042703125 0.715796875 0.4132546875 0.7178109375 0.4233828125 0.723196875 0.430509375 0.7244046875000001 0.43707812500000004 0.72283125 0.44251250000000003 0.7256609375 0.44884218750000004 0.723096875 0.4605578125 0.725546875 0.46533125000000003 0.7319046874999999 0.469903125 0.7404015625 0.470840625 0.7450859375000001 0.4728125 0.7393984375 0.48006875000000004 0.741034375 0.48310000000000003 0.746390625 0.48419999999999996 0.7590671875 0.4776453125 0.7612609375 0.4816765625 0.7634671875000001 0.48873125 0.7678234374999999 0.4970703125 0.7787843750000001 0.5086968749999999 0.784934375 0.5005 0.788996875 0.4901265625 0.7911359375 0.48713125 0.7927265625000001 0.4949328125 0.7973640625 0.50135 0.7990171875 0.5109015625 0.8035109374999999 0.509484375 0.806490625 0.5094828125 0.81465 0.51460625 0.8218640625000001 0.5171171875 0.8258296875 0.5064484375 0.8284593750000001 0.49752656249999994 0.836259375 0.5016359375 0.8474359375 0.49876875 0.8511359374999999 0.4833953125 0.8517312499999999 0.47659531250000003 0.8520578125 0.4672015625 0.8561953125 0.4615390625 0.8594375 0.4518375 0.8614609375000001 0.4383296875 0.8578609374999999 0.42820625 0.8499265625 0.42477656250000007 0.85494375 0.41361875000000003 0.8519796875000001 0.41055 0.8587203125 0.404053125 0.8492203125 0.3904078125 0.8367515624999999 0.3707640625 0.830709375 0.3649390625 0.8298062500000001 0.358346875 0.830784375 0.3409390625 0.829403125 0.3290765625 0.8248296875 0.317990625 0.8164281250000001 0.306884375
0 0.674328125 0.47992187499999994 0.6793125 0.48345312500000004 0.6891453125 0.491790625 0.6929093749999999 0.4917359375 0.6957125 0.4876953125 0.6995843749999999 0.48570156249999996 0.700365625 0.48372656249999996 0.6987546874999999 0.476321875 0.6992453125 0.4755515625 0.7009000000000001 0.46447656249999997 0.70225 0.4474203125 0.703809375 0.4424765625 0.701128125 0.434096875 0.6968046875 0.43271249999999994 0.68980625 0.4371609375 0.688175 0.4381125 0.6836265625 0.43441875 0.677478125 0.43696250000000003 0.6710203124999999 0.439878125 0.6630390625 0.44584999999999997 0.6633953125 0.4582 0.6657609375 0.45755625 0.6702234375 0.45727812500000004 0.6720984375 0.46925156250000005 0.673153125 0.47633125 0.674328125 0.47992187499999994
0 0.6529078125 0.48249375 0.6489109375 0.4841109375 0.64758125 0.48835937500000004 0.6480296875 0.4898765625 0.6487859375 0.4897171875 0.654865625 0.4877828125 0.657165625 0.4843109375 0.6529078125 0.48249375
0 0.621703125 0.45694687500000003 0.622696875 0.45491562500000005 0.6216296875 0.45163281250000004 0.6181515625 0.45380312500000003 0.6194578125 0.4562234375 0.6201265625 0.457134375 0.621703125 0.45694687500000003
0 0.6143140625 0.4718046875 0.616146875 0.47481406249999997 0.6186203124999999 0.47481406249999997 0.62258125 0.47149374999999993 0.62523125 0.4704515625 0.6233046875 0.46434218749999995 0.6218109375 0.4604953125 0.6170578124999999 0.45981249999999996 0.6164468750000001 0.46068125000000004 0.6142296875000001 0.46978593750000003 0.6143140625 0.4718046875
0 0.6423890625 0.6113890625 0.6404890625 0.6108484375 0.6390640624999999 0.611740625 0.6366015625 0.61384375 0.635046875 0.61735625 0.6373656249999999 0.6196328125 0.641628125 0.619909375 0.6436671875 0.6185515625 0.6445609375 0.6166234375 0.6423890625 0.6113890625
0 0.671303125 0.7183125 0.671096875 0.7150859374999999 0.66953125 0.7095015625000001 0.6676296875000001 0.70746875 0.66588125 0.7081734375 0.665675 0.7114578125000001 0.6680109375 0.717146875 0.6699499999999999 0.71968125 0.671303125 0.7183125
0 0.67441875 0.6969890624999999 0.6753984375 0.6953437499999999 0.6732265625 0.6924703125 0.6706125000000001 0.6909109375 0.669996875 0.693115625 0.6709609375000001 0.6957671875 0.672096875 0.698475 0.67441875 0.6969890624999999
0 0.722134375 0.1864421875 0.7273625 0.185490625 0.729975 0.183675 0.730915625 0.17967187499999998 0.7290234375 0.17558281250000002 0.72375 0.17305781250000002 0.72080625 0.1732125 0.7190453125 0.175 0.7174359375 0.17826718749999998 0.719365625 0.1837734375 0.722134375 0.1864421875
0 0.701646875 0.1534515625 0.7028890624999999 0.15159375 0.702771875 0.14856875 0.6996484374999999 0.148790625 0.698803125 0.154259375 0.701646875 0.1534515625
0 0.668259375 0.1354609375 0.665828125 0.136140625 0.66340625 0.1408515625 0.66338125 0.14540312500000002 0.666878125 0.15050312500000002 0.6690265625 0.15326875 0.6723874999999999 0.1505109375 0.67636875 0.148053125 0.6764249999999999 0.1478015625 0.675453125 0.14298125 0.673109375 0.13797500000000001 0.668259375 0.1354609375
0 0.6665234375 0.065753125 0.6695421875 0.072421875 0.6726453125 0.074040625 0.6763796875 0.0747921875 0.6783578125 0.073865625 0.6822874999999999 0.07456093750000001 0.685653125 0.07526875 0.6869484375 0.0735421875 0.688465625 0.0703296875 0.6871375 0.065709375 0.6804281249999999 0.06411718749999999 0.6745234375 0.06438125 0.6672796875 0.0653640625 0.6665234375 0.065753125
0 0.6724484375 0.08320625000000001 0.6726296875 0.0854515625 0.6739203125000001 0.0865671875 0.6758078125 0.08536875000000001 0.6748125 0.082421875 0.6731499999999999 0.081721875 0.6724484375 0.08320625000000001
0 0.6245734374999999 0.1222453125 0.626371875 0.1215171875 0.628715625 0.1212421875 0.6298812500000001 0.1205796875 0.6331781249999999 0.11644531250000001 0.6289421875000001 0.11520625 0.624859375 0.1154484375 0.621403125 0.11915625 0.6211390625 0.12296718749999999 0.6245734374999999 0.1222453125