0 0.48394062499999996 0.46668281250000004 0.48797187500000005 0.46502968750000007 0.49386093750000004 0.46254999999999996 0.49882187499999997 0.461309375 0.5044015625 0.4683359375 0.510603125 0.467509375 0.5130828125 0.46502968750000007 0.5140125 0.460896875 0.51804375 0.45345625 0.5220734375 0.4546953125 0.52424375 0.44477500000000003 0.5214531250000001 0.43940156249999995 0.5161828125000001 0.4307203125 0.509671875 0.43237500000000006 0.5047125 0.4327875 0.5047125 0.42699999999999994 0.49944218749999997 0.427828125 0.4985125 0.422453125 0.494171875 0.41997343750000005 0.4876609375 0.4274140625 0.48270156249999996 0.41997343750000005 0.47898125 0.4216265625 0.47557031250000004 0.42576093750000005 0.4811515625 0.4327875 0.4830109375 0.4381609375 0.4817703125 0.45386875 0.48518125 0.45717656250000005 0.4830109375 0.4617234375 0.48394062499999996 0.46668281250000004
0 0.489521875 0.5224875 0.49200156249999993 0.521246875 0.49386093750000004 0.5187671875000001 0.494171875 0.5162859375 0.49293125 0.5129796875 0.489521875 0.50760625 0.48921093750000005 0.5026453125 0.48828125 0.4993390625 0.4876609375 0.49727187500000003 0.48332031249999996 0.49603125 0.4783609375 0.4993390625 0.474640625 0.5051249999999999 0.4712296875 0.5117390625 0.467509375 0.5166999999999999 0.46782031249999995 0.521246875 0.4709203125 0.5266203125 0.4740203125 0.5361281250000001 0.47712031250000003 0.545221875 0.4802203125 0.539434375 0.48673124999999995 0.539021875 0.48673124999999995 0.5348875 0.48797187500000005 0.5311671875 0.489521875 0.527446875 0.489521875 0.5224875
0 0.45417968750000004 0.5733296875 0.446428125 0.5729171875 0.4467390625 0.5807703125 0.4467390625 0.5824234374999999 0.451078125 0.5886250000000001 0.4532484375 0.5882109375 0.4563484375 0.581596875 0.45603906250000004 0.5766375 0.45417968750000004 0.5733296875
0 0.527653125 0.5824234374999999 0.52734375 0.578290625 0.5251734375 0.569196875 0.5177328125 0.56175625 0.5112234375 0.5563828125 0.5037828125 0.5518359375 0.4935515625 0.54356875 0.491071875 0.5431546875000001 0.4848703125 0.5439812500000001 0.48053125 0.545634375 0.471540625 0.5477015625 0.4662703125 0.554728125 0.45696875 0.5671296875 0.45541875000000004 0.5766375 0.45386875 0.5898640625 0.45386875 0.5956515625 0.45479843750000004 0.6018515625 0.450459375 0.611771875 0.45541875000000004 0.61590625 0.46905937499999995 0.6312 0.49324218750000004 0.635334375 0.49758125 0.6307875000000001 0.5016125 0.62830625 0.506571875 0.6245859375 0.5078125 0.6179734375 0.5171125 0.6130125 0.5192828125 0.60391875 0.516803125 0.5973046875 0.5251734375 0.5952375 0.527653125 0.5824234374999999
0 0.5546249999999999 0.5811843750000001 0.548425 0.5849046875 0.551525 0.5948249999999999 0.5567953125 0.5939984375 0.5592765625 0.5865578124999999 0.558965625 0.5832499999999999 0.5546249999999999 0.5811843750000001
0 0.5986484375 0.5700234375 0.59461875 0.57994375 0.596478125 0.5832499999999999 0.6032984375 0.5849046875 0.6045390625 0.5820109375 0.60546875 0.5762234375 0.603609375 0.5729171875 0.6029890625000001 0.56795625 0.6017484375000001 0.56754375 0.5986484375 0.5700234375
0 0.6138390625000001 0.5766375 0.61011875 0.587384375 0.61166875 0.59193125 0.61415 0.59193125 0.6215890625 0.5894515625000001 0.622209375 0.5849046875 0.6197296875 0.5778765625 0.616009375 0.5749828124999999 0.6172500000000001 0.5770500000000001 0.6138390625000001 0.5766375
0 0.6209703125 0.578290625 0.6225203125000001 0.5774640625 0.624690625 0.575396875 0.62345 0.572503125 0.6225203125000001 0.5716765625 0.62035 0.5712625 0.6200390625 0.5704359375 0.6181796875 0.575396875 0.6209703125 0.578290625
0 0.6122890625 0.5939984375 0.6107390625 0.6001984375 0.6166296874999999 0.6001984375 0.6153890625 0.5939984375 0.614459375 0.593171875 0.6122890625 0.5939984375
0 0.45386875 0.68824375 0.450459375 0.6886578125 0.44549843750000007 0.68824375 0.4427078125 0.6919640625000001 0.4451890625 0.6977515624999999 0.44952812499999995 0.7027109375 0.45231875 0.695684375 0.4563484375 0.6932046875 0.45696875 0.68824375 0.45386875 0.68824375
0 0.34474218749999996 0.5642359375 0.349703125 0.566715625 0.3540421875 0.5642359375 0.3531125 0.5588625 0.3478421875 0.557209375 0.34567187499999996 0.5580359374999999 0.34474218749999996 0.560103125 0.34474218749999996 0.5642359375
0 0.5654765625 0.39558593750000004 0.56950625 0.392278125 0.5741562499999999 0.3910390625 0.5791171875 0.386078125 0.576946875 0.3840109375 0.57725625 0.38194374999999997 0.5791171875 0.380290625 0.5806671875 0.3765703125 0.5803578125 0.37161093749999996 0.5819078125 0.36871718750000004 0.5800468750000001 0.365409375 0.5800468750000001 0.364996875 0.5812875 0.3616890625 0.5812875 0.359209375 0.5794265625 0.353421875 0.5750875 0.35011562500000004 0.5744671875 0.344328125 0.5701265624999999 0.3414359375 0.568265625 0.3406078125 0.56175625 0.3406078125 0.5509046875 0.3430890625 0.549665625 0.3476359375 0.5478046875 0.3567296875 0.545325 0.3629296875 0.5490453125 0.36789062499999997 0.5509046875 0.3641703125 0.5540046875 0.36789062499999997 0.5580359374999999 0.36954375 0.5586562500000001 0.37574375 0.5586562500000001 0.3790515625 0.558965625 0.386078125 0.562065625 0.3943453125 0.5654765625 0.39558593750000004
0 0.6209703125 0.329034375 0.6281 0.323246875 0.6346109375 0.3133265625 0.626240625 0.30340625 0.6184890625 0.2967921875 0.609809375 0.295965625 0.6014390625 0.3005125 0.5995781250000001 0.3145671875 0.5998890625 0.3249015625 0.6045390625 0.3286203125 0.6079484374999999 0.33358125 0.6150796875 0.330275 0.6209703125 0.329034375
0 0.60701875 0.390625 0.603609375 0.3848375 0.604228125 0.384425 0.6001984375 0.38649062500000003 0.5983390625 0.38566406249999996 0.5958578125 0.3869046875 0.596478125 0.39393125 0.5986484375 0.39599843749999997 0.605159375 0.39475937499999997 0.60701875 0.390625
0 0.6150796875 0.4232796875 0.6178703125 0.4150125 0.6157 0.410053125 0.609809375 0.4096390625 0.60546875 0.42286718749999996 0.6150796875 0.4232796875
0 0.6076390625 0.6663359375 0.6132187499999999 0.6783234375 0.617559375 0.6907234375 0.6197296875 0.6919640625000001 0.62965 0.6915515625 0.64453125 0.6816296875 0.6436015625 0.6721234375 0.6389515625 0.6588953125 0.6281 0.6555890625 0.625 0.6539359375 0.626859375 0.64608125 0.623759375 0.647734375 0.62035 0.650628125 0.614459375 0.65186875 0.608259375 0.6551750000000001 0.6076390625 0.6663359375
0 0.5205234375 0.26661718749999996 0.5251734375 0.27116406249999997 0.5341640625 0.2695109375 0.5332343749999999 0.2620703125 0.527034375 0.2546296875 0.52269375 0.2546296875 0.5208328125 0.2591765625 0.5205234375 0.26661718749999996
0 0.622209375 0.19386562499999999 0.6200390625 0.19675937500000001 0.6197296875 0.20047968749999998 0.6184890625 0.2046125 0.6172500000000001 0.20750625 0.6153890625 0.2112265625 0.616009375 0.21742656249999998 0.61476875 0.221146875 0.6104296875 0.22734843749999997 0.61415 0.23106875 0.6228296875 0.2352015625 0.62655 0.23726875 0.6256203124999999 0.2318953125 0.6287203124999999 0.22569374999999997 0.6308906249999999 0.221146875 0.6290296875 0.2157734375 0.6312 0.21370625 0.6333703125000001 0.20709375 0.62965 0.20047968749999998 0.6271703125 0.19675937500000001 0.625 0.1946921875 0.622209375 0.19386562499999999
0 0.369853125 0.33647499999999997 0.37264375 0.3430890625 0.3751234375 0.3401953125 0.373884375 0.3311015625 0.3701640625 0.33316875 0.369853125 0.33647499999999997
0 0.4526296875 0.38430624999999996 0.4558171875 0.38737656249999997 0.45900625 0.3892671875 0.4609546875 0.389503125 0.46184062499999995 0.387140625 0.459184375 0.386196875 0.45847499999999997 0.383834375 0.4529828125 0.3833609375 0.4526296875 0.38430624999999996
0 0.4395203125 0.878684375 0.43739375 0.8834093749999999 0.44058281250000003 0.8857703125 0.44182187500000003 0.8822281249999999 0.4395203125 0.878684375
0 0.5355375 0 0.5387265625000001 0.0037796875 0.540496875 0.002834375 0.5415609375 0 0.5397890624999999 0 0.5355375 0
0 0.491603125 0 0.49496874999999996 0.0025984375 0.49833437500000005 0.0025984375 0.4993984375 0 0.491603125 0
0 0.72526875 0.00118125 0.722965625 0.001653125 0.7217265625 0.0047234375 0.7238515624999999 0.0087390625 0.7268640625 0.0092125 0.7286359375 0.007557812499999999 0.7289890625 0.0035437499999999996 0.72721875 0.001653125 0.72526875 0.00118125
0 0.7451109375 0 0.745996875 0.0023625 0.7484765624999999 0.0047234375 0.7518421875 0.00330625 0.75095625 0 0.7451109375 0
0 0.7546765625 0 0.7569796875 0.0030703125 0.758928125 0.0018890625000000001 0.7592828125 0 0.7546765625 0
0 0.7226125 0.1651078125 0.726509375 0.166996875 0.7304062499999999 0.166996875 0.732178125 0.166996875 0.7318234375 0.1622734375 0.7325328125 0.1587296875 0.7311156249999999 0.1575484375 0.7311156249999999 0.1554234375 0.7284578125000001 0.15282500000000002 0.7266859375 0.152353125 0.725446875 0.153534375 0.7233203125000001 0.15518749999999998 0.72208125 0.1594390625 0.7226125 0.1651078125
0 0.7001140625 0.23313437499999998 0.69905 0.23596875 0.699759375 0.2376234375 0.70153125 0.23833125000000002 0.7033015625 0.2364421875 0.702415625 0.2345515625 0.701353125 0.233371875 0.7001140625 0.23313437499999998
0 0.717828125 0.2728171875 0.721903125 0.2654953125 0.7233203125000001 0.2614796875 0.72208125 0.25699218749999997 0.7217265625 0.2546296875 0.7181828125 0.2489609375 0.7144625 0.2489609375 0.7132234375000001 0.246834375 0.711096875 0.244709375 0.7073765625 0.24329218749999998 0.705428125 0.2416390625 0.700821875 0.23833125000000002 0.69958125 0.23785937499999998 0.6965703125 0.2392765625 0.6919640625000001 0.238803125 0.6894843749999999 0.244709375 0.6885984374999999 0.25108593749999997 0.685940625 0.25982656249999997 0.68665 0.2671484375 0.691609375 0.2801390625 0.6983421875 0.285571875 0.7034796875 0.2853359375 0.7050734375000001 0.28297500000000003 0.7096796875 0.2801390625 0.7132234375000001 0.2784859375 0.7148171875 0.27659687499999996 0.7167656250000001 0.2744703125 0.717828125 0.2728171875
0 0.6342125000000001 0.3191140625 0.6350984375000001 0.32053125 0.6372234375 0.3212390625 0.6382859375 0.3202953125 0.6384640625 0.318640625 0.6389953125 0.31651562499999997 0.6402359375 0.3148625 0.6412984374999999 0.312971875 0.6411203125 0.3106109375 0.63988125 0.3087203125 0.6374015625 0.30753906249999996 0.6349203125 0.310846875 0.6338578125 0.3150984375 0.6338578125 0.317696875 0.6342125000000001 0.3191140625
0 0.679209375 0.294784375 0.6802718750000001 0.295965625 0.68204375 0.29549375 0.68416875 0.291478125 0.6822203124999999 0.289115625 0.68045 0.2893515625 0.679209375 0.2912421875 0.679209375 0.294784375
0 0.7116281250000001 0.3285625 0.7128687499999999 0.3309234375 0.716234375 0.33304999999999996 0.7206625 0.3321046875 0.7238515624999999 0.329034375 0.72526875 0.3262 0.7256234375 0.318878125 0.72208125 0.31344531249999996 0.720309375 0.3122640625 0.7165890625 0.3125 0.7135765625 0.31698750000000003 0.7128687499999999 0.3219484375 0.7116281250000001 0.3285625
0 0.73341875 0.31816875 0.73395 0.31391718750000003 0.733240625 0.30919375 0.7302296875 0.30801249999999997 0.727571875 0.3087203125 0.7258 0.3127359375 0.7250921875 0.321003125 0.7268640625 0.32289375 0.7309375 0.3219484375 0.73341875 0.31816875
0 0.64909375 0.44831875 0.65121875 0.443121875 0.65121875 0.4393421875 0.6515734375 0.4336734375 0.6384640625 0.43461875 0.6386406250000001 0.436271875 0.64200625 0.4461921875 0.64909375 0.44831875
0 0.642184375 0.49225312499999996 0.637578125 0.49154375000000006 0.6350984375000001 0.49296093750000003 0.6366921875 0.495559375 0.639171875 0.4962671875 0.642715625 0.495559375 0.642184375 0.49225312499999996
0 0.63686875 0.5246125 0.63988125 0.526265625 0.6400578125 0.5298093749999999 0.643246875 0.5307546875 0.643778125 0.5272109375 0.64501875 0.5265015625 0.6469671875 0.5246125 0.6467906250000001 0.522959375 0.6482078125 0.5198890625 0.648384375 0.5179984375 0.64501875 0.5170546875 0.6395265625000001 0.517290625 0.6377546875 0.518234375 0.635275 0.5213062500000001 0.63686875 0.5246125
0 0.6616703125 0.4546953125 0.6599 0.45327812500000003 0.65795 0.45375156250000004 0.658128125 0.4561125 0.6593671875 0.458946875 0.66255625 0.45965625 0.6616703125 0.4546953125
0 0.7234984375 0.513746875 0.7247375 0.5071328125 0.729875 0.5033546875 0.7353671875 0.500046875 0.737846875 0.5017 0.7415671875000001 0.5031171875 0.7484765624999999 0.500046875 0.7557390625 0.49414218749999994 0.7580421875 0.49177968749999995 0.7536140625 0.47548124999999997 0.7474140625000001 0.47784375 0.743515625 0.473828125 0.7412124999999999 0.46910468749999995 0.737315625 0.46886875000000006 0.733240625 0.46863124999999994 0.7311156249999999 0.47571874999999997 0.72721875 0.47571874999999997 0.7245609375 0.4747734375 0.72314375 0.472884375 0.7199546875 0.4740640625 0.717828125 0.4724109375 0.7158796875 0.4674515625 0.7084390625 0.4662703125 0.705428125 0.4634359375 0.7002906249999999 0.46650625 0.7004671874999999 0.46910468749999995 0.695153125 0.46886875000000006 0.6909015625 0.4735921875 0.6880671875 0.4780796875 0.6847015625 0.4804421875 0.6834609375 0.4884734375 0.6818671875 0.49343281250000004 0.6800953125 0.49390625000000005 0.67903125 0.4965046875 0.6800953125 0.5009921875 0.682575 0.504534375 0.6818671875 0.50855 0.683284375 0.5191796875 0.6907234375 0.5283921874999999 0.6955078125 0.5305171875 0.7109203125 0.526265625 0.7165890625 0.5205968750000001 0.7181828125 0.5144562500000001 0.7234984375 0.513746875
0 0.6650375000000001 0.6240546874999999 0.6616703125 0.6259453125000001 0.6584828125 0.6240546874999999 0.65529375 0.625709375 0.6544078125 0.6304328124999999 0.6556484375 0.637990625 0.657065625 0.640825 0.669996875 0.641534375 0.6724765625 0.6384640625 0.6754890625 0.6368109375000001 0.678146875 0.631378125 0.6772609375 0.624290625 0.674603125 0.6235828125 0.6705281249999999 0.6240546874999999 0.6650375000000001 0.6240546874999999
0 0.6785 0.6431875 0.6785 0.6450781250000001 0.680803125 0.64673125 0.68310625 0.6457859375 0.6839921875 0.6450781250000001 0.684346875 0.6436609375 0.684346875 0.64200625 0.6800953125 0.6410625 0.6785 0.6431875
0 0.6513953124999999 0.704365625 0.6577734375000001 0.703184375 0.660784375 0.6979875 0.6629109375 0.6901921875 0.6593671875 0.6852328125 0.65635625 0.6835796875 0.655115625 0.68310625 0.6508640625 0.6842875 0.6492703125 0.685940625 0.6485609375 0.6909015625 0.648915625 0.693971875 0.649625 0.6998765625 0.6513953124999999 0.704365625
0 0.717828125 0.7305843750000001 0.720840625 0.7260953125 0.722434375 0.71971875 0.722434375 0.716175 0.7211953125 0.7142859374999999 0.717296875 0.709325 0.71393125 0.7012937499999999 0.711096875 0.6979875 0.7041875 0.695153125 0.6978109375 0.6932640625000001 0.695153125 0.68995625 0.684346875 0.6906656250000001 0.6823984375000001 0.6852328125 0.676196875 0.6812171874999999 0.669996875 0.681453125 0.665921875 0.68310625 0.66255625 0.6868859375 0.662203125 0.6901921875 0.660253125 0.7001140625 0.659721875 0.7062546875 0.6616703125 0.711215625 0.665390625 0.7131046875 0.6675171875 0.7185374999999999 0.671059375 0.7216078125000001 0.6737171875 0.723025 0.6776140625 0.7275125 0.674603125 0.7305843750000001 0.6749578125 0.733890625 0.6754890625 0.7371984375 0.680803125 0.7461734375 0.6857640625 0.7506609375 0.698696875 0.751134375 0.70666875 0.7497171875 0.7155265625 0.743575 0.7160578125 0.7348359375 0.717828125 0.7305843750000001
0 0.68416875 0.808059375 0.6753125 0.81325625 0.6712374999999999 0.8141999999999999 0.670175 0.8120749999999999 0.6675171875 0.811365625 0.6590140625 0.805696875 0.655115625 0.8075875 0.6547625 0.818215625 0.6565328125 0.8234125000000001 0.6645046875 0.8238843749999999 0.6696421875 0.8219953125 0.6731859375 0.8288453125 0.679740625 0.839475 0.6885984374999999 0.8380578125 0.69444375 0.8340421875 0.695153125 0.82695625 0.6972796875 0.8196328125000001 0.6955078125 0.812546875 0.6901921875 0.808059375 0.68416875 0.808059375
0 0.8151718750000001 0.8445890625000001 0.8192453125 0.83585 0.8227890625000001 0.829 0.8229656249999999 0.8233312500000001 0.81800625 0.8245125 0.8112734375 0.8266375 0.8089703125 0.8268734375 0.8022390625 0.8207328125 0.800290625 0.815771875 0.7953296875 0.8127015625 0.792140625 0.8056156250000001 0.7930265624999999 0.7985296875000001 0.792140625 0.79144375 0.7891296875 0.78435625 0.78416875 0.770234375 0.7714140625 0.7666906250000001 0.7567109375000001 0.7612578125 0.7503328125000001 0.7631484375 0.7436015625 0.7640921875 0.7404124999999999 0.7671625 0.7327953125 0.7733046875 0.7292515625 0.7787375 0.724290625 0.7829890625 0.7223421875 0.786059375 0.7171203125 0.7929421875 0.714640625 0.8052250000000001 0.7165890625 0.8123109375 0.715171875 0.817271875 0.722434375 0.8186890625000001 0.72208125 0.82459375 0.7211953125 0.8373484375 0.7226125 0.8413640625 0.7279265625 0.8446718750000001 0.7374921875 0.8515218750000001 0.7426296875 0.85435625 0.7627703125 0.851203125 0.7668453125 0.8521484375 0.776234375 0.8497859375000001 0.7863328125 0.848840625 0.7907609375 0.8486046875 0.8029484374999999 0.8457703125 0.8084390625 0.8490765625 0.8151718750000001 0.8445890625000001
0 0.7404124999999999 0.8656937499999999 0.742715625 0.8692359375 0.747853125 0.8685281249999999 0.7485609375 0.8645125 0.7457265625 0.8604968749999999 0.7436015625 0.8602609375 0.7428921875000001 0.86096875 0.7404124999999999 0.8656937499999999
0 0.71631875 0.8704171875 0.7133078125 0.8656937499999999 0.7090562499999999 0.8713625 0.71118125 0.8732515624999999 0.7138390625000001 0.8723078125000001 0.7150796875000001 0.8715984375 0.71631875 0.8704171875
0 0.7039187499999999 0.8671109375 0.706753125 0.86781875 0.706221875 0.86215 0.702678125 0.86096875 0.70285625 0.864984375 0.7039187499999999 0.8671109375
0 0.725 0.8982906249999999 0.727125 0.8954546875 0.7269484375 0.8897859374999999 0.7253546875 0.887896875 0.7218109375 0.8916765625 0.725 0.8982906249999999
0 0.7590140625 0.8779765625 0.760253125 0.8789203125 0.7634421875 0.8779765625 0.765390625 0.8727796874999999 0.7616703125 0.8692359375 0.7622015625 0.8675828125 0.760253125 0.8720703125 0.7590140625 0.8779765625
0 0.87934375 0.704421875 0.8784578125 0.6959187499999999 0.8768625 0.688125 0.87633125 0.6808015625 0.8745609375000001 0.671590625 0.8710171875 0.665684375 0.8642859375 0.6614328125 0.8568453125 0.6578906250000001 0.8499359375 0.6545828124999999 0.8447984375 0.654346875 0.823496875 0.664446875 0.8169421874999999 0.6738953125 0.8176515625 0.6812171874999999 0.8082625 0.6852328125 0.8057828125000001 0.6793265625 0.8004671875 0.67625625 0.79745625 0.6738953125 0.7909015625 0.6722406249999999 0.781865625 0.6727140625 0.7742484375 0.6734218750000001 0.76875625 0.6760203125 0.7616703125 0.6727140625 0.7565328124999999 0.675784375 0.75795 0.6833421875 0.75848125 0.6897203125 0.754053125 0.6970421875 0.7508640625 0.704128125 0.74714375 0.7090890625 0.7467890625 0.7131046875 0.750509375 0.7142859374999999 0.7506875 0.727040625 0.7545843750000001 0.7346 0.7586593749999999 0.731765625 0.7620250000000001 0.7355437499999999 0.7680484375 0.741921875 0.771059375 0.7506609375 0.77903125 0.7461734375 0.783815625 0.7374343750000001 0.790015625 0.7331828125000001 0.7983421875000001 0.72656875 0.8045843749999999 0.7266265625 0.808128125 0.725209375 0.8098984375 0.726153125 0.81149375 0.73253125 0.8162765625 0.739853125 0.819996875 0.7419796875 0.8288546875 0.7431609375 0.837534375 0.7448140624999999 0.841609375 0.7429234375 0.846746875 0.739853125 0.850821875 0.7374906250000001 0.8554281250000001 0.7358374999999999 0.863753125 0.73489375 0.8669421875 0.731821875 0.871903125 0.725209375 0.8800515624999999 0.7126890625 0.87934375 0.704421875
0 0.8634000000000001 0.7941234374999999 0.8671203125 0.7872734375 0.8665890624999999 0.7837296874999999 0.8623359374999999 0.7811312499999999 0.8603875000000001 0.7801875 0.8579078125 0.7811312499999999 0.8533015625000001 0.78798125 0.8533015625000001 0.79034375 0.856490625 0.7945953125 0.8605656249999999 0.7960125 0.8634000000000001 0.7941234374999999
0 0.8830640624999999 0.757746875 0.8812921875 0.762 0.882 0.7662515625 0.8855437500000001 0.7705031250000001 0.889971875 0.7695578125 0.8928078125000001 0.7662515625 0.8903265625 0.7594015625 0.889971875 0.7582203125 0.8869609374999999 0.7565671875 0.8830640624999999 0.757746875
0 0.8332828125 0.5860265625000001 0.8339921875 0.5815375 0.830271875 0.5777593750000001 0.8238937500000001 0.5763421875 0.820528125 0.578940625 0.8139734375 0.5883875 0.8159218750000001 0.5945296875 0.824603125 0.5997265625 0.8286765624999999 0.59641875 0.8332828125 0.5860265625000001
0 0.8396609375 0.606103125 0.8409015625 0.603978125 0.8398375 0.60090625 0.8377125 0.6006703124999999 0.8357640625 0.6046859375 0.8368265625 0.6065765625 0.8396609375 0.606103125
0 0.79555 0.5642953125 0.794309375 0.5702 0.80015625 0.5683109375 0.7969671875000001 0.5642953125 0.79555 0.5642953125
0 0.9276203125 0.5026625 0.9237234375 0.5017171874999999 0.92035625 0.5005359375 0.9189390625 0.49746562499999997 0.9185859375 0.491796875 0.9155734375 0.4880171875 0.91309375 0.4851828125 0.907246875 0.484946875 0.896971875 0.4880171875 0.893253125 0.4899078125 0.8895328125 0.49652031250000006 0.890240625 0.5000640625 0.8975046875 0.507621875 0.9001609374999999 0.514471875 0.8928984375000001 0.5118750000000001 0.8840406249999999 0.5114015625 0.8774859375 0.514 0.8700453125 0.5199046875 0.8649078125 0.5284093750000001 0.8573765625 0.5501234375 0.8563140625000001 0.5550828125 0.8579078125 0.5607515624999999 0.8584390624999999 0.568546875 0.8614515624999999 0.5756328125 0.8716390625000001 0.5827359375000001 0.886165625 0.5867515625 0.89360625 0.5829718749999999 0.8996296875 0.57895625 0.9012249999999999 0.574940625 0.90335 0.5671468749999999 0.9061843749999999 0.5605328125 0.9115 0.5527375 0.9138015625 0.5437624999999999 0.9109671875 0.5364390625000001 0.9153968750000001 0.534078125 0.9208890625 0.53100625 0.9235453124999999 0.5279359375 0.9272656250000001 0.5184875 0.926203125 0.51754375 0.9260265625 0.5114015625 0.9276203125 0.5026625
0 0.8454203124999999 0.5114015625 0.84365 0.5099843749999999 0.8409921875 0.51069375 0.8399296875 0.512346875 0.84010625 0.5161265625 0.841878125 0.5184875 0.8440031250000001 0.5165984375 0.8447125 0.514471875 0.844534375 0.51281875 0.8454203124999999 0.5114015625
0 0.8339062500000001 0.4684125 0.8300078125000001 0.46699531250000004 0.8280593749999999 0.4710109375 0.8259343749999999 0.474553125 0.8282375 0.47809687500000003 0.8330203125000001 0.47431718749999996 0.8339062500000001 0.4684125
0 0.9256718749999999 0.6639734374999999 0.9293921875000001 0.664209375 0.9311640625000001 0.6573609375 0.9269109375 0.6578328124999999 0.9256718749999999 0.6639734374999999
0 0.9409062499999999 0.74026875 0.9389578125 0.7445203125 0.935946875 0.7421578125 0.9331125 0.745228125 0.9387812500000001 0.751134375 0.9423234375 0.751134375 0.9440953125 0.7466453125 0.9425015625000001 0.7433390625 0.9409062499999999 0.74026875
0 0.9194718749999999 0.8536468749999999 0.921065625 0.8496312500000001 0.9168140625 0.8467968750000001 0.911321875 0.8453796875 0.9093734375 0.847978125 0.9065390624999999 0.8486859375 0.9056531250000001 0.85435625 0.907246875 0.8583718749999999 0.911853125 0.857190625 0.9161046875000001 0.857190625 0.9194718749999999 0.8536468749999999
0 0.921065625 0.854828125 0.9201796874999999 0.8557734375000001 0.9180546875 0.8616781250000001 0.9205343750000001 0.8630953124999999 0.922659375 0.8590796875000001 0.9231921875 0.8569531250000001 0.922659375 0.854828125 0.921065625 0.854828125
0 0.9414390625 0.84278125 0.938071875 0.8430171874999999 0.9373640625 0.84845 0.9391359375 0.8491593749999999 0.9433875 0.8491593749999999 0.943209375 0.8460890624999999 0.9414390625 0.84278125
0 0.9233687500000001 0.8167984374999999 0.9205343750000001 0.8137281249999999 0.9191171875 0.8156171875 0.9185859375 0.81774375 0.9196484375 0.8189249999999999 0.9223062499999999 0.819396875 0.9233687500000001 0.8167984374999999
0 0.9325812499999999 0.8904953125 0.9355921875 0.8869515625 0.9371859375 0.885534375 0.9389578125 0.8831734375 0.9339984375 0.8798656250000001 0.9316953124999999 0.8798656250000001 0.9309859375 0.8848265625 0.9325812499999999 0.8904953125
0 0.9173453125 0.8952187500000001 0.9138015625 0.8978171875 0.9090187500000001 0.9006515625 0.9099046875000001 0.9051390625 0.9157515625 0.9063203124999999 0.920003125 0.9046671875 0.9260265625 0.9030140624999999 0.9208890625 0.8926203125000001 0.9173453125 0.8952187500000001
0 0.9618109374999999 0.8789203125 0.9653546875 0.8782125000000001 0.9669484374999999 0.8753781249999999 0.9673031249999999 0.8720703125 0.963228125 0.8687640625 0.96039375 0.870890625 0.9602171875 0.8756140625000001 0.9618109374999999 0.8789203125
0 0.9579140625000001 0.866165625 0.9591531249999999 0.869 0.961634375 0.8685281249999999 0.96039375 0.8638031249999999 0.95933125 0.8635671874999999 0.9579140625000001 0.866165625
0 0.95118125 0.8940374999999999 0.9525984375000001 0.8864796875 0.9497640625000001 0.885534375 0.947284375 0.887425 0.9487015624999999 0.8921484375000001 0.9504734375 0.8954546875 0.95118125 0.8940374999999999
0 0.982496875 0.77900625 0.9851546875 0.7707390625 0.9840921874999999 0.7690859375 0.9785999999999999 0.771446875 0.9771828125 0.7752265625 0.97913125 0.777825 0.982496875 0.77900625
0 0.9736390625 0.78821875 0.9770046875 0.78798125 0.9814343750000001 0.7849109375000001 0.981965625 0.7813687500000001 0.9743484375 0.7797140625 0.9738171875000001 0.7813687500000001 0.97293125 0.784203125 0.9736390625 0.78821875
0 0.962125 0.778296875 0.96265625 0.772628125 0.96265625 0.7690859375 0.9603531249999999 0.7690859375 0.957340625 0.7723921875 0.9569875 0.7775890624999999 0.962125 0.778296875
0 0.9640734375 0.7355437499999999 0.9599984375 0.735071875 0.9605296875 0.74239375 0.9656671875 0.7374343750000001 0.9640734375 0.7355437499999999
0 0.9933031250000001 0.7901078125 0.9913546875 0.794359375 0.9979093750000001 0.7922328125 0.998440625 0.786328125 0.9964921875 0.785146875 0.9933031250000001 0.7901078125
0 0.9948984375000001 0.681925 0.99560625 0.6842875 0.9998578124999999 0.6880671875 1 0.676965625 0.9970234375 0.6793265625 0.9948984375000001 0.681925
0 1 0.618621875 0.9961375 0.6172046875 0.992240625 0.619803125 0.9908234374999999 0.6268890625 0.9940125 0.6339765625 0.9987953125000001 0.639171875 1 0.6356296875 1 0.618621875
0 0.9747031249999999 0.381471875 0.972221875 0.3817078125 0.970628125 0.3807640625 0.9685015625 0.381471875 0.967084375 0.38241718750000003 0.9663765625 0.38477968749999997 0.9661984374999999 0.387140625 0.9697421875 0.39351875000000003 0.9725765624999999 0.391628125 0.9782453125 0.38879375 0.9793078124999999 0.383834375 0.9768281249999999 0.3812359375 0.9747031249999999 0.381471875
0 0.9805484375000001 0.40580156250000005 0.9849765625 0.40367499999999995 0.9858625 0.4013140625 0.983028125 0.3994234375 0.9812578125 0.39965937500000004 0.9798406249999999 0.40343906250000006 0.9805484375000001 0.40580156250000005
0 0.9594671874999999 0.4067453125 0.9585812499999999 0.4091078125 0.9592906250000001 0.41265156249999996 0.9658453124999999 0.4131234375 0.96991875 0.410053125 0.9692109375 0.4062734375 0.9667296875 0.40438437499999996 0.96478125 0.40580156250000005 0.962478125 0.408871875 0.9601749999999999 0.406509375 0.9594671874999999 0.4067453125
0 1 0.45729375 0.9966687500000001 0.4570578125 0.99560625 0.45871093749999997 0.99560625 0.46201875000000003 0.9970234375 0.464615625 1 0.4629625 1 0.45729375
0 1 0.41217812499999995 0.9977328125 0.4131234375 0.9966687500000001 0.41525 0.9964921875 0.419265625 1 0.42068281250000006 1 0.41217812499999995
0 0.9998578124999999 0.3262 0.9947203124999999 0.3264359375 0.9918859375 0.3321046875 0.99046875 0.3389546875 0.9970234375 0.3406078125 1 0.3408453125 0.9998578124999999 0.3262
0 0.9848000000000001 0.339428125 0.987103125 0.3380109375 0.9885203125 0.33612031249999996 0.9902921875 0.333521875 0.9908234374999999 0.329034375 0.988165625 0.3262 0.9872796875000001 0.32478281249999996 0.9848000000000001 0.3238375 0.9817890625000001 0.3269078125 0.9817890625000001 0.332340625 0.98320625 0.3380109375 0.9848000000000001 0.339428125
0 0.9725765624999999 0.2985640625 0.97293125 0.3030515625 0.9755874999999999 0.3035234375 0.9759421875 0.2988 0.9725765624999999 0.2985640625
0 0.88665625 0.31651562499999997 0.884 0.3219484375 0.8820499999999999 0.330215625 0.8870109375 0.3380109375 0.893034375 0.339428125 0.8964000000000001 0.33919062499999997 0.8983484374999999 0.3321046875 0.89693125 0.3304515625 0.8985265625000001 0.3243109375 0.8983484374999999 0.3212390625 0.8979953125 0.31934999999999997 0.897109375 0.3179328125 0.892503125 0.3162796875 0.88665625 0.31651562499999997
0 0.919253125 0.34108125 0.9180125 0.343915625 0.9173046875 0.348875 0.9194296874999999 0.35005625 0.9212015625 0.349584375 0.9219109375000001 0.3481671875 0.9220875 0.3446234375 0.9206703125000001 0.3396640625 0.919253125 0.34108125
0 0.9821421875 0.3599765625 0.9800171875 0.3639921875 0.97913125 0.3663546875 0.97505625 0.36564687500000004 0.9762968750000001 0.37391406250000003 0.9759421875 0.37934687500000003 0.9768281249999999 0.38005468750000004 0.9796625000000001 0.380290625 0.9816109375 0.3784015625 0.983028125 0.37296874999999996 0.9835593749999999 0.3708421875 0.987103125 0.370134375 0.988875 0.36848125 0.9897609375 0.3658828125 0.98940625 0.36375625 0.9851546875 0.35974062500000004 0.9821421875 0.3599765625
0 1 0.21093125000000001 0.9993265625 0.207625 0.9959609374999999 0.205971875 0.9908234374999999 0.212821875 0.990646875 0.21778124999999998 0.9929500000000001 0.21967187500000002 0.9948984375000001 0.219434375 0.9982640625 0.218490625 1 0.21754531250000003 1 0.21093125000000001
0 0.9188984375 0.1703046875 0.9199624999999999 0.16959531249999998 0.9220875 0.168178125 0.918653125 0.164196875 0.918190625 0.16534374999999998 0.9180718750000001 0.164084375 0.9157093749999999 0.1672328125 0.91535625 0.17124843750000002 0.9188984375 0.1703046875
0 0.9437 0.17668124999999998 0.9426375 0.1740828125 0.9410437500000001 0.172903125 0.9382093749999999 0.1743203125 0.9380312500000001 0.178571875 0.9396265625 0.18140625 0.9422828125 0.180225 0.9437 0.17668124999999998
0 0.9031328125 0.21541875 0.9047265624999999 0.2158921875 0.9052578125 0.214946875 0.9063203124999999 0.2111671875 0.9052578125 0.2078609375 0.90206875 0.2090421875 0.9017156249999999 0.21164062499999997 0.9031328125 0.21541875
0 0.9385625 0.25628281249999996 0.940865625 0.2541578125 0.9406890625000001 0.2517953125 0.9375 0.2532125 0.9371453125 0.25699218749999997 0.9385625 0.25628281249999996
0 0.918190625 0.23148125 0.919253125 0.2324265625 0.9217328124999999 0.2279390625 0.9199624999999999 0.22581250000000003 0.918190625 0.23148125
0 0.8002062499999999 0.10723750000000001 0.7975484374999999 0.10275000000000001 0.7964859375 0.1003875 0.793296875 0.0994421875 0.788690625 0.1018046875 0.7878046875 0.107709375 0.7897531250000001 0.113615625 0.7966624999999999 0.11385156249999999 0.7991421875 0.113378125 0.8002062499999999 0.10723750000000001
0 0.789221875 0.126134375 0.79311875 0.125896875 0.7941828125 0.1223546875 0.7940046875 0.119046875 0.7911703125 0.11645000000000001 0.78745 0.1199921875 0.789221875 0.126134375
0 0.7741640624999999 0.1070015625 0.7775296875000001 0.10889062499999999 0.7791234375 0.10416718750000001 0.7761125 0.100859375 0.7741640624999999 0.1070015625
0 0.764775 0.09117499999999999 0.764596875 0.095190625 0.7684953125 0.0904671875 0.766546875 0.0885765625 0.764775 0.09117499999999999
0 0.7583968750000001 0.186603125 0.75503125 0.183059375 0.7530828125 0.18258749999999999 0.750425 0.1837671875 0.7495390625 0.18967343750000001 0.7488312500000001 0.195578125 0.7514875 0.197940625 0.751665625 0.203609375 0.757334375 0.20337343749999998 0.76123125 0.20644374999999998 0.7621171875 0.20644374999999998 0.7644203125 0.2043171875 0.76530625 0.20266406250000002 0.7631796875 0.20030312499999997 0.764065625 0.1977046875 0.76530625 0.192034375 0.764065625 0.1877828125 0.76229375 0.1856578125 0.7583968750000001 0.186603125
0 0.7855015625 0.2699828125 0.7863875 0.274234375 0.7897531250000001 0.27706875000000003 0.7922328125 0.27706875000000003 0.79311875 0.2756515625 0.7936515625 0.271871875 0.7934734375 0.2678578125 0.7860328125 0.26762031249999996 0.7855015625 0.2699828125
0 0.7821359375 0.2853359375 0.7842609375 0.28297500000000003 0.78284375 0.2763609375 0.7759359375 0.2773046875 0.7782390625 0.2853359375 0.7821359375 0.2853359375
0 0.8547687500000001 0.248015625 0.8568953125000001 0.241875 0.8545921875 0.238803125 0.851403125 0.2385671875 0.8499859375 0.24234687500000002 0.850340625 0.2477796875 0.8547687500000001 0.248015625
0 0.867346875 0.25628281249999996 0.8678781250000001 0.2579359375 0.8705359375 0.25982656249999997 0.873725 0.2591171875 0.8749640624999999 0.2574640625 0.8746109375 0.25675625 0.8754953125 0.25392031249999997 0.8781531250000001 0.2513234375 0.8783312499999999 0.24730781249999997 0.8698265624999999 0.24659843750000002 0.8694734375 0.24612656249999998 0.8685875 0.2470703125 0.8678781250000001 0.25203125000000004 0.867346875 0.25628281249999996
0 0.7968390624999999 0.30848437500000003 0.795421875 0.312028125 0.7948906250000001 0.3148625 0.793828125 0.31698750000000003 0.7952453125 0.3224203125 0.7991421875 0.32171249999999996 0.8016234375 0.32053125 0.805696875 0.3146265625 0.805696875 0.3125 0.8041031249999999 0.3087203125 0.8018000000000001 0.3065953125 0.8000281250000001 0.3058859375 0.797903125 0.306121875 0.7968390624999999 0.30848437500000003
0 0.756803125 0.2990359375 0.7536140625 0.29998125 0.7502484375 0.3054140625 0.7514875 0.3101375 0.7541453125 0.312971875 0.75609375 0.318878125 0.7555625 0.3269078125 0.75503125 0.3271453125 0.74989375 0.33186875 0.7520203125 0.3375375 0.752196875 0.3446234375 0.7523734375 0.3505296875 0.754321875 0.3545453125 0.7603453124999999 0.3611578125 0.76530625 0.3658828125 0.7727468749999999 0.36611875 0.7746953125 0.369425 0.7793015624999999 0.368953125 0.7862109375 0.3630484375 0.78691875 0.35737968750000004 0.7904625000000001 0.3505296875 0.7922328125 0.34509687499999997 0.793296875 0.33706562500000004 0.7924109374999999 0.322184375 0.7918796875 0.31982187500000003 0.7895765625 0.3172234375 0.7844390625 0.32053125 0.78479375 0.317696875 0.7831984375000001 0.31344531249999996 0.78284375 0.3099015625 0.780009375 0.30848437500000003 0.77770625 0.30895625 0.7761125 0.3122640625 0.773278125 0.3146265625 0.7702671875 0.312971875 0.76743125 0.311790625 0.767078125 0.30683125 0.7658375000000001 0.3013984375 0.7644203125 0.298328125 0.7605234375000001 0.2985640625 0.756803125 0.2990359375
0 0.8078234375 0.386196875 0.8099484374999999 0.383834375 0.8117203125 0.3795828125 0.8094171875 0.37533125 0.8045734375 0.3733125 0.801090625 0.37533125 0.797903125 0.3772203125 0.7963078125 0.381 0.795421875 0.3885578125 0.8007375 0.39328281249999997 0.8072921875000001 0.391628125 0.8083546875 0.3897390625 0.8078234375 0.386196875
0 0.756625 0.4147765625 0.7532593750000001 0.4159578125 0.751665625 0.4147765625 0.752728125 0.4086359375 0.7529046875 0.40485625000000003 0.7493624999999999 0.4022578125 0.74581875 0.40532812500000004 0.7461734375 0.396825 0.7382015625 0.39588125 0.729875 0.4079265625 0.7263328125 0.406509375 0.720840625 0.410053125 0.7174750000000001 0.419028125 0.717828125 0.42871249999999994 0.7210171875 0.43509062500000006 0.7295203124999999 0.44382968749999996 0.735190625 0.4513890625 0.7390875 0.4492625 0.7410359375 0.44572031250000005 0.746528125 0.44595624999999994 0.7486531249999999 0.43697968749999994 0.7525515625 0.43603593749999997 0.7552078125 0.433909375 0.75503125 0.42847656250000005 0.756803125 0.4265875 0.758575 0.4178484375 0.756625 0.4147765625
0 0.7534375 0.4577671875 0.7525515625 0.46650625 0.7587515625 0.4674515625 0.7607 0.4662703125 0.76123125 0.4615453125 0.76016875 0.458946875 0.75609375 0.4563484375 0.7534375 0.4577671875
0 0.7518421875 0.605159375 0.76229375 0.6049218749999999 0.7734546875 0.598309375 0.781959375 0.59193125 0.7821359375 0.5853171875000001 0.785325 0.5803578125 0.7862109375 0.5723265625 0.7826671875 0.56925625 0.77770625 0.5598078125 0.7762890625 0.5527203125 0.769203125 0.5430359375 0.7644203125 0.5397296875 0.7598140625 0.5420921875 0.7500703125 0.544453125 0.7490078125 0.5392578125 0.7452875 0.53476875 0.7445796875 0.5298093749999999 0.74369375 0.5239046875 0.7392640625 0.521778125 0.7353671875 0.52225 0.7325328125 0.524140625 0.7302296875 0.5276828124999999 0.7291671875 0.5352421875 0.732178125 0.539021875 0.7346578125 0.54185625 0.7382015625 0.5472890625 0.7353671875 0.5590984375 0.73448125 0.5676015624999999 0.7284578125000001 0.5687828125000001 0.7258 0.573034375 0.7312921875 0.5888609375 0.738378125 0.5992531249999999 0.7518421875 0.605159375
0 0.3326515625 0.22652187499999998 0.32738125 0.217840625 0.3236609375 0.21701406250000002 0.3196296875 0.2261078125 0.321490625 0.23396093750000002 0.327690625 0.23478906249999998 0.3326515625 0.22652187499999998
0 0.18012187500000001 0.0892859375 0.1767109375 0.0863921875 0.172990625 0.0839125 0.17113125 0.08680625 0.1720609375 0.09755312499999999 0.1767109375 0.10168593749999999 0.18012187500000001 0.0892859375
0 0.1900421875 0.1012734375 0.1829109375 0.09920625 0.17888125 0.10292656250000001 0.18074218749999998 0.10499375 0.183221875 0.1136734375 0.18849218750000002 0.11615468749999999 0.1900421875 0.1012734375
0 0.16245 0.103753125 0.1643109375 0.10168593749999999 0.16399999999999998 0.09920625 0.1587296875 0.0996203125 0.159040625 0.103753125 0.16245 0.103753125
0 0.29885937500000004 0.1297953125 0.301959375 0.1297953125 0.30381874999999997 0.1273140625 0.3053703125 0.1235953125 0.30226875 0.11615468749999999 0.29792968750000004 0.1235953125 0.2969984375 0.1269015625 0.29885937500000004 0.1297953125
0 0.252046875 0.21164062499999997 0.2545265625 0.214534375 0.25886718750000004 0.21370625 0.26010625 0.20874687500000003 0.2591765625 0.20378593750000001 0.2573171875 0.2017203125 0.254215625 0.202959375 0.252046875 0.21164062499999997
0 0.3045640625 0.8604499999999999 0.3045640625 0.855159375 0.2966265625 0.862434375 0.2946421875 0.8723546875 0.3005953125 0.875 0.3080359375 0.87169375 0.30753906249999996 0.86375625 0.3015875 0.8591265625 0.3045640625 0.8604499999999999
0 0.2490078125 0.45039687500000003 0.25496093750000004 0.44246093750000004 0.2450390625 0.431878125 0.24355156249999999 0.420634375 0.23759843749999998 0.41798906249999995 0.23511875 0.4292328125 0.24057499999999998 0.4457671875 0.2490078125 0.45039687500000003
0 0.123015625 0.40145468749999996 0.11706406250000001 0.402115625 0.1076390625 0.41071406250000003 0.11805625 0.41931250000000003 0.12549531249999998 0.4126984375 0.12698437499999998 0.4041 0.123015625 0.40145468749999996
0 0.0520828125 0.054940625 0.055059375 0.0595703125 0.0654765625 0.0489890625 0.0595234375 0.040390625 0.053075000000000004 0.047004687499999996 0.0520828125 0.054940625
0 1 0.8872921874999999 0.9834890625 0.88596875 0.9735671874999999 0.8899374999999999 0.962159375 0.8958890625 0.94380625 0.9091171875 0.9299171875000001 0.9111015625000001 0.9204921875000001 0.9077937500000001 0.903628125 0.91506875 0.89281875 0.9011796875 0.8784328125 0.898534375 0.879425 0.9183765625 0.8709921875 0.9124234375 0.8595843750000001 0.906471875 0.8397421875 0.9097781250000001 0.82635 0.9183765625 0.8124609375 0.9223437499999999 0.78648125 0.9130859375 0.7825124999999999 0.9038265624999999 0.775071875 0.8932437500000001 0.7582078125 0.8919218750000001 0.757215625 0.8793546875 0.751759375 0.8813390625 0.7507671874999999 0.8965515625 0.7343968750000001 0.9077937500000001 0.700171875 0.913746875 0.6778500000000001 0.9144078125 0.650071875 0.9203609374999999 0.637671875 0.9216828125 0.6421359375 0.9051484375 0.6371749999999999 0.898534375 0.63171875 0.9111015625000001 0.6217984375000001 0.9163921875 0.6198140624999999 0.9243281250000001 0.6034453125 0.91506875 0.6118781249999999 0.9031640624999999 0.6089015625 0.898534375 0.6054296875 0.8958890625 0.59898125 0.898534375 0.5979890625000001 0.9058093749999999 0.5606171875 0.9074078125 0.5511921875 0.902778125 0.5457359375 0.9087296874999999 0.5134937500000001 0.9074078125 0.4981171875 0.9041 0.48323593750000005 0.906084375 0.46190625 0.9054234375 0.4504984375 0.9074078125 0.42916875 0.9021156250000001 0.401390625 0.9093921875 0.3894859375 0.906084375 0.374109375 0.8935187499999999 0.35476406250000003 0.8935187499999999 0.346828125 0.8974875000000001 0.3309546875 0.9021156250000001 0.3169640625 0.894840625 0.3120046875 0.8974875000000001 0.2966265625 0.9047625 0.284721875 0.8994703124999999 0.2728171875 0.8921953125 0.2514875 0.9021156250000001 0.2514875 0.8928578125 0.230159375 0.8796296874999999 0.22519843750000001 0.8902109375 0.215278125 0.8769843749999999 0.1810515625 0.8796296874999999 0.15724218750000002 0.8809531249999999 0.1587296875 0.8736765625 0.14930625 0.8690468750000001 0.1388890625 0.8822749999999999 0.12698437499999998 0.8657406249999999 0.1076390625 0.8505296875000001 0.082340625 0.8306875 0.061012500000000004 0.8187828125 0.03670625 0.8035718749999999 0.0248015625 0.7936515625 0.0014874999999999999 0.7824078125 0 0.8079265625 0 0.880678125 0.014074999999999999 0.883984375 0.027964062499999998 0.8866296874999999 0.074590625 0.8972125 0.1346109375 0.9130859375 0.180125 0.9077937500000001 0.21633593750000002 0.9144078125 0.2619703125 0.9243281250000001 0.3036375 0.9263125000000001 0.3428234375 0.93028125 0.40308124999999995 0.9368953125000001 0.4293703125 0.9355718749999999 0.47153437499999995 0.9388781249999999 0.5022875 0.9415250000000001 0.5429625 0.9481375 0.5717328125 0.9488 0.6392421875000001 0.9534296875000001 0.6600765625 0.9514453125 0.675453125 0.9514453125 0.6903343750000001 0.9540906250000001 0.717615625 0.9534296875000001 0.7538265625 0.9534296875000001 0.7706906250000001 0.9521062499999999 0.79698125 0.9534296875000001 0.805909375 0.9534296875000001 0.82029375 0.9494609374999999 0.833190625 0.9474765625 0.8431109375 0.9481375 0.8436078124999999 0.9461546875 0.8584890625 0.9481375 0.88825 0.9441703125 0.9041234375 0.9441703125 0.9259484375 0.9435078125 0.930909375 0.9388781249999999 0.9428140624999999 0.9375562499999999 0.958190625 0.9342484375 0.9725765624999999 0.9329265625 0.98596875 0.928296875 1 0.9256515625 1 0.8872921874999999
0 0.4296875 0.51171875 0.434375 0.51328125 0.43203125 0.5046875 0.4296875 0.51171875
0 0.384375 0.50078125 0.3921875 0.50546875 0.38984375 0.4984375 0.384375 0.50078125
0 0.37421875 0.5609375 0.3734375 0.56953125 0.38125 0.57109375 0.384375 0.56484375 0.37421875 0.5609375
0 0.3796875 0.69921875 0.3875 0.70390625 0.38515625 0.6953125 0.3796875 0.69921875
0 0.38671875 0.7203125 0.384375 0.73046875 0.3890625 0.73203125 0.3921875 0.72265625 0.38671875 0.7203125
0 0.38359375 0.4625 0.3828125 0.46953125 0.3890625 0.47109375 0.390625 0.46484375 0.38359375 0.4625
0 0.48203125 0.6484375 0.4796875 0.65546875 0.484375 0.65703125 0.4875 0.65078125 0.48203125 0.6484375
0 0.5796875 0.00078125 0.5890625 0.00390625 0.58984375 0 0.5796875 0.00078125
0 0.41171875 0.0921875 0.4109375 0.10078125 0.4171875 0.10546875 0.4203125 0.09921875 0.41171875 0.0921875
0 0.44765625 0.7796875 0.44375 0.78671875 0.45 0.79140625 0.453125 0.78203125 0.44765625 0.7796875
0 0.42109375 0.8875 0.4203125 0.89765625 0.425 0.89765625 0.4265625 0.88984375 0.42109375 0.8875
0 0.6859375 0.18984375 0.6921875 0.19140625 0.68828125 0.184375 0.6859375 0.18984375
0 0.7015625 0.21796875 0.70625 0.21953125 0.70546875 0.2125 0.7015625 0.21796875
0 0.8671875 0.63515625 0.871875 0.63515625 0.86953125 0.628125 0.8671875 0.63515625
0 0.89453125 0.678125 0.890625 0.68671875 0.9 0.68828125 0.9015625 0.68203125 0.89453125 0.678125
0 0.953125 0.71484375 0.959375 0.71953125 0.96015625 0.7140625 0.953125 0.71484375
0 0.30625 0.24765625 0.3109375 0.25078125 0.31015625 0.240625 0.30625 0.24765625
0 0.43828125 0.89375 0.4328125 0.89921875 0.4375 0.90703125 0.44375 0.89921875 0.43828125 0.89375
0 0.2765625 0.85078125 0.2828125 0.85234375 0.27890625 0.84375 0.2765625 0.85078125
0 0.23359375 0.6203125 0.23125 0.62734375 0.240625 0.63203125 0.2421875 0.62421875 0.23359375 0.6203125
0 0.1859375 0.63203125 0.1953125 0.63671875 0.19296875 0.6296875 0.1859375 0.63203125
0 0.19296875 0.640625 0.190625 0.64609375 0.196875 0.64921875 0.1984375 0.64296875 0.19296875 0.640625
0 0.3046875 0.57734375 0.3109375 0.58046875 0.30703125 0.5734375 0.3046875 0.57734375
0 0.16796875 0.540625 0.1640625 0.55078125 0.171875 0.56015625 0.175 0.54609375 0.16796875 0.540625
0 0.31640625 0.3203125 0.3140625 0.32890625 0.3234375 0.33046875 0.325 0.32421875 0.31640625 0.3203125
0 0.23671875 0.015625 0.234375 0.02890625 0.240625 0.03046875 0.2421875 0.01796875 0.23671875 0.015625
0 0.20078125 0 0.1984375 0.01015625 0.20625 0.01171875 0.209375 0.00078125 0.20078125 0
0 0.31796875 0.0078125 0.315625 0.02109375 0.3234375 0.02421875 0.325 0.00859375 0.31796875 0.0078125
0 0.37734375 0.0109375 0.396875 0.01328125 0.4046875 0.00859375 0.40390625 0 0.375 0.00234375 0.37734375 0.0109375
0 0.03828125 0.41875 0.0359375 0.43203125 0.040625 0.43828125 0.04375 0.42734375 0.03828125 0.41875
0 0.03671875 0.5796875 0.040625 0.58828125 0.04375 0.58359375 0.03671875 0.5796875