0 0.49284375 0.503590625 0.49000781250000003 0.50973125 0.4882375 0.525321875 0.48859062499999995 0.534296875 0.499575 0.5380765625 0.49000781250000003 0.5461078125000001 0.49390625000000005 0.5522484375000001 0.496740625 0.5489421875 0.5102046875 0.5461078125000001 0.521896875 0.544690625 0.5250843749999999 0.5546109375 0.5318171875 0.5546109375 0.5403203125 0.5541390625 0.5431546875000001 0.551303125 0.5466984375 0.5413828125 0.553075 0.531934375 0.5598078125 0.5272109375 0.5619328125 0.5144562500000001 0.5608703125 0.506896875 0.5544921875 0.4969765625 0.54528125 0.49177968749999995 0.5367765624999999 0.48705625 0.5325249999999999 0.49367031250000004 0.5272109375 0.4903625 0.529690625 0.487528125 0.527565625 0.48469375000000003 0.5204796875000001 0.48469375000000003 0.517290625 0.4719390625 0.507015625 0.476190625 0.503471875 0.47713593750000005 0.5013468750000001 0.48563906250000005 0.4981578125 0.48422187499999997 0.49000781250000003 0.47524531249999996 0.48363125 0.46674218749999996 0.478315625 0.47524531249999996 0.4811515625 0.4884734375 0.4942609375 0.48941875 0.49284375 0.503590625
0 0.50630625 0.6240546874999999 0.50630625 0.6094109375000001 0.5013468750000001 0.606103125 0.49248906249999996 0.6070484375 0.4811515625 0.6169687500000001 0.47052187500000003 0.6339765625 0.46910468749999995 0.647675 0.47300156250000003 0.664209375 0.4786703125 0.66940625 0.4811515625 0.68074375 0.4878828125 0.6901921875 0.497803125 0.6816890625 0.4999296875 0.6764921875 0.503471875 0.665628125 0.5038265625 0.6524 0.5112671875 0.64673125 0.5141015624999999 0.6405890624999999 0.511621875 0.6297234375 0.50630625 0.6240546874999999
0 0.4439484375 0.8007375 0.44749218749999997 0.8130203125 0.4524515625 0.8205781249999999 0.46166406249999997 0.8276640625 0.47441875 0.8390015625 0.497803125 0.8418374999999999 0.5144562500000001 0.8418374999999999 0.527565625 0.83144375 0.5364234375 0.8238843749999999 0.5396109375 0.818215625 0.543509375 0.8078234375 0.5559093749999999 0.8021546875000001 0.5573265625 0.79270625 0.553075 0.7808953125 0.5534296875 0.7756984375 0.566184375 0.7719203125 0.56795625 0.75160625 0.566184375 0.7322375 0.5622874999999999 0.7204265624999999 0.5566187499999999 0.7166484375 0.543509375 0.710978125 0.5357140625000001 0.7001140625 0.5254390625 0.6920828125 0.5094953125 0.6835796875 0.511975 0.6849968750000001 0.5038265625 0.6868859375 0.49284375 0.6873578124999999 0.48221406250000004 0.6897203125 0.4708765625 0.6968062500000001 0.461309375 0.7076718750000001 0.45174375 0.7185374999999999 0.4485546875 0.732709375 0.4471375 0.7412124999999999 0.43721718750000005 0.7346 0.4297765625 0.738378125 0.430484375 0.7558578125000001 0.4382796875 0.7671953125 0.4471375 0.7643609375 0.44572031250000005 0.776171875 0.44820000000000004 0.787509375 0.4439484375 0.8007375
0 0.61011875 0.76058125 0.6122453125 0.76530625 0.6168515625000001 0.7695578125 0.6207484375 0.7700296875 0.6239375 0.7662515625 0.6260625 0.7610546874999999 0.6271265625 0.7525515625 0.618621875 0.743103125 0.6161421875 0.7449921875000001 0.6125984375 0.7483 0.60905625 0.75160625 0.60905625 0.7553859375 0.61011875 0.76058125
0 0.43650781250000004 0.9334843749999999 0.43119375 0.9429328124999999 0.43331875000000003 0.9533250000000001 0.43225625 0.9566328125 0.4265875 0.9656078125 0.4336734375 0.9764734374999999 0.44749218749999997 0.977890625 0.45422343749999994 0.968915625 0.45422343749999994 0.9571046875 0.4563484375 0.949546875 0.4563484375 0.9405703125 0.4503265625 0.9405703125 0.446428125 0.9349015625 0.43650781250000004 0.9334843749999999
0 0.612940625 0.33304999999999996 0.6093968750000001 0.332578125 0.6005390625 0.332578125 0.6030203125 0.34202499999999997 0.599121875 0.35241875 0.59983125 0.36045 0.5973515625 0.36375625 0.5948703125 0.366590625 0.596996875 0.37698437500000004 0.60089375 0.3784015625 0.6069171875 0.37415 0.612940625 0.383125 0.6193187499999999 0.380290625 0.6179015625 0.3864328125 0.6217984375000001 0.398715625 0.6182546875 0.40343906250000006 0.6193187499999999 0.410525 0.623215625 0.418084375 0.6246328125 0.426115625 0.6303015624999999 0.423753125 0.6377546875 0.42233593750000004 0.650496875 0.41241562500000006 0.650496875 0.40155 0.6558125 0.39588125 0.6565203125 0.38879375 0.6575828125000001 0.3840703125 0.6565203125 0.3784015625 0.6575828125000001 0.3698984375 0.6582921875000001 0.363284375 0.6543953124999999 0.35241875 0.649434375 0.3481671875 0.643765625 0.3434421875 0.6423484375 0.3354125 0.640221875 0.32974375 0.6341984375 0.3321046875 0.6303015624999999 0.330215625 0.6271125 0.330215625 0.625340625 0.32785312499999997 0.612940625 0.33304999999999996
0 0.7025812499999999 0.4695765625 0.711084375 0.4676875 0.7163984375 0.464853125 0.7181703125000001 0.46107343749999996 0.718878125 0.4558765625 0.718878125 0.4478453125 0.7153359375 0.44548437500000004 0.7089578125 0.44548437500000004 0.70470625 0.4506796875 0.7011625 0.46012812500000005 0.7004546875 0.4676875 0.7025812499999999 0.4695765625
0 0.6806140625 0.4114703125 0.6816765625000001 0.4147765625 0.6845109375 0.4228078125 0.689825 0.423753125 0.6965578125 0.42091874999999995 0.7001000000000001 0.41430468749999994 0.6993921875 0.4114703125 0.6947859375000001 0.4062734375 0.6919515625 0.40769062500000003 0.6891171875000001 0.4067453125 0.6845109375 0.40391093749999996 0.68203125 0.40391093749999996 0.6806140625 0.4114703125
0 0.58140625 0.35572499999999996 0.585659375 0.347221875 0.5863671874999999 0.3458046875 0.5799890624999999 0.3406078125 0.5757375 0.34202499999999997 0.5746749999999999 0.35667031250000003 0.58140625 0.35572499999999996
0 0.7128546874999999 0.5352421875 0.71391875 0.5413828125 0.7195875 0.5409109375 0.718878125 0.533825 0.71498125 0.531934375 0.7128546874999999 0.5352421875
0 0.7309249999999999 0.7175921875 0.7273828124999999 0.7171203125 0.7252562499999999 0.72656875 0.7302171875 0.7322375 0.7362390624999999 0.731765625 0.7362390624999999 0.7256234375 0.7351765625 0.7209 0.7323421875 0.7185374999999999 0.7309249999999999 0.7175921875
0 0.7305703125 0.7563296875 0.7351765625 0.7478265625 0.731634375 0.7369609374999999 0.7284453125 0.7341265625 0.72065 0.72656875 0.7181703125000001 0.7341265625 0.7171078125 0.738378125 0.7142734374999999 0.745465625 0.7153359375 0.7525515625 0.7171078125 0.7563296875 0.722421875 0.7615265625000001 0.7305703125 0.7563296875
0 0.7238390625 0.7723921875 0.7249015625 0.7671953125 0.723484375 0.765778125 0.7220671875 0.7601093750000001 0.717815625 0.757275 0.7163984375 0.7601093750000001 0.7146265625 0.7648343750000001 0.7142734374999999 0.7728640625 0.7192328125 0.7752265625 0.7238390625 0.7723921875
0 0.70470625 0.7341265625 0.702934375 0.727040625 0.7025812499999999 0.723734375 0.7025812499999999 0.7209 0.6969109375 0.7175921875 0.6937234375 0.7251515625 0.690534375 0.7336546875 0.6930140625 0.7412124999999999 0.7015171875 0.7445203125 0.70470625 0.7341265625
0 0.7628250000000001 0.6495656249999999 0.767784375 0.64436875 0.7720359375 0.6386999999999999 0.772390625 0.6339765625 0.7738078125000001 0.6278343750000001 0.7709734375 0.625 0.75928125 0.625471875 0.7500578124999999 0.6344484375 0.75255 0.6368109375000001 0.755384375 0.639171875 0.758571875 0.64200625 0.76034375 0.64909375 0.7628250000000001 0.6495656249999999
0 0.9189999999999999 0.533825 0.906953125 0.534296875 0.90411875 0.5489421875 0.8973875 0.5498859375 0.8903015625 0.5451625 0.8839234375 0.5489421875 0.8768375 0.5380765625 0.869396875 0.5357140625000001 0.8577046875000001 0.531934375 0.8435328125 0.5432734375 0.83821875 0.551303125 0.82794375 0.56689375 0.82794375 0.5824828125 0.8215656250000001 0.5886250000000001 0.8222734375 0.5985453125 0.8269546875 0.6004343750000001 0.8354578125 0.60799375 0.831559375 0.6174421875 0.83333125 0.6287796875 0.8411265625000001 0.641534375 0.849984375 0.6429515625 0.86309375 0.6405890624999999 0.8885296874999999 0.618859375 0.896678125 0.6018515625 0.905890625 0.5909859375 0.9168749999999999 0.591459375 0.9257328125000001 0.5924031249999999 0.9349437500000001 0.584371875 0.9448640625 0.5758687499999999 0.9448640625 0.5683109375 0.94415625 0.5498859375 0.9306921875 0.5494140625 0.9218343750000001 0.5404390625 0.9189999999999999 0.533825
0 0.9856343750000001 0.7459374999999999 0.99059375 0.7360171875 0.99874375 0.7185374999999999 1 0.7029484375 0.9955546875 0.6977515624999999 0.98953125 0.6968062500000001 0.979965625 0.6727140625 0.9806734374999999 0.666571875 0.9767765624999999 0.6618484375 0.9679187499999999 0.658540625 0.96225 0.6481484375 0.9463062499999999 0.655234375 0.9346140625 0.6566515625 0.929653125 0.641534375 0.926440625 0.6297234375 0.92254375 0.6240546874999999 0.916165625 0.6264171875 0.90411875 0.6325578125 0.905890625 0.6500375 0.91226875 0.6575968750000001 0.9168749999999999 0.665628125 0.919709375 0.6698796875 0.9168749999999999 0.6802718750000001 0.9126234375 0.6887749999999999 0.9090796875 0.7034203125 0.9002218750000001 0.7072 0.9005765625000001 0.716175 0.9034109375 0.7284578125000001 0.9119140625 0.7445203125 0.9257328125000001 0.7586921875 0.9402593749999999 0.76530625 0.972878125 0.757746875 0.9856343750000001 0.7459374999999999
0 0.8910328125 0.438396875 0.88359375 0.45162500000000005 0.883946875 0.45871093749999997 0.88005 0.472884375 0.8906796874999999 0.4865828125 0.9087484375000001 0.5054796875 0.9144171875 0.5083140625 0.9179609375 0.49839374999999997 0.9254015624999999 0.4969765625 0.9275265625 0.49319687500000003 0.9300078125000001 0.48705625 0.9324875 0.4839296875 0.9317796875000001 0.47825937500000004 0.9402828124999999 0.47920468749999995 0.9424078124999999 0.47259062500000004 0.9431171875000001 0.4673953125 0.9452421875000001 0.4536953125 0.9459515625 0.44755312500000005 0.9424078124999999 0.44613593749999997 0.93355 0.441884375 0.938865625 0.431490625 0.935321875 0.42912968749999997 0.9254015624999999 0.4187359375 0.9197328125 0.41391406249999996 0.915834375 0.4147765625 0.90520625 0.42753281249999997 0.9009546875 0.43556249999999996 0.8910328125 0.438396875
0 0.773403125 0.5083968750000001 0.7751750000000001 0.5036734375 0.7751750000000001 0.491390625 0.7741109374999999 0.48383125 0.7571046875 0.48761093750000006 0.758521875 0.5022562500000001 0.7649 0.5083968750000001 0.773403125 0.5083968750000001
0 0.8740265624999999 0.313209375 0.8850109375 0.3094296875 0.890325 0.2980921875 0.898828125 0.2928953125 0.9041421875 0.2773046875 0.8981203125 0.269746875 0.893159375 0.27021875 0.8804046874999999 0.27258125 0.8757984375 0.27494375 0.869065625 0.28580937500000003 0.866940625 0.294784375 0.86623125 0.30753906249999996 0.8740265624999999 0.313209375
0 0.9898859375000001 0.283446875 0.9813828125 0.27258125 0.9774843750000001 0.2678578125 0.972878125 0.2654953125 0.9633125 0.2706921875 0.9590609375 0.27116406249999997 0.9551624999999999 0.264078125 0.951975 0.252740625 0.9512656249999999 0.24990625 0.943825 0.248015625 0.9418656249999999 0.25280468749999996 0.9317796875000001 0.255575 0.929653125 0.2607703125 0.929653125 0.27163593750000004 0.935321875 0.277778125 0.9370937500000001 0.28486406249999996 0.93355 0.292421875 0.929653125 0.302815625 0.9275265625 0.32265625 0.9300078125000001 0.33399531250000003 0.9331968749999999 0.34249843750000003 0.9427625000000001 0.355253125 0.954809375 0.363284375 0.9682734375000001 0.372259375 0.9810281249999999 0.36470156249999997 0.9916562499999999 0.3543078125 0.9969718750000001 0.34013593750000004 1 0.3236015625 0.9983890625 0.28297500000000003 0.9898859375000001 0.283446875
0 0.993428125 0.214946875 0.9966171875000001 0.20927812499999998 0.9966171875000001 0.203609375 0.9930749999999999 0.19982968750000002 0.9877593750000001 0.1984125 0.9824453125 0.1965234375 0.9767765624999999 0.2017203125 0.9693359375 0.2111671875 0.9732328125 0.228646875 0.9817359375000001 0.22911874999999998 0.9849249999999999 0.21872656250000003 0.986696875 0.21683750000000002 0.993428125 0.214946875
0 0.8779234375 0.024565625 0.8782781249999999 0.031179687499999997 0.8832390625000001 0.034957812500000005 0.8864281249999999 0.035903125 0.8917421875 0.035903125 0.8938671875 0.032596875 0.8938671875 0.025510937500000004 0.8935140625000001 0.02173125 0.89245 0.0179515625 0.8928046875 0.0155890625 0.8878453125 0.0122828125 0.8825296874999999 0.013228124999999999 0.88005 0.0155890625 0.8782781249999999 0.018896875 0.8779234375 0.024565625
0 0.9229218749999999 0.0680265625 0.9218578125000001 0.0722796875 0.9218578125000001 0.0817265625 0.9254015624999999 0.0873953125 0.9264640625 0.0921203125 0.9278812500000001 0.0954265625 0.92894375 0.0982609375 0.9356765625 0.09920625 0.9431171875000001 0.09920625 0.9480765625 0.0954265625 0.9459515625 0.0892859375 0.94949375 0.07983749999999999 0.945596875 0.0727515625 0.9406359375 0.06944375 0.9356765625 0.065665625 0.9317796875000001 0.0614140625 0.9239843750000001 0.063303125 0.9222125 0.0647203125 0.9229218749999999 0.0680265625
0 0.7308749999999999 0.132746875 0.7333546875 0.12424375000000001 0.7315828125 0.12046562499999999 0.7354921875 0.09920625 0.732646875 0.0973171875 0.7312296875000001 0.0892859375 0.7269765625 0.0836171875 0.719890625 0.08267187499999999 0.713159375 0.08550624999999999 0.709615625 0.0954265625 0.7071359375 0.10818281249999999 0.708553125 0.1143234375 0.7053640624999999 0.126134375 0.6982781250000001 0.1384171875 0.7014671875 0.14597500000000002 0.7110328124999999 0.1506984375 0.716703125 0.1549515625 0.7241421875 0.1587296875 0.7248515624999999 0.1530609375 0.7269765625 0.14266875 0.7308749999999999 0.132746875
0 0.8793296875 0.1757375 0.880746875 0.1620375 0.8747234374999999 0.1667609375 0.868346875 0.170540625 0.8662203125 0.1667609375 0.8633859375 0.1620375 0.8531109375 0.15825781249999998 0.849921875 0.148809375 0.8446078124999999 0.1473921875 0.8438984375 0.15164375000000002 0.8389390625 0.1530609375 0.8307890625000001 0.15731250000000002 0.8286640625 0.172903125 0.8247671875 0.1889640625 0.8304359375000001 0.20644374999999998 0.8368125 0.2267578125 0.8446078124999999 0.2305359375 0.8552375 0.228646875 0.8640953124999999 0.22297812499999997 0.8708265624999999 0.21447500000000003 0.878621875 0.20549843750000002 0.8821640625 0.197940625 0.8821640625 0.18140625 0.8793296875 0.1757375
0 0.7172890625 0.310846875 0.7233125 0.310846875 0.7321703125 0.302815625 0.738546875 0.291478125 0.7389015624999999 0.28864375 0.7459875 0.29525625 0.7509484375000001 0.289115625 0.7548453125 0.28486406249999996 0.752365625 0.2739984375 0.7498859375 0.269746875 0.7470515625 0.273053125 0.7413828125 0.2768328125 0.7321703125 0.267384375 0.724375 0.25935312499999996 0.7218953124999999 0.2574640625 0.7155171874999999 0.256046875 0.7109109375 0.2579359375 0.7024078125 0.2532125 0.6949671875 0.2579359375 0.6882359375 0.2579359375 0.6857562500000001 0.267384375 0.6854015625 0.272109375 0.6846921874999999 0.2928953125 0.68681875 0.30801249999999997 0.69355 0.3155703125 0.6995734375 0.3179328125 0.7059515625 0.3150984375 0.7102031249999999 0.310846875 0.7172890625 0.310846875
0 0.79063125 0.834278125 0.7970078125 0.8399468750000001 0.81118125 0.8356953125000001 0.818621875 0.8300265625 0.8225187500000001 0.8205781249999999 0.8264156249999999 0.8120749999999999 0.821809375 0.8030984374999999 0.8136609375000001 0.8049890625 0.805865625 0.80404375 0.7931109375000001 0.8035718749999999 0.78956875 0.8111296875 0.7874421875000001 0.8191609375000001 0.79063125 0.834278125
0 0.8281875 0.8418374999999999 0.832084375 0.8418374999999999 0.83385625 0.8408921875 0.8374 0.8356953125000001 0.8366906249999999 0.831915625 0.83385625 0.830971875 0.8288968750000001 0.8323890625000001 0.8274796875 0.8371124999999999 0.8281875 0.8418374999999999
0 0.8848765625 1 0.8905453124999999 0.9901734375 0.8919625 0.9764734374999999 0.897278125 0.9712781250000001 0.9025921875 0.9575781250000001 0.9015296875000001 0.9500187499999999 0.89444375 0.943878125 0.8919625 0.9382093749999999 0.8873578125 0.9292328124999999 0.8838140624999999 0.9259265624999999 0.8632640625000001 0.9193125 0.8512171875 0.9131703124999999 0.8388171874999999 0.9122265625000001 0.832084375 0.9046671875 0.8175578124999999 0.9032500000000001 0.8055125000000001 0.9056124999999999 0.8026781250000001 0.9150609375000001 0.80090625 0.916478125 0.7966546875 0.9070296875 0.7867328125 0.9008875 0.7768125 0.911753125 0.77929375 0.9268703125 0.78248125 0.9386812499999999 0.7916937500000001 0.9415156250000001 0.7952375 0.9415156250000001 0.8062203125 0.9580500000000001 0.8179125 0.9693875000000001 0.8246453125000001 0.9764734374999999 0.8260624999999999 0.9868671875 0.8239359374999999 0.9977328125 0.835628125 1 0.8848765625 1
0 0.773978125 0.8985265625000001 0.771853125 0.8900234375 0.7651203125 0.880575 0.753428125 0.867346875 0.7502390625 0.8569531250000001 0.7435078125000001 0.850340625 0.7389015624999999 0.8385296875 0.7303984375 0.8390015625 0.7350046875 0.8545921875 0.72791875 0.853175 0.7137453125000001 0.8645125 0.7087859375 0.878684375 0.7133921875 0.892384375 0.721540625 0.9079750000000001 0.7303984375 0.925453125 0.7403187499999999 0.9287609375000001 0.7459875 0.9249812500000001 0.7541375 0.92261875 0.7619312500000001 0.911753125 0.769371875 0.9093921875 0.773978125 0.8985265625000001
0 0.68894375 0.911753125 0.69603125 0.9245093750000001 0.7027625 0.9160046875000001 0.7031171875 0.9008875 0.68894375 0.911753125
0 0.562340625 0.18683906249999999 0.55159375 0.18904375 0.54539375 0.20723124999999998 0.550353125 0.2127421875 0.5613421875 0.21605 0.5758109375 0.2110890625 0.5745703125 0.20943593749999997 0.5671296875 0.19290156249999998 0.562340625 0.18683906249999999
0 1 0.8812828125 0.9945437500000001 0.8719140624999999 0.968915625 0.8691578124999999 0.9503140625000001 0.8845906250000001 0.954034375 0.8945109375 0.95238125 0.902778125 0.939153125 0.9424609374999999 0.938740625 0.9518296875000001 0.9453531249999999 0.95238125 0.9486609375 0.9744265625 0.95279375 0.9771828125 0.9589953124999999 0.9771828125 0.9730484374999999 0.9904093749999999 0.9747031249999999 1 0.992890625 0.9920640625000001 1 0.97056875 1 0.91655625 1 0.8812828125
0 0.0846796875 0.8432546875 0.07653125 0.8390015625 0.06625625 0.839475 0.0623578125 0.850340625 0.0829078125 0.8711265625 0.0885765625 0.8489234375000001 0.0846796875 0.8432546875
0 0.0127546875 0.8909671875 0.0099203125 0.8791578124999999 0.002834375 0.8767953125 0.0035437499999999996 0.86781875 0.000709375 0.8612062500000001 0 0.8890781249999999 0.00460625 0.898053125 0.0127546875 0.8909671875
0 0.126134375 0.8791578124999999 0.12896875000000002 0.8857703125 0.13428281250000002 0.877740625 0.1303859375 0.8715984375 0.1264875 0.87254375 0.126134375 0.8791578124999999
0 0.19380625 0.7648343750000001 0.20195625 0.7648343750000001 0.20408125 0.7553859375 0.19380625 0.7539687500000001 0.192034375 0.756803125 0.19380625 0.7648343750000001
0 0.30753906249999996 0.7369609374999999 0.3125 0.744046875 0.31710625000000003 0.743103125 0.31923124999999997 0.738378125 0.3146265625 0.7289296875 0.309665625 0.7260953125 0.3036421875 0.729875 0.30753906249999996 0.7369609374999999
0 0.1775078125 0.6953890625 0.180696875 0.7029484375 0.18388593749999999 0.7034203125 0.1874296875 0.698696875 0.17715468750000002 0.688303125 0.1743203125 0.6864140625 0.1718390625 0.6935 0.1775078125 0.6953890625
0 0.08289687500000001 0.49319687500000003 0.07155937500000001 0.49225312499999996 0.0697875 0.5111484374999999 0.0910578125 0.547996875 0.0935265625 0.54185625 0.0945890625 0.528628125 0.089628125 0.522959375 0.0850234375 0.5187078125 0.081834375 0.514928125 0.08006250000000001 0.5050078124999999 0.08289687500000001 0.49319687500000003
0 0.1013203125 0.1440859375 0.10415468750000001 0.1308578125 0.1030921875 0.12566093750000001 0.0984859375 0.12188281249999999 0.0938796875 0.127078125 0.0935265625 0.1393609375 0.1013203125 0.1440859375
0 0.22249375 0.1483375 0.216825 0.1445578125 0.211865625 0.146446875 0.20761406249999997 0.15400624999999998 0.21009375000000002 0.1634546875 0.21647031249999998 0.16959531249999998 0.2239109375 0.1634546875 0.2281625 0.154478125 0.22249375 0.1483375
0 0.42578125 0.65625 0.425 0.66484375 0.4328125 0.66640625 0.43125 0.65703125 0.42578125 0.65625
0 0.390625 0.67265625 0.396875 0.67421875 0.39296875 0.665625 0.390625 0.67265625
0 0.40859375 0.6265625 0.403125 0.63515625 0.409375 0.63828125 0.4140625 0.62890625 0.40859375 0.6265625
0 0.40390625 0.590625 0.396875 0.59609375 0.4015625 0.60234375 0.40625 0.59921875 0.40390625 0.590625
0 0.6359375 0.68515625 0.640625 0.68515625 0.63828125 0.678125 0.6359375 0.68515625
0 0.32890625 0.61875 0.325 0.62578125 0.334375 0.62890625 0.3359375 0.62109375 0.32890625 0.61875
0 0.434375 0.85546875 0.440625 0.85703125 0.43828125 0.8484375 0.434375 0.85546875
0 0.37578125 0.803125 0.371875 0.81015625 0.378125 0.81484375 0.38125 0.80703125 0.37578125 0.803125
0 0.43984375 0.8203125 0.4421875 0.82734375 0.4453125 0.82265625 0.43984375 0.8203125
0 0.49609375 0.8703125 0.49375 0.88046875 0.5015625 0.88359375 0.5046875 0.87421875 0.49609375 0.8703125
0 0.4953125 0.94296875 0.503125 0.94609375 0.49921875 0.9390625 0.4953125 0.94296875
0 0.6015625 0.78515625 0.60625 0.78671875 0.60390625 0.778125 0.6015625 0.78515625
0 0.32734375 0.9609375 0.3234375 0.97109375 0.3328125 0.97578125 0.3359375 0.96328125 0.32734375 0.9609375
0 0.42578125 0.871875 0.425 0.88046875 0.4328125 0.88046875 0.4328125 0.87421875 0.42578125 0.871875
0 0.4 0.96953125 0.40625 0.97265625 0.40859375 0.9640625 0.4 0.96953125
0 0.36953125 0.6390625 0.36875 0.64921875 0.378125 0.64921875 0.3796875 0.64140625 0.36953125 0.6390625
0 0.32578125 0.55625 0.321875 0.56171875 0.328125 0.56796875 0.33125 0.55859375 0.32578125 0.55625
0 0.35546875 0.4625 0.3515625 0.47109375 0.3578125 0.47265625 0.3609375 0.46484375 0.35546875 0.4625
0 0.44453125 0.446875 0.4421875 0.45390625 0.4484375 0.45546875 0.4515625 0.45078125 0.44453125 0.446875
0 0.44921875 0.4171875 0.4546875 0.42421875 0.45625 0.41953125 0.44921875 0.4171875
0 0.33828125 0.4265625 0.3359375 0.43359375 0.34375 0.43984375 0.3484375 0.43203125 0.33828125 0.4265625
0 0.396875 0.43671875 0.4015625 0.43828125 0.40078125 0.425 0.396875 0.43671875
0 0.53828125 0.4421875 0.53125 0.44921875 0.5390625 0.45390625 0.54375 0.44609375 0.53828125 0.4421875
0 0.5734375 0.43984375 0.578125 0.44140625 0.57734375 0.4328125 0.5734375 0.43984375
0 0.55546875 0.465625 0.5546875 0.47421875 0.5609375 0.47421875 0.5609375 0.46640625 0.55546875 0.465625
0 0.6640625 0.53828125 0.66875 0.54296875 0.67109375 0.5328125 0.6640625 0.53828125
0 0.753125 0.58359375 0.75546875 0.5921875 0.7640625 0.59140625 0.76171875 0.58125 0.753125 0.58359375
0 0.79296875 0.6828125 0.790625 0.69140625 0.7984375 0.69453125 0.8015625 0.68671875 0.79296875 0.6828125
0 0.94453125 0.534375 0.953125 0.53359375 0.9546875 0.52109375 0.94453125 0.515625 0.940625 0.52734375 0.94453125 0.534375
0 0.78984375 0.515625 0.7890625 0.52578125 0.796875 0.52734375 0.8 0.51953125 0.78984375 0.515625
0 0.94375 0.48359375 0.9484375 0.48828125 0.95078125 0.475 0.94375 0.48359375
0 0.95078125 0.471875 0.946875 0.48515625 0.953125 0.48046875 0.95078125 0.471875
0 0.81796875 0.2390625 0.815625 0.24921875 0.8234375 0.24921875 0.825 0.24140625 0.81796875 0.2390625
0 0.915625 0.19609375 0.91640625 0.2015625 0.9234375 0.20078125 0.92265625 0.19375 0.915625 0.19609375
0 0.85078125 0.1125 0.846875 0.12265625 0.853125 0.12421875 0.85625 0.11796875 0.85078125 0.1125
0 0.8234375 0.07734375 0.8296875 0.07734375 0.82421875 0.0671875 0.8234375 0.07734375
0 1 0.02578125 0.99453125 0.025 0.9921875 0.03203125 1 0.03359375 1 0.02578125
0 0.771875 0.00546875 0.778125 0.01015625 0.77734375 0.003125 0.771875 0.00546875
0 0.690625 0.02890625 0.6984375 0.03203125 0.69453125 0.021875 0.690625 0.02890625
0 0.63203125 0.065625 0.628125 0.07265625 0.6359375 0.07734375 0.6375 0.06953125 0.63203125 0.065625
0 0.6375 0.17578125 0.6421875 0.17578125 0.63984375 0.165625 0.6375 0.17578125
0 0.60859375 0.0734375 0.60625 0.08046875 0.6125 0.08203125 0.6140625 0.07578125 0.60859375 0.0734375
0 0.578125 0.01796875 0.5859375 0.01953125 0.57890625 0.0078125 0.578125 0.01796875
0 0.5453125 0.03046875 0.5515625 0.03515625 0.54921875 0.0234375 0.5453125 0.03046875
0 0.9328125 0.90546875 0.9390625 0.90703125 0.93359375 0.9 0.9328125 0.90546875
0 0.240625 0.82734375 0.24140625 0.8328125 0.2484375 0.83203125 0.24765625 0.8265625 0.240625 0.82734375
0 0.2921875 0.73203125 0.2984375 0.73203125 0.29453125 0.721875 0.2921875 0.73203125
0 0.2765625 0.74921875 0.2828125 0.75078125 0.27890625 0.7421875 0.2765625 0.74921875
0 0.2921875 0.74609375 0.2984375 0.74609375 0.29453125 0.7390625 0.2921875 0.74609375
0 0.21640625 0.678125 0.215625 0.68515625 0.2234375 0.68671875 0.2234375 0.67890625 0.21640625 0.678125
0 0.2140625 0.65546875 0.221875 0.65703125 0.21640625 0.646875 0.2140625 0.65546875
0 0.15234375 0.7140625 0.15 0.72265625 0.15625 0.72578125 0.1578125 0.71796875 0.15234375 0.7140625
0 0.27109375 0.6796875 0.26875 0.69140625 0.2765625 0.69296875 0.2796875 0.68515625 0.27109375 0.6796875
0 0.25859375 0.7265625 0.2578125 0.73515625 0.2671875 0.73984375 0.2734375 0.73046875 0.25859375 0.7265625
0 0.1078125 0.51484375 0.1125 0.52109375 0.11328125 0.509375 0.1078125 0.51484375
0 0.12265625 0.553125 0.1203125 0.56015625 0.1296875 0.56328125 0.13125 0.55703125 0.12265625 0.553125
0 0.22109375 0.5796875 0.225 0.59140625 0.23125 0.58515625 0.22109375 0.5796875
0 0.19296875 0.5859375 0.1859375 0.59921875 0.1984375 0.60390625 0.2046875 0.58984375 0.19296875 0.5859375
0 0.26015625 0.4859375 0.2578125 0.49140625 0.2640625 0.49609375 0.26875 0.48828125 0.26015625 0.4859375
0 0.05546875 0.546875 0.0546875 0.55546875 0.0609375 0.55546875 0.0609375 0.54765625 0.05546875 0.546875
0 0.04296875 0.446875 0.0484375 0.45390625 0.05 0.44765625 0.04296875 0.446875
0 0.1484375 0.36796875 0.14921875 0.375 0.1578125 0.37421875 0.15390625 0.365625 0.1484375 0.36796875
0 0.16953125 0.3484375 0.16875 0.35859375 0.175 0.35859375 0.175 0.34921875 0.16953125 0.3484375
0 0.2484375 0.35234375 0.253125 0.36015625 0.25234375 0.34375 0.2484375 0.35234375
0 0.2 0.31953125 0.20078125 0.33125 0.2171875 0.33203125 0.21328125 0.31875 0.2 0.31953125
0 0.19609375 0.3390625 0.19375 0.34453125 0.2 0.34609375 0.2015625 0.33984375 0.19609375 0.3390625
0 0.1890625 0.19765625 0.1953125 0.19921875 0.19296875 0.1859375 0.1890625 0.19765625
0 0.09921875 0.0859375 0.096875 0.09296875 0.103125 0.09609375 0.1046875 0.08828125 0.09921875 0.0859375
0 0.24609375 0.271875 0.2421875 0.28515625 0.2546875 0.28984375 0.25625 0.27734375 0.24609375 0.271875
0 0.31328125 0.125 0.3078125 0.13359375 0.3171875 0.13671875 0.31875 0.12890625 0.31328125 0.125
0 0.29765625 0.33125 0.2953125 0.33828125 0.3046875 0.35078125 0.30625 0.33515625 0.29765625 0.33125