0 0.5117625 0.47467812499999995 0.511409375 0.465703125 0.500425 0.4619234375 0.5099921875 0.4538921875 0.50609375 0.4477515625 0.5032593750000001 0.45105781250000004 0.48979531249999997 0.4538921875 0.47810312499999996 0.455309375 0.47491562500000006 0.4453890625 0.4681828125 0.4453890625 0.4596796875 0.4458609375 0.45684531249999993 0.448696875 0.4533015625 0.45861718749999997 0.44692499999999996 0.46806562500000004 0.4401921875 0.47278906249999997 0.4380671875 0.48554375 0.43912968750000003 0.49310312500000003 0.4455078125 0.5030234375 0.45471874999999995 0.5082203125 0.46322343750000006 0.51294375 0.46747500000000003 0.5063296875 0.47278906249999997 0.5096375 0.470309375 0.512471875 0.472434375 0.51530625 0.47952031249999993 0.51530625 0.48270937500000005 0.5280609375 0.492984375 0.523809375 0.49652812500000004 0.5228640625 0.498653125 0.5143609375 0.5018421875 0.515778125 0.5099921875 0.5247546875 0.51636875 0.5332578125 0.521684375 0.5247546875 0.5188484375 0.5115265625000001 0.5057390625 0.51058125 0.50715625 0.496409375 0.5099921875 0.49026875 0.5117625 0.47467812499999995
0 0.498653125 0.393896875 0.5075109375 0.3929515625 0.5188484375 0.38303125 0.529478125 0.3660234375 0.5308953125 0.352325 0.5269984375 0.335790625 0.5213296875 0.33059375 0.5188484375 0.31925625 0.5121171875 0.3098078125 0.502196875 0.3183109375 0.5000703125 0.3235078125 0.49652812500000004 0.334371875 0.4961734375 0.3476 0.4887328125 0.35326875 0.48589843750000006 0.35941093749999997 0.488378125 0.3702765625 0.49369375 0.37594531249999996 0.49369375 0.39058906250000003 0.498653125 0.393896875
0 0.5475484374999999 0.179421875 0.5383359375000001 0.1723359375 0.52558125 0.1609984375 0.502196875 0.1581625 0.48554375 0.1581625 0.472434375 0.16855625000000002 0.4635765625 0.176115625 0.4603890625 0.181784375 0.456490625 0.19217656249999998 0.444090625 0.19784531249999998 0.4426734375 0.20729375 0.44692499999999996 0.2191046875 0.4465703125 0.2243015625 0.433815625 0.22807968750000002 0.43204374999999995 0.24839375000000002 0.433815625 0.2677625 0.43771250000000006 0.27957343749999997 0.44338125 0.2833515625 0.456490625 0.289021875 0.46428593749999997 0.2998859375 0.4745609375 0.3079171875 0.4905046875 0.31642031249999997 0.48802500000000004 0.315003125 0.4961734375 0.3131140625 0.50715625 0.3126421875 0.5177859375 0.3102796875 0.5291234375 0.30319375000000004 0.538690625 0.292328125 0.54825625 0.2814625 0.5514453125000001 0.267290625 0.5528625 0.2587875 0.5627828125 0.26539999999999997 0.5702234374999999 0.261621875 0.569515625 0.2441421875 0.5617203125 0.2328046875 0.5528625 0.2356390625 0.5542796875 0.223828125 0.5518 0.212490625 0.5560515625 0.1992625 0.5525078125 0.1869796875 0.5475484374999999 0.179421875
0 0.3831484375 0.2304421875 0.37925156250000003 0.22997031250000002 0.3760625 0.2337484375 0.3739375 0.2389453125 0.3728734375 0.24744843749999998 0.381378125 0.25689687499999997 0.3838578125 0.25500781250000004 0.3874015625 0.2517 0.39094375000000003 0.24839375000000002 0.39094375000000003 0.2446140625 0.38988125 0.23941875 0.38775468750000003 0.23469375 0.3831484375 0.2304421875
0 0.56668125 0.046675 0.56774375 0.0433671875 0.5734125 0.0343921875 0.5663265625 0.0235265625 0.5525078125 0.022109375 0.5457765625000001 0.031084374999999997 0.5457765625000001 0.0428953125 0.5436515625 0.050453125 0.5436515625 0.059429687499999995 0.5496734375 0.059429687499999995 0.553571875 0.0650984375 0.5634921875 0.066515625 0.56880625 0.057067187500000005 0.56668125 0.046675
0 0.3994609375 0.6674218749999999 0.3969796875 0.657975 0.40087812500000003 0.64758125 0.40016875 0.6395500000000001 0.4026484375 0.63624375 0.4051296875 0.633409375 0.403003125 0.6230156250000001 0.39910625 0.6215984375 0.3930828125 0.62585 0.387059375 0.6168750000000001 0.38068124999999997 0.619709375 0.3820984375 0.6135671874999999 0.37820156250000003 0.601284375 0.3817453125 0.5965609374999999 0.38068124999999997 0.589475 0.376784375 0.5819156249999999 0.37536718750000003 0.573884375 0.3696984375 0.576246875 0.36224531249999997 0.5776640625 0.34950312499999997 0.5875843749999999 0.34950312499999997 0.5984499999999999 0.3441875 0.60411875 0.3434796875 0.6112062500000001 0.3424171875 0.6159296875 0.3434796875 0.6215984375 0.3424171875 0.6301015624999999 0.34170781250000004 0.636715625 0.3456046875 0.64758125 0.350565625 0.6518328125 0.356234375 0.6565578125 0.35765156249999996 0.6645875 0.359778125 0.67025625 0.3658015625 0.6678953125 0.3696984375 0.669784375 0.3728875 0.669784375 0.374659375 0.6721468749999999 0.387059375 0.66695 0.390603125 0.6674218749999999 0.3994609375 0.6674218749999999
0 0.2836015625 0.535146875 0.28182968750000004 0.5389265625 0.281121875 0.5441234374999999 0.281121875 0.5521546875000001 0.2846640625 0.554515625 0.2910421875 0.554515625 0.29529375 0.5493203125 0.2988375 0.539871875 0.2995453125 0.5323125 0.29741875 0.5304234375 0.288915625 0.5323125 0.2836015625 0.535146875
0 0.31548906250000003 0.5771921875 0.310175 0.576246875 0.3034421875 0.57908125 0.2999 0.5856953125000001 0.3006078125 0.5885296875 0.3052140625 0.5937265625 0.3080484375 0.5923093749999999 0.3108828125 0.5932546875 0.31548906250000003 0.5960890625 0.31796875 0.5960890625 0.3193859375 0.5885296875 0.31832343750000003 0.5852234375 0.31548906250000003 0.5771921875
0 0.41363281250000006 0.6541953125 0.4200109375 0.6593921875000001 0.42426250000000004 0.657975 0.42532500000000006 0.6433296875 0.41859375 0.644275 0.414340625 0.652778125 0.41363281250000006 0.6541953125
0 0.2804125 0.45908906250000003 0.281121875 0.46617499999999995 0.28501875 0.46806562500000004 0.28714531249999997 0.4647578125 0.28608125 0.45861718749999997 0.2804125 0.45908906250000003
0 0.27474375 0.27343125 0.2697828125 0.2677625 0.26376093749999996 0.26823437499999997 0.26376093749999996 0.2743765625 0.2648234375 0.2791 0.2676578125 0.2814625 0.269075 0.2824078125 0.27261718749999997 0.28287968750000003 0.27474375 0.27343125
0 0.268365625 0.2630390625 0.2715546875 0.2658734375 0.27935 0.27343125 0.28182968750000004 0.2658734375 0.2828921875 0.261621875 0.2857265625 0.254534375 0.2846640625 0.24744843749999998 0.2828921875 0.2436703125 0.277578125 0.2384734375 0.2694296875 0.2436703125 0.2648234375 0.2521734375 0.268365625 0.2630390625
0 0.276515625 0.23422187499999997 0.2779328125 0.239890625 0.28218437500000004 0.242725 0.2836015625 0.239890625 0.2853734375 0.235165625 0.2857265625 0.2271359375 0.2807671875 0.22477343749999998 0.2761609375 0.2276078125 0.27509843749999996 0.2328046875 0.276515625 0.23422187499999997
0 0.29741875 0.276265625 0.29741875 0.2791 0.3030890625 0.2824078125 0.3062765625 0.2748484375 0.30946562499999997 0.26634531250000004 0.30698593750000003 0.2587875 0.29848281249999997 0.2554796875 0.29529375 0.2658734375 0.297065625 0.272959375 0.29741875 0.276265625
0 0.22796406249999998 0.3613 0.22760937499999997 0.3660234375 0.2261921875 0.372165625 0.2290265625 0.375 0.24071875 0.374528125 0.2499421875 0.3655515625 0.24745 0.3631890625 0.244615625 0.360828125 0.24142812500000002 0.35799375 0.23965625 0.35090625000000003 0.237175 0.35043437499999996 0.23221562499999998 0.35563125 0.22796406249999998 0.3613
0 0.09588125 0.45105781250000004 0.1026125 0.45011406249999997 0.1096984375 0.4548375 0.11607656250000001 0.45105781250000004 0.1231625 0.4619234375 0.130603125 0.46428593749999997 0.1422953125 0.46806562500000004 0.1564671875 0.4567265625 0.16178125000000002 0.448696875 0.17205625 0.43310624999999997 0.17205625 0.4175171875 0.17843437499999998 0.41137499999999994 0.17772656250000002 0.40145468749999996 0.1730453125 0.39956562500000004 0.1645421875 0.39200625 0.168440625 0.3825578125 0.16666875 0.3712203125 0.1588734375 0.358465625 0.150015625 0.3570484375 0.13690625 0.35941093749999997 0.11147031249999999 0.381140625 0.10332187500000001 0.3981484375 0.094109375 0.4090140625 0.083125 0.408540625 0.0742671875 0.407596875 0.06505625000000001 0.415628125 0.055135937499999996 0.42413125 0.055135937499999996 0.4316890625 0.055843750000000004 0.45011406249999997 0.0693078125 0.4505859375 0.078165625 0.45956093750000004 0.081 0.46617499999999995 0.093046875 0.465703125 0.09588125 0.45105781250000004
0 0.00125625 0.2814625 0 0.2970515625 0.0044453125000000005 0.30224843749999997 0.01046875 0.30319375000000004 0.020034375 0.3272859375 0.019326562499999998 0.333428125 0.0232234375 0.3381515625 0.03208125 0.341459375 0.03775 0.3518515625 0.05369375 0.344765625 0.0653859375 0.3433484375 0.070346875 0.358465625 0.07355937500000001 0.3702765625 0.07745625 0.37594531249999996 0.083834375 0.37358281249999997 0.09588125 0.3674421875 0.094109375 0.3499625 0.08773125000000001 0.34240312500000003 0.083125 0.334371875 0.080290625 0.33012031249999996 0.083125 0.31972812500000003 0.0873765625 0.311225 0.0909203125 0.2965796875 0.099778125 0.2928 0.0994234375 0.283825 0.0965890625 0.27154218750000003 0.0880859375 0.2554796875 0.0742671875 0.24130781250000002 0.059740625000000006 0.23469375 0.027121875 0.242253125 0.014365625000000002 0.25406249999999997 0.00940625 0.2639828125 0.00125625 0.2814625
0 0.11605312500000001 0.5412890625 0.11995 0.527115625 0.1093203125 0.5134171875 0.09125156250000001 0.4945203125 0.08558281250000001 0.49168593749999995 0.08203906250000001 0.50160625 0.0745984375 0.5030234375 0.0724734375 0.506803125 0.0699921875 0.51294375 0.0675125 0.5160703125 0.0682203125 0.521740625 0.059717187500000005 0.5207953125 0.0575921875 0.527409375 0.056882812500000005 0.5326046875 0.0547578125 0.5463046874999999 0.054048437500000004 0.552446875 0.0575921875 0.5538640625 0.06645 0.558115625 0.061134375 0.568509375 0.064678125 0.5708703125000001 0.0745984375 0.5812640625000001 0.0802671875 0.5860859375 0.084165625 0.5852234375 0.09479375 0.5724671875 0.09904531250000001 0.5644375 0.1089671875 0.561603125 0.11640625 0.548375 0.11605312500000001 0.5412890625
0 0.224825 0.508609375 0.2258890625 0.5161687500000001 0.24289531250000002 0.5123890624999999 0.241478125 0.49774375 0.2351 0.491603125 0.22659687499999998 0.491603125 0.224825 0.4963265625 0.224825 0.508609375
0 0.109675 0.7019078125 0.101171875 0.7071046875 0.0958578125 0.7226953125 0.10187968750000001 0.7302531250000001 0.106840625 0.72978125 0.1195953125 0.72741875 0.1242015625 0.72505625 0.130934375 0.714190625 0.133059375 0.705215625 0.13376875 0.6924609375 0.1259734375 0.686790625 0.1149890625 0.6905703125 0.109675 0.7019078125
0 0.022515625 0.7321421875 0.027121875 0.7345046875000001 0.0366875 0.7293078125 0.0409390625 0.7288359375 0.0448375 0.7359218750000001 0.048025 0.747259375 0.048734375 0.75009375 0.056174999999999996 0.7519843749999999 0.058134375 0.7471953124999999 0.0682203125 0.744425 0.070346875 0.7392296875000001 0.070346875 0.7283640625000001 0.064678125 0.722221875 0.06290625 0.7151359375 0.06645 0.7075781250000001 0.070346875 0.697184375 0.0724734375 0.67734375 0.0699921875 0.6660046875 0.06680312499999999 0.6575015625 0.0572375 0.6447468749999999 0.045190625 0.636715625 0.0317265625 0.627740625 0.018971875 0.6352984375 0.00834375 0.6456921875 0.003028125 0.6598640625 0 0.6763984375 0.0016109375 0.717025 0.0101140625 0.716553125 0.0186171875 0.72741875 0.022515625 0.7321421875
0 0.0033828125 0.796390625 0.006925000000000001 0.8001703125 0.012240625 0.8015874999999999 0.0175546875 0.8034765625 0.0232234375 0.7982796875 0.0306640625 0.7888328125 0.0267671875 0.771353125 0.0182640625 0.77088125 0.015075 0.7812734375 0.013303124999999999 0.7831625 0.0065718750000000005 0.785053125 0.0033828125 0.790721875 0.0033828125 0.796390625
0 0.11676093750000001 0.9650421874999999 0.11357187500000002 0.9640968750000001 0.1082578125 0.9640968750000001 0.10613281249999999 0.967403125 0.10613281249999999 0.9744890625 0.10648593749999999 0.97826875 0.10754999999999999 0.9820484374999999 0.1071953125 0.9844109375000001 0.11215468749999999 0.9877171875 0.1174703125 0.986771875 0.11995 0.9844109375000001 0.12172187500000001 0.981103125 0.12207656250000001 0.9754343750000001 0.12172187500000001 0.9688203124999999 0.11676093750000001 0.9650421874999999
0 0.0781421875 0.9182734375000001 0.0745984375 0.9126046875 0.07353593750000001 0.9078796875 0.07211875 0.9045734375000001 0.07105625 0.9017390625000001 0.0643234375 0.9007937500000001 0.056882812500000005 0.9007937500000001 0.0519234375 0.9045734375000001 0.054048437500000004 0.9107140625 0.050506249999999996 0.9201625 0.054403125 0.9272484375 0.0593640625 0.9305562500000001 0.0643234375 0.934334375 0.0682203125 0.9385859375000001 0.076015625 0.936696875 0.0777875 0.9352796874999999 0.077078125 0.9319734375 0.0781421875 0.9277203125 0.0781421875 0.9182734375000001
0 0.2684171875 0.8795343750000001 0.2645078125 0.9007937500000001 0.26735312499999997 0.9026828124999999 0.2687703125 0.9107140625 0.2730234375 0.9163828125 0.280109375 0.917328125 0.286840625 0.9144937499999999 0.29038437500000003 0.9045734375000001 0.29286406249999997 0.8918171875 0.291446875 0.8856765624999999 0.2946359375 0.873865625 0.30172187500000003 0.8615828125 0.2985328125 0.854025 0.2889671875 0.8493015625 0.283296875 0.8450484375 0.2758578125 0.8412703125000001 0.2751484375 0.8469390625000001 0.2730234375 0.85733125 0.269125 0.8672531250000001 0.2666453125 0.87575625 0.2684171875 0.8795343750000001
0 0.12527656250000002 0.8332390625 0.13165312499999998 0.8294593750000001 0.1337796875 0.8332390625 0.13661406250000002 0.8379625 0.1468890625 0.8417421875000001 0.150078125 0.8511906249999999 0.1553921875 0.8526078125 0.1561015625 0.8483562499999999 0.1610609375 0.8469390625000001 0.1692109375 0.8426875 0.1713359375 0.827096875 0.1752328125 0.8110359375 0.1695640625 0.79355625 0.16318749999999999 0.7732421875 0.1553921875 0.7694640625 0.1447625 0.771353125 0.1359046875 0.777021875 0.12917343750000002 0.785525 0.121378125 0.7945015625 0.11783593750000002 0.802059375 0.11783593750000002 0.81859375 0.1206703125 0.8242625 0.119253125 0.8379625 0.12527656250000002 0.8332390625
0 0.2678296875 0.697184375 0.261453125 0.708521875 0.2610984375 0.7113562499999999 0.25401250000000003 0.70474375 0.2490515625 0.710884375 0.2451546875 0.7151359375 0.247634375 0.7260015625 0.2501140625 0.7302531250000001 0.2529484375 0.726946875 0.25861718749999996 0.7231671875 0.2678296875 0.732615625 0.275625 0.740646875 0.2781046875 0.7425359375 0.28448281249999996 0.743953125 0.2890890625 0.7420640625 0.2975921875 0.7467875 0.30503281250000003 0.7420640625 0.3117640625 0.7420640625 0.31424375000000004 0.732615625 0.3145984375 0.727890625 0.3153078125 0.7071046875 0.31318125 0.6919875 0.30645 0.6844296875 0.3004265625 0.6820671875000001 0.2940484375 0.6849015625 0.289796875 0.689153125 0.2827109375 0.689153125 0.27668750000000003 0.689153125 0.2678296875 0.697184375
0 0.18881874999999998 0.1643046875 0.181378125 0.1699734375 0.17748124999999998 0.179421875 0.17358437499999999 0.187925 0.178190625 0.1969015625 0.1863390625 0.1950109375 0.194134375 0.19595625 0.2068890625 0.196428125 0.21043125 0.1888703125 0.2125578125 0.18083906249999998 0.20936875000000002 0.165721875 0.20299218749999998 0.160053125 0.18881874999999998 0.1643046875
0 0.16614374999999998 0.1591078125 0.1626 0.1643046875 0.163309375 0.168084375 0.16614374999999998 0.169028125 0.171103125 0.1676109375 0.1725203125 0.16288750000000002 0.17181249999999998 0.1581625 0.16791562499999999 0.1581625 0.16614374999999998 0.1591078125
0 0.11512343750000001 0 0.10945468750000001 0.0098265625 0.10803750000000001 0.0235265625 0.102721875 0.028721875 0.0974078125 0.042421875 0.0984703125 0.04998125 0.10555624999999999 0.056121875 0.10803750000000001 0.061790625 0.11264218749999999 0.0707671875 0.11618593749999999 0.07407343749999999 0.1367359375 0.0806875 0.1487828125 0.0868296875 0.1611828125 0.0877734375 0.16791562499999999 0.0953328125 0.18244218750000002 0.09675 0.19448749999999998 0.0943875 0.197321875 0.0849390625 0.19909375 0.083521875 0.2033453125 0.0929703125 0.2132671875 0.0991125 0.2231875 0.088246875 0.22070625000000002 0.0731296875 0.21751874999999998 0.06131875 0.20830625 0.058484375 0.20476250000000001 0.058484375 0.19377968750000002 0.04195 0.1820875 0.030612499999999997 0.1753546875 0.0235265625 0.1739375 0.013132812499999999 0.1760640625 0.0022671875 0.164371875 0 0.11512343750000001 0
0 0.23487968750000002 0.119425 0.24657187500000002 0.13265312499999998 0.2497609375 0.143046875 0.2564921875 0.14965937499999998 0.2610984375 0.1614703125 0.2696015625 0.1609984375 0.2649953125 0.1454078125 0.27208125 0.146825 0.2862546875 0.1354875 0.29121406250000004 0.121315625 0.2866078125 0.10761562499999999 0.278459375 0.092025 0.2696015625 0.074546875 0.25968125 0.0712390625 0.25401250000000003 0.07501875 0.2458625 0.07738125 0.23806875 0.088246875 0.23062812500000002 0.0906078125 0.22602187499999998 0.1014734375 0.22814687500000003 0.10997656250000001 0.23487968750000002 0.119425
0 0.2972375 0.0839953125 0.2968828125 0.0991125 0.31105625 0.088246875 0.30396875 0.075490625 0.2972375 0.0839953125
0 0.45460625 0.79276875 0.449646875 0.7872578125 0.43865781249999997 0.78395 0.4241890625 0.7889109375000001 0.4254296875 0.7905640625 0.43287031249999997 0.8070984375 0.43765937499999996 0.8131609375 0.44840625 0.8109562499999999 0.45460625 0.79276875
0 0 0.1187171875 0.00545625 0.1280859375 0.031084374999999997 0.1308421875 0.0496859375 0.115409375 0.045965624999999996 0.10548906250000001 0.04761875 0.097221875 0.060846875 0.0575390625 0.061259375000000005 0.0481703125 0.054646875 0.04761875 0.0513390625 0.0255734375 0.04720625 0.0228171875 0.0410046875 0.0228171875 0.026951562499999998 0.009590625 0.025296875000000003 0 0.007109374999999999 0.0079359375 0 0.02943125 0 0.08344375000000001 0 0.1187171875
0 0.93374375 0.160525 0.9376421875000001 0.14965937499999998 0.9170921875 0.1288734375 0.9114234375000001 0.15107656249999998 0.9153203124999999 0.15674531249999998 0.92346875 0.1609984375 0.93374375 0.160525
0 0.997165625 0.12320468749999999 0.9964562499999999 0.13218125 0.9992906250000001 0.13879375 1 0.11092187499999999 0.9953937500000001 0.10194687499999999 0.9872453125 0.1090328125 0.9900796875 0.1208421875 0.997165625 0.12320468749999999
0 0.8657171874999999 0.12225937499999999 0.8696140625 0.1284015625 0.8735125 0.12745625 0.873865625 0.1208421875 0.87103125 0.1142296875 0.8657171874999999 0.12225937499999999
0 0.79591875 0.2446140625 0.80619375 0.24603125 0.8079656249999999 0.24319687499999998 0.80619375 0.235165625 0.7980437499999999 0.235165625 0.79591875 0.2446140625
0 0.6828937500000001 0.25689687499999997 0.68076875 0.261621875 0.6853734375 0.2710703125 0.6903343750000001 0.2739046875 0.6963578125 0.270125 0.6924609375 0.2630390625 0.6875 0.255953125 0.6828937500000001 0.25689687499999997
0 0.8161140625 0.2965796875 0.8125703124999999 0.301303125 0.8228453124999999 0.311696875 0.8256796874999999 0.31358593749999997 0.8281609375000001 0.3065 0.8224921875 0.3046109375 0.819303125 0.2970515625 0.8161140625 0.2965796875
0 0.9302125 0.4888515625 0.9089421874999999 0.45200312499999995 0.9064734375000001 0.45814374999999996 0.9054109374999999 0.471371875 0.910371875 0.477040625 0.9149765625 0.48129218749999997 0.918165625 0.48507187500000004 0.9199375 0.4949921875 0.917103125 0.506803125 0.928440625 0.507746875 0.9302125 0.4888515625
0 0.8969078125 0.8743390625 0.9015140625000001 0.8781171875 0.9061203125 0.872921875 0.9064734375000001 0.8606390625 0.8986796874999999 0.8559140624999999 0.8958453125 0.8691421874999999 0.8969078125 0.8743390625
0 0.788134375 0.853553125 0.7923859375 0.8459937500000001 0.78990625 0.8365453125 0.7835296875 0.8304046875 0.7760890625 0.8365453125 0.7718375 0.845521875 0.77750625 0.8516625 0.7831750000000001 0.8554421874999999 0.788134375 0.853553125
0 0.5671875 0.33359375 0.56875 0.34296875 0.57421875 0.34375 0.575 0.33515625 0.5671875 0.33359375
0 0.60703125 0.334375 0.609375 0.32734375 0.603125 0.32578125 0.60703125 0.334375
0 0.590625 0.36171875 0.5859375 0.37109375 0.59140625 0.3734375 0.596875 0.36484375 0.590625 0.36171875
0 0.5984375 0.39765625 0.59375 0.40078125 0.59609375 0.409375 0.603125 0.40390625 0.5984375 0.39765625
0 0.36171875 0.321875 0.3640625 0.31484375 0.359375 0.31484375 0.36171875 0.321875
0 0.665625 0.37109375 0.6640625 0.37890625 0.67109375 0.38125 0.675 0.37421875 0.665625 0.37109375
0 0.56171875 0.1515625 0.565625 0.14453125 0.559375 0.14296875 0.56171875 0.1515625
0 0.621875 0.18515625 0.61875 0.19296875 0.62421875 0.196875 0.628125 0.18984375 0.621875 0.18515625
0 0.5546875 0.17734375 0.56015625 0.1796875 0.5578125 0.17265625 0.5546875 0.17734375
0 0.4984375 0.11640625 0.4953125 0.12578125 0.50390625 0.1296875 0.50625 0.11953125 0.4984375 0.11640625
0 0.50078125 0.0609375 0.5046875 0.05703125 0.496875 0.05390625 0.50078125 0.0609375
0 0.39609375 0.221875 0.3984375 0.21484375 0.39375 0.21328125 0.39609375 0.221875
0 0.6671875 0.02421875 0.6640625 0.03671875 0.67265625 0.0390625 0.6765625 0.02890625 0.6671875 0.02421875
0 0.5671875 0.11953125 0.5671875 0.12578125 0.57421875 0.128125 0.575 0.11953125 0.5671875 0.11953125
0 0.59140625 0.0359375 0.6 0.03046875 0.59375 0.02734375 0.59140625 0.0359375
0 0.621875 0.35078125 0.6203125 0.35859375 0.63046875 0.3609375 0.63125 0.35078125 0.621875 0.35078125
0 0.671875 0.43203125 0.66875 0.44140625 0.67421875 0.44375 0.678125 0.43828125 0.671875 0.43203125
0 0.6421875 0.52734375 0.6390625 0.53515625 0.64453125 0.5375 0.6484375 0.52890625 0.6421875 0.52734375
0 0.5515625 0.54453125 0.5484375 0.54921875 0.55546875 0.553125 0.5578125 0.54609375 0.5515625 0.54453125
0 0.54375 0.58046875 0.55078125 0.5828125 0.5453125 0.57578125 0.54375 0.58046875
0 0.65625 0.56015625 0.6515625 0.56796875 0.66171875 0.5734375 0.6640625 0.56640625 0.65625 0.56015625
0 0.59921875 0.575 0.603125 0.56328125 0.5984375 0.56171875 0.59921875 0.575
0 0.4609375 0.54609375 0.45625 0.55390625 0.46171875 0.5578125 0.46875 0.55078125 0.4609375 0.54609375
0 0.42265625 0.5671875 0.4265625 0.56015625 0.421875 0.55859375 0.42265625 0.5671875
0 0.4390625 0.52578125 0.4390625 0.53359375 0.44453125 0.534375 0.4453125 0.52578125 0.4390625 0.52578125
0 0.32890625 0.4671875 0.3359375 0.46171875 0.33125 0.45703125 0.32890625 0.4671875
0 0.2359375 0.40859375 0.23828125 0.41875 0.246875 0.41640625 0.24453125 0.4078125 0.2359375 0.40859375
0 0.2015625 0.30546875 0.1984375 0.31328125 0.20703125 0.3171875 0.209375 0.30859375 0.2015625 0.30546875
0 0.0453125 0.47890625 0.05546875 0.484375 0.059375 0.47265625 0.05546875 0.465625 0.046875 0.46640625 0.0453125 0.47890625
0 0.203125 0.47265625 0.2 0.48046875 0.21015625 0.484375 0.2109375 0.47421875 0.203125 0.47265625
0 0.04921875 0.525 0.05625 0.51640625 0.0515625 0.51171875 0.04921875 0.525
0 0.046875 0.51953125 0.04921875 0.528125 0.053125 0.51484375 0.046875 0.51953125
0 0.1765625 0.75078125 0.175 0.75859375 0.18203125 0.7609375 0.184375 0.75078125 0.1765625 0.75078125
0 0.0765625 0.79921875 0.07734375 0.80625 0.084375 0.80390625 0.08359375 0.7984375 0.0765625 0.79921875
0 0.146875 0.87578125 0.14375 0.88203125 0.14921875 0.8875 0.153125 0.87734375 0.146875 0.87578125
0 0.17578125 0.9328125 0.1765625 0.92265625 0.1703125 0.92265625 0.17578125 0.9328125
0 0 0.97421875 0.00546875 0.975 0.0078125 0.96796875 0 0.96640625 0 0.97421875
0 0.22265625 0.996875 0.228125 0.99453125 0.221875 0.98984375 0.22265625 0.996875
0 0.30546875 0.978125 0.309375 0.97109375 0.3015625 0.96796875 0.30546875 0.978125
0 0.3640625 0.92265625 0.3625 0.93046875 0.36796875 0.934375 0.371875 0.92734375 0.3640625 0.92265625
0 0.36015625 0.834375 0.3625 0.82421875 0.3578125 0.82421875 0.36015625 0.834375
0 0.3875 0.91796875 0.3859375 0.92421875 0.39140625 0.9265625 0.39375 0.91953125 0.3875 0.91796875
0 0.42109375 0.9921875 0.421875 0.98203125 0.4140625 0.98046875 0.42109375 0.9921875
0 0.45078125 0.9765625 0.4546875 0.96953125 0.4484375 0.96484375 0.45078125 0.9765625
0 0.06640625 0.1 0.0671875 0.09453125 0.0609375 0.09296875 0.06640625 0.1
0 0.7515625 0.16796875 0.75234375 0.1734375 0.759375 0.17265625 0.75859375 0.1671875 0.7515625 0.16796875
0 0.70546875 0.278125 0.7078125 0.26796875 0.7015625 0.26796875 0.70546875 0.278125
0 0.72109375 0.2578125 0.7234375 0.25078125 0.7171875 0.24921875 0.72109375 0.2578125
0 0.70546875 0.2609375 0.7078125 0.25390625 0.7015625 0.25390625 0.70546875 0.2609375
0 0.7765625 0.31328125 0.7765625 0.32109375 0.78359375 0.321875 0.784375 0.31484375 0.7765625 0.31328125
0 0.78359375 0.353125 0.7859375 0.34453125 0.778125 0.34296875 0.78359375 0.353125
0 0.84375 0.27421875 0.8421875 0.28203125 0.84765625 0.2859375 0.85 0.27734375 0.84375 0.27421875
0 0.7234375 0.30703125 0.7203125 0.31484375 0.72890625 0.3203125 0.73125 0.30859375 0.7234375 0.30703125
0 0.7328125 0.26015625 0.7265625 0.26953125 0.74140625 0.2734375 0.7421875 0.26484375 0.7328125 0.26015625
0 0.88671875 0.490625 0.8921875 0.48515625 0.8875 0.47890625 0.88671875 0.490625
0 0.8703125 0.43671875 0.86875 0.44296875 0.87734375 0.446875 0.8796875 0.43984375 0.8703125 0.43671875
0 0.76875 0.41484375 0.77890625 0.4203125 0.775 0.40859375 0.76875 0.41484375
0 0.8015625 0.39609375 0.7953125 0.41015625 0.80703125 0.4140625 0.8140625 0.40078125 0.8015625 0.39609375
0 0.7359375 0.50390625 0.73125 0.51171875 0.73984375 0.5140625 0.7421875 0.50859375 0.7359375 0.50390625
0 0.9390625 0.44453125 0.9390625 0.45234375 0.94453125 0.453125 0.9453125 0.44453125 0.9390625 0.44453125
0 0.95 0.55234375 0.95703125 0.553125 0.9515625 0.54609375 0.95 0.55234375
0 0.8421875 0.62578125 0.84609375 0.634375 0.8515625 0.63203125 0.85078125 0.625 0.8421875 0.62578125
0 0.825 0.64140625 0.825 0.65078125 0.83046875 0.6515625 0.83125 0.64140625 0.825 0.64140625
0 0.74765625 0.65625 0.7515625 0.64765625 0.746875 0.63984375 0.74765625 0.65625
0 0.7828125 0.66796875 0.78671875 0.68125 0.8 0.68046875 0.79921875 0.66875 0.7828125 0.66796875
0 0.8 0.65390625 0.7984375 0.66015625 0.80390625 0.6609375 0.80625 0.65546875 0.8 0.65390625
0 0.80703125 0.8140625 0.8109375 0.80234375 0.8046875 0.80078125 0.80703125 0.8140625
0 0.896875 0.90390625 0.8953125 0.91171875 0.90078125 0.9140625 0.903125 0.90703125 0.896875 0.90390625
0 0.7453125 0.71015625 0.74375 0.72265625 0.75390625 0.728125 0.7578125 0.71484375 0.7453125 0.71015625
0 0.6828125 0.86328125 0.68125 0.87109375 0.68671875 0.875 0.6921875 0.86640625 0.6828125 0.86328125
0 0.6953125 0.64921875 0.69375 0.66484375 0.70234375 0.66875 0.7046875 0.66171875 0.6953125 0.64921875