0 0.44963125000000004 0.5164 0.449228125 0.5098812500000001 0.44545 0.5061875 0.44096718749999997 0.5096328125 0.44160468750000004 0.5198109375 0.4441078125 0.5247796874999999 0.4475953125 0.52284375 0.44972812500000003 0.5178078125 0.44963125000000004 0.5164
0 0.4367421875 0.6187828125 0.4406734375 0.617603125 0.443653125 0.6166437499999999 0.4445640625 0.621278125 0.4462984375 0.62405 0.4498609375 0.6253375 0.452328125 0.6255 0.45454999999999995 0.6206078125000001 0.4613421875 0.6206703124999999 0.4625640625 0.6112437500000001 0.4658171875 0.6094515625 0.4685046875 0.598525 0.46861875 0.59121875 0.463821875 0.5863921875 0.4602875 0.5811625 0.455475 0.5788171875 0.4515546875 0.5819078125 0.4461046875 0.5828390625 0.4370015625 0.5929234375 0.4374640625 0.601278125 0.4402796875 0.6043125 0.437871875 0.610153125 0.4367421875 0.6187828125
0 0.44688437499999994 0.6547 0.44952812499999995 0.658978125 0.4553359375 0.647659375 0.4501375 0.6406484375 0.448059375 0.6450828125 0.44756875 0.6492390625 0.4476859375 0.6517703125 0.44688437499999994 0.6547
0 0.3941 0.597125 0.3925546875 0.5926312499999999 0.3902515625 0.602215625 0.389065625 0.60253125 0.3885375 0.5841062499999999 0.38525312500000003 0.5827765625 0.38734999999999997 0.604203125 0.386209375 0.6234625 0.3931046875 0.62715 0.3956828125 0.6094359375 0.3930546875 0.605240625 0.3941 0.597125
0 0.6148390625 0.476971875 0.614515625 0.47032968750000004 0.6130109375 0.4610875 0.6100859375 0.45794218750000004 0.606178125 0.45996249999999994 0.6034890625 0.46857812499999996 0.6034859375 0.4737296875 0.6054906250000001 0.47988749999999997 0.609809375 0.4841265625 0.6148390625 0.476971875
0 0.302221875 0.4875640625 0.300396875 0.486190625 0.2982140625 0.4935359375 0.29634375 0.4943859375 0.2965140625 0.5037921875 0.294390625 0.5058312500000001 0.29579062500000003 0.5108421875 0.2976328125 0.515771875 0.3025796875 0.51595625 0.305384375 0.5078968749999999 0.3070296875 0.5006671875 0.30829375 0.4959546875 0.3081921875 0.49217187500000004 0.3047171875 0.48384375 0.302340625 0.485190625 0.302221875 0.4875640625
0 0.2832859375 0.397178125 0.281490625 0.3943078125 0.27866875 0.39409218749999997 0.2761 0.39882343750000004 0.2727515625 0.4105765625 0.271178125 0.4170484375 0.27318125000000004 0.423046875 0.2747140625 0.42950156249999993 0.2768484375 0.4312171875 0.2818109375 0.4258984375 0.28257656249999996 0.4205109375 0.283665625 0.413665625 0.28438906249999996 0.4072296875 0.2832859375 0.397178125
0 0.243990625 0.508828125 0.24684843750000002 0.5130625 0.25146250000000003 0.505575 0.251090625 0.4891875 0.24742187499999999 0.48394062499999996 0.2458015625 0.49181875 0.24422812500000002 0.5041171875 0.243990625 0.508828125
0 0.2715859375 0.5108234375 0.2715109375 0.5062953125 0.2702484375 0.5034375 0.2703640625 0.5006171875 0.26789999999999997 0.4999328125 0.266890625 0.502921875 0.26540625 0.507671875 0.2655234375 0.5123453125 0.26766718749999996 0.5172078124999999 0.2715859375 0.5108234375
0 0.351396875 0.32385156249999997 0.354734375 0.331596875 0.35496249999999996 0.323421875 0.35805625 0.31041875 0.3567359375 0.30880312499999996 0.3528453125 0.309734375 0.3501875 0.31375312499999997 0.351396875 0.32385156249999997
0 0.40733593749999997 0.23081875 0.40271718749999996 0.2409234375 0.4028734375 0.2490390625 0.4051296875 0.25815 0.4091984375 0.2674796875 0.41916562500000004 0.271915625 0.42184999999999995 0.26975 0.42704062499999995 0.27349375 0.43255 0.2704203125 0.4365578125 0.261334375 0.43895937500000004 0.254634375 0.4387484375 0.24914062499999998 0.43964218749999995 0.23965625 0.43899687500000006 0.23222031250000003 0.43939374999999997 0.22774843749999998 0.4371953125 0.22131249999999997 0.43345312500000005 0.2149375 0.430765625 0.2144109375 0.42589375 0.2162328125 0.4207015625 0.2202765625 0.415475 0.2200859375 0.41116875 0.2242453125 0.40733593749999997 0.23081875
0 0.436959375 0.2030421875 0.439390625 0.1961484375 0.438375 0.1904578125 0.435328125 0.190175 0.43379375 0.1929546875 0.43338124999999994 0.1987140625 0.43538750000000004 0.20035625 0.43687812499999995 0.201953125 0.436959375 0.2030421875
0 0.3943921875 0.1960515625 0.3938828125 0.19897343750000002 0.39260937500000004 0.198815625 0.390490625 0.20186874999999999 0.38969062499999996 0.2063046875 0.388871875 0.21382500000000002 0.38739218750000004 0.21615781250000002 0.3863859375 0.2198734375 0.38870781249999997 0.223184375 0.3904546875 0.2189375 0.39149375000000003 0.21500312500000002 0.39416093750000003 0.2110046875 0.39621875 0.2088953125 0.3971625 0.20367968749999998 0.3994671875 0.1990109375 0.39376406249999996 0.1929140625 0.3943921875 0.1960515625
0 0.40564375 0.19091093750000002 0.406940625 0.1873375 0.40810781250000006 0.18295937499999998 0.4082609375 0.1788984375 0.4076171875 0.1751265625 0.40609375 0.1719 0.40392343750000004 0.1742734375 0.4006671875 0.1837796875 0.3989375 0.192025 0.40088437499999996 0.1970296875 0.403765625 0.1915453125 0.40564375 0.19091093750000002
0 0.342034375 0.25669375 0.34211718750000003 0.2535921875 0.33750468749999996 0.2496 0.3365546875 0.2542640625 0.3353359375 0.262528125 0.3335625 0.2654515625 0.33595312499999996 0.27126875 0.33794375 0.2733703125 0.34057499999999996 0.27218437500000003 0.3438046875 0.26563906249999997 0.34609531250000003 0.26784375 0.3475734375 0.2646 0.3506546875 0.26811875 0.3546375 0.2567890625 0.352390625 0.2505390625 0.34828749999999997 0.24967968749999997 0.34623593750000003 0.25111875 0.3434796875 0.25684999999999997 0.342034375 0.25669375
0 0.5394703125 0.3026953125 0.536746875 0.30093749999999997 0.5350171875 0.30845781250000004 0.5341640625 0.31136718750000003 0.53333125 0.315140625 0.5348234374999999 0.318653125 0.537459375 0.3196765625 0.5395375 0.3198359375 0.5420281250000001 0.31667812500000003 0.5418140625000001 0.310971875 0.5414578125 0.30691250000000003 0.5394703125 0.3026953125
0 0.41587968750000004 0.13623593750000002 0.4131359375 0.140628125 0.4150953125 0.148090625 0.416725 0.1465171875 0.417759375 0.14008281250000001 0.41587968750000004 0.13623593750000002
0 0.30769375 0.23734375000000002 0.3060984375 0.2419515625 0.305571875 0.24545937499999998 0.3062109375 0.2478703125 0.30755 0.24594062499999997 0.3105421875 0.24686406249999998 0.3115140625 0.24168125 0.309390625 0.23903124999999997 0.30769375 0.23734375000000002
0 0.37511875 0.15381562499999998 0.37608281250000003 0.150090625 0.3752515625 0.1461296875 0.3725203125 0.1449484375 0.3705546875 0.146 0.370228125 0.1493953125 0.3714828125 0.15361562499999998 0.3731 0.154940625 0.37511875 0.15381562499999998
0 0.5034046875 0 0.5023453124999999 0.0013234375 0.5051578125 0.007473437500000001 0.5047484375 0.012198437500000001 0.5062703125 0.0165328125 0.5067671875 0.018203125 0.5109328125 0.0197875 0.5164796875000001 0.032709375 0.5205875 0.04635625 0.52439375 0.0605546875 0.5293015624999999 0.0751515625 0.535175 0.079659375 0.53845 0.079503125 0.5396359375 0.0723703125 0.53835 0.06497968750000001 0.5369125 0.0589125 0.5341859375 0.049892187500000004 0.532671875 0.041829687500000004 0.53005625 0.033600000000000005 0.5289515625 0.0267 0.5323828125000001 0.013410937500000001 0.5361578125 0 0.524040625 0.0001296875 0.5247375 0.00828125 0.52356875 0.0156734375 0.5213984375 0.019375 0.518603125 0.0119671875 0.5166000000000001 0 0.5034046875 0
0 0.55801875 0.12245312500000001 0.555384375 0.111865625 0.5513765625 0.10898125 0.5499171875 0.1035515625 0.5487234375 0.095571875 0.545 0.0884578125 0.5420625 0.086915625 0.5399328125 0.087659375 0.5389484375 0.0912875 0.53881875 0.096921875 0.5412671875 0.101340625 0.5450062499999999 0.10530625 0.5485203125 0.115378125 0.5457875 0.11931406250000001 0.5446 0.12380312499999999 0.5460578125 0.129059375 0.5480765625 0.1317140625 0.550496875 0.1339734375 0.5536296875 0.1342734375 0.55606875 0.1345 0.5696343749999999 0.170278125 0.57013125 0.17204999999999998 0.5723125 0.178728125 0.57445 0.1845671875 0.5763296875 0.1895484375 0.5797765625 0.19461250000000002 0.581084375 0.198828125 0.58269375 0.20401875 0.5845640624999999 0.2097984375 0.5862265625 0.207609375 0.5887015625 0.211328125 0.5855609375 0.21640937500000001 0.5889203125 0.2212890625 0.5919015625 0.2258734375 0.5934781250000001 0.2228484375 0.5589609375 0.1338859375 0.558790625 0.13095 0.55801875 0.12245312500000001
0 0.573221875 0.2364421875 0.5660578125 0.221059375 0.5636265625 0.21767656249999998 0.5649328125 0.21534375 0.5626546875 0.2115328125 0.5626 0.20836875 0.5582625 0.2056890625 0.583415625 0.2682859375 0.5830234375 0.26111875 0.582203125 0.25941875 0.58279375 0.257096875 0.5819609375 0.2557859375 0.5793999999999999 0.25055937500000003 0.5765265625 0.24832656250000001 0.5756249999999999 0.24431562499999998 0.5754046875000001 0.2424125 0.573221875 0.2364421875
0 0.6407171875000001 0.292915625 0.6378859375 0.2936671875 0.6360453125000001 0.29466562500000004 0.6346546875 0.3019421875 0.63560625 0.30821875 0.6365046875 0.31583125 0.6367421875 0.31977812499999997 0.6370671875 0.3215234375 0.6412171875 0.3250453125 0.6446078125 0.3260171875 0.6461765625 0.32151406250000003 0.6467375 0.3175984375 0.645634375 0.31335 0.6452484375 0.30704375 0.6432218749999999 0.3013671875 0.6421765625 0.2968015625 0.6407171875000001 0.292915625
0 0.6393265625 0.3688984375 0.644159375 0.3688328125 0.645428125 0.3788296875 0.6496765625 0.38005468750000004 0.6542875 0.3878453125 0.658928125 0.385175 0.661759375 0.3804875 0.6604 0.37815937499999996 0.6572375 0.376078125 0.6539171875 0.3641265625 0.650028125 0.35624687499999996 0.6411156250000001 0.34355 0.6357468749999999 0.3439140625 0.6336375000000001 0.35299375 0.6327953125 0.35790781250000003 0.6364468750000001 0.36124999999999996 0.6393265625 0.3688984375
0 0.6696265625 0.3257140625 0.6652359375 0.3254484375 0.66160625 0.3349734375 0.660490625 0.34743124999999997 0.659346875 0.3522703125 0.6625015624999999 0.3536328125 0.65998125 0.358865625 0.6694312499999999 0.3658078125 0.6682812499999999 0.37279375 0.6741765625 0.37365 0.6771484375 0.3670140625 0.6787296875 0.35853437499999996 0.6754546875 0.3569078125 0.6775328125 0.35349375 0.6771609375 0.34581875 0.6711968749999999 0.3390171875 0.6696265625 0.3257140625
0 0.682003125 0.33654687499999997 0.6840859375 0.33518125 0.6862265625 0.33094531250000003 0.685846875 0.3262390625 0.6831265625 0.325084375 0.680253125 0.3285703125 0.6804 0.335221875 0.682003125 0.33654687499999997
0 0.41230312500000005 0.6969703125 0.41240781249999997 0.686065625 0.4076546875 0.6815234375 0.4043140625 0.6865187500000001 0.40338593749999996 0.68850625 0.40534687500000005 0.6966265625 0.4075234375 0.696203125 0.4078453125 0.69945625 0.41230312500000005 0.6969703125
0 0.42892343750000006 0.72715625 0.43169375 0.72643125 0.43380937499999994 0.7235875 0.43377499999999997 0.72084375 0.4306640625 0.7126625 0.4286546875 0.71278125 0.427121875 0.7254875000000001 0.42892343750000006 0.72715625
0 0.5018515625 0.7486875000000001 0.5031671875 0.7546890625 0.5059578124999999 0.7548874999999999 0.5056625 0.7486765625 0.5018515625 0.7486875000000001
0 0.6313953125 0.5656875 0.627446875 0.570371875 0.6290828125 0.572734375 0.6325328125 0.5726078125 0.634934375 0.5750703125000001 0.633725 0.5786265625 0.6366234375000001 0.58225625 0.6370312499999999 0.5784875 0.637546875 0.5725109374999999 0.6358312500000001 0.56941875 0.6347671874999999 0.563525 0.63228125 0.5632546875 0.6313953125 0.5656875
0 0.3955046875 0.8294218750000001 0.3970265625 0.8256078125 0.3962796875 0.820996875 0.394075 0.8184890625 0.391440625 0.8179734375000001 0.38766875 0.8199203125000001 0.3884109375 0.8267749999999999 0.390721875 0.8288796875 0.3955046875 0.8294218750000001
0 0.48663437500000006 0.8751749999999999 0.4853375 0.87626875 0.488728125 0.8801515625 0.4905859375 0.8756906250000001 0.4904125 0.8716406250000001 0.48844843750000005 0.8712578125 0.48663437500000006 0.8751749999999999
0 0.6784640625 0.82511875 0.67855 0.8285453125 0.679934375 0.8325515625 0.6823515625 0.8306703125 0.681909375 0.8269015625 0.6794781249999999 0.8246140625 0.6784640625 0.82511875
0 0.650103125 0.8907421875000001 0.649421875 0.8928875 0.65143125 0.8969953125 0.6547453125 0.8949796875 0.654303125 0.8920078124999999 0.652759375 0.8898765624999999 0.650103125 0.8907421875000001
0 0.6930125 0.9224390625 0.7019015625 0.9245749999999999 0.7032 0.9189578125000001 0.701459375 0.908828125 0.697546875 0.9027578125 0.694253125 0.9017125 0.6926859375000001 0.9082828125000001 0.6916562500000001 0.914909375 0.6930125 0.9224390625
0 0.7134031249999999 0.79044375 0.7110109375 0.7872312499999999 0.7112375 0.7946484375 0.71525625 0.7961343750000001 0.7158828125000001 0.7924671875 0.7147703125 0.78850625 0.7134031249999999 0.79044375
0 0.5242375 0.9170796875 0.5225640625 0.9145890624999999 0.52103125 0.9139765625 0.5195078125 0.9144515625 0.5158640625 0.9189468749999999 0.5153734375 0.9233421875 0.520996875 0.9208484374999999 0.5198375000000001 0.9269390625 0.52296875 0.92785 0.5246203125 0.923559375 0.525296875 0.9211124999999999 0.5242375 0.9170796875
0 0.39254218750000003 0.99669375 0.39763906250000003 0.9926546875 0.39819218749999996 0.9874124999999999 0.3973640625 0.9818093749999999 0.39575312500000004 0.9783250000000001 0.39113125000000004 0.9751406250000001 0.3875921875 0.9778953125 0.387909375 0.98600625 0.38759062499999997 0.9933484375000001 0.39254218750000003 0.99669375
0 0.429390625 0.9402375 0.42897968750000004 0.9377828125000001 0.42825781249999995 0.9340578125000001 0.425740625 0.9312890625 0.42230625 0.9329750000000001 0.4228171875 0.9383015625000001 0.424225 0.941771875 0.4270125 0.9430249999999999 0.4277265625 0.9429812500000001 0.429390625 0.9402375
0 0.275296875 0.89478125 0.27630625000000003 0.8899234375 0.2754078125 0.8847953125 0.2737546875 0.8787015625000001 0.2712171875 0.8794375000000001 0.272259375 0.8853156249999999 0.2698296875 0.8866828124999999 0.2714171875 0.8980499999999999 0.275296875 0.89478125
0 0.2557578125 0.8835609375000001 0.25500781250000004 0.8889906249999999 0.25523125 0.8926765624999999 0.25645625 0.8896921875 0.2583578125 0.88790625 0.2587671875 0.8858328125 0.25861875 0.88306875 0.2557578125 0.8835609375000001
0 0.2794609375 0.8201421874999999 0.2805 0.8131453125 0.28026249999999997 0.8113890625 0.2777984375 0.80924375 0.2785109375 0.805875 0.27345 0.8025171875 0.2713546875 0.81495 0.2734828125 0.8183953125000001 0.2742828125 0.8219453124999999 0.2739453125 0.8283421875 0.27578125 0.8304140625 0.2776609375 0.82845625 0.278546875 0.8259343749999999 0.2782796875 0.8233984375000001 0.27766875 0.820028125 0.2794609375 0.8201421874999999
0 0.3101953125 0.70578125 0.305775 0.7056625000000001 0.305234375 0.70845625 0.3067078125 0.713159375 0.3101328125 0.7126625 0.3101953125 0.70578125
0 0.27428125 0.69326875 0.2755234375 0.6960671875 0.278459375 0.6935015625000001 0.280271875 0.6884765625 0.2800203125 0.6860984375 0.27595000000000003 0.683446875 0.2748140625 0.689265625 0.27428125 0.69326875
0 0.25712812500000004 0.6865187500000001 0.256809375 0.6930609375000001 0.2603140625 0.692603125 0.2613359375 0.6860593749999999 0.2619109375 0.682834375 0.259190625 0.6811359375 0.2576796875 0.6837859374999999 0.25712812500000004 0.6865187500000001
0 0.2564578125 0.6117859375 0.256584375 0.61850625 0.261715625 0.6135234374999999 0.2618890625 0.6100375 0.26086875 0.606565625 0.2604375 0.6021640625 0.2570265625 0.6018953125000001 0.2564578125 0.6117859375
0 0.23110624999999999 0.5815296875 0.23150624999999997 0.5725171875 0.2291625 0.570775 0.22768281250000003 0.581825 0.23110624999999999 0.5815296875
0 0.27653125 0.6136921875 0.2740375 0.6106812500000001 0.2718484375 0.6139640625 0.271915625 0.6215124999999999 0.2744796875 0.6213578125 0.2747921875 0.6155484375 0.27653125 0.6136921875
0 0.1910125 1 0.193453125 0.9993984375 0.1947859375 0.9950625000000001 0.195571875 0.9852984375 0.1915609375 0.9717015625000001 0.1893140625 0.9775359375000001 0.189846875 0.9873296874999999 0.1910125 1
0 0.18164843749999998 0.9293484375000001 0.179690625 0.9354390625000001 0.1792546875 0.9513390625 0.179103125 0.9609875000000001 0.18147968750000001 0.9613328125 0.1812625 0.9755593749999999 0.1802328125 0.9870671874999999 0.179584375 1 0.1818078125 0.9999828125000001 0.1831171875 0.9827046875000001 0.184203125 0.975234375 0.183490625 0.9630265625 0.1846921875 0.9556765625000001 0.1839546875 0.9380984375000001 0.18164843749999998 0.9293484375000001
0 0.218425 0.6606062500000001 0.214796875 0.6606109375 0.214896875 0.6687328124999999 0.2127796875 0.6681328125 0.2129125 0.676715625 0.21375937500000003 0.6798828125 0.21316406250000003 0.692328125 0.21292499999999998 0.6986515625 0.2157734375 0.709896875 0.22076250000000003 0.7043078125 0.2241390625 0.6970265625 0.22447187500000002 0.6874328125 0.22362500000000002 0.6786359375 0.219365625 0.6651015625000001 0.218425 0.6606062500000001
0 0.18701718750000002 0.7794640625 0.1840796875 0.7789671874999999 0.1829921875 0.7959078125 0.1817828125 0.811028125 0.18212343749999998 0.8163843749999999 0.18063281250000002 0.8195234375 0.1823515625 0.8300828125 0.183715625 0.836478125 0.18572968750000002 0.8373765625 0.1868828125 0.8214515625000001 0.18804218749999999 0.8072703125 0.1874796875 0.8001234374999999 0.1877 0.7929875 0.18701718750000002 0.7794640625
0 0.22281875 0.5983765625 0.2234390625 0.6037765625 0.22776875 0.598425 0.2284421875 0.595528125 0.22714375000000003 0.5922890625 0.225696875 0.5932609375 0.2259359375 0.5906125 0.22364375 0.5870671875 0.22281875 0.5983765625
0 0.20060625 0.6273484375 0.202528125 0.6211796875 0.20377031250000002 0.6192515625 0.2030984375 0.609884375 0.20029218750000002 0.6098203125 0.200009375 0.6163859375 0.1988640625 0.6185890625 0.198946875 0.62615 0.20060625 0.6273484375
0 0.2210734375 0.633046875 0.21983281250000003 0.6539796875 0.22143125000000002 0.6561203124999999 0.22339531250000003 0.656390625 0.224821875 0.6514656249999999 0.226765625 0.6394859375 0.225221875 0.6369796875 0.224640625 0.63415625 0.2210734375 0.633046875
0 0.196103125 0.5761296875 0.1931015625 0.57708125 0.1922953125 0.593609375 0.193453125 0.5977640625 0.1946328125 0.5903359375 0.196103125 0.5761296875
0 0.16097343749999998 0.563796875 0.1612421875 0.5780296875000001 0.1621203125 0.5842515625 0.163309375 0.58955 0.1635234375 0.591353125 0.16909375 0.5991703125 0.1770046875 0.6069671875 0.183834375 0.614609375 0.1839984375 0.6108234375 0.17698750000000002 0.6032921875 0.17452499999999999 0.6016203124999999 0.1740015625 0.5974921875 0.17159375 0.5944499999999999 0.17115625 0.5880953124999999 0.1766609375 0.5873781250000001 0.18625468750000002 0.586928125 0.18790625 0.5476046875 0.174278125 0.5490625 0.161309375 0.5518984375 0.16097343749999998 0.563796875
0 0.2444546875 0.5435703125 0.2457640625 0.5379109375 0.2462703125 0.533853125 0.24527656250000002 0.5292265625 0.24353750000000002 0.5313718749999999 0.24257656249999998 0.5341359375 0.24242499999999997 0.5374203125 0.24250937499999997 0.5439578125 0.2444546875 0.5435703125
0 0.2225375 0.49524999999999997 0.22312812499999998 0.4871125 0.2210125 0.487071875 0.2208078125 0.49421406250000005 0.2225375 0.49524999999999997
0 0.20613437499999998 0.558653125 0.206628125 0.55170625 0.204253125 0.551165625 0.204284375 0.5541296874999999 0.20613437499999998 0.558653125
0 0.23313437499999998 0.6780296875 0.236003125 0.676315625 0.234359375 0.66765 0.2324796875 0.669134375 0.23313437499999998 0.6780296875
0 0.3120625 0.3385234375 0.3154109375 0.33572812500000004 0.31493906250000003 0.3325328125 0.3072125 0.33552031250000003 0.307990625 0.3425328125 0.3120625 0.3385234375
0 0.256796875 0.36407968749999997 0.2557921875 0.367075 0.255725 0.3703296875 0.2579359375 0.37199375 0.25943125 0.3638734375 0.256796875 0.36407968749999997
0 0.22938125 0.40152656249999996 0.2283296875 0.39906406250000004 0.22742187500000002 0.39349218750000003 0.2251875 0.393175 0.2238359375 0.398396875 0.22243437500000002 0.410659375 0.2220609375 0.41463124999999995 0.22194375000000002 0.41957656249999997 0.22269999999999998 0.42212500000000003 0.2247921875 0.4240015625 0.2275171875 0.42160156249999997 0.2278953125 0.4164484375 0.2285109375 0.41282031249999995 0.23085468750000002 0.406975 0.22938125 0.40152656249999996
0 0.2303203125 0.4012359375 0.23230468750000002 0.40061562500000003 0.2333359375 0.396934375 0.23186718750000002 0.3887703125 0.2300515625 0.3889390625 0.22898281250000002 0.39371875 0.2293875 0.3991046875 0.2303203125 0.4012359375
0 0.20935 0.44103125 0.2076984375 0.467765625 0.2108015625 0.4621984375 0.2112453125 0.45883124999999997 0.2117203125 0.45211875 0.2118390625 0.44814375 0.2114328125 0.4452359375 0.2119296875 0.44310625000000003 0.20935 0.44103125
0 0.1990890625 0.44895312499999995 0.199734375 0.43213125 0.1973140625 0.43256562499999995 0.1976234375 0.44789375 0.1990890625 0.44895312499999995
0 0.2146515625 0.2983515625 0.2087078125 0.3155609375 0.20401562499999998 0.32949375000000003 0.197490625 0.35149375 0.191265625 0.3831265625 0.1901734375 0.3941 0.1886 0.4141828125 0.1893109375 0.43863906249999995 0.1930015625 0.4450453125 0.1933921875 0.4287296875 0.1957890625 0.40742968749999997 0.201578125 0.389425 0.21492499999999998 0.3584796875 0.2174640625 0.3456328125 0.2226078125 0.350678125 0.2252234375 0.34567187499999996 0.226671875 0.3335171875 0.2327140625 0.33885624999999997 0.2369515625 0.327578125 0.239975 0.3058859375 0.24179218750000003 0.316459375 0.24129375 0.32242187499999997 0.24495 0.3106390625 0.2538375 0.293278125 0.254809375 0.2842140625 0.254275 0.3053015625 0.260725 0.2959734375 0.26632656250000003 0.275140625 0.26935937499999996 0.2832359375 0.27871562499999997 0.27384375 0.28295781249999996 0.245496875 0.28687968750000004 0.2559984375 0.29168125 0.239921875 0.3040703125 0.22669375 0.30590625 0.236990625 0.30930625 0.235303125 0.3118859375 0.21471718750000002 0.3159859375 0.20988125000000002 0.3188734375 0.2006125 0.3214734375 0.207059375 0.3283296875 0.2029296875 0.327140625 0.1966875 0.3223859375 0.20056875000000002 0.3215296875 0.19925781250000002 0.3240484375 0.187734375 0.3357328125 0.1741265625 0.3396796875 0.179865625 0.3490953125 0.183025 0.35560625 0.1753734375 0.3576765625 0.1604140625 0.358265625 0.15112187500000002 0.3604984375 0.1639921875 0.3646921875 0.1595203125 0.3667140625 0.1511703125 0.3686375 0.142996875 0.3787109375 0.1299828125 0.3897296875 0.124175 0.3983890625 0.1155078125 0.404253125 0.11395 0.4134578125 0.099715625 0.42034843750000006 0.1020265625 0.430721875 0.0983140625 0.442875 0.0900140625 0.4455578125 0.076390625 0.45283749999999995 0.0645046875 0.456375 0.0568890625 0.469053125 0.048596875 0.4912109375 0.0320859375 0.4772671875 0 0.42825781249999995 0.000018750000000000002 0.41552656250000003 0.012946875 0.40635468750000003 0.0243734375 0.3995046875 0.0349328125 0.3896453125 0.043890625 0.3834515625 0.0499265625 0.378403125 0.0575359375 0.37272500000000003 0.0641578125 0.35995468750000004 0.0765953125 0.352778125 0.080678125 0.346078125 0.0854375 0.3415375 0.0939546875 0.33792656249999997 0.101028125 0.33160625 0.10758749999999999 0.326075 0.114778125 0.322984375 0.121821875 0.3189875 0.1215578125 0.31323124999999996 0.13575781250000002 0.30906875 0.13935 0.3070140625 0.1426515625 0.30056875 0.149303125 0.2890953125 0.1560484375 0.2874421875 0.170328125 0.2810390625 0.1816453125 0.27571249999999997 0.188778125 0.267940625 0.20187968750000002 0.2638265625 0.20954062499999998 0.2575109375 0.2143875 0.25233125 0.22769843750000002 0.24634218749999998 0.2376875 0.2404703125 0.245228125 0.235659375 0.25700625 0.2227671875 0.281196875 0.2146515625 0.2983515625
0 0.2252359375 0.372946875 0.22753593749999998 0.375690625 0.2300671875 0.3667046875 0.2291578125 0.36365156249999997 0.22886875 0.3593015625 0.22983125000000001 0.3481953125 0.228096875 0.3452015625 0.22499687499999999 0.368896875 0.2221359375 0.3795 0.22291093750000002 0.388346875 0.2249734375 0.385215625 0.2252359375 0.3769765625 0.2252359375 0.372946875
0 0.7178078125 0.6333 0.7270578125 0.6367328125 0.73444375 0.6350625 0.7363859374999999 0.6253109375 0.74353125 0.6203390625 0.746525 0.6115546875 0.7477984375 0.6039265625 0.7427312500000001 0.59695 0.7390875 0.5953578125 0.746684375 0.5907421875 0.7524625 0.5918593750000001 0.75490625 0.5833796875 0.7479296875 0.5719078125 0.7415359375 0.5699562499999999 0.740996875 0.5642578125 0.73509375 0.5595609375 0.7286640625 0.5623671875 0.7174609375000001 0.5631125 0.7077640625 0.5745734375 0.7038249999999999 0.589996875 0.703078125 0.6098453125 0.709421875 0.6260890625 0.7178078125 0.6333
0 0.7094 0.5579546875 0.70386875 0.5572546875 0.70439375 0.5613875 0.7097765625 0.5652953125 0.7123703124999999 0.560115625 0.7094 0.5579546875
0 0.726175 0.5498734375 0.727590625 0.541378125 0.723946875 0.5361296875 0.7205765625 0.5375 0.7182000000000001 0.5391125 0.7183453125 0.5434625 0.7210062500000001 0.5446609375 0.722115625 0.55030625 0.726175 0.5498734375
0 0.712034375 0.52451875 0.7127718749999999 0.53048125 0.722403125 0.5292203125 0.72016875 0.521478125 0.7172734375 0.5191749999999999 0.7117312499999999 0.520578125 0.712034375 0.52451875
0 0.7420796875 0.5042296875 0.7416546875 0.4975890625 0.7431140625 0.49347031250000006 0.7427984375000001 0.4890609375 0.73906875 0.48193281250000003 0.7336031249999999 0.476471875 0.729046875 0.48050625 0.724459375 0.49054062500000006 0.7271421874999999 0.49541250000000003 0.731646875 0.5009625 0.7375640625 0.504621875 0.7420796875 0.5042296875
0 0.7873125 0.5550671875 0.7926265625 0.55663125 0.7945125 0.5559328125 0.7929999999999999 0.5492625 0.7915421874999999 0.5456171875 0.7890359375 0.54541875 0.787296875 0.5501140625 0.7873125 0.5550671875
0 0.8578265625 0.7224375000000001 0.8618578125 0.71824375 0.8661140625 0.7162265624999999 0.870284375 0.7116734375 0.8707390625 0.7061124999999999 0.8664078125 0.700896875 0.8589968750000001 0.7037140625 0.8521421874999999 0.7097187500000001 0.8513046875000001 0.7189828125 0.8525578125 0.7248015624999999 0.8578265625 0.7224375000000001
0 0.9169890625000001 0.7095703125 0.9168 0.7125796875 0.9195421874999999 0.7144265625 0.9216656249999999 0.7114125 0.9207359374999999 0.70661875 0.9178625 0.7078140625 0.9169890625000001 0.7095703125
0 0.9407484374999999 0.2311828125 0.9439734375000001 0.2322375 0.9449406249999999 0.22919687500000002 0.94471875 0.22470625000000002 0.9417484375 0.2229734375 0.939165625 0.22735 0.9407484374999999 0.2311828125
0 0.56875 0.33515625 0.5671875 0.32578125 0.5609375 0.33203125 0.56328125 0.3375 0.56875 0.33515625
0 0.4859375 0.63046875 0.48671875 0.6375 0.490625 0.63046875 0.4859375 0.63046875
0 0.44453125 0.9328125 0.45 0.92890625 0.4484375 0.91953125 0.44453125 0.9328125
0 0.1890625 0.71953125 0.19140625 0.7296875 0.19375 0.71796875 0.1890625 0.71953125
0 0.184375 0.69140625 0.18828125 0.709375 0.1890625 0.68828125 0.184375 0.69140625
0 0.2375 0.55546875 0.23984375 0.5640625 0.2421875 0.55546875 0.2375 0.55546875
0 0.4234375 0.44453125 0.42421875 0.4515625 0.4296875 0.44296875 0.4234375 0.44453125
0 0.7890625 0.99609375 0.7828125 0.98671875 0.7734375 0.99453125 0.77734375 1 0.7890625 0.99609375
0 0.6796875 0.99609375 0.6765625 0.98671875 0.6703125 0.99140625 0.67421875 1 0.6796875 0.99609375
0 0.76484375 0.8609375 0.7703125 0.86015625 0.76875 0.85234375 0.76484375 0.8609375
0 0.925 0.59765625 0.93515625 0.6015625 0.93125 0.58984375 0.925 0.59765625