0 0.44972812500000003 0.48219218750000004 0.4475953125 0.47715625 0.4441078125 0.4752203125 0.44160468750000004 0.48018906250000004 0.44096718749999997 0.49036718749999997 0.44545 0.49381250000000004 0.449228125 0.49011875 0.44963125000000004 0.48360000000000003 0.44972812500000003 0.48219218750000004
0 0.463821875 0.4136078125 0.46861875 0.40878125 0.4685046875 0.401475 0.4658171875 0.3905484375 0.4625640625 0.38875625 0.4613421875 0.37932968749999996 0.45454999999999995 0.37939218750000003 0.452328125 0.3745 0.4498609375 0.3746625 0.4462984375 0.37595 0.4445640625 0.378721875 0.443653125 0.38335625 0.4406734375 0.382396875 0.4367421875 0.3812171875 0.437871875 0.38984687500000004 0.4402796875 0.3956875 0.4374640625 0.398721875 0.4370015625 0.4070765625 0.4461046875 0.4171609375 0.4515546875 0.4180921875 0.455475 0.4211828125 0.4602875 0.4188375 0.463821875 0.4136078125
0 0.44756875 0.3507609375 0.448059375 0.3549171875 0.4501375 0.3593515625 0.4553359375 0.35234062499999996 0.44952812499999995 0.341021875 0.44688437499999994 0.3453 0.4476859375 0.3482296875 0.44756875 0.3507609375
0 0.3902515625 0.39778437499999997 0.3925546875 0.40736875 0.3941 0.402875 0.3930546875 0.39475937499999997 0.3956828125 0.39056406250000003 0.3931046875 0.37285 0.386209375 0.3765375 0.38734999999999997 0.395796875 0.38525312500000003 0.4172234375 0.3885375 0.41589375000000006 0.389065625 0.39746875 0.3902515625 0.39778437499999997
0 0.6148390625 0.523028125 0.609809375 0.5158734375 0.6054906250000001 0.5201125 0.6034859375 0.5262703125 0.6034890625 0.531421875 0.606178125 0.5400375000000001 0.6100859375 0.5420578125 0.6130109375 0.5389125 0.614515625 0.5296703125 0.6148390625 0.523028125
0 0.29579062500000003 0.48915781249999996 0.294390625 0.49416874999999993 0.2965140625 0.49620781249999996 0.29634375 0.5056140625000001 0.2982140625 0.5064640625 0.300396875 0.513809375 0.302221875 0.5124359375 0.302340625 0.514809375 0.3047171875 0.51615625 0.3081921875 0.507828125 0.30829375 0.5040453125 0.3070296875 0.49933281249999995 0.305384375 0.49210312500000003 0.3025796875 0.48404375 0.2976328125 0.484228125 0.29579062500000003 0.48915781249999996
0 0.2727515625 0.5894234375 0.2761 0.6011765625 0.27866875 0.6059078125 0.281490625 0.6056921875 0.2832859375 0.602821875 0.28438906249999996 0.5927703125 0.283665625 0.5863343750000001 0.28257656249999996 0.5794890625 0.2818109375 0.5741015625 0.2768484375 0.5687828125000001 0.2747140625 0.5704984375000001 0.27318125000000004 0.576953125 0.271178125 0.5829515625 0.2727515625 0.5894234375
0 0.2458015625 0.50818125 0.24742187499999999 0.516059375 0.251090625 0.5108125 0.25146250000000003 0.494425 0.24684843750000002 0.48693749999999997 0.243990625 0.49117187500000004 0.24422812500000002 0.4958828125 0.2458015625 0.50818125
0 0.2715859375 0.48917656249999997 0.26766718749999996 0.4827921875 0.2655234375 0.48765468749999996 0.26540625 0.49232812499999995 0.266890625 0.497078125 0.26789999999999997 0.5000671875 0.2703640625 0.49938281250000005 0.2702484375 0.4965625 0.2715109375 0.4937046875 0.2715859375 0.48917656249999997
0 0.3528453125 0.690265625 0.3567359375 0.6911968749999999 0.35805625 0.68958125 0.35496249999999996 0.676578125 0.354734375 0.668403125 0.351396875 0.6761484375 0.3501875 0.6862468749999999 0.3528453125 0.690265625
0 0.43899687500000006 0.7677796875 0.43964218749999995 0.76034375 0.4387484375 0.750859375 0.43895937500000004 0.745365625 0.4365578125 0.738665625 0.43255 0.7295796875 0.42704062499999995 0.72650625 0.42184999999999995 0.7302500000000001 0.41916562500000004 0.728084375 0.4091984375 0.7325203124999999 0.4051296875 0.74185 0.4028734375 0.7509609375 0.40271718749999996 0.7590765625 0.40733593749999997 0.76918125 0.41116875 0.7757546875 0.415475 0.7799140625 0.4207015625 0.7797234375000001 0.42589375 0.7837671875 0.430765625 0.7855890624999999 0.43345312500000005 0.7850625 0.4371953125 0.7786875 0.43939374999999997 0.7722515624999999 0.43899687500000006 0.7677796875
0 0.43687812499999995 0.798046875 0.43538750000000004 0.79964375 0.43338124999999994 0.8012859375 0.43379375 0.8070453125 0.435328125 0.809825 0.438375 0.8095421875 0.439390625 0.8038515625 0.436959375 0.7969578125 0.43687812499999995 0.798046875
0 0.3863859375 0.7801265625 0.38739218750000004 0.7838421875 0.388871875 0.786175 0.38969062499999996 0.7936953124999999 0.390490625 0.79813125 0.39260937500000004 0.8011843750000001 0.3938828125 0.8010265625 0.3943921875 0.8039484375000001 0.39376406249999996 0.8070859374999999 0.3994671875 0.8009890625 0.3971625 0.7963203125 0.39621875 0.7911046875000001 0.39416093750000003 0.7889953125 0.39149375000000003 0.784996875 0.3904546875 0.7810625 0.38870781249999997 0.776815625 0.3863859375 0.7801265625
0 0.40810781250000006 0.817040625 0.406940625 0.8126625000000001 0.40564375 0.8090890625 0.403765625 0.8084546874999999 0.40088437499999996 0.8029703125 0.3989375 0.8079750000000001 0.4006671875 0.8162203124999999 0.40392343750000004 0.8257265625000001 0.40609375 0.8281000000000001 0.4076171875 0.8248734375 0.4082609375 0.8211015625 0.40810781250000006 0.817040625
0 0.3438046875 0.7343609375 0.34057499999999996 0.7278156250000001 0.33794375 0.7266296875 0.33595312499999996 0.7287312499999999 0.3335625 0.7345484375 0.3353359375 0.737471875 0.3365546875 0.7457359375 0.33750468749999996 0.7504 0.34211718750000003 0.7464078125 0.342034375 0.7433062500000001 0.3434796875 0.74315 0.34623593750000003 0.7488812499999999 0.34828749999999997 0.7503203125 0.352390625 0.7494609375 0.3546375 0.7432109375 0.3506546875 0.73188125 0.3475734375 0.7354 0.34609531250000003 0.73215625 0.3438046875 0.7343609375
0 0.5350171875 0.6915421875 0.536746875 0.6990624999999999 0.5394703125 0.6973046875 0.5414578125 0.6930875000000001 0.5418140625000001 0.689028125 0.5420281250000001 0.6833218750000001 0.5395375 0.6801640625 0.537459375 0.6803234375 0.5348234374999999 0.681346875 0.53333125 0.684859375 0.5341640625 0.6886328125000001 0.5350171875 0.6915421875
0 0.4131359375 0.8593718750000001 0.41587968750000004 0.8637640624999999 0.417759375 0.8599171875 0.416725 0.8534828125 0.4150953125 0.851909375 0.4131359375 0.8593718750000001
0 0.309390625 0.76096875 0.3115140625 0.75831875 0.3105421875 0.7531359375 0.30755 0.754059375 0.3062109375 0.7521296875 0.305571875 0.754540625 0.3060984375 0.7580484375000001 0.30769375 0.76265625 0.309390625 0.76096875
0 0.3731 0.845059375 0.3714828125 0.8463843750000001 0.370228125 0.8506046875 0.3705546875 0.8539999999999999 0.3725203125 0.8550515624999999 0.3752515625 0.8538703125 0.37608281250000003 0.849909375 0.37511875 0.846184375 0.3731 0.845059375
0 0.5166000000000001 1 0.518603125 0.9880328125 0.5213984375 0.9806250000000001 0.52356875 0.9843265625000001 0.5247375 0.9917187500000001 0.524040625 0.9998703125 0.5361578125 1 0.5323828125000001 0.9865890625 0.5289515625 0.9733 0.53005625 0.9663999999999999 0.532671875 0.9581703125000001 0.5341859375 0.9501078125 0.5369125 0.9410875000000001 0.53835 0.9350203125000001 0.5396359375 0.9276296875 0.53845 0.9204968750000001 0.535175 0.920340625 0.5293015624999999 0.9248484375 0.52439375 0.9394453125 0.5205875 0.95364375 0.5164796875000001 0.9672906250000001 0.5109328125 0.9802125 0.5067671875 0.981796875 0.5062703125 0.9834671875 0.5047484375 0.9878015625 0.5051578125 0.9925265624999999 0.5023453124999999 0.9986765625 0.5034046875 1 0.5166000000000001 1
0 0.5845640624999999 0.7902015625 0.58269375 0.79598125 0.581084375 0.801171875 0.5797765625 0.8053874999999999 0.5763296875 0.8104515625 0.57445 0.8154328124999999 0.5723125 0.8212718750000001 0.57013125 0.8279500000000001 0.5696343749999999 0.829721875 0.55606875 0.8654999999999999 0.5536296875 0.8657265625000001 0.550496875 0.8660265624999999 0.5480765625 0.8682859374999999 0.5460578125 0.870940625 0.5446 0.876196875 0.5457875 0.8806859375 0.5485203125 0.884621875 0.5450062499999999 0.8946937500000001 0.5412671875 0.898659375 0.53881875 0.9030781250000001 0.5389484375 0.9087125 0.5399328125 0.912340625 0.5420625 0.9130843750000001 0.545 0.9115421874999999 0.5487234375 0.9044281249999999 0.5499171875 0.8964484374999999 0.5513765625 0.89101875 0.555384375 0.8881343749999999 0.55801875 0.877546875 0.558790625 0.86905 0.5589609375 0.8661140625 0.5934781250000001 0.7771515625000001 0.5919015625 0.7741265625 0.5889203125 0.7787109375 0.5855609375 0.783590625 0.5887015625 0.788671875 0.5862265625 0.792390625 0.5845640624999999 0.7902015625
0 0.583415625 0.7317140625 0.5582625 0.7943109374999999 0.5626 0.79163125 0.5626546875 0.7884671875 0.5649328125 0.78465625 0.5636265625 0.7823234375 0.5660578125 0.7789406249999999 0.573221875 0.7635578125 0.5754046875000001 0.7575875 0.5756249999999999 0.755684375 0.5765265625 0.7516734375 0.5793999999999999 0.749440625 0.5819609375 0.7442140625 0.58279375 0.742903125 0.582203125 0.74058125 0.5830234375 0.73888125 0.583415625 0.7317140625
0 0.6370671875 0.6784765625 0.6367421875 0.680221875 0.6365046875 0.68416875 0.63560625 0.69178125 0.6346546875 0.6980578125 0.6360453125000001 0.705334375 0.6378859375 0.7063328125 0.6407171875000001 0.707084375 0.6421765625 0.7031984375 0.6432218749999999 0.6986328125 0.6452484375 0.69295625 0.645634375 0.68665 0.6467375 0.6824015625000001 0.6461765625 0.6784859375 0.6446078125 0.6739828125 0.6412171875 0.6749546875 0.6370671875 0.6784765625
0 0.6604 0.621840625 0.661759375 0.6195125 0.658928125 0.614825 0.6542875 0.6121546875 0.6496765625 0.6199453125 0.645428125 0.6211703125 0.644159375 0.6311671875 0.6393265625 0.6311015624999999 0.6364468750000001 0.63875 0.6327953125 0.6420921875000001 0.6336375000000001 0.64700625 0.6357468749999999 0.6560859375 0.6411156250000001 0.65645 0.650028125 0.643753125 0.6539171875 0.6358734375 0.6572375 0.623921875 0.6604 0.621840625
0 0.6694312499999999 0.6341921875 0.65998125 0.641134375 0.6625015624999999 0.6463671875 0.659346875 0.6477296875 0.660490625 0.65256875 0.66160625 0.6650265625 0.6652359375 0.6745515625 0.6696265625 0.6742859375 0.6711968749999999 0.6609828125 0.6771609375 0.6541812499999999 0.6775328125 0.6465062500000001 0.6754546875 0.6430921875 0.6787296875 0.641465625 0.6771484375 0.6329859375 0.6741765625 0.62635 0.6682812499999999 0.62720625 0.6694312499999999 0.6341921875
0 0.680253125 0.6714296875 0.6831265625 0.674915625 0.685846875 0.6737609375 0.6862265625 0.6690546875 0.6840859375 0.66481875 0.682003125 0.663453125 0.6804 0.664778125 0.680253125 0.6714296875
0 0.4078453125 0.30054375 0.4075234375 0.303796875 0.40534687500000005 0.3033734375 0.40338593749999996 0.31149375 0.4043140625 0.31348125 0.4076546875 0.3184765625 0.41240781249999997 0.313934375 0.41230312500000005 0.3030296875 0.4078453125 0.30054375
0 0.4286546875 0.28721874999999997 0.4306640625 0.28733749999999997 0.43377499999999997 0.27915625 0.43380937499999994 0.2764125 0.43169375 0.27356875 0.42892343750000006 0.27284375 0.427121875 0.2745125 0.4286546875 0.28721874999999997
0 0.5056625 0.2513234375 0.5059578124999999 0.2451125 0.5031671875 0.2453109375 0.5018515625 0.2513125 0.5056625 0.2513234375
0 0.6325328125 0.4273921875 0.6290828125 0.427265625 0.627446875 0.42962812499999997 0.6313953125 0.4343125 0.63228125 0.4367453125 0.6347671874999999 0.436475 0.6358312500000001 0.43058125 0.637546875 0.4274890625 0.6370312499999999 0.42151249999999996 0.6366234375000001 0.41774374999999997 0.633725 0.42137343749999995 0.634934375 0.4249296875 0.6325328125 0.4273921875
0 0.390721875 0.17112031249999998 0.3884109375 0.17322500000000002 0.38766875 0.1800796875 0.391440625 0.1820265625 0.394075 0.1815109375 0.3962796875 0.17900312499999999 0.3970265625 0.17439218750000002 0.3955046875 0.170578125 0.390721875 0.17112031249999998
0 0.4905859375 0.12430937500000001 0.488728125 0.1198484375 0.4853375 0.12373125 0.48663437500000006 0.124825 0.48844843750000005 0.1287421875 0.4904125 0.128359375 0.4905859375 0.12430937500000001
0 0.6823515625 0.1693296875 0.679934375 0.1674484375 0.67855 0.17145468749999998 0.6784640625 0.17488125000000002 0.6794781249999999 0.1753859375 0.681909375 0.1730984375 0.6823515625 0.1693296875
0 0.6547453125 0.10502031249999999 0.65143125 0.1030046875 0.649421875 0.10711250000000001 0.650103125 0.1092578125 0.652759375 0.1101234375 0.654303125 0.10799218749999999 0.6547453125 0.10502031249999999
0 0.6916562500000001 0.085090625 0.6926859375000001 0.09171718749999999 0.694253125 0.0982875 0.697546875 0.0972421875 0.701459375 0.091171875 0.7032 0.0810421875 0.7019015625 0.07542499999999999 0.6930125 0.07756093750000001 0.6916562500000001 0.085090625
0 0.71525625 0.203865625 0.7112375 0.20535156250000003 0.7110109375 0.21276875 0.7134031249999999 0.20955625000000003 0.7147703125 0.21149374999999998 0.7158828125000001 0.2075328125 0.71525625 0.203865625
0 0.52103125 0.0860234375 0.5225640625 0.08541093749999999 0.5242375 0.08292031250000001 0.525296875 0.0788875 0.5246203125 0.076440625 0.52296875 0.07215 0.5198375000000001 0.0730609375 0.520996875 0.0791515625 0.5153734375 0.0766578125 0.5158640625 0.081053125 0.5195078125 0.08554843749999999 0.52103125 0.0860234375
0 0.39254218750000003 0.00330625 0.38759062499999997 0.0066515624999999995 0.387909375 0.01399375 0.3875921875 0.0221046875 0.39113125000000004 0.024859375 0.39575312500000004 0.021675 0.3973640625 0.018190625 0.39819218749999996 0.012587499999999998 0.39763906250000003 0.007345312499999999 0.39254218750000003 0.00330625
0 0.429390625 0.059762499999999996 0.4277265625 0.05701874999999999 0.4270125 0.056975 0.424225 0.058228125 0.4228171875 0.0616984375 0.42230625 0.067025 0.425740625 0.0687109375 0.42825781249999995 0.0659421875 0.42897968750000004 0.06221718750000001 0.429390625 0.059762499999999996
0 0.2714171875 0.10195000000000001 0.2698296875 0.1133171875 0.272259375 0.11468437499999999 0.2712171875 0.12056249999999999 0.2737546875 0.1212984375 0.2754078125 0.11520468749999999 0.27630625000000003 0.1100765625 0.275296875 0.10521875 0.2714171875 0.10195000000000001
0 0.2587671875 0.11416718749999999 0.2583578125 0.11209374999999999 0.25645625 0.11030781249999999 0.25523125 0.1073234375 0.25500781250000004 0.11100937500000001 0.2557578125 0.1164390625 0.25861875 0.11693125 0.2587671875 0.11416718749999999
0 0.2713546875 0.18505 0.27345 0.1974828125 0.2785109375 0.194125 0.2777984375 0.19075625000000002 0.28026249999999997 0.1886109375 0.2805 0.1868546875 0.2794609375 0.1798578125 0.27766875 0.179971875 0.2782796875 0.1766015625 0.278546875 0.174065625 0.2776609375 0.17154375 0.27578125 0.1695859375 0.2739453125 0.1716578125 0.2742828125 0.1780546875 0.2734828125 0.1816046875 0.2713546875 0.18505
0 0.305775 0.29433750000000003 0.3101953125 0.29421875000000003 0.3101328125 0.28733749999999997 0.3067078125 0.286840625 0.305234375 0.29154375 0.305775 0.29433750000000003
0 0.27595000000000003 0.316553125 0.2800203125 0.3139015625 0.280271875 0.3115234375 0.278459375 0.3064984375 0.2755234375 0.3039328125 0.27428125 0.30673125 0.2748140625 0.310734375 0.27595000000000003 0.316553125
0 0.259190625 0.3188640625 0.2619109375 0.317165625 0.2613359375 0.313940625 0.2603140625 0.307396875 0.256809375 0.3069390625 0.25712812500000004 0.31348125 0.2576796875 0.3162140625 0.259190625 0.3188640625
0 0.2604375 0.3978359375 0.26086875 0.393434375 0.2618890625 0.3899625 0.261715625 0.3864765625 0.256584375 0.38149375 0.2564578125 0.3882140625 0.2570265625 0.3981046875 0.2604375 0.3978359375
0 0.22768281250000003 0.418175 0.2291625 0.429225 0.23150624999999997 0.4274828125 0.23110624999999999 0.41847031250000005 0.22768281250000003 0.418175
0 0.271915625 0.3784875 0.2718484375 0.3860359375 0.2740375 0.38931875 0.27653125 0.3863078125 0.2747921875 0.3844515625 0.2744796875 0.3786421875 0.271915625 0.3784875
0 0.1893140625 0.0224640625 0.1915609375 0.028298437500000002 0.195571875 0.014701562500000001 0.1947859375 0.0049375 0.193453125 0.0006015625 0.1910125 0 0.189846875 0.0126703125 0.1893140625 0.0224640625
0 0.1812625 0.024440625 0.18147968750000001 0.0386671875 0.179103125 0.0390125 0.1792546875 0.0486609375 0.179690625 0.0645609375 0.18164843749999998 0.0706515625 0.1839546875 0.06190156249999999 0.1846921875 0.0443234375 0.183490625 0.0369734375 0.184203125 0.024765625 0.1831171875 0.0172953125 0.1818078125 0.000017187499999999998 0.179584375 0 0.1802328125 0.012932812499999998 0.1812625 0.024440625
0 0.21375937500000003 0.3201171875 0.2129125 0.32328437499999996 0.2127796875 0.3318671875 0.214896875 0.3312671875 0.214796875 0.3393890625 0.218425 0.33939375 0.219365625 0.33489843750000003 0.22362500000000002 0.3213640625 0.22447187500000002 0.3125671875 0.2241390625 0.3029734375 0.22076250000000003 0.2956921875 0.2157734375 0.290103125 0.21292499999999998 0.3013484375 0.21316406250000003 0.307671875 0.21375937500000003 0.3201171875
0 0.18212343749999998 0.183615625 0.1817828125 0.18897187499999998 0.1829921875 0.2040921875 0.1840796875 0.2210328125 0.18701718750000002 0.2205359375 0.1877 0.2070125 0.1874796875 0.19987656250000002 0.18804218749999999 0.1927296875 0.1868828125 0.1785484375 0.18572968750000002 0.1626234375 0.183715625 0.16352187499999998 0.1823515625 0.1699171875 0.18063281250000002 0.1804765625 0.18212343749999998 0.183615625
0 0.22364375 0.41293281249999997 0.2259359375 0.40938749999999996 0.225696875 0.40673906249999997 0.22714375000000003 0.4077109375 0.2284421875 0.40447187500000004 0.22776875 0.40157499999999996 0.2234390625 0.3962234375 0.22281875 0.40162343749999996 0.22364375 0.41293281249999997
0 0.198946875 0.37385 0.1988640625 0.3814109375 0.200009375 0.3836140625 0.20029218750000002 0.3901796875 0.2030984375 0.390115625 0.20377031250000002 0.3807484375 0.202528125 0.3788203125 0.20060625 0.37265156250000003 0.198946875 0.37385
0 0.224640625 0.36584374999999997 0.225221875 0.3630203125 0.226765625 0.3605140625 0.224821875 0.348534375 0.22339531250000003 0.343609375 0.22143125000000002 0.3438796875 0.21983281250000003 0.3460203125 0.2210734375 0.366953125 0.224640625 0.36584374999999997
0 0.1931015625 0.42291875 0.196103125 0.42387031249999996 0.1946328125 0.4096640625 0.193453125 0.4022359375 0.1922953125 0.40639062499999995 0.1931015625 0.42291875
0 0.17452499999999999 0.39837968749999997 0.17698750000000002 0.3967078125 0.1839984375 0.3891765625 0.183834375 0.385390625 0.1770046875 0.3930328125 0.16909375 0.40082968750000003 0.1635234375 0.40864687499999997 0.163309375 0.41045 0.1621203125 0.4157484375 0.1612421875 0.42197031249999994 0.16097343749999998 0.436203125 0.161309375 0.44810156250000005 0.174278125 0.45093750000000005 0.18790625 0.45239531250000004 0.18625468750000002 0.413071875 0.1766609375 0.41262187499999997 0.17115625 0.41190468750000003 0.17159375 0.40555 0.1740015625 0.4025078125 0.17452499999999999 0.39837968749999997
0 0.24250937499999997 0.45604218750000003 0.24242499999999997 0.4625796875 0.24257656249999998 0.4658640625 0.24353750000000002 0.46862812500000006 0.24527656250000002 0.4707734375 0.2462703125 0.466146875 0.2457640625 0.46208906250000004 0.2444546875 0.4564296875 0.24250937499999997 0.45604218750000003
0 0.2208078125 0.5057859375 0.2210125 0.512928125 0.22312812499999998 0.5128874999999999 0.2225375 0.50475 0.2208078125 0.5057859375
0 0.204284375 0.44587031250000003 0.204253125 0.448834375 0.206628125 0.44829375000000005 0.20613437499999998 0.44134687499999997 0.204284375 0.44587031250000003
0 0.2324796875 0.330865625 0.234359375 0.33235000000000003 0.236003125 0.32368437499999997 0.23313437499999998 0.3219703125 0.2324796875 0.330865625
0 0.3154109375 0.6642718750000001 0.3120625 0.6614765625000001 0.307990625 0.6574671875 0.3072125 0.6644796875 0.31493906250000003 0.6674671875 0.3154109375 0.6642718750000001
0 0.2557921875 0.632925 0.256796875 0.6359203124999999 0.25943125 0.6361265625 0.2579359375 0.62800625 0.255725 0.6296703124999999 0.2557921875 0.632925
0 0.22243437500000002 0.589340625 0.2238359375 0.601603125 0.2251875 0.606825 0.22742187500000002 0.6065078125000001 0.2283296875 0.6009359375 0.22938125 0.5984734375 0.23085468750000002 0.593025 0.2285109375 0.5871796875 0.2278953125 0.5835515625000001 0.2275171875 0.5783984375 0.2247921875 0.5759984375 0.22269999999999998 0.5778749999999999 0.22194375000000002 0.5804234375 0.2220609375 0.58536875 0.22243437500000002 0.589340625
0 0.22898281250000002 0.60628125 0.2300515625 0.6110609375 0.23186718750000002 0.6112296875000001 0.2333359375 0.6030656249999999 0.23230468750000002 0.599384375 0.2303203125 0.5987640625 0.2293875 0.6008953125 0.22898281250000002 0.60628125
0 0.2119296875 0.55689375 0.2114328125 0.5547640625 0.2118390625 0.5518562499999999 0.2117203125 0.54788125 0.2112453125 0.54116875 0.2108015625 0.5378015625 0.2076984375 0.532234375 0.20935 0.55896875 0.2119296875 0.55689375
0 0.1976234375 0.55210625 0.1973140625 0.567434375 0.199734375 0.5678687499999999 0.1990890625 0.551046875 0.1976234375 0.55210625
0 0.27571249999999997 0.811221875 0.2810390625 0.8183546875 0.2874421875 0.8296718750000001 0.2890953125 0.8439515625 0.30056875 0.850696875 0.3070140625 0.8573484375 0.30906875 0.86065 0.31323124999999996 0.8642421875 0.3189875 0.8784421874999999 0.322984375 0.878178125 0.326075 0.885221875 0.33160625 0.8924125 0.33792656249999997 0.898971875 0.3415375 0.9060453125000001 0.346078125 0.9145625000000001 0.352778125 0.919321875 0.35995468750000004 0.9234046875 0.37272500000000003 0.9358421874999999 0.378403125 0.9424640625 0.3834515625 0.9500734375000001 0.3896453125 0.9561093749999999 0.3995046875 0.9650671875000001 0.40635468750000003 0.9756265624999999 0.41552656250000003 0.9870531250000001 0.42825781249999995 0.99998125 0.4772671875 1 0.4912109375 0.9679140625 0.469053125 0.951403125 0.456375 0.9431109375 0.45283749999999995 0.9354953125 0.4455578125 0.9236093750000001 0.442875 0.9099859374999999 0.430721875 0.9016859374999999 0.42034843750000006 0.8979734374999999 0.4134578125 0.900284375 0.404253125 0.88605 0.3983890625 0.8844921875 0.3897296875 0.8758250000000001 0.3787109375 0.8700171875 0.3686375 0.857003125 0.3667140625 0.8488296875 0.3646921875 0.8404796875 0.3604984375 0.8360078124999999 0.358265625 0.848878125 0.3576765625 0.8395859375000001 0.35560625 0.8246265625 0.3490953125 0.816975 0.3396796875 0.820134375 0.3357328125 0.8258734375 0.3240484375 0.812265625 0.3215296875 0.8007421875 0.3223859375 0.79943125 0.327140625 0.8033125 0.3283296875 0.7970703125 0.3214734375 0.7929406250000001 0.3188734375 0.7993875 0.3159859375 0.79011875 0.3118859375 0.7852828125 0.30930625 0.764696875 0.30590625 0.763009375 0.3040703125 0.77330625 0.29168125 0.7600781249999999 0.28687968750000004 0.7440015625 0.28295781249999996 0.754503125 0.27871562499999997 0.7261562500000001 0.26935937499999996 0.7167640625 0.26632656250000003 0.7248593750000001 0.260725 0.7040265625 0.254275 0.6946984375 0.254809375 0.7157859375 0.2538375 0.706721875 0.24495 0.6893609374999999 0.24129375 0.6775781249999999 0.24179218750000003 0.683540625 0.239975 0.6941140625 0.2369515625 0.6724218750000001 0.2327140625 0.66114375 0.226671875 0.6664828125 0.2252234375 0.6543281249999999 0.2226078125 0.6493218749999999 0.2174640625 0.6543671875 0.21492499999999998 0.6415203125 0.201578125 0.610575 0.1957890625 0.5925703125 0.1933921875 0.5712703125 0.1930015625 0.5549546875 0.1893109375 0.5613609375 0.1886 0.5858171875 0.1901734375 0.6059 0.191265625 0.6168734375 0.197490625 0.64850625 0.20401562499999998 0.6705062500000001 0.2087078125 0.6844390625 0.2146515625 0.7016484375 0.2227671875 0.718803125 0.235659375 0.74299375 0.2404703125 0.754771875 0.24634218749999998 0.7623125 0.25233125 0.7723015625 0.2575109375 0.7856124999999999 0.2638265625 0.790459375 0.267940625 0.7981203125 0.27571249999999997 0.811221875
0 0.2291578125 0.6363484374999999 0.2300671875 0.6332953125 0.22753593749999998 0.6243093749999999 0.2252359375 0.627053125 0.2252359375 0.6230234375 0.2249734375 0.6147843749999999 0.22291093750000002 0.611653125 0.2221359375 0.6205 0.22499687499999999 0.631103125 0.228096875 0.6547984375 0.22983125000000001 0.6518046875 0.22886875 0.6406984375 0.2291578125 0.6363484374999999
0 0.7415359375 0.43004375 0.7479296875 0.4280921875 0.75490625 0.4166203125 0.7524625 0.408140625 0.746684375 0.40925781250000004 0.7390875 0.40464218750000003 0.7427312500000001 0.40305 0.7477984375 0.3960734375 0.746525 0.3884453125 0.74353125 0.3796609375 0.7363859374999999 0.3746890625 0.73444375 0.3649375 0.7270578125 0.36326718750000003 0.7178078125 0.36669999999999997 0.709421875 0.3739109375 0.703078125 0.39015468750000004 0.7038249999999999 0.41000312499999997 0.7077640625 0.42542656250000005 0.7174609375000001 0.4368875 0.7286640625 0.43763281249999997 0.73509375 0.4404390625 0.740996875 0.4357421875 0.7415359375 0.43004375
0 0.70386875 0.44274531250000004 0.7094 0.4420453125 0.7123703124999999 0.439884375 0.7097765625 0.4347046875 0.70439375 0.43861249999999996 0.70386875 0.44274531250000004
0 0.722115625 0.44969374999999995 0.7210062500000001 0.45533906249999995 0.7183453125 0.45653750000000004 0.7182000000000001 0.4608875 0.7205765625 0.4625 0.723946875 0.4638703125 0.727590625 0.45862187499999996 0.726175 0.45012656250000005 0.722115625 0.44969374999999995
0 0.72016875 0.47852187500000004 0.722403125 0.4707796875 0.7127718749999999 0.46951875000000004 0.712034375 0.47548124999999997 0.7117312499999999 0.479421875 0.7172734375 0.480825 0.72016875 0.47852187500000004
0 0.7431140625 0.5065296874999999 0.7416546875 0.5024109375 0.7420796875 0.49577031250000003 0.7375640625 0.49537812499999995 0.731646875 0.4990375 0.7271421874999999 0.5045875 0.724459375 0.5094593749999999 0.729046875 0.51949375 0.7336031249999999 0.523528125 0.73906875 0.5180671875 0.7427984375000001 0.5109390625 0.7431140625 0.5065296874999999
0 0.7890359375 0.45458125000000005 0.7915421874999999 0.4543828125 0.7929999999999999 0.45073749999999996 0.7945125 0.44406718749999996 0.7926265625 0.44336875 0.7873125 0.4449328125 0.787296875 0.44988593750000005 0.7890359375 0.45458125000000005
0 0.8618578125 0.28175625000000004 0.8578265625 0.2775625 0.8525578125 0.2751984375 0.8513046875000001 0.2810171875 0.8521421874999999 0.29028125 0.8589968750000001 0.2962859375 0.8664078125 0.29910312499999997 0.8707390625 0.29388749999999997 0.870284375 0.2883265625 0.8661140625 0.2837734375 0.8618578125 0.28175625000000004
0 0.9216656249999999 0.2885875 0.9195421874999999 0.28557343749999997 0.9168 0.2874203125 0.9169890625000001 0.2904296875 0.9178625 0.2921859375 0.9207359374999999 0.29338125000000004 0.9216656249999999 0.2885875
0 0.94471875 0.77529375 0.9449406249999999 0.770803125 0.9439734375000001 0.7677625 0.9407484374999999 0.7688171875 0.939165625 0.77265 0.9417484375 0.7770265625 0.94471875 0.77529375
0 0.56328125 0.6625 0.5609375 0.66796875 0.5671875 0.67421875 0.56875 0.66484375 0.56328125 0.6625
0 0.4859375 0.36953125 0.490625 0.36953125 0.48671875 0.3625 0.4859375 0.36953125
0 0.44453125 0.0671875 0.4484375 0.08046875 0.45 0.07109375 0.44453125 0.0671875
0 0.1890625 0.28046875 0.19375 0.28203125 0.19140625 0.2703125 0.1890625 0.28046875
0 0.184375 0.30859375 0.1890625 0.31171875 0.18828125 0.290625 0.184375 0.30859375
0 0.2375 0.44453125 0.2421875 0.44453125 0.23984375 0.4359375 0.2375 0.44453125
0 0.4234375 0.55546875 0.4296875 0.55703125 0.42421875 0.5484375 0.4234375 0.55546875
0 0.77734375 0 0.7734375 0.00546875 0.7828125 0.01328125 0.7890625 0.00390625 0.77734375 0
0 0.67421875 0 0.6703125 0.00859375 0.6765625 0.01328125 0.6796875 0.00390625 0.67421875 0
0 0.76484375 0.1390625 0.76875 0.14765625 0.7703125 0.13984375 0.76484375 0.1390625
0 0.925 0.40234375 0.93125 0.41015625 0.93515625 0.3984375 0.925 0.40234375