0 1 0.10733593749999999 0.9352546875 0.0938640625 0.8430578125 0.076128125 0.7230453125 0.062609375 0.5730296874999999 0.05806875 0.44942343749999997 0.05495 0.386553125 0.057546875 0.3029390625 0.0653875 0.200415625 0.0727375 0.1503859375 0.08124375 0.11104687499999999 0.08407187499999999 0.0307234375 0.0015875 0.0001328125 0 0 0.05515 0.0345359375 0.0928625 0.0594671875 0.11520937499999999 0.0735875 0.1840796875 0.1023140625 0.2066140625 0.1273859375 0.1687265625 0.17325 0.13666562499999999 0.202 0.1497125 0.21903125 0.13375937499999999 0.24125000000000002 0.129309375 0.2582625 0.1468640625 0.27640937499999996 0.1393265625 0.3228828125 0.12887656249999999 0.3455578125 0.1254734375 0.3528671875 0.143065625 0.396003125 0.13741562499999999 0.42885156249999995 0.11166406250000001 0.45283281249999996 0.1312171875 0.46503125 0.1317984375 0.46681875 0.1366921875 0.469975 0.145521875 0.46514375 0.1509171875 0.46313750000000004 0.1584734375 0.46770625 0.161240625 0.4695578125 0.15647968750000002 0.47528437500000004 0.1575734375 0.481003125 0.13211875 0.5169171875 0.13461875 0.5430546875 0.13335312500000002 0.5661328125 0.145184375 0.5753890625 0.1357609375 0.5859484375 0.1402375 0.6117390625 0.1514375 0.62354375 0.12917343750000002 0.64555 0.13830625000000002 0.6620781250000001 0.13913906250000002 0.6814296875 0.1277328125 0.67910625 0.1401875 0.6842343750000001 0.1436125 0.6885140625 0.137375 0.6921578125 0.14428593750000002 0.7024734375 0.1433890625 0.7080015625 0.1547296875 0.713025 0.15269531249999999 0.717790625 0.1421171875 0.7271203125000001 0.137584375 0.7302515625 0.14265624999999998 0.738521875 0.1471796875 0.7417640624999999 0.1415375 0.7369640625 0.13198749999999998 0.745996875 0.12681562500000002 0.7568578125000001 0.129396875 0.7550921875000001 0.13709375 0.7530328125 0.1470546875 0.752884375 0.150315625 0.7585515625 0.1519359375 0.7621249999999999 0.14059531249999999 0.7677546875 0.1418484375 0.7679421875 0.136440625 0.7663984375 0.13028125 0.7725703125 0.127034375 0.7743187500000001 0.13272656249999998 0.7789078125 0.13106562500000002 0.7816640625 0.1213578125 0.8043296874999999 0.1405671875 0.8348859375 0.144415625 0.8769703124999999 0.14486875 0.9388484375000001 0.13948125 1 0.146825 1 0.10733593749999999
0 0.090246875 0.437740625 0.093715625 0.43006093749999996 0.08997031250000001 0.39346562500000004 0.0864046875 0.3810328125 0.0696546875 0.380146875 0.058546875 0.394221875 0.0616140625 0.40680937500000003 0.06438906250000001 0.42932499999999996 0.07118125 0.44113749999999996 0.090246875 0.437740625
0 1 0.684871875 0.990146875 0.6749703125 0.9764875 0.6727484375 0.9580703125 0.6727484375 0.9508234375000001 0.6810859375 0.945775 0.6876875 0.9427484375 0.6950624999999999 0.9460328125 0.7085625 0.9437749999999999 0.7170484375 0.9429421874999999 0.7291390625 0.94453125 0.741528125 0.9557156250000001 0.7544359375 0.964790625 0.7624890625 0.9798859375 0.761265625 0.9830984375 0.7556921875 0.9926265624999999 0.7530375 0.9933390624999999 0.7565765625 1 0.7581046875 1 0.7515765625 1 0.700075 1 0.684871875
0 0.472678125 0.41915625 0.47739062499999996 0.4168125 0.48372656249999996 0.41262187499999997 0.4889984375 0.4073203125 0.48824375 0.4034140625 0.48565625 0.39697187500000003 0.48166562500000004 0.3917953125 0.47914375 0.38947031249999997 0.47306406250000005 0.3876703125 0.466778125 0.38893125 0.46304375000000003 0.3916046875 0.46139374999999994 0.3965125 0.46145625 0.4002171875 0.46180937499999997 0.40213593750000004 0.4635359375 0.40671093750000004 0.46665 0.4138859375 0.46839531250000005 0.417478125 0.472678125 0.41915625
0 0.586225 0.48374218750000003 0.5847203125 0.4821578125 0.5799937500000001 0.4821578125 0.576640625 0.48290625 0.575796875 0.486665625 0.5752937499999999 0.4879953125 0.5722578125 0.4894078125 0.5718328125000001 0.49324218750000004 0.573078125 0.49570625 0.5750453125 0.496284375 0.5781031249999999 0.49680625 0.58163125 0.49940625 0.5873109375000001 0.4955859375 0.58726875 0.488759375 0.586225 0.48374218750000003
0 0.5289125 0.577971875 0.5239453125 0.5725296875 0.5210671875 0.5729140625 0.5168953125 0.5750625 0.5166828125 0.576734375 0.5177578125 0.58026875 0.5201609375 0.5827718749999999 0.525628125 0.585325 0.52849375 0.5837 0.5289125 0.577971875
0 0.5693312500000001 0.567025 0.5685390625 0.569265625 0.568640625 0.5736703125 0.5712078125 0.5767203125 0.574384375 0.578746875 0.5757984375 0.578553125 0.5794671874999999 0.57640625 0.5800125 0.5718328125000001 0.57849375 0.5665859375 0.5748765625 0.5648765625000001 0.5726843749999999 0.565121875 0.5693312500000001 0.567025
0 0.665053125 0.5432734375 0.66369375 0.5455984375 0.6620171874999999 0.5493390625 0.6610140624999999 0.5511390625 0.663403125 0.5544984375 0.666478125 0.5554609375 0.668540625 0.5547390625 0.6707734375000001 0.5512171875 0.6716546875 0.5460796875 0.671046875 0.5424 0.6686703125 0.54220625 0.665053125 0.5432734375
0 0.4517421875 0.59839375 0.4497625 0.59839375 0.4477015625 0.5985328125 0.44627656250000003 0.6008890625000001 0.4455234375 0.6031609375 0.4455234375 0.6047687500000001 0.4470921875 0.6058578125 0.44924375000000005 0.6061046875 0.45312656249999994 0.6059109375 0.45404218749999997 0.60415 0.45443437500000006 0.602003125 0.45411875 0.59964375 0.4517421875 0.59839375
0 0.452084375 0.6437859375 0.45325 0.6430640624999999 0.45399687499999997 0.6416390625 0.45450625 0.6372734375 0.4531609375 0.6353734375 0.45168125000000003 0.6343171875 0.4504671875 0.6341218750000001 0.44838125 0.6384937500000001 0.44967968750000004 0.6410203125 0.452084375 0.6437859375
0 0.6250125 0.6208296875 0.6249078124999999 0.6171703125 0.6231656250000001 0.6168359375 0.62061875 0.6189125 0.6205765624999999 0.6214625 0.6216921875 0.62425 0.6238734375 0.6252125000000001 0.6250125 0.6227296875 0.6250125 0.6208296875
0 0.565565625 0.3956203125 0.566471875 0.3896359375 0.5659046875 0.385128125 0.5641093749999999 0.38259375 0.5605828125000001 0.37988125 0.5587875 0.37988125 0.5560671875 0.380265625 0.5544453125000001 0.382740625 0.5531515625 0.3861703125 0.55180625 0.38861406249999997 0.5517000000000001 0.392 0.5527203125 0.393165625 0.5536359375 0.3940546875 0.5573453125000001 0.3973296875 0.5613796875 0.3987890625 0.5635828125 0.39773281250000003 0.565565625 0.3956203125
0 0.6155328124999999 0.3575890625 0.6153859374999999 0.36121875000000003 0.6155296875 0.3646671875 0.616315625 0.36760468749999997 0.6186765624999999 0.36923125 0.62111875 0.370525 0.6254062499999999 0.3728859375 0.6296296875 0.3768375 0.6297015625 0.377046875 0.6322171875 0.375621875 0.6339125 0.374178125 0.6350515624999999 0.3724 0.6376953125 0.3721515625 0.6395421875 0.369896875 0.6402640625 0.3660953125 0.6399328125 0.361625 0.6389703124999999 0.3589859375 0.6359328125 0.35565625 0.6336734374999999 0.351728125 0.6305828124999999 0.34745 0.627890625 0.34591875 0.625221875 0.346634375 0.6227 0.3484859375 0.6201 0.3502515625 0.6171031250000001 0.3523484375 0.61621875 0.3548234375 0.6155328124999999 0.3575890625
0 0.6389640625 0.41006406249999994 0.6406921875 0.40972968749999994 0.64429375 0.4078453125 0.6460781250000001 0.4058046875 0.6457875 0.4017203125 0.644625 0.39721562499999996 0.643859375 0.396440625 0.6405203125 0.39460937500000004 0.6389625 0.39369375 0.6361640625 0.3932 0.63413125 0.39419375 0.6325859375 0.395575 0.631728125 0.39868281250000004 0.631728125 0.40101718750000004 0.6319781250000001 0.40409375000000003 0.6354171875 0.407334375 0.6358125 0.40796875000000005 0.6389640625 0.41006406249999994
0 0.6991875000000001 0.43234843749999996 0.6967203125 0.429725 0.6956765625 0.42761250000000006 0.69375 0.427084375 0.6906875 0.427609375 0.68964375 0.4293765625 0.68799375 0.43375 0.6883078125 0.4351421875 0.689196875 0.4386046875 0.6905609375 0.4421953125 0.6944953125 0.4430515625 0.6978296875 0.44121875 0.6993640625 0.43896562499999997 0.699940625 0.43541093750000004 0.6991875000000001 0.43234843749999996
0 0.644946875 0.42836093750000004 0.646990625 0.43011406250000006 0.64901875 0.42760625 0.6501578125 0.42394375 0.6494046875 0.420071875 0.646434375 0.418153125 0.6449296875 0.41881562499999997 0.6441375 0.4194796875 0.6428828125 0.423434375 0.6428828125 0.42640312500000005 0.644946875 0.42836093750000004
0 0.65313125 0.4232234375 0.65495625 0.4249359375 0.6562953125 0.426753125 0.6596046875 0.42641875 0.6608328125 0.4242375 0.66159375 0.41945156250000004 0.6599046875 0.4171984375 0.65760625 0.41614218750000004 0.6565515625 0.41628125000000005 0.654215625 0.4184109375 0.65313125 0.4232234375
0 0.5304453125 0.4997328125 0.5311578124999999 0.5021953124999999 0.5346031250000001 0.5030249999999999 0.5349999999999999 0.504203125 0.5346062500000001 0.5066671875 0.5348578125000001 0.5078984375 0.5381390625 0.5087453125 0.542053125 0.5060390625 0.5429109375000001 0.5037984375 0.541796875 0.49984375 0.5401984375 0.4978515625 0.5347609375 0.4961953125 0.5320843749999999 0.49763906249999995 0.5304453125 0.4997328125
0 0.5492640625 0.56518125 0.5504125 0.565878125 0.551978125 0.5662953125 0.5543984375 0.56643125 0.5547500000000001 0.5625765625 0.5545 0.5609921875 0.55299375 0.5599890624999999 0.551278125 0.5594078125 0.5492734375 0.559825 0.5482453125 0.562128125 0.5484515625 0.5644328125 0.5492640625 0.56518125
0 0.3183546875 0.5358359375 0.321746875 0.5115609375 0.3172671875 0.5107265625 0.315315625 0.52826875 0.3139375 0.5279125 0.31216875 0.521665625 0.3107828125 0.5206625 0.30877656249999996 0.5242609375 0.309378125 0.5269828125 0.310740625 0.5309796875 0.3095265625 0.5317828125 0.3077453125 0.5356296875 0.3073484375 0.5376234375 0.306978125 0.541928125 0.3085375 0.5448421875 0.308246875 0.548271875 0.3104796875 0.549459375 0.313790625 0.545625 0.3169140625 0.5449375 0.3193078125 0.5434390625 0.3183546875 0.5358359375
0 0.28055625 0.6037140625 0.28055625 0.6069609375 0.2811984375 0.60945625 0.2853671875 0.6094015625 0.28862343749999997 0.6063015625 0.2903671875 0.6034328125 0.29184375 0.5993859375 0.28971718750000003 0.595634375 0.287221875 0.59471875 0.28195468749999997 0.5970093750000001 0.28055625 0.6006828125 0.28055625 0.6037140625
0 0.2564296875 0.6240078125 0.2545546875 0.6280703125 0.2538859375 0.6317890625 0.25498750000000003 0.63273125 0.25603125000000004 0.6332875 0.2582109375 0.6332875 0.260365625 0.63128125 0.260509375 0.62726875 0.2598890625 0.6214062499999999 0.2572875 0.621596875 0.2564296875 0.6240078125
0 0.23100937500000002 0.574775 0.2368921875 0.5840687499999999 0.23912031250000002 0.5860484375 0.2398421875 0.580978125 0.23998593750000002 0.57855 0.2397328125 0.5741140625 0.23813749999999997 0.5721609375 0.2373984375 0.5717390625000001 0.23578749999999998 0.5710171875000001 0.23383437499999998 0.571925 0.23100937500000002 0.574775
0 0.2182125 0.5415140625 0.21961406249999998 0.5476765625 0.221596875 0.5507593749999999 0.2237359375 0.5540875 0.22535937499999997 0.5586125 0.22865937500000003 0.557040625 0.2320671875 0.557428125 0.2366171875 0.55945 0.23991406249999997 0.5575281249999999 0.24273906250000002 0.5573359375 0.244178125 0.553821875 0.2449296875 0.5515484374999999 0.247834375 0.5505546875 0.2505296875 0.5517703125 0.252640625 0.5526515625 0.25257968750000004 0.5498453125 0.25151875 0.54535625 0.25010781249999997 0.5384562500000001 0.25324843750000003 0.5350406249999999 0.2525046875 0.5316687499999999 0.249221875 0.5291328125 0.24503750000000002 0.5264171875 0.23502968750000003 0.5235734375 0.22860624999999998 0.5251078125 0.22559218749999999 0.52790625 0.22360000000000002 0.53058125 0.21976093749999998 0.535984375 0.2182125 0.5415140625
0 0.2428296875 0.4737578125 0.242934375 0.4758140625 0.24421718750000002 0.4793484375 0.2463125 0.4823921875 0.247740625 0.48154531250000004 0.2494828125 0.4786234375 0.250571875 0.4740125 0.2511875 0.46845156250000003 0.24989218750000003 0.46831093749999997 0.2460109375 0.4696890625 0.24409687500000002 0.4711234375 0.2428296875 0.4737578125
0 0.2746109375 0.4119515625 0.27342187500000004 0.4116171875 0.2692875 0.4118953125 0.26867968750000004 0.4144765625 0.2690984375 0.41597656250000004 0.2713 0.4177203125 0.2731203125 0.41825156249999995 0.2745484375 0.41571718750000003 0.2746109375 0.4119515625
0 0.5762109375 0.2548890625 0.5761546875 0.2495734375 0.5745703125 0.2460015625 0.5757328125 0.2397015625 0.5743984375 0.23706093749999999 0.57241875 0.23681093749999998 0.5704265625 0.23979843750000002 0.5695546874999999 0.2442453125 0.5681015625 0.24873281249999998 0.5675203125 0.2514953125 0.5669390625 0.25634999999999997 0.5675796875 0.2588921875 0.570515625 0.2609859375 0.5721390625 0.26150937500000004 0.5745828125 0.259290625 0.5762109375 0.2548890625
0 0.52739375 0.2765875 0.5223718749999999 0.281034375 0.5191796875 0.2896359375 0.5193171875 0.29622031249999997 0.522409375 0.3054796875 0.52769375 0.31338125 0.536534375 0.3153375 0.5408171875 0.314546875 0.5449890625 0.3135515625 0.5473921875000001 0.3100390625 0.549425 0.3059125 0.5513656250000001 0.3032015625 0.5538734375 0.3002140625 0.5570296875 0.295359375 0.5543640625 0.2910859375 0.5493359375 0.28619374999999997 0.5476156249999999 0.2835140625 0.5421625 0.27766718749999997 0.535628125 0.2752765625 0.52739375 0.2765875
0 0.385090625 0.26154062499999997 0.3842984375 0.25802187499999996 0.3834796875 0.25768749999999996 0.37727499999999997 0.25933125 0.373103125 0.2616421875 0.37341718749999997 0.2634515625 0.37540625 0.2674578125 0.37675625 0.26964375 0.3771890625 0.27299531250000003 0.37704375 0.2782671875 0.379234375 0.281434375 0.38144999999999996 0.2769625 0.3842671875 0.271434375 0.38538125 0.26713749999999997 0.385090625 0.26154062499999997
0 0.39909531249999997 0.20185312500000002 0.3938875 0.19954531250000002 0.392553125 0.1985171875 0.38533125 0.1988953125 0.3803203125 0.2031046875 0.37813125 0.20847500000000002 0.3796390625 0.2129640625 0.3840484375 0.218315625 0.387853125 0.2173453125 0.3906796875 0.21566718749999997 0.3920796875 0.215196875 0.3953265625 0.21506093750000002 0.399078125 0.21187187500000002 0.400609375 0.2116265625 0.40186406249999995 0.2157625 0.40896718749999994 0.2134875 0.4111328125 0.212246875 0.41324375 0.209590625 0.41416718750000003 0.20756562500000003 0.415196875 0.20567968749999999 0.416371875 0.20257187499999998 0.4150484375 0.19742656249999999 0.41231093750000003 0.1925640625 0.41107812499999996 0.18825 0.40798281249999996 0.18738125 0.40381875 0.194934375 0.40183437499999997 0.1977875 0.39909531249999997 0.20185312500000002
0 0.4133375 0.1629765625 0.41766875 0.1701828125 0.4199984375 0.163653125 0.421009375 0.1602734375 0.419753125 0.156240625 0.4133375 0.1629765625
0 0.315878125 0.19345 0.3142390625 0.20104843749999998 0.3164578125 0.20389531249999998 0.31819375 0.2048578125 0.3219828125 0.2061171875 0.32621406249999996 0.2095546875 0.3292859375 0.21038281250000002 0.3306671875 0.20626250000000002 0.3295703125 0.20126249999999998 0.32728437499999996 0.1962609375 0.3234828125 0.19251093749999998 0.3184140625 0.1916296875 0.315878125 0.19345
0 0.3008328125 0.19346093749999999 0.30277031249999997 0.1950984375 0.3049953125 0.1959546875 0.30986250000000004 0.1997203125 0.31221875 0.1973296875 0.3137125 0.19342187500000002 0.31288125 0.1887375 0.309553125 0.185884375 0.3046109375 0.1847375 0.302446875 0.1854859375 0.3005859375 0.18905624999999998 0.3008328125 0.19346093749999999
0 0.292840625 0.16975 0.29400312500000003 0.1642953125 0.2925234375 0.16182968749999999 0.29014843749999997 0.1617734375 0.2884578125 0.1668625 0.292834375 0.173121875 0.292840625 0.16975
0 0.2962453125 0.1496421875 0.2986546875 0.1495015625 0.29914999999999997 0.1462453125 0.296271875 0.14223125 0.2941609375 0.14311875000000002 0.2934234375 0.1447890625 0.293071875 0.1460421875 0.29417031250000003 0.1487 0.2962453125 0.1496421875
0 0.3439515625 0.1750921875 0.343225 0.1741765625 0.3412203125 0.17453593750000002 0.34086249999999996 0.1752 0.34054531250000003 0.1783390625 0.3429875 0.17863281250000002 0.3439515625 0.1750921875
0 0.2911625 0.228359375 0.288496875 0.2292890625 0.2836109375 0.23145781250000003 0.280125 0.23145781250000003 0.277246875 0.23219375000000003 0.2738390625 0.2337328125 0.2687421875 0.23674843750000002 0.26563906249999997 0.240421875 0.263553125 0.2436234375 0.26229843750000004 0.2476078125 0.259775 0.25648125 0.2590734375 0.2620171875 0.2604765625 0.2680390625 0.2636234375 0.2752671875 0.2642015625 0.277534375 0.268534375 0.278528125 0.2738703125 0.2801703125 0.27600156249999996 0.2781453125 0.2803734375 0.2715078125 0.283609375 0.27172968750000004 0.286125 0.2730890625 0.2876671875 0.2724734375 0.2904890625 0.26888125 0.29326093750000004 0.266134375 0.2984671875 0.26173125 0.30185625 0.2557796875 0.3045078125 0.2515890625 0.3066734375 0.2460265625 0.308509375 0.24035937500000001 0.3064328125 0.2334203125 0.29948281250000003 0.23051093749999998 0.297925 0.2294546875 0.2911625 0.228359375
0 0.3571421875 0.216196875 0.3574296875 0.21102343750000002 0.356571875 0.21021406250000002 0.354275 0.2104359375 0.3527296875 0.21508750000000001 0.35218906250000004 0.220125 0.3544109375 0.221390625 0.3549484375 0.22080937500000003 0.3571421875 0.216196875
0 0.2526828125 0.7936468750000001 0.255028125 0.7966359375 0.256234375 0.796828125 0.2591421875 0.7959125 0.260384375 0.7926031250000001 0.26051250000000004 0.7882374999999999 0.25831875000000004 0.78774375 0.2554015625 0.7878296875 0.2533953125 0.790978125 0.2526828125 0.7936468750000001
0 0.3042875 0.8285562499999999 0.300684375 0.8266031249999999 0.299259375 0.8274046875 0.2960375 0.8289125 0.2932640625 0.8312875 0.2909046875 0.833921875 0.29058125 0.8359062500000001 0.2908703125 0.842690625 0.29208124999999996 0.8429890625 0.3008625 0.8440265625000001 0.3024203125 0.8416515625000001 0.3045375 0.8338359375 0.3042875 0.8285562499999999
0 0.5226484375 0.7874734375 0.523959375 0.7886921874999999 0.5255828124999999 0.789025 0.52830625 0.788496875 0.5302234375 0.788825 0.5296421875 0.7859406250000001 0.529296875 0.7816109375 0.5299109375 0.7765609375 0.52735 0.7774671875 0.5257390625 0.7774625000000001 0.5263484375 0.774803125 0.5278890625 0.7729375 0.52778125 0.7681171875 0.52498125 0.7673078125 0.52239375 0.76849375 0.520703125 0.773090625 0.51909375 0.77411875 0.5180640624999999 0.7765625 0.5167312500000001 0.7809 0.5164796875000001 0.7847359375 0.51725 0.7877671875 0.51879375 0.7868703125 0.5226484375 0.7874734375
0 0.56583125 0.784484375 0.5701125 0.78609375 0.5713421875 0.7897796875 0.575846875 0.787625 0.5756734375 0.7835828125 0.5749203125 0.7817171875 0.5730593749999999 0.7799046875 0.57195 0.7790953125 0.5695218750000001 0.7780734375 0.567040625 0.7781234375 0.56498125 0.7817640625 0.56583125 0.784484375
0 0.5154046875 0.7201109375 0.5180484375 0.7195828125 0.5202265625 0.7199671875 0.5219046875 0.7199671875 0.5254171875 0.7192828125 0.525990625 0.7157671875 0.5243921874999999 0.7116984375000001 0.528778125 0.70745625 0.5297078125 0.7039 0.5271328125 0.6963296875 0.5248734374999999 0.69331875 0.5224171875 0.69331875 0.5181671875 0.6938421875 0.516371875 0.6949234375 0.5139421875 0.6967421875 0.5115125 0.6983671874999999 0.509109375 0.7029828124999999 0.509815625 0.7058421874999999 0.51016875 0.7092921875 0.510809375 0.7128171875 0.5116859375 0.7155703124999999 0.5131796875 0.7175625 0.5148828125 0.7199718749999999 0.5154046875 0.7201109375
0 0.2973203125 0.7026328125 0.29588125 0.7059546875 0.29645781250000003 0.7099078125 0.2983453125 0.7112 0.30015625 0.7110515625 0.302728125 0.7104703125 0.3039328125 0.7083765625 0.3052953125 0.7033750000000001 0.30479375000000003 0.701121875 0.3034203125 0.7003468749999999 0.3006484375 0.7003453125 0.2973203125 0.7026328125
0 0.44806093750000003 0.9763875000000001 0.44566875 0.9724609375 0.4422328125 0.9680078125 0.44016093749999996 0.9693359375 0.43746718749999997 0.9759874999999999 0.43558125 0.9812609374999999 0.4355171875 0.9817312499999999 0.43730156249999996 0.984140625 0.43701093750000003 0.9889625000000001 0.43935 0.9909859375 0.44271562500000006 0.9896828125000001 0.45060312500000005 0.9845734374999999 0.44806093750000003 0.9763875000000001
0 0.533021875 0.9410187499999999 0.5338890625 0.93748125 0.533096875 0.9342062500000001 0.5294 0.9330437500000001 0.5275125 0.9351765625 0.5298265625 0.9441499999999999 0.533021875 0.9410187499999999
0 0.0208484375 0.5931171875000001 0.02186875 0.594840625 0.029371875 0.59605 0.0364234375 0.591290625 0.0411296875 0.5825921875 0.0406765625 0.5736453125 0.035865625 0.5617984375 0.03363125 0.5556875 0.0361984375 0.549859375 0.038596875 0.539046875 0.036720312500000005 0.5309781250000001 0.03313125 0.5325828125000001 0.0287421875 0.5442171874999999 0.026584375 0.5554718750000001 0.021803125 0.562759375 0.016271874999999998 0.5708578125 0.016242187499999998 0.57881875 0.0200625 0.589946875 0.0208484375 0.5931171875000001
0 0.10539218749999998 0.4925078125 0.10718281249999999 0.48775625 0.105965625 0.48219531250000003 0.1045390625 0.478146875 0.10158125 0.47946875 0.10022187499999999 0.4840453125 0.0991390625 0.487153125 0.09813125 0.49181875 0.1010796875 0.4973546875 0.10539218749999998 0.4925078125
0 0.16110312499999999 0.3693609375 0.1644015625 0.366015625 0.1647296875 0.36224687499999997 0.164334375 0.3584796875 0.1620109375 0.35751093749999996 0.1587890625 0.35798125000000003 0.157825 0.36053125 0.157178125 0.36441093750000003 0.15699375 0.36924375 0.16110312499999999 0.3693609375
0 0.112346875 0.2472109375 0.10967968749999998 0.245253125 0.10419062500000001 0.2478265625 0.1004609375 0.2507140625 0.10177499999999999 0.25729531250000004 0.10221093750000002 0.2584578125 0.10564375 0.256234375 0.10839687499999999 0.25566093749999996 0.112278125 0.2523125 0.112346875 0.2472109375
0 0.0892234375 0.24239375000000002 0.0868953125 0.2385140625 0.0822078125 0.23187656250000002 0.0815203125 0.23408125000000002 0.0811984375 0.244046875 0.0838484375 0.24655 0.08652499999999999 0.2482625 0.09439375 0.2503578125 0.09664375 0.24895 0.09985000000000001 0.247065625 0.1029546875 0.2410625 0.100590625 0.24013749999999998 0.09831875 0.24151562499999998 0.0892234375 0.24239375000000002
0 0.0840328125 0.2241234375 0.0900296875 0.22223281250000002 0.086528125 0.216759375 0.0829703125 0.2194296875 0.0840328125 0.2241234375
0 0.028159374999999997 0.1891890625 0.02955 0.187834375 0.029798437500000004 0.1853 0.0295078125 0.18427968749999998 0.027210937499999997 0.18221875 0.024715624999999998 0.18307656249999998 0.0245046875 0.18544218750000002 0.024962500000000002 0.1878546875 0.02623125 0.189128125 0.028159374999999997 0.1891890625
0 0.0270625 0.12828124999999999 0.0270625 0.12529062500000002 0.0261 0.12414687499999999 0.02411875 0.1248609375 0.023365625 0.128740625 0.025848437499999998 0.130290625 0.0270625 0.12828124999999999
0 0.0953359375 0.358034375 0.09830781250000001 0.35650312500000003 0.098 0.347878125 0.09711562500000001 0.32928125 0.0938265625 0.3296578125 0.0919859375 0.354790625 0.0953359375 0.358034375
0 0.05242187499999999 0.41997656250000004 0.0527109375 0.41877812499999995 0.0527109375 0.41448437499999996 0.0523140625 0.40994374999999994 0.0476421875 0.4078125 0.042659375 0.42239843749999995 0.0465125 0.42202812500000003 0.0498265625 0.41961562499999994 0.05242187499999999 0.41997656250000004
0 0.027767187500000002 0.40590937499999996 0.027767187500000002 0.40660468749999995 0.027778124999999997 0.410640625 0.0310046875 0.4104046875 0.0319515625 0.4088375 0.03145 0.40644375000000005 0.030195312499999998 0.405246875 0.027767187500000002 0.40590937499999996
0 0.0155296875 0.388496875 0.01635625 0.390265625 0.018684375 0.3911671875 0.018818750000000002 0.387884375 0.0182375 0.3858078125 0.01635 0.38441562500000004 0.0157171875 0.38525 0.0155296875 0.388496875
0 0 0.351328125 0.01124375 0.377571875 0.014940624999999999 0.379309375 0.015107812500000001 0.3754015625 0 0.34265625 0 0.351328125
0 0.842028125 0.9363250000000001 0.8400796875 0.9418390625 0.8396546875 0.9484 0.8434250000000001 0.9553609375000001 0.8456578125 0.9567875000000001 0.8489375000000001 0.9581828124999999 0.8467046874999999 0.963459375 0.8503421875000001 0.9672953124999999 0.8545734375 0.9677875 0.858134375 0.968584375 0.8618578125 0.9726609375 0.863603125 0.976225 0.86811875 0.9757765624999999 0.8685 0.971765625 0.8681453125 0.966884375 0.869096875 0.9610234375 0.8707375 0.9572515625 0.8751 0.95308125 0.8783109375 0.9498453124999999 0.87911875 0.9465765625 0.8807937499999999 0.9415687500000001 0.8787390625 0.933646875 0.8763046875 0.9287546875 0.873153125 0.92640625 0.8649328125 0.9235093750000001 0.8568015625 0.9258749999999999 0.8521578125 0.930821875 0.8507984375 0.9332765625 0.845290625 0.933503125 0.842028125 0.9363250000000001
0 0.8213781250000001 0.8030265625 0.81771875 0.805625 0.8143312500000001 0.80778125 0.813784375 0.8104812499999999 0.815621875 0.812428125 0.8206374999999999 0.8150718749999999 0.8239593749999999 0.816753125 0.8257671875 0.8156265625 0.8263796875 0.8128062500000001 0.8260234375 0.8081156249999999 0.8241937500000001 0.8049796875 0.821925 0.8026031250000001 0.8213781250000001 0.8030265625
0 0.8883734375 0.8142171875 0.8832875 0.81229375 0.880671875 0.8128609375 0.8787593749999999 0.8151265625 0.8785343749999999 0.8180203125000001 0.876703125 0.822534375 0.8782734375000001 0.8280312500000001 0.8803124999999999 0.8310484375 0.8820328125 0.83194375 0.8850843749999999 0.8307703125 0.8868046875 0.8273328125000001 0.8885640625000001 0.819253125 0.8883734375 0.8142171875
0 0.7435140625 0.806284375 0.7442031250000001 0.808565625 0.747553125 0.8101203124999999 0.7513078125 0.8124218750000001 0.752728125 0.810846875 0.7544328124999999 0.8030546875000001 0.7543624999999999 0.7981890625 0.7530765625 0.7947093749999999 0.751384375 0.7925015625 0.7472890624999999 0.791634375 0.7435265625 0.7937265625000001 0.7424640625000001 0.7981953125000001 0.7435140625 0.806284375
0 0.7700375 0.7271234375 0.769703125 0.7225296875 0.7693109375 0.7195515625 0.767184375 0.7189015624999999 0.7663171875 0.7174750000000001 0.7650812499999999 0.7151625 0.7630859375 0.7146874999999999 0.7588781250000001 0.7161203125 0.7580703125 0.719996875 0.7585531249999999 0.7241828124999999 0.7598390625 0.7282640625 0.7638890625 0.7328046875 0.7656703125 0.7335390625 0.7679859375 0.7332859375 0.7691640625 0.7317812499999999 0.7700375 0.7271234375
0 0.8399281249999999 0.719165625 0.8381343749999999 0.7227828125 0.8375296875 0.72375625 0.836328125 0.72646875 0.8353671874999999 0.729459375 0.8412703125000001 0.73875625 0.8437171875 0.7370046875 0.845721875 0.7311734375000001 0.846371875 0.7285765625 0.8478578125 0.7234125 0.8467515625 0.7184999999999999 0.8408546875 0.71759375 0.8399281249999999 0.719165625
0 0.9045249999999999 0.79035 0.9052765624999999 0.7919796875 0.9094125 0.7941640624999999 0.91245 0.7936515625 0.914525 0.788165625 0.912503125 0.782178125 0.9099109375 0.778040625 0.9079265624999999 0.7772953125 0.9040046875 0.78171875 0.9030671874999999 0.7842078124999999 0.9031234375 0.78763125 0.9045249999999999 0.79035
0 0.9253937499999999 0.738990625 0.9210453125000001 0.7366109375 0.91750625 0.7386421875 0.91765625 0.742296875 0.9187171875000001 0.7455859375 0.9200843750000001 0.7475328125 0.9221390625 0.7489484375 0.9262921875 0.7524453125 0.9239421875 0.7531078124999999 0.9285625 0.7524109375 0.929553125 0.7491 0.929196875 0.7454859375 0.9271515625 0.7405906250000001 0.9253937499999999 0.738990625
0 0.8564328124999999 0.741125 0.8564703124999999 0.7447703125 0.8566953125 0.74641875 0.8573359375 0.747621875 0.8618546874999999 0.748346875 0.8624046875 0.7428109375 0.8608953125 0.7398015625000001 0.8569156250000001 0.7391296875 0.8564328124999999 0.741125
0 0.8131140625000001 0.7084140624999999 0.8152968749999999 0.71045625 0.81761875 0.7115890625 0.818021875 0.7087046875 0.818540625 0.705059375 0.8204609375 0.70059375 0.821096875 0.6975687500000001 0.8205734375 0.69525625 0.8197531250000001 0.69123125 0.817803125 0.68796875 0.8151890625 0.68636875 0.810003125 0.6875703125 0.80778125 0.69030625 0.80815625 0.6925343749999999 0.808959375 0.6942015625 0.8093578125 0.6969390625 0.8093578125 0.6986078124999999 0.8089640625 0.7023875 0.8089265625 0.70751875 0.811153125 0.7074703125 0.8131140625000001 0.7084140624999999
0 0.9109031249999999 0.6633578124999999 0.9079328125 0.66378125 0.9073265625 0.6661328125 0.9054625 0.668253125 0.9054249999999999 0.6705765625 0.906190625 0.6732203125 0.9074984374999999 0.6755625000000001 0.9095296875000001 0.67638125 0.9109187500000001 0.67638125 0.9149203124999999 0.6766015624999999 0.917025 0.6768421874999999 0.916371875 0.6705375 0.9150984375 0.6673984374999999 0.9131859375 0.664325 0.9109031249999999 0.6633578124999999
0 0.8663578125000001 0.6650359375 0.8682671875000001 0.66383125 0.8694218749999999 0.6607265625000001 0.8704468750000001 0.6575734375 0.8711546875 0.6544984375 0.8703937500000001 0.65061875 0.86725625 0.650490625 0.8630906250000001 0.6514234375 0.8600984374999999 0.652384375 0.8571734375 0.6545687499999999 0.8567562499999999 0.6577421875 0.8582281249999999 0.6611765625 0.86004375 0.6632203125 0.8616078125 0.6679890625 0.864353125 0.6696765625000001 0.8659812499999999 0.6686468750000001 0.8663578125000001 0.6650359375
0 0.8280578125 0.65871875 0.8266453125 0.6548859375 0.8235546875 0.6547109375 0.8198234375 0.6560484375 0.8190015624999999 0.6646890625 0.823909375 0.6696421875 0.8261953125 0.6673046874999999 0.8280578125 0.6623953124999999 0.8280578125 0.65871875
0 0.969265625 0.93380625 0.974 0.9329921875 0.98326875 0.9341046875 0.9870078124999999 0.9259281250000001 0.9895859375 0.9147437500000001 0.9947765625 0.900625 0.9804390625 0.8885343750000001 0.9777546875 0.887215625 0.9677671875 0.8883703125 0.9647609375 0.8856921874999999 0.9599828125000001 0.8858328125 0.9591156249999999 0.8871046874999999 0.9577125000000001 0.8922531250000001 0.9529125 0.892140625 0.9504640625 0.8934109375 0.9488359375 0.8960140624999999 0.9483484375 0.9005578125 0.9497843749999999 0.9047124999999999 0.9481999999999999 0.9078515625 0.9455843749999999 0.9064734375000001 0.9427562500000001 0.9086874999999999 0.9390484375 0.9116640625000001 0.9349015625 0.9222984375 0.9310515625000001 0.9384921875 0.9314890625000001 0.9477515625 0.9326359375 0.953821875 0.9345578124999999 0.9579296875000001 0.9388828124999999 0.96225625 0.9376203125 0.964646875 0.9442078125 0.9689578125 0.945478125 0.9718515625 0.9487296875 0.9768359375 0.9488203125 0.9824953125 0.9539890625 0.98821875 0.9577843749999999 0.9880390625000001 0.962534375 0.9804812500000001 0.9628765625 0.9693546874999999 0.9652546875000001 0.9687046875 0.965396875 0.9654406249999999 0.9626734375 0.946875 0.9626734375 0.9393015625000001 0.96130625 0.9301406249999999 0.969265625 0.93380625
0 0.9111171875 0.61011875 0.91385 0.6125734375 0.9144875000000001 0.6126984375 0.9163734375000001 0.6099593750000001 0.9215390625 0.61175625 0.922446875 0.60909375 0.9242296874999999 0.6026625 0.9243937499999999 0.5979734375 0.922846875 0.5928734375 0.9193515624999999 0.589115625 0.9157859374999999 0.5894140625000001 0.9155609374999999 0.5883046875 0.9115203125000001 0.5848171875 0.907909375 0.5907484375000001 0.906234375 0.593578125 0.9066234375000001 0.5961546875 0.9067171875 0.59948125 0.90733125 0.6037625 0.9084875 0.605778125 0.9111171875 0.61011875
0 0.9012328125 0.5580390625 0.8997484375000001 0.5609515625 0.8982749999999999 0.5639703125 0.8976578125 0.5663625 0.8983296875000001 0.569034375 0.8997171875 0.5711359375 0.9014015625 0.572784375 0.9036765625 0.57374375 0.9063156250000001 0.5675640625 0.9085046875 0.56396875 0.9068406250000001 0.5619890625 0.903728125 0.5605453125000001 0.90246875 0.55739375 0.9012328125 0.5580390625
0 0.955015625 0.5813484375 0.957671875 0.579053125 0.9650609375 0.576546875 0.967021875 0.5762937499999999 0.967021875 0.5744234374999999 0.9662499999999999 0.57084375 0.9681593749999999 0.5686578124999999 0.9677984374999999 0.5634 0.965921875 0.5639000000000001 0.9643656249999999 0.558165625 0.9631515625 0.5534765625 0.9599437500000001 0.5514328125 0.956521875 0.548153125 0.9532187499999999 0.544540625 0.9477671875 0.5501890625 0.949253125 0.5622125 0.9479374999999999 0.56735 0.9484796875000001 0.569421875 0.9509734375000001 0.5734109375 0.955015625 0.5813484375
0 0.7083640625000001 0.554975 0.7104203124999999 0.561265625 0.7111468750000001 0.56506875 0.7109234375 0.566303125 0.709565625 0.570184375 0.7100109375 0.574840625 0.7131125 0.5785640625 0.715275 0.579815625 0.7172468750000001 0.5768265625 0.7220718749999999 0.5809171875 0.7237 0.5819640625 0.7294906250000001 0.5835390625 0.7323906250000001 0.5846015625 0.7376 0.5865859375 0.7395015625 0.58589375 0.7424703125 0.5852015625 0.745715625 0.5873421875 0.7479484375000001 0.5865734375 0.7502421874999999 0.5875421875 0.7536875000000001 0.586975 0.7565875 0.5862828125 0.758678125 0.584896875 0.76001875 0.582475 0.762015625 0.5786203125 0.763440625 0.5766046874999999 0.7665234375 0.5724203125 0.7673625000000001 0.5614234375 0.7674953125 0.5549609375 0.7661875 0.549646875 0.7699640624999999 0.548075 0.7718546875000001 0.5420609375 0.771278125 0.5356124999999999 0.7668890625 0.53429375 0.7631515624999999 0.537209375 0.7602125 0.53760625 0.7590125 0.535109375 0.7577734375 0.5277640625 0.7550765625 0.5247765625 0.7427328125 0.5249421875 0.7385843750000001 0.530821875 0.7335843750000001 0.535828125 0.7273125 0.540725 0.7228578125 0.541534375 0.7161421875 0.5394953124999999 0.711359375 0.5468953125 0.7083640625000001 0.554975
0 0.7042703125 0.6045765624999999 0.7015609375 0.6074296875 0.70241875 0.6123234375 0.70458125 0.6147640625 0.7093578125 0.616334375 0.709584375 0.618328125 0.7141875 0.620075 0.7175374999999999 0.6174171875 0.7195921875 0.614865625 0.7188 0.6086890625 0.7180578125 0.604559375 0.715325 0.6012546875 0.7086375 0.6030203125 0.7042703125 0.6045765624999999
0 0.710490625 0.52005 0.71105 0.523046875 0.713759375 0.523175 0.7164671874999999 0.52173125 0.7199859375 0.52574375 0.7205671875 0.527390625 0.7225843750000001 0.5265 0.7262671875 0.525365625 0.7317140625 0.5235515625 0.733425 0.521334375 0.733840625 0.5179109375000001 0.732875 0.5119875 0.7318578125 0.5069671875 0.73123125 0.5007796875 0.7291421875 0.49615 0.725859375 0.4942640625 0.722428125 0.4920328125 0.7181031250000001 0.493190625 0.7156078124999999 0.495740625 0.714471875 0.49604218749999995 0.709884375 0.4970125 0.7072359374999999 0.49969062500000005 0.7051640625 0.5055203125000001 0.705165625 0.5113828125000001 0.70634375 0.514171875 0.7094343750000001 0.51770625 0.710490625 0.52005
0 0.703725 0.45695625 0.7071609375000001 0.46026249999999996 0.7125125 0.46289687500000004 0.7161828125 0.46389531249999993 0.7234671875 0.46421406249999997 0.724834375 0.45917343749999995 0.727128125 0.4522125 0.7239546875 0.45062187500000006 0.7247046874999999 0.4434484375 0.7213609375 0.440865625 0.71819375 0.4428484375 0.7167546875 0.4445265625 0.7136390625 0.4445265625 0.712178125 0.4468078125 0.7150171875 0.449834375 0.7149484375 0.45200312499999995 0.7125625 0.45368281250000003 0.7119046875 0.45368437500000003 0.70955625 0.4497328125 0.7065546875 0.450303125 0.7041453125 0.45248906250000004 0.703725 0.45695625
0 0.7619625 0.4194375 0.761959375 0.4152234375 0.7612687499999999 0.41205468749999996 0.75864375 0.408996875 0.7560015625000001 0.408059375 0.75305 0.4075953125 0.750875 0.4093578125 0.7496875000000001 0.4121265625 0.7494828124999999 0.41672343749999996 0.7498015625 0.4184203125 0.7511078125 0.42163281250000006 0.75313125 0.42460312499999997 0.7563609375 0.425728125 0.7581046875 0.42564843750000003 0.7599828125 0.42339843750000006 0.7619625 0.4194375
0 0.602640625 0.2593890625 0.604625 0.258875 0.6083937500000001 0.2570703125 0.610121875 0.25408437500000003 0.6092796875000001 0.25205 0.6076453125 0.2496 0.604134375 0.2480515625 0.6019687499999999 0.2521203125 0.6018390625000001 0.255953125 0.602640625 0.2593890625
0 0.6026734375 0.2481609375 0.6028453125000001 0.24711406249999998 0.6017296875 0.2454453125 0.6000484375 0.24561093750000002 0.5993359375 0.24710937500000002 0.6011890625 0.2492734375 0.6026734375 0.2481609375
0 0.6059203125 0.219690625 0.60405625 0.21895937499999998 0.6018453125 0.21895937499999998 0.5998890625 0.22018125 0.5990296875000001 0.222740625 0.5995640625 0.22397187500000001 0.6003812500000001 0.226234375 0.6022171875 0.22847343750000002 0.604265625 0.22913437499999997 0.6055375 0.22869531250000003 0.6076718750000001 0.22650156250000003 0.6082609375 0.2228703125 0.6069625000000001 0.22048125000000002 0.6059203125 0.219690625
0 0.60465625 0.18019687499999998 0.605128125 0.17707656249999998 0.6038296875 0.1751640625 0.60260625 0.17434687499999998 0.601134375 0.177171875 0.60045 0.17878750000000002 0.6003046875 0.1797515625 0.5988687500000001 0.1812859375 0.6041390625 0.18364687500000001 0.60465625 0.18019687499999998
0 0.7212390625 0.2174953125 0.720790625 0.2211734375 0.7203421875 0.2248765625 0.7198328125 0.2296421875 0.72089375 0.23271250000000002 0.7225453125 0.235240625 0.7251765625 0.2386890625 0.7280171875 0.2431484375 0.7295375 0.2447734375 0.7320031250000001 0.24678125 0.736475 0.246578125 0.7432953125 0.2431828125 0.7466984375 0.2426828125 0.750796875 0.2380609375 0.75344375 0.2330890625 0.7534703125 0.22923749999999998 0.7517953125 0.2215703125 0.7496 0.213721875 0.7472421875 0.21025 0.74499375 0.2085921875 0.740625 0.206628125 0.7354640625 0.2057953125 0.7304703124999999 0.20537968750000002 0.7250765625 0.206675 0.7236421875 0.21016093749999998 0.7220156249999999 0.214025 0.7212390625 0.2174953125
0 0.7152015625 0.22450781250000001 0.717090625 0.22224218750000002 0.7181796874999999 0.21734375 0.717090625 0.21192812499999997 0.7147515624999999 0.20947812500000002 0.7117171875 0.20830781250000002 0.7075859375 0.20745312500000002 0.7069093750000001 0.20731875 0.7053984375 0.20753125 0.70388125 0.211809375 0.7022921875 0.21738593750000001 0.702534375 0.22120625 0.7033671874999999 0.223721875 0.7063875000000001 0.22644531250000002 0.709078125 0.2263859375 0.7121296874999999 0.225909375 0.7152015625 0.22450781250000001
0 0.71479375 0.2313921875 0.7130124999999999 0.22969843750000002 0.7108375 0.2294640625 0.7096765625 0.23165312500000002 0.709703125 0.234115625 0.7115390625 0.2373828125 0.7135875 0.2354 0.7145937499999999 0.23329218749999997 0.71479375 0.2313921875
0 0.6836828125000001 0.1702453125 0.683334375 0.1719953125 0.684459375 0.1736859375 0.6846375 0.181675 0.6874578125 0.18010625 0.6918109375 0.1785203125 0.6932453125 0.1758765625 0.6928687499999999 0.17459375 0.6920734375 0.1734734375 0.6872375 0.1708625 0.6862234375 0.169290625 0.6836828125000001 0.1702453125
0 0.6847749999999999 0.1607109375 0.6860828125 0.1621109375 0.6876953125 0.1634734375 0.6886640625 0.15968906249999998 0.6881578125 0.1586890625 0.6860390625 0.15804218750000001 0.6849968750000001 0.1587296875 0.6847749999999999 0.1607109375
0 0.671203125 0.150390625 0.6718437500000001 0.147446875 0.6711546875 0.145525 0.6683734375 0.14495625 0.6654078125 0.14320312500000001 0.664390625 0.142171875 0.6626203125 0.1406015625 0.6610031249999999 0.1417453125 0.6597859374999999 0.1420078125 0.6608921875 0.146153125 0.6637187499999999 0.14834843749999999 0.6649890625 0.14898125 0.6673296875 0.15166249999999998 0.670034375 0.15219218750000002 0.671203125 0.150390625
0 0.737471875 0.17417812500000002 0.736090625 0.1708625 0.734390625 0.167084375 0.7317015625 0.16487812500000001 0.7286109374999999 0.1652046875 0.7275796875 0.168884375 0.72709375 0.1731984375 0.725046875 0.1753703125 0.72321875 0.177365625 0.7235828125 0.18074375 0.7297453125 0.1864140625 0.736325 0.187715625 0.7372171875 0.1863 0.7383953125 0.1838515625 0.7385515625 0.17732187500000002 0.737471875 0.17417812500000002
0 0.7296390625 0.16411562500000001 0.731128125 0.16175 0.7317265625 0.157071875 0.73069375 0.15522031249999999 0.7272921875 0.154109375 0.72378125 0.1538046875 0.7220718749999999 0.15919375 0.7232765624999999 0.16321406249999998 0.7271828124999999 0.16463125 0.7296390625 0.16411562500000001
0 0.718328125 0.17055625000000002 0.719253125 0.1697953125 0.7180921875 0.165825 0.7159171875 0.1651953125 0.715228125 0.167034375 0.715184375 0.1698609375 0.7169749999999999 0.1704203125 0.718328125 0.17055625000000002
0 0.7777828125 0.142015625 0.7794156250000001 0.13841874999999998 0.779240625 0.13605625 0.77818125 0.135896875 0.7735000000000001 0.13715468749999998 0.77545 0.1414828125 0.7777828125 0.142015625
0 0.7449359375 0.18486562499999998 0.744428125 0.1895640625 0.74454375 0.19628125000000002 0.7463390624999999 0.1987203125 0.7495296875 0.20023906249999998 0.7514171875 0.19871250000000001 0.7545921875 0.19440625 0.7551812499999999 0.1889609375 0.754034375 0.1843765625 0.752121875 0.18153906250000001 0.7476921875 0.1794046875 0.7449359375 0.18486562499999998
0 0.787975 0.198803125 0.786140625 0.19845625 0.7844562500000001 0.199796875 0.7838937500000001 0.202540625 0.78440625 0.20379375 0.7876078125 0.20544687499999997 0.7886562500000001 0.20332499999999998 0.7886562500000001 0.2013671875 0.787975 0.198803125
0 0.8058140625 0.23424843750000002 0.8047015625 0.23547656250000001 0.8047015625 0.23795625 0.8079968750000001 0.23998593750000002 0.8089359375 0.24009999999999998 0.810028125 0.2391359375 0.8100921874999999 0.236309375 0.8088609375000001 0.23563125000000001 0.8058140625 0.23424843750000002
0 0.628665625 0.19615625 0.6268953125000001 0.19817968749999998 0.6263984375 0.20063749999999997 0.6293359374999999 0.2000953125 0.631609375 0.1990734375 0.63165625 0.194896875 0.63079375 0.1947828125 0.628665625 0.19615625
0 0.6951421875 0.314021875 0.6944890625 0.3097640625 0.6914515625 0.31336875000000003 0.6910406250000001 0.3152109375 0.6941890625 0.3179828125 0.69559375 0.3177125 0.6960453125 0.3159265625 0.6951421875 0.314021875
0 0.7404734375 0.3269359375 0.7443187499999999 0.33018749999999997 0.7464484375 0.331434375 0.7493609375 0.3312046875 0.7488937499999999 0.32708593750000003 0.7480609375 0.32003125 0.7462578125 0.315221875 0.743028125 0.3171359375 0.7409875 0.3193265625 0.7398640624999999 0.324078125 0.7404734375 0.3269359375
0 0.7621421875000001 0.3649703125 0.7618171874999999 0.36880156249999996 0.7632765625 0.37124687500000003 0.7658125 0.37418125 0.7703796875 0.3726390625 0.77498125 0.36896874999999996 0.7758468749999999 0.3633734375 0.7740984375 0.3602203125 0.771009375 0.35879374999999997 0.7675109375 0.3577984375 0.7654375 0.35884062499999997 0.7623484375 0.3623765625 0.7621421875000001 0.3649703125
0 0.762165625 0.3480125 0.7583859375 0.34908125 0.75958125 0.35679375 0.762071875 0.35678125 0.7653296875 0.35490937499999997 0.7650046875000001 0.3518 0.7633421874999999 0.3491078125 0.762165625 0.3480125
0 0.8248156249999999 0.240878125 0.8231203125000001 0.24196562500000002 0.82049375 0.24347968749999999 0.8204828125000001 0.2457640625 0.8188421874999999 0.24714687500000002 0.8202359375 0.24957500000000002 0.818690625 0.25070468749999997 0.815565625 0.25503125 0.8186140625 0.263859375 0.8199984375 0.268340625 0.822259375 0.2720578125 0.8264015625000001 0.274228125 0.8303078125000001 0.275828125 0.834825 0.2758265625 0.839340625 0.2740828125 0.840715625 0.272296875 0.8413906250000001 0.2668859375 0.8404546875 0.2571625 0.839534375 0.24999218750000002 0.8363703125 0.24664999999999998 0.835365625 0.24420156249999997 0.8348578124999999 0.24115000000000003 0.8331625 0.2400984375 0.832146875 0.2403265625 0.8301484374999999 0.24177187500000002 0.8275359375000001 0.24103750000000002 0.8248156249999999 0.240878125
0 0.8351953125 0.3853484375 0.835659375 0.3890046875 0.8374640624999999 0.3903453125 0.83996875 0.39073281249999997 0.8406390625 0.3904625 0.8425499999999999 0.392378125 0.8441281249999999 0.3934 0.8457046874999999 0.3931296875 0.8472046875 0.39155937500000004 0.8474625 0.3893953125 0.8479625000000001 0.3865375 0.8468453125 0.3841796875 0.847646875 0.38189531250000003 0.8397 0.3762890625 0.8387640624999999 0.38164375 0.8372046875000001 0.3803578125 0.8351953125 0.3853484375
0 0.861425 0.37556406249999996 0.8618515625000001 0.3788890625 0.863253125 0.38032343750000003 0.86469375 0.3807953125 0.8662124999999999 0.38040625 0.8673421875 0.378546875 0.8665328125 0.3744015625 0.865484375 0.3720984375 0.86431875 0.3715515625 0.8618343749999999 0.374046875 0.861425 0.37556406249999996
0 0.8431515624999999 0.2252234375 0.8420062500000001 0.227915625 0.841153125 0.230921875 0.8417625 0.23338593749999997 0.843171875 0.2364015625 0.8453156249999999 0.23671718749999998 0.8470328125 0.235825 0.8492796874999999 0.2339375 0.84893125 0.23154687499999999 0.8476671874999999 0.2286359375 0.846025 0.2262453125 0.8431515624999999 0.2252234375
0 0.883640625 0.38323593749999996 0.881734375 0.38394218750000003 0.8815312499999999 0.3853828125 0.8818015625 0.38768437499999997 0.8826546875 0.38877968749999997 0.8844046875 0.38896875 0.8855703125 0.3889703125 0.8857968749999999 0.38654062499999997 0.8852718749999999 0.3839359375 0.883640625 0.38323593749999996
0 0.80479375 0.441521875 0.806715625 0.4401390625 0.8072109375000001 0.43898125 0.8069750000000001 0.4359578125 0.8057203124999999 0.4334421875 0.8032625 0.4296234375 0.8012578124999999 0.42788125 0.798725 0.425684375 0.7967187499999999 0.427325 0.7961296875 0.43086718749999997 0.795690625 0.43296875 0.7946390625 0.43508593749999996 0.796240625 0.4375296875 0.7973625 0.4421953125 0.7993046875 0.44203749999999997 0.8023515625 0.44167968750000003 0.80479375 0.441521875
0 0.8482765625 0.46389218750000005 0.8496765625 0.4678484375 0.859534375 0.4728625 0.8603203125000001 0.4744890625 0.8625734375 0.4765046875 0.8671546875 0.47688593749999997 0.875375 0.4748578125 0.8767578125 0.4702046875 0.877828125 0.4664328125 0.8761328125000001 0.4615046875 0.8740140625 0.45632031250000005 0.86904375 0.456046875 0.86744375 0.4526328125 0.8636531250000001 0.44969374999999995 0.8609953125 0.44877031250000005 0.8568250000000001 0.448996875 0.8544265624999999 0.44994218750000003 0.8489171875 0.45265468750000004 0.8478046875 0.4563703125 0.8482765625 0.45974531250000006 0.8482765625 0.46389218750000005
0 0.84684375 0.15560000000000002 0.8492046875 0.156771875 0.8505687500000001 0.1570125 0.8525796874999999 0.1542453125 0.851996875 0.15233125 0.8500859374999999 0.150371875 0.8490796875 0.1493484375 0.8472875 0.14675625 0.8459484375 0.14836875 0.84594375 0.15197031249999998 0.84684375 0.15560000000000002
0 0.8633921875 0.1833328125 0.8638515625000001 0.181634375 0.8630515624999999 0.1796609375 0.8617125 0.18034375 0.8605140625000001 0.1821328125 0.8601906250000001 0.18322031249999998 0.8595203124999999 0.186615625 0.8622359375 0.1850453125 0.8633921875 0.1833328125
0 0.8912625000000001 0.1644875 0.8913984375 0.1665734375 0.8922984375 0.1694328125 0.896215625 0.17140781249999998 0.8964359375000001 0.1690390625 0.8968765624999999 0.1661875 0.897721875 0.1630484375 0.8978718750000001 0.1602859375 0.8969640625 0.159303125 0.8939843749999999 0.16124531250000002 0.8918125 0.163259375 0.8912625000000001 0.1644875
0 0.9065937500000001 0.1688046875 0.9036234375 0.16585 0.900496875 0.167034375 0.899340625 0.172609375 0.8990703124999999 0.17659687500000001 0.901646875 0.1808359375 0.9031515625000001 0.1819640625 0.9037890624999999 0.1826 0.906528125 0.182384375 0.9095328125 0.1822265625 0.9129687499999999 0.181246875 0.9150984375 0.1784828125 0.9112625 0.17183125 0.9065937500000001 0.1688046875
0 0.9159359374999999 0.17621875 0.9159015625 0.1806359375 0.9207140624999999 0.181621875 0.9211843749999999 0.17846718749999999 0.9205359375000001 0.1761359375 0.9190140625 0.175040625 0.9175890624999999 0.17483437500000001 0.9159359374999999 0.17621875
0 0.9138140625 0.14591875 0.9138140625 0.1505109375 0.913671875 0.1580140625 0.9190531249999999 0.161978125 0.9205421875 0.1628453125 0.9227093749999999 0.1623265625 0.9225546874999999 0.15740156249999998 0.9218421875 0.15201718749999998 0.9210953125 0.147640625 0.9198640625 0.1447015625 0.9183421875000001 0.14311875000000002 0.9138140625 0.14591875
0 0.9281874999999999 0.2106859375 0.9281 0.21284999999999998 0.929440625 0.214725 0.9300953125 0.2212890625 0.931434375 0.223690625 0.9338609375000001 0.22531718750000002 0.9362140625 0.2255171875 0.93869375 0.22703125000000002 0.94214375 0.2282953125 0.9441656249999999 0.227 0.9447953124999999 0.22414843750000002 0.9475187500000001 0.22253281249999998 0.9478734375 0.22084687500000003 0.9479890624999999 0.21658750000000002 0.9464750000000001 0.21314375000000002 0.9469109375 0.20837656249999997 0.9466046875 0.20178124999999997 0.9456859375000001 0.1987578125 0.9443359375 0.197028125 0.940490625 0.1960171875 0.9363421875 0.1962890625 0.9347953125 0.199209375 0.932246875 0.19843125 0.929590625 0.1990171875 0.9291796874999999 0.2011046875 0.9291796874999999 0.20553125 0.928975 0.2085046875 0.9281874999999999 0.2106859375
0 0.96513125 0.24711249999999998 0.9674515625 0.24451874999999998 0.9688234375 0.2403 0.9685859375 0.238428125 0.9663468749999999 0.23301249999999998 0.9623296874999999 0.23167187500000003 0.9579640625 0.2355828125 0.9574890625 0.2420265625 0.9626484375000001 0.2449296875 0.96513125 0.24711249999999998
0 0.9761140625 0.2885625 0.9750343750000001 0.28766875000000003 0.9737484375 0.287534375 0.9726156250000001 0.2902078125 0.973075 0.29340781250000003 0.9750609375 0.29413125 0.9772609375 0.2925359375 0.9770749999999999 0.29031875 0.9761140625 0.2885625
0 0.9491625000000001 0.333259375 0.94846875 0.3386671875 0.9533703125 0.3389546875 0.9540296875 0.3372046875 0.9540546875 0.3342375 0.9525640624999999 0.333071875 0.94995 0.33198906250000004 0.9491625000000001 0.333259375
0 0.9348953124999999 0.4225890625 0.9367531250000001 0.42755937499999996 0.9429984375 0.4309859375 0.9483312500000001 0.4342765625 0.9501984374999999 0.43380156249999996 0.953290625 0.4263 0.9542359375 0.42374999999999996 0.953375 0.41683281250000004 0.950940625 0.409153125 0.9476578124999999 0.40654531250000003 0.9473328125 0.40406718750000004 0.9475046875 0.40020937500000003 0.94589375 0.397575 0.944446875 0.397775 0.9410109375 0.3977734375 0.9377390625 0.397225 0.936075 0.3936703125 0.93110625 0.39302031249999997 0.9273796875 0.4033546875 0.93064375 0.407865625 0.9329656249999999 0.41306093749999995 0.9332218749999999 0.4165671875 0.93395 0.42031093750000004 0.9348953124999999 0.4225890625
0 0.9947437499999999 0.3992953125 0.9989609375 0.4050625 1 0.3986796875 0.99791875 0.3944328125 0.9956828124999999 0.3960515625 0.9947437499999999 0.3992953125
0 1 0.328259375 0.9984953125 0.33285 0.9962500000000001 0.33611875 0.9953421875 0.3392390625 0.9988125 0.342584375 0.9994953125 0.35125 1 0.34408906250000004 1 0.3368 1 0.328259375
0 0.9896328125 0.336009375 0.9880296875000001 0.336584375 0.986175 0.33744843750000003 0.9855640625 0.3393203125 0.9857703125 0.3400984375 0.9873468750000001 0.3412359375 0.9876046875 0.341465625 0.9871656249999999 0.34423125 0.9871125 0.3467078125 0.9876421875 0.3478734375 0.9888734375 0.3484640625 0.9903203125 0.34835 0.9916046875 0.3470421875 0.9912953124999999 0.343775 0.9912953124999999 0.341040625 0.9910593750000001 0.33755156249999996 0.9896328125 0.336009375
0 0.34921875 0.5234375 0.3578125 0.51953125 0.3515625 0.51171875 0.34921875 0.5234375
0 0.465625 0.36640625 0.4625 0.37421875 0.47265625 0.375 0.4734375 0.36796875 0.465625 0.36640625
0 0.578125 0.20078125 0.575 0.20390625 0.58203125 0.209375 0.584375 0.20390625 0.578125 0.20078125
0 0.26484375 0.2265625 0.2671875 0.21796875 0.2625 0.21640625 0.26484375 0.2265625
0 0.45234375 0.25 0.459375 0.24765625 0.453125 0.24453125 0.45234375 0.25
0 0.43125 0.13203125 0.43671875 0.1328125 0.4328125 0.12578125 0.43125 0.13203125
0 0.2421875 0.32578125 0.240625 0.33359375 0.24609375 0.334375 0.2484375 0.32890625 0.2421875 0.32578125
0 0.37109375 0.165625 0.3734375 0.15859375 0.36875 0.15859375 0.37109375 0.165625
0 0.23046875 0.7859375 0.234375 0.77890625 0.2296875 0.77578125 0.23046875 0.7859375
0 0.465625 0.79296875 0.46796875 0.8 0.475 0.79921875 0.47265625 0.7921875 0.465625 0.79296875
0 0.21484375 0.8609375 0.215625 0.85390625 0.209375 0.85390625 0.21484375 0.8609375
0 0.1953125 0.90234375 0.20078125 0.9046875 0.196875 0.89453125 0.1953125 0.90234375
0 0.15546875 0.7734375 0.1671875 0.76796875 0.1546875 0.76328125 0.15546875 0.7734375
0 0.0671875 0.89296875 0.0640625 0.90546875 0.06953125 0.909375 0.075 0.90078125 0.0671875 0.89296875
0 0.0328125 0.74140625 0.028125 0.75390625 0.03828125 0.75625 0.0421875 0.74296875 0.0328125 0.74140625
0 0.115625 0.98515625 0.1125 0.99609375 0.11796875 1 0.121875 0.98984375 0.115625 0.98515625
0 0.07734375 0.9515625 0.08125 0.93984375 0.0765625 0.93984375 0.07734375 0.9515625
0 0.1140625 0.84296875 0.1125 0.85078125 0.11796875 0.8546875 0.1234375 0.84765625 0.1140625 0.84296875
0 0.06171875 0.7453125 0.0671875 0.74453125 0.0640625 0.73671875 0.06171875 0.7453125
0 0.02265625 0.528125 0.0296875 0.52265625 0.025 0.51640625 0.02265625 0.528125
0 0.7109375 0.93203125 0.709375 0.93828125 0.71484375 0.940625 0.715625 0.93203125 0.7109375 0.93203125
0 0.76875 0.85390625 0.76875 0.86328125 0.77421875 0.865625 0.7765625 0.85859375 0.76875 0.85390625
0 0.671875 0.86796875 0.671875 0.87578125 0.67734375 0.8765625 0.678125 0.86796875 0.671875 0.86796875
0 0.83046875 0.9734375 0.8328125 0.96328125 0.8265625 0.96328125 0.83046875 0.9734375
0 0.65703125 0.7859375 0.659375 0.77890625 0.6515625 0.77734375 0.65703125 0.7859375
0 0.7515625 0.60390625 0.75 0.61015625 0.75703125 0.6125 0.759375 0.60546875 0.7515625 0.60390625
0 0.70234375 0.528125 0.70625 0.52109375 0.7 0.51796875 0.70234375 0.528125
0 0.96015625 0.440625 0.965625 0.43984375 0.9578125 0.43359375 0.96015625 0.440625
0 0.83671875 0.4171875 0.8390625 0.41171875 0.8328125 0.41015625 0.83671875 0.4171875