0 0.3977234375 0.567225 0.4151546875 0.576021875 0.4275171875 0.58333125 0.4413 0.5867796875 0.4498578125 0.58613125 0.47852812499999997 0.582996875 0.4959546875 0.5766421875 0.508471875 0.572165625 0.525425 0.566503125 0.541190625 0.558015625 0.5480828125 0.5481046875 0.553075 0.540296875 0.55015625 0.5308703125 0.544659375 0.5297515625 0.538053125 0.5304046875 0.5195937500000001 0.5304046875 0.5104796875 0.5297562499999999 0.481621875 0.530409375 0.4684078125 0.530409375 0.4523578125 0.5271640625 0.4481140625 0.526515625 0.42874375000000003 0.5294265625000001 0.40754062500000005 0.535965625 0.4001390625 0.5526 0.3977234375 0.567225
0 0.8506875 0.52445625 0.84855 0.5366109375 0.8544281249999999 0.5426124999999999 0.8646515625 0.5443796875 0.8763671875 0.5387375 0.878725 0.53481875 0.8850484375000001 0.5226984375 0.8806171875000001 0.5226984375 0.8755546875 0.5222234375 0.857340625 0.5231578125 0.8506875 0.52445625
0 0.6763921875000001 0.34028125 0.681675 0.3207640625 0.669571875 0.3214171875 0.65226875 0.323021875 0.6194515625 0.323021875 0.6240640625 0.3307421875 0.62556875 0.33395 0.6135359375 0.354265625 0.6080390625 0.365378125 0.6211890624999999 0.36659375 0.633228125 0.3526046875 0.6458171875 0.34240781249999996 0.66118125 0.34240781249999996 0.6763921875000001 0.34028125
0 0.8990828125 0.12926875 0.9192343749999999 0.1312984375 0.94000625 0.131375 0.9543437499999999 0.1242984375 0.950165625 0.109578125 0.9396578124999999 0.10657968749999999 0.922684375 0.10657968749999999 0.9062906249999999 0.1128765625 0.8990828125 0.12926875
0 1 0.1371359375 0.9966875 0.11678593749999999 0.974825 0.1215078125 0.96904375 0.127296875 0.969025 0.13669375 0.9891187499999999 0.1446046875 1 0.14830625 1 0.1371359375
0 0.6055875000000001 0.49145625 0.629328125 0.48676718750000003 0.633815625 0.48720625 0.6533734375 0.48923281249999995 0.6611921875 0.4883671875 0.6713328125 0.48598749999999996 0.6881859375 0.4851 0.700128125 0.4852234375 0.714878125 0.486296875 0.7297781249999999 0.486359375 0.7470515625 0.4858328125 0.751809375 0.4816765625 0.7499296875 0.4818359375 0.727853125 0.48015937500000005 0.7179 0.4811515625 0.7035640625 0.4809265625 0.6967109375 0.47822031249999997 0.6863359375 0.47603437499999995 0.679171875 0.4777390625 0.6658703125 0.47903124999999996 0.6571281250000001 0.47814218750000004 0.6419953125 0.47924375 0.63384375 0.47745156250000004 0.6235828125 0.47745156250000004 0.6063500000000001 0.47778906250000003 0.5816515625 0.4810484375 0.536059375 0.48142500000000005 0.44812343749999994 0.48344375 0.440165625 0.4910140625 0.4406390625 0.49624218750000004 0.447878125 0.49624218750000004 0.4668875 0.49563281249999996 0.4922734375 0.494215625 0.5103953125 0.4942578125 0.525884375 0.495271875 0.5388515625 0.49165000000000003 0.55149375 0.49207812500000003 0.5703828125 0.49038750000000003 0.5794312500000001 0.4906921875 0.5975046875000001 0.4920671875 0.6055875000000001 0.49145625
0 0.35964687500000003 0.6664796875000001 0.3662515625 0.66216875 0.370953125 0.662075 0.398215625 0.6622874999999999 0.40619531249999996 0.659075 0.4043046875 0.6547015625 0.39816250000000003 0.6532125 0.3942265625 0.6532125 0.389696875 0.656696875 0.38645 0.6563234375 0.375525 0.655590625 0.3614859375 0.656184375 0.35395937499999997 0.656028125 0.337684375 0.6555953125 0.328265625 0.6624859375 0.3315578125 0.6665687499999999 0.3364171875 0.6671843749999999 0.3600625 0.670759375 0.35964687500000003 0.6664796875000001
0 0.4575359375 0.6506421875 0.4556578125 0.65385 0.4599078125 0.6554734375 0.466721875 0.6544187499999999 0.46735781249999997 0.6508859375 0.463321875 0.6494546875 0.4575359375 0.6506421875
0 0.7183671875 0.62404375 0.7102906250000001 0.6250890625000001 0.69481875 0.6282375 0.6891703125 0.6298359375 0.6821390625 0.6289234375 0.6773046875000001 0.632746875 0.669171875 0.6294984375 0.666690625 0.6266296875 0.6600343750000001 0.6311921875000001 0.6603984374999999 0.633 0.6441828125 0.6265390625 0.6363390625 0.6309625 0.6268328125 0.6349578124999999 0.6242984375 0.6357640625000001 0.618671875 0.6321984375 0.6072515625 0.6341921875 0.594153125 0.6341015624999999 0.58903125 0.6361828125 0.5814265625 0.6373249999999999 0.5728203125 0.6388625 0.5654281250000001 0.638109375 0.5561859375 0.636621875 0.54783125 0.63598125 0.5430531249999999 0.6385109375 0.5322609375 0.6403171875 0.5251859375000001 0.6413015625 0.519378125 0.6421078125 0.5059109375 0.6414921875 0.4977265625 0.642575 0.48991093750000003 0.644521875 0.4810390625 0.6462890625 0.47438906249999996 0.6479375 0.4722953125 0.6518328125 0.4792640625 0.65336875 0.49584687499999996 0.652775 0.50446875 0.65115 0.5129703125 0.6509921875 0.5243859375000001 0.65021875 0.5889671875 0.6437078125 0.620478125 0.6402359375 0.6623421875 0.6377328125 0.697865625 0.634303125 0.7449640625 0.63059375 0.783240625 0.6258625 0.7768359375 0.6230828125000001 0.768175 0.62165625 0.760890625 0.622121875 0.7560828125 0.6228687500000001 0.74371875 0.623084375 0.7344234375 0.623890625 0.7183671875 0.62404375
0 0.5688156249999999 0.7255609375 0.5640078125 0.727996875 0.553115625 0.7300187499999999 0.546596875 0.73150625 0.532965625 0.729775 0.5282421875 0.7280671875 0.523209375 0.7286015625 0.5185359375 0.7356125 0.638725 0.7210703125 0.6385703125 0.72059375 0.6414734375 0.719571875 0.6377046875 0.7207640625 0.6274375 0.718803125 0.6219875 0.7163109375000001 0.615275 0.7198203125 0.6118203125 0.7178578124999999 0.6050515625 0.71855 0.5910640625 0.72085 0.583496875 0.7207203125 0.5777765625 0.717359375 0.5745015625 0.7203921875 0.5688156249999999 0.7255609375
0 0.3235015625 0.7555562499999999 0.3128875 0.7573984375 0.3074875 0.7594578125 0.3044703125 0.7623109375 0.3027390625 0.7565265625 0.2977078125 0.7541546875 0.28961875 0.7511703125 0.28074374999999996 0.7524031250000001 0.267659375 0.769659375 0.3347140625 0.7597890625 0.3289609375 0.7544046875 0.3235015625 0.7555562499999999
0 0.5373359375 0.8159078125000001 0.5445671875 0.8152234375 0.5470515625 0.8092124999999999 0.542471875 0.8053703125 0.5328609375 0.8037265625 0.530290625 0.8053515625 0.5291765625 0.81085625 0.5326359375 0.8146000000000001 0.5373359375 0.8159078125000001
0 0.671821875 0.7957062500000001 0.67979375 0.795059375 0.6830140625000001 0.7956140625 0.69035625 0.795303125 0.69695625 0.7943171875 0.70139375 0.7922109374999999 0.70385 0.7878375 0.6475734375 0.796359375 0.6527937500000001 0.796690625 0.6575453125 0.796534375 0.671821875 0.7957062500000001
0 0.76344375 0.7775484374999999 0.7722687500000001 0.7771125 0.779575 0.7754671875 0.7829312500000001 0.774496875 0.782071875 0.772134375 0.7751546874999999 0.7702718749999999 0.770903125 0.767559375 0.7645921875 0.7711984375000001 0.7618734375 0.7739703125 0.76344375 0.7775484374999999
0 0.8111453125000001 0.5230625 0.80341875 0.5203515624999999 0.8015453125 0.5194640625 0.8052984375 0.513775 0.798628125 0.513775 0.773275 0.51270625 0.771303125 0.5196 0.776490625 0.5254734375 0.78335625 0.5330203124999999 0.7969296875 0.5274484375 0.8014203125 0.5283203125 0.8141609375 0.5317109375 0.8167500000000001 0.527853125 0.8213437499999999 0.5210765625 0.8111453125000001 0.5230625
0 0.8506562499999999 0.69175625 0.8375125000000001 0.6962171875000001 0.8706343750000001 0.691915625 0.8649359375 0.6894359375 0.8608546875 0.689653125 0.8506562499999999 0.69175625
0 0.9612359375 0.607346875 0.9455109374999999 0.60889375 0.9364078125 0.60889375 0.92720625 0.609884375 0.9203749999999999 0.615371875 0.9944453125000001 0.6075437499999999 0.9957390625 0.6053015625 0.9931656249999999 0.602265625 0.9855359375000001 0.6030046875 0.9718046875 0.6054234375 0.9612359375 0.607346875
0 0.50546875 0.715625 0.5 0.72265625 0.5078125 0.72421875 0.5109375 0.71796875 0.50546875 0.715625
0 0.440625 0.72421875 0.4390625 0.73046875 0.4453125 0.73203125 0.44921875 0.7234375 0.440625 0.72421875
0 0.38203125 0.7296875 0.3734375 0.73359375 0.3796875 0.73984375 0.38203125 0.7296875
0 0.30390625 0.8015625 0.296875 0.80546875 0.3046875 0.81015625 0.30390625 0.8015625
0 0.334375 0.79921875 0.32734375 0.796875 0.33125 0.80546875 0.334375 0.79921875
0 0.3421875 0.84765625 0.3515625 0.84296875 0.34765625 0.8375 0.334375 0.84296875 0.33515625 0.8484375 0.3421875 0.84765625
0 0.3890625 0.83046875 0.38828125 0.8390625 0.3984375 0.83828125 0.39921875 0.828125 0.3890625 0.83046875
0 0.38671875 0.790625 0.38125 0.79296875 0.3875 0.79609375 0.38671875 0.790625
0 0.41484375 0.7875 0.4078125 0.78984375 0.4140625 0.79296875 0.41484375 0.7875
0 1 0.07890625 0.99296875 0.078125 0.9921875 0.08515625 1 0.08984375 1 0.07890625
0 0.92109375 0.065625 0.9203125 0.07265625 0.928125 0.07578125 0.93125 0.06796875 0.92109375 0.065625
0 0.86796875 0.478125 0.859375 0.48046875 0.865625 0.48359375 0.86796875 0.478125
0 0.90859375 0.475 0.89375 0.47734375 0.9078125 0.48046875 0.90859375 0.475
0 0.80234375 0.48125 0.7890625 0.48359375 0.8 0.48671875 0.80234375 0.48125
0 0.82578125 0.4765625 0.8109375 0.47890625 0.828125 0.48203125 0.82578125 0.4765625
0 0.95 0.47890625 0.9171875 0.47890625 0.94375 0.48046875 0.95 0.47890625
0 0.98828125 0.475 0.978125 0.47890625 0.9875 0.48046875 0.98828125 0.475