0 0.3668515625 0.9357515624999999 0.3565765625 0.9489796875 0.35870156249999996 0.9565374999999999 0.3689765625 0.9560656249999999 0.372165625 0.9485078124999999 0.3668515625 0.9357515624999999
0 0.4112078125 0.647909375 0.4133265625 0.6445296875000001 0.41255 0.6395671875 0.4109046875 0.6351890625000001 0.40643124999999997 0.63568125 0.40290781249999996 0.6397140625 0.40258593749999994 0.642334375 0.40476406249999997 0.6466578125 0.406828125 0.650021875 0.4112078125 0.647909375
0 0.35888125 0.5876390625 0.359159375 0.5923890625 0.3600703125 0.5956609375 0.361734375 0.598590625 0.364859375 0.5990921874999999 0.3675921875 0.59801875 0.3702640625 0.5947734375 0.37353125 0.597915625 0.37685625 0.6022703125 0.3814890625 0.6072859375 0.38374687500000004 0.61285625 0.3859828125 0.615415625 0.3880015625 0.6178171875 0.3918796875 0.617615625 0.393265625 0.6178296875 0.3948890625 0.62279375 0.3964328125 0.6235062499999999 0.3981734375 0.6235062499999999 0.40090000000000003 0.622146875 0.40238281249999996 0.6205234374999999 0.40858125 0.623190625 0.4107234375 0.6135640625 0.41392968750000003 0.6090328125 0.41579062499999997 0.604325 0.41554062500000005 0.5989421875 0.4137328125 0.5964515625 0.4117703125 0.5939593750000001 0.4093359375 0.5877578125 0.40695625 0.5787125 0.4043828125 0.57188125 0.4002875 0.5643640624999999 0.3924578125 0.5602406249999999 0.382484375 0.5570375000000001 0.37382499999999996 0.5603374999999999 0.36700625 0.5624515625 0.3608015625 0.56791875 0.3572625 0.5745734375 0.3555546875 0.5824125 0.35888125 0.5876390625
0 0.6920843750000001 0.734715625 0.689734375 0.7345109375 0.68711875 0.7372296875 0.68584375 0.7417171875 0.6857875 0.7459390625 0.6862609375 0.7482593750000001 0.68895625 0.7512234375 0.6920468750000001 0.7481265625 0.69245 0.743375 0.6920843750000001 0.734715625
0 0.297478125 0.579184375 0.3037375 0.5842421875 0.30202968750000003 0.5925046875 0.30678125 0.5935921875 0.306903125 0.599375 0.31463593749999996 0.6030171875 0.32021875 0.6069656250000001 0.3320109375 0.602071875 0.331521875 0.593803125 0.33124375 0.5910062500000001 0.329896875 0.5854625 0.328075 0.58390625 0.32763906249999997 0.5810562499999999 0.328975 0.5770421875 0.3289328125 0.5713421875 0.3264578125 0.5683312500000001 0.32489375 0.5641875 0.32408125 0.5572203124999999 0.3174625 0.55420625 0.311440625 0.5532546875000001 0.3098765625 0.5547484375 0.3067078125 0.5586515624999999 0.3047890625 0.5611906249999999 0.3010671875 0.5650484375 0.2980359375 0.5691140625 0.3010625 0.5706046875 0.297478125 0.579184375
0 0.6044859375 0.5465312499999999 0.60606875 0.550815625 0.6090093750000001 0.5487859375 0.6109046874999999 0.5476234375 0.6155781250000001 0.545828125 0.616321875 0.54118125 0.615559375 0.5360625 0.6102125 0.5346875 0.6060921875 0.536259375 0.604053125 0.543284375 0.6044859375 0.5465312499999999
0 0.5846984375 0.42316562500000005 0.5835171875 0.419421875 0.5793515625000001 0.4143296875 0.5780984375 0.41580625 0.5760140625 0.4126890625 0.5717734375 0.4141421875 0.569846875 0.41580781250000004 0.5680031249999999 0.41364062500000004 0.56385625 0.414603125 0.5634859375 0.41898125 0.5641390625 0.423628125 0.566653125 0.4262671875 0.5705125 0.4261421875 0.5722140625 0.42585468750000005 0.5787859375 0.43066562499999994 0.5817484375 0.43065 0.5838859375000001 0.42703749999999996 0.5846984375 0.42316562500000005
0 0.7352171875 0.426603125 0.7303890625 0.4304765625 0.7256218750000001 0.4385515625 0.7220375 0.44716562499999996 0.7179390625 0.457328125 0.7253421875 0.46148437500000006 0.7274609375 0.465228125 0.736728125 0.460446875 0.7413062499999999 0.4620203125 0.747365625 0.464746875 0.7546421875 0.472821875 0.752396875 0.4857796875 0.751865625 0.49047343750000005 0.7534328125 0.4900515625 0.7569781250000001 0.4870140625 0.7625124999999999 0.47833125 0.7686578125 0.476428125 0.76971875 0.47107031250000003 0.7711140624999999 0.46431093749999997 0.7691343749999999 0.46146093749999995 0.77035 0.45428281249999997 0.7696359375 0.4464140625 0.7672 0.43991718750000003 0.7633390624999999 0.43476875000000004 0.757715625 0.42745625 0.7509609375 0.4232 0.7463671875 0.42000312500000003 0.7430015625 0.41794374999999995 0.7393546875 0.4232296875 0.738659375 0.42631406250000003 0.7352171875 0.426603125
0 0.6647203125 0.3834625 0.6612750000000001 0.3891515625 0.6624296875 0.3924453125 0.668071875 0.39158125 0.6703859375000001 0.39375 0.673446875 0.3931640625 0.67849375 0.39545625 0.68120625 0.3973671875 0.6847375 0.40045000000000003 0.6871109375 0.3964109375 0.6891578125 0.3916046875 0.6902984375 0.38289062500000004 0.68869375 0.3767140625 0.687128125 0.3727796875 0.6847734375 0.3703515625 0.6821609375000001 0.36985 0.6776875 0.36985 0.6750359375 0.36985 0.6722265625 0.3709734375 0.670384375 0.3741234375 0.6694734375 0.37425156249999997 0.6655140625 0.3742421875 0.664603125 0.37620156250000003 0.6672546875 0.3803953125 0.6647203125 0.3834625
0 0.57378125 0.3147328125 0.5730062499999999 0.3119046875 0.5722875000000001 0.3060984375 0.57026875 0.304040625 0.569296875 0.2997640625 0.5681296875 0.29833906250000003 0.5649234375 0.2974671875 0.5621515625 0.30079375 0.55971875 0.30325156249999996 0.5554046875 0.30322187500000003 0.5534250000000001 0.30305781249999997 0.549921875 0.30620625 0.548140625 0.31049375 0.5525765625 0.31282187499999997 0.5570265625 0.315259375 0.5622953125000001 0.3174078125 0.5661906250000001 0.3205203125 0.572171875 0.31823125 0.57378125 0.3147328125
0 0.538921875 0.279559375 0.536090625 0.28196875 0.5345078125 0.2851 0.5354109375 0.28855624999999996 0.53790625 0.2911734375 0.5432375 0.295634375 0.5469828125 0.2916484375 0.5469828125 0.2875828125 0.545221875 0.28407187500000003 0.5456921875 0.2815390625 0.5446234375000001 0.2789453125 0.5421671875 0.27772968750000004 0.538921875 0.279559375
0 0.5148046875000001 0.27456875 0.5162734375 0.27890625 0.5175265625 0.280578125 0.522240625 0.28173125 0.5265796875000001 0.281246875 0.5283484374999999 0.2759140625 0.5275359374999999 0.27134843750000004 0.524290625 0.2671234375 0.5211625 0.266859375 0.5170453125 0.2674359375 0.514334375 0.2712265625 0.5148046875000001 0.27456875
0 0.579509375 0.28083749999999996 0.578559375 0.29604375 0.57855 0.2991765625 0.5878328125000001 0.3050984375 0.5917234375 0.31165625 0.5985031249999999 0.31864375 0.6066796875 0.325803125 0.6164156249999999 0.3273984375 0.62185625 0.3291 0.6241218749999999 0.32543125 0.6334375 0.32266249999999996 0.643934375 0.3184859375 0.64495625 0.31045781250000004 0.64591875 0.2992109375 0.647021875 0.273128125 0.64511875 0.26594687499999997 0.640584375 0.2524296875 0.6338515625000001 0.24545937499999998 0.6280703125 0.243659375 0.6183609375 0.2454203125 0.611628125 0.2476484375 0.607825 0.255925 0.6020828125000001 0.263765625 0.59665625 0.26521249999999996 0.586003125 0.2666546875 0.579509375 0.28083749999999996
0 0.6161749999999999 0.381621875 0.6173140625 0.375603125 0.6137703125 0.3724078125 0.6104046875 0.3743171875 0.60583125 0.3801671875 0.6040015624999999 0.385471875 0.6115765625 0.3885140625 0.6145625 0.3867984375 0.6161749999999999 0.381621875
0 0.3876484375 0.20354999999999998 0.37988125 0.205809375 0.376275 0.2083984375 0.3720140625 0.19870937500000002 0.368846875 0.19870625 0.36656875 0.18904375 0.36502500000000004 0.1843234375 0.36193437500000003 0.17885625 0.349646875 0.1789859375 0.3448140625 0.185840625 0.3456859375 0.197390625 0.3507125 0.199009375 0.348275 0.20265624999999998 0.34789375 0.21033593750000001 0.35166718750000003 0.21127500000000002 0.3500859375 0.2162328125 0.3513625 0.2185625 0.355503125 0.2255640625 0.3563078125 0.22908125 0.355990625 0.239165625 0.35309375 0.2466734375 0.357325 0.2615453125 0.3592296875 0.265128125 0.3639296875 0.27123125 0.36963124999999997 0.274746875 0.373346875 0.277446875 0.37782499999999997 0.2756328125 0.37963125 0.2836640625 0.385265625 0.287628125 0.391240625 0.2887 0.39778125000000003 0.2841578125 0.40035781249999997 0.278375 0.405078125 0.2724875 0.4115984375 0.264909375 0.4105046875 0.2598359375 0.410721875 0.2540796875 0.4091359375 0.247609375 0.407015625 0.243175 0.40663906250000004 0.23700000000000002 0.40384843750000005 0.2299265625 0.4011359375 0.2257015625 0.39881875 0.21973437499999998 0.39620625 0.21593125 0.39509531249999996 0.2097578125 0.3876484375 0.20354999999999998
0 0.40039218749999994 0.19653125 0.396715625 0.1942515625 0.3926796875 0.1937546875 0.389825 0.1967640625 0.39083437499999996 0.20051093749999999 0.39366406249999997 0.20251718749999997 0.396315625 0.20449531250000003 0.3998015625 0.20379999999999998 0.4015734375 0.20090312500000002 0.40039218749999994 0.19653125
0 0.35395937499999997 0.3794546875 0.3535234375 0.3852265625 0.3578484375 0.38708593750000003 0.3589078125 0.3973578125 0.362303125 0.39473437499999997 0.362303125 0.39035000000000003 0.361590625 0.381428125 0.3591734375 0.380003125 0.3582234375 0.37789375000000003 0.358909375 0.37298437500000003 0.3557796875 0.374053125 0.35395937499999997 0.3794546875
0 0.61125 0.2357796875 0.6121984375 0.240584375 0.6173078125 0.24209375 0.6208109375 0.2399734375 0.6250281249999999 0.23877031249999997 0.6245 0.2331125 0.6204500000000001 0.22787656250000002 0.614603125 0.22590625000000003 0.6117390625 0.231028125 0.61125 0.2357796875
0 0.6148859375 0.2022796875 0.6115796875 0.20414062500000002 0.6093 0.2071265625 0.608446875 0.21095156249999997 0.60950625 0.21440781250000002 0.613521875 0.2173921875 0.6165734375 0.2130765625 0.6165703125 0.20909218749999997 0.6148859375 0.2022796875
0 0.6436124999999999 0.1986421875 0.64301875 0.2027234375 0.6432328125 0.20749843750000002 0.6469703124999999 0.2112734375 0.65046875 0.21025 0.6534328125 0.2071890625 0.6546859375 0.20486875000000002 0.6551765625 0.1993765625 0.6527999999999999 0.196496875 0.65054375 0.19549375 0.6452765625 0.196359375 0.6436124999999999 0.1986421875
0 0.650671875 0.38660937500000003 0.6473078125 0.3840484375 0.64545625 0.3940828125 0.648971875 0.3972125 0.65349375 0.39928125 0.6542765625 0.3955328125 0.6525921875 0.3902515625 0.650671875 0.38660937500000003
0 0.1793640625 0.9849515625 0.184496875 0.981940625 0.1889796875 0.9842187499999999 0.192134375 0.98529375 0.20363125 0.985471875 0.205678125 0.981325 0.2104265625 0.9658484375 0.21509843750000002 0.9637 0.21908906250000001 0.9605578124999999 0.21837187500000002 0.9520312499999999 0.2146484375 0.9443984375 0.21139999999999998 0.9365328125 0.20514375 0.9367625 0.20628125000000003 0.928209375 0.204853125 0.917121875 0.19873125 0.9084578125 0.1945125 0.9199187500000001 0.19547343749999999 0.9332015625000001 0.1941578125 0.9393828125000001 0.18795625 0.945109375 0.1792609375 0.9561171875 0.17708125 0.9640546875 0.180971875 0.9706078125 0.179209375 0.9725203125 0.17653749999999999 0.9759734375000001 0.1793640625 0.9849515625
0 0.1731578125 0.8144078125 0.1677328125 0.8154 0.162978125 0.8190453124999999 0.16295781250000002 0.8305718750000001 0.1705734375 0.8274734374999999 0.174078125 0.8227203125000001 0.1751375 0.8175484375 0.1731578125 0.8144078125
0 0.031665624999999996 0.8161953125 0.03113125 0.812659375 0.02980625 0.8112343750000001 0.026359375 0.8125171874999999 0.0245984375 0.8152640625 0.023071875 0.8226875 0.027328124999999998 0.823371875 0.030196875 0.8193078125 0.031665624999999996 0.8161953125
0 0.0626 0.9723109375 0.0613328125 0.97165 0.058699999999999995 0.9722765624999999 0.057987500000000004 0.9777984375000001 0.057076562500000004 0.9816375 0.0573890625 0.9834703125 0.057606250000000005 0.9855109375 0.057976562499999995 0.9890140625000001 0.060726562500000004 0.9866234374999999 0.06403125 0.9872015624999999 0.06669375 0.9872015624999999 0.0671953125 0.9835609375000001 0.065609375 0.9766953125000001 0.0626 0.9723109375
0 0.125996875 0.9514156249999999 0.1274890625 0.9465578125 0.1267375 0.9442890625 0.12313281250000001 0.9435484375 0.11755 0.9444140624999999 0.11954687500000001 0.954159375 0.122034375 0.956984375 0.12446874999999999 0.9540546875 0.125996875 0.9514156249999999
0 0.0021796875 0.77605625 0.0040015625 0.7792250000000001 0.0079359375 0.7784390625000001 0.0122703125 0.7769 0.0166265625 0.7754875 0.017259375 0.7727734374999999 0.015275 0.766665625 0.012562499999999999 0.76504375 0.007756250000000001 0.764546875 0.0040796875 0.767978125 0.0013671875 0.7722015625 0.0021796875 0.77605625
0 0.16731875000000002 0.7813203125 0.1644890625 0.7778875000000001 0.161559375 0.778303125 0.15823281250000001 0.7817093749999999 0.15725781249999998 0.788234375 0.16170625 0.7894625 0.16521406249999998 0.7909328125 0.1677546875 0.786390625 0.16731875000000002 0.7813203125
0 0.2324734375 0.8805781250000001 0.2299375 0.88745625 0.234734375 0.889475 0.2324734375 0.8805781250000001
0 0 0.49834531249999997 0.00021562500000000002 0.509190625 0.0042546875 0.5051625 0.005345312499999999 0.4990765625 0.0066984374999999995 0.49239062499999997 0.00103125 0.4886203125 0 0.487496875 0 0.49834531249999997
0 0.078996875 0.604709375 0.0797984375 0.593359375 0.0776609375 0.5914843750000001 0.0760546875 0.594475 0.0754609375 0.5931015625 0.06777968749999999 0.591565625 0.065678125 0.59860625 0.072103125 0.6006750000000001 0.074753125 0.6059609375 0.078996875 0.604709375
0 0.1579453125 0.5864609375 0.1596203125 0.59220625 0.163065625 0.59408125 0.16429375 0.5945828125 0.165646875 0.5879421875 0.1632125 0.58378125 0.158103125 0.5851953125 0.1579453125 0.5864609375
0 0.0951015625 0.5079343749999999 0.09483125 0.5051046875 0.0931453125 0.499978125 0.0900484375 0.50069375 0.0900171875 0.5074125 0.092134375 0.509475 0.0951015625 0.5079343749999999
0 0.0470390625 0.4487140625 0.045509375000000005 0.450640625 0.04491875 0.45549687499999997 0.045475 0.4616203125 0.047376562500000004 0.466003125 0.051729687499999996 0.466425 0.054581250000000005 0.460915625 0.055135937499999996 0.4588671875 0.052437500000000005 0.4516171875 0.0470390625 0.4487140625
0 0.12796875000000002 0.43395312500000005 0.1281234375 0.429415625 0.12574687499999998 0.4269578125 0.12269843750000001 0.4281625 0.12135156250000001 0.4312796875 0.12119687500000001 0.43617656250000003 0.1239078125 0.4370140625 0.1261015625 0.43680312499999996 0.12796875000000002 0.43395312500000005
0 0.1353265625 0.50933125 0.12791875 0.5156390625 0.1295 0.5217140625 0.1336578125 0.5212125000000001 0.1353265625 0.50933125
0 0.259940625 0.45091562500000004 0.2601859375 0.445928125 0.258009375 0.445215625 0.254921875 0.44612968750000004 0.2539125 0.4501640625 0.25553906249999997 0.454365625 0.259940625 0.45091562500000004
0 0.1654203125 0.26971406249999996 0.1640734375 0.264275 0.1604890625 0.26068437499999997 0.15645 0.2611 0.1546078125 0.2677390625 0.1572203125 0.2725421875 0.1593703125 0.2773140625 0.1636140625 0.273909375 0.1654203125 0.26971406249999996
0 0.147653125 0.311984375 0.1463078125 0.3084734375 0.14458437500000001 0.3043 0.140725 0.3055921875 0.1400328125 0.3100921875 0.14495 0.316440625 0.147653125 0.311984375
0 0.094109375 0.24835 0.09474218749999999 0.2449296875 0.091946875 0.2407203125 0.089128125 0.2407203125 0.0861515625 0.24304062499999998 0.08765625 0.2474765625 0.09023125 0.248559375 0.094109375 0.24835
0 0.0179359375 0.23791250000000003 0.023203124999999998 0.238653125 0.025710937499999996 0.23721406250000002 0.028475 0.2327046875 0.029484375 0.22904062500000003 0.028149999999999998 0.224265625 0.0241140625 0.2239765625 0.0190375 0.22469062499999998 0.0167 0.22725 0.014484374999999999 0.2313140625 0.01429375 0.236328125 0.0179359375 0.23791250000000003
0 0.06038281250000001 0.199190625 0.0625015625 0.2045453125 0.06399218749999999 0.20682031250000002 0.0685484375 0.206028125 0.070196875 0.20201562499999998 0.072890625 0.19065625 0.072134375 0.1827125 0.0679359375 0.1837 0.06342031249999999 0.188084375 0.059954687500000006 0.19243749999999998 0.06038281250000001 0.199190625
0 0.1713953125 0.16477187499999998 0.167671875 0.1724015625 0.1726015625 0.17298750000000002 0.1742734375 0.16780937499999998 0.1713953125 0.16477187499999998
0 0.171021875 0.13649843749999999 0.1689015625 0.146784375 0.172228125 0.14709375 0.1746328125 0.1393015625 0.171021875 0.13649843749999999
0 0.30915312500000003 0.33124375 0.31239374999999997 0.33245 0.3137453125 0.3271109375 0.3135265625 0.32420781249999997 0.3112109375 0.32627968749999997 0.30915312500000003 0.33124375
0 0 0.07464375 0.002621875 0.079340625 0.020615625000000002 0.0807453125 0.026125 0.0672171875 0.030839062499999997 0.08581562499999999 0.052690625000000005 0.0889265625 0.063846875 0.07472187500000001 0.07769374999999999 0.0765578125 0.09525781250000001 0.082728125 0.10254375 0.0828953125 0.1121 0.077996875 0.121903125 0.072278125 0.1269515625 0.06729531250000001 0.138959375 0.0694984375 0.15074218749999999 0.0775625 0.1616828125 0.0854140625 0.1739375 0.085978125 0.1880203125 0.0853546875 0.2011828125 0.082728125 0.2078765625 0.07884687500000001 0.22438750000000002 0.091278125 0.23541875 0.0967234375 0.2485734375 0.10161562500000001 0.27457031249999997 0.10243593749999999 0.28033437499999997 0.0946328125 0.289425 0.08712031249999999 0.294065625 0.08956875 0.290975 0.09891875 0.307640625 0.111409375 0.3169375 0.1051453125 0.3200859375 0.10090312500000001 0.325196875 0.10782343750000001 0.339109375 0.1126390625 0.3500453125 0.11304375 0.3613828125 0.1146859375 0.3778796875 0.1171796875 0.38876093749999996 0.1303625 0.3917125 0.132978125 0.40022812500000005 0.134915625 0.4080921875 0.1312421875 0.41902656250000003 0.12861562499999998 0.428384375 0.13086875 0.43951874999999996 0.13119375 0.45120468750000003 0.1262734375 0.4653125 0.1339140625 0.4695953125 0.141996875 0.47798749999999995 0.1564828125 0.480284375 0.1586515625 0.48681875 0.15663125 0.4953578125 0.15409375 0.49616875 0.1472921875 0.50318125 0.1420765625 0.5080359375 0.14920625 0.5106109375 0.15383125 0.5213953124999999 0.15829375 0.5269984375 0.1523671875 0.5334921875 0.150875 0.5475375 0.14789531250000001 0.5705828125 0.152384375 0.5835343749999999 0.148721875 0.5874421875 0.152571875 0.595 0.1619390625 0.6015015625 0.16543125 0.614990625 0.1856296875 0.6189546874999999 0.18846093749999998 0.6218281250000001 0.1816828125 0.629278125 0.1901078125 0.63121875 0.18630156250000002 0.639596875 0.17486875 0.645696875 0.176359375 0.6508671875 0.182803125 0.659784375 0.179784375 0.6668359374999999 0.1743875 0.6802875 0.17355156249999998 0.688428125 0.175459375 0.6983015625 0.18896875 0.701440625 0.201134375 0.706115625 0.20338281249999998 0.709028125 0.1999296875 0.7167515625 0.193340625 0.7293078125 0.1932984375 0.7344765625 0.1885015625 0.7358109374999999 0.20112187499999998 0.7453921875 0.21015625 0.754384375 0.20172656249999998 0.7630796875 0.2042109375 0.7754765625 0.20406249999999998 0.7693296875 0.21113906249999997 0.771659375 0.2248296875 0.77320625 0.23048281249999997 0.77611875 0.2419734375 0.7807375000000001 0.24612656249999998 0.7967671875 0.256228125 0.789825 0.2657703125 0.7941171875 0.275528125 0.8060859375 0.2800046875 0.8120312500000001 0.2961921875 0.8231703125 0.31246874999999996 0.8297437499999999 0.31234375000000003 0.8354453124999999 0.30636718749999997 0.8423875000000001 0.309003125 0.8436734375 0.3215734375 0.8580265624999999 0.32182343750000003 0.8495328125 0.3025203125 0.851140625 0.28746875 0.8597203125 0.27128125000000003 0.8752671875000001 0.2379953125 0.87875625 0.2264703125 0.8887421874999999 0.214515625 0.9003140625 0.20083125000000002 0.907446875 0.196421875 0.9175437499999999 0.19750937500000001 0.9243375 0.20219218749999998 0.9289921874999999 0.19420625 0.9401859375000001 0.183634375 0.9468859374999999 0.167590625 0.9603984375 0.171065625 0.9719234374999999 0.16592656249999999 0.989175 0.15970625 1 0.1492296875 0.99915 0.06322187500000001 0.9946125 0.0675234375 0.9867890625 0.0905140625 0.9815125 0.0907609375 0.9766671875 0.0912625 0.9517625000000001 0.102725 0.9242078125000001 0.0998171875 0.8956734375 0.10586875 0.8831843750000001 0.1186546875 0.87370625 0.1358765625 0.8592015625 0.1413765625 0.8512234375000001 0.1496953125 0.8458390625 0.1755265625 0.8407859375 0.1860953125 0.8285671875 0.1846625 0.8182796874999999 0.186565625 0.7779734375 0.1712890625 0.7398546875 0.15963125 0.7034125 0.1465953125 0.6800703125 0.137953125 0.6408203125 0.12635625 0.594234375 0.1107046875 0.5451374999999999 0.098803125 0.521209375 0.091165625 0.48829687499999996 0.091165625 0.4672484375 0.08219375 0.44261249999999996 0.074875 0.41164375 0.0693171875 0.38584843750000003 0.0602609375 0.35931406250000003 0.058803125 0.31944218750000003 0.0531 0.304453125 0.0512640625 0.2884296875 0.0475484375 0.256709375 0.041785937499999995 0.2337984375 0.0389125 0.15444375 0.027528124999999997 0.13494375 0.027265624999999998 0.12432499999999999 0.02330625 0.11535625000000001 0.0242 0.107765625 0.022371875 0.0997234375 0.0176421875 0.084946875 0.0144875 0.06935 0.0192921875 0.0612953125 0.017484375 0.051023437500000005 0.0187546875 0.0334765625 0.0177796875 0 0.01055 0 0.045042187500000004 0 0.06696250000000001 0 0.07464375
0 0.80000625 0.3526359375 0.8047953124999999 0.3529265625 0.8056468750000001 0.3515109375 0.8066203125 0.344790625 0.804815625 0.339021875 0.8001984375 0.3348625 0.7964609375 0.336028125 0.7952078124999999 0.337715625 0.7958406250000001 0.34330937499999997 0.7972859375 0.3470578125 0.80000625 0.3526359375
0 0.794228125 0.3233078125 0.79288125 0.3262171875 0.795290625 0.3297203125 0.796921875 0.329965625 0.7999484375 0.32621875 0.7983453125 0.32365937499999997 0.7959296874999999 0.32194375000000003 0.794228125 0.3233078125
0 0.9385578125 0.55614375 0.9355874999999999 0.5458999999999999 0.9338046875 0.5405140625 0.928340625 0.5369234374999999 0.9259656250000001 0.5444390625 0.9282859374999999 0.5607171875 0.932675 0.5628546875 0.9380703125000001 0.5602109375000001 0.9385578125 0.55614375
0 0.881334375 0.5767515624999999 0.8778390625 0.577834375 0.876275 0.5822437500000001 0.8793046875 0.5885281250000001 0.882315625 0.5905343750000001 0.886275 0.5919078125 0.8880156250000001 0.5910734375 0.8911562500000001 0.5845234375 0.8865187499999999 0.5769609375 0.881334375 0.5767515624999999
0 0.8425078125000001 0.41914375000000004 0.8448453125000001 0.42242187500000006 0.850028125 0.421840625 0.8511234375000001 0.4162515625 0.8484718750000001 0.41469531249999997 0.8465718750000001 0.4149046875 0.84285 0.417103125 0.8425078125000001 0.41914375000000004
0 0.8629296875 0.35562187500000003 0.8581687499999999 0.35368125 0.8555796875 0.35576875 0.8554875 0.3610484375 0.85863125 0.367834375 0.8605875 0.36042968750000004 0.8629296875 0.35562187500000003
0 0.996184375 0.439303125 0.991284375 0.444846875 0.989665625 0.4571203125 0.9933765625 0.45998593750000005 0.9955343750000001 0.46131875000000006 0.9994 0.4536109375 1 0.4451125 0.996184375 0.439303125
0 0.9783 0.4845296875 0.9804109375 0.4947875 0.989875 0.474478125 0.986428125 0.4738515625 0.984621875 0.4778359375 0.982440625 0.480765625 0.9779187500000001 0.47869687499999997 0.9783 0.4845296875
0 0.985915625 0.29643593749999997 0.987228125 0.291896875 0.9866343750000001 0.2867265625 0.9849703125 0.28466718750000003 0.9819437499999999 0.28720625 0.9821171874999999 0.295634375 0.985915625 0.29643593749999997
0 0.9900109374999999 0.30553125 0.9916015625 0.3037359375 0.9894984375 0.3007546875 0.9915828125000001 0.298828125 0.9955484374999999 0.297109375 0.9971390625 0.2941796875 0.99594375 0.291278125 0.9918265625 0.29441875 0.987078125 0.30610624999999997 0.9900109374999999 0.30553125
0 0.8314875 0.3560421875 0.8366140625 0.358465625 0.8365578125 0.35139375 0.8330328124999999 0.349228125 0.8314875 0.3560421875
0 0.8612453125 0.877809375 0.858946875 0.8807484375 0.856609375 0.8883328125000001 0.8557359375000001 0.8954046874999999 0.8571312499999999 0.901546875 0.860865625 0.90823125 0.8660125000000001 0.9078265625 0.8678546875 0.9060828125 0.8681671874999999 0.8993796875 0.8688890625000001 0.8920921875 0.8673249999999999 0.8867593749999999 0.8657203125 0.8829046875 0.8612453125 0.877809375
0 0.7988875 0.986765625 0.8047859374999999 0.9906312500000001 0.8059609375000001 0.9938078125 0.8089859374999999 0.9965875000000001 0.8126374999999999 0.9957953125 0.810965625 0.988296875 0.8089656250000001 0.9839140625 0.806390625 0.9786859375000001 0.803303125 0.97789375 0.8011062499999999 0.9804671875000001 0.7988875 0.986765625
0 0.8015140625000001 0.9482359375 0.8009796874999999 0.9517374999999999 0.8035718749999999 0.9546125 0.80665625 0.9523703125 0.8077765625 0.9506546874999999 0.8080515625 0.94474375 0.804465625 0.9436578125 0.8015140625000001 0.9482359375
0 0.799209375 0.9367515624999999 0.7974265625 0.9345859375 0.7942218750000001 0.934628125 0.7930531249999999 0.9375046875 0.793678125 0.9401249999999999 0.7956921875 0.9443343750000001 0.7977421875 0.941871875 0.7992125 0.9396015625 0.799209375 0.9367515624999999
0 0.0789328125 0.29636874999999996 0.0805828125 0.2938609375 0.08179062499999999 0.28869531249999997 0.07625156250000001 0.28969999999999996 0.0733921875 0.29411875 0.0759046875 0.2967421875 0.0789328125 0.29636874999999996
0 0.3953125 0.49453125 0.40078125 0.4953125 0.396875 0.48984375 0.3953125 0.49453125
0 0.42265625 0.4609375 0.425 0.45234375 0.4203125 0.45078125 0.42265625 0.4609375
0 0.31796875 0.428125 0.325 0.42421875 0.315625 0.41953125 0.31796875 0.428125
0 0.38125 0.47890625 0.38125 0.48828125 0.38828125 0.4921875 0.3890625 0.48203125 0.38125 0.47890625
0 0.6296875 0.88203125 0.6296875 0.88984375 0.63515625 0.890625 0.6359375 0.88203125 0.6296875 0.88203125
0 0.68671875 0.8296875 0.6890625 0.81953125 0.684375 0.81640625 0.68671875 0.8296875
0 0.2578125 0.89296875 0.253125 0.89609375 0.25703125 0.9046875 0.2625 0.89921875 0.2578125 0.89296875
0 0.3265625 0.87109375 0.33515625 0.875 0.33125 0.86484375 0.3265625 0.87109375
0 0.4734375 0.57734375 0.471875 0.58359375 0.47734375 0.5859375 0.4796875 0.57890625 0.4734375 0.57734375
0 0.46796875 0.5375 0.4703125 0.53046875 0.4640625 0.53046875 0.46796875 0.5375
0 0.54296875 0.40625 0.54375 0.39921875 0.5390625 0.39921875 0.54296875 0.40625
0 0.496875 0.42578125 0.4953125 0.43203125 0.50078125 0.4328125 0.5015625 0.42578125 0.496875 0.42578125
0 0.54140625 0.3875 0.5453125 0.37734375 0.540625 0.37734375 0.54140625 0.3875
0 0.64375 0.49140625 0.6421875 0.49765625 0.64765625 0.5 0.65 0.49453125 0.64375 0.49140625
0 0.46953125 0.2828125 0.471875 0.27578125 0.4671875 0.27578125 0.46953125 0.2828125
0 0.74453125 0.24375 0.7484375 0.23515625 0.74375 0.23515625 0.74453125 0.24375
0 0.28515625 0.23125 0.290625 0.22265625 0.28125 0.21953125 0.28515625 0.23125
0 0.2953125 0.18671875 0.2921875 0.19140625 0.29921875 0.1953125 0.3015625 0.18828125 0.2953125 0.18671875
0 0.63359375 0.4671875 0.6359375 0.46015625 0.6296875 0.45859375 0.63359375 0.4671875
0 0.915625 0.23984375 0.915625 0.25078125 0.92109375 0.2515625 0.921875 0.24140625 0.915625 0.23984375
0 0.96796875 0.2765625 0.978125 0.27109375 0.975 0.26640625 0.96796875 0.2765625
0 0.98984375 0.24375 0.996875 0.23828125 0.990625 0.23203125 0.98984375 0.24375
0 0.878125 0.31484375 0.88359375 0.315625 0.8796875 0.30859375 0.878125 0.31484375
0 0.88203125 0.3 0.884375 0.29296875 0.8796875 0.29140625 0.88203125 0.3
0 0.87890625 0.2671875 0.88125 0.25859375 0.8765625 0.25859375 0.87890625 0.2671875
0 0.946875 0.71328125 0.9453125 0.72265625 0.95234375 0.725 0.953125 0.71640625 0.946875 0.71328125
0 0.92890625 0.8078125 0.93125 0.79921875 0.925 0.79609375 0.92890625 0.8078125