0 0.451246875 0.62260625 0.452659375 0.6284234375 0.45802031249999997 0.6320578125 0.46363125 0.6352218749999999 0.469271875 0.6280890625 0.4697078125 0.6203109375 0.46868125000000005 0.6148546875 0.4613171875 0.6101 0.4571890625 0.6090609375 0.4510609375 0.6151375 0.451246875 0.62260625
0 0.5909625000000001 0.7494265625 0.5938671875 0.7526921875 0.596690625 0.7544890625 0.6011265625 0.7533390625 0.604878125 0.749109375 0.6067312499999999 0.741890625 0.604409375 0.736290625 0.5994171875000001 0.73585 0.5968078125 0.7351546875 0.592515625 0.7399328125 0.5903140625 0.74323125 0.5909625000000001 0.7494265625
0 0.4774484375 0.6947734375 0.474590625 0.6885578125 0.472115625 0.68523125 0.4752734375 0.6816015625 0.4714890625 0.6779390624999999 0.4655765625 0.6777765625 0.4635546875 0.66925 0.46341093750000006 0.6631953125 0.4611890625 0.6583078125 0.45382812499999997 0.65904375 0.4502859375 0.659375 0.44746718750000003 0.6595093750000001 0.4456390625 0.6560578125000001 0.44097656250000006 0.6544890624999999 0.43784999999999996 0.655065625 0.42284062499999997 0.6635515625 0.4184265625 0.6676421875 0.41382031250000006 0.6734546875 0.4146296875 0.6800734375 0.40908125 0.6853296875 0.40295781249999996 0.6896625000000001 0.3962953125 0.6941531249999999 0.3860484375 0.7024796875 0.3811015625 0.6958249999999999 0.3777109375 0.69505 0.368565625 0.698328125 0.36540625000000004 0.7001671875000001 0.36722968749999996 0.7100859374999999 0.3668765625 0.715346875 0.364671875 0.7217625 0.36431874999999997 0.724621875 0.36589218749999997 0.73419375 0.368890625 0.7404515625 0.37208437499999997 0.7459578125 0.374528125 0.7515921875 0.37803906249999997 0.7562953125 0.3810234375 0.75905625 0.38611875 0.76068125 0.39967031249999996 0.7654046875 0.4040796875 0.7660140625 0.40698437500000006 0.77039375 0.415646875 0.7720390625 0.4203203125 0.7724234375 0.4266640625 0.7725375 0.4328171875 0.769171875 0.43799374999999996 0.7648906249999999 0.4417171875 0.763234375 0.45155781250000004 0.7532375 0.454253125 0.7446484375 0.45774687500000005 0.73206875 0.4604296875 0.7258015624999999 0.46251875 0.7217515624999999 0.4686703125 0.7097734375 0.473284375 0.7029140625 0.4774484375 0.6947734375
0 0.3193765625 0.7438796875 0.323003125 0.7331640625 0.3249484375 0.7247765625 0.3266546875 0.7137515624999999 0.3288109375 0.7065640625 0.32897656249999996 0.698321875 0.3249515625 0.6920890625 0.3218828125 0.6884640625 0.3154765625 0.6812171874999999 0.30410624999999997 0.6734859375 0.2996109375 0.6732921875 0.2945078125 0.6756984375 0.29262968749999996 0.6799609375 0.290678125 0.6817593750000001 0.2861 0.68214375 0.2763875 0.6841406250000001 0.277853125 0.688715625 0.27654375 0.69206875 0.27463125 0.6938453124999999 0.2707078125 0.6967453124999999 0.26844843749999997 0.69845625 0.268240625 0.70145625 0.269825 0.7074015625000001 0.2664515625 0.7115781250000001 0.2649578125 0.714265625 0.262571875 0.7186140625 0.2595171875 0.7278203125 0.2683421875 0.736409375 0.2645921875 0.7381734375 0.263146875 0.7388890625 0.263753125 0.7431421874999999 0.26685625 0.7460953124999999 0.2681765625 0.7483125 0.2721359375 0.7518343749999999 0.2755796875 0.7557640625000001 0.27748125 0.758528125 0.2792625 0.761303125 0.28101875 0.7667234374999999 0.2835671875 0.7687140625 0.288346875 0.7699015625000001 0.2923859375 0.7689671875 0.2970859375 0.7676640625 0.299965625 0.7666421875 0.3025140625 0.763525 0.3035171875 0.761271875 0.3045203125 0.758175 0.30515 0.7510625 0.304575 0.7464515625 0.3065296875 0.7431234375 0.3073625 0.739884375 0.30984375000000003 0.7405999999999999 0.31298593750000003 0.742171875 0.3161546875 0.7420640625 0.3193765625 0.7438796875
0 0.2605234375 0.6379109374999999 0.258034375 0.6416671875 0.25706562499999996 0.6455578125 0.26018125 0.6467109375 0.2621859375 0.6472140625 0.264603125 0.644309375 0.263921875 0.6393609375 0.26275624999999997 0.6383578125 0.2605234375 0.6379109374999999
0 0.3112578125 0.1972515625 0.31212968750000003 0.2044609375 0.3160375 0.2059453125 0.31919375 0.20312812500000002 0.321940625 0.19882968750000002 0.3240921875 0.1941125 0.323834375 0.1880234375 0.3214015625 0.185328125 0.3207265625 0.186021875 0.314653125 0.1882765625 0.311978125 0.19035156250000002 0.3112578125 0.1972515625
0 0.349240625 0.2614640625 0.3470828125 0.2661859375 0.34604843750000003 0.2706984375 0.34824062499999997 0.2728609375 0.3515421875 0.26962031249999996 0.353271875 0.2668203125 0.3536296875 0.2612921875 0.3523453125 0.25898750000000004 0.349240625 0.2614640625
0 0.2914359375 0.2425890625 0.294209375 0.246403125 0.2973515625 0.2481140625 0.30033750000000003 0.2439046875 0.3000734375 0.23763593749999998 0.29728750000000004 0.23288281249999998 0.294428125 0.2331796875 0.2910875 0.2367546875 0.2908109375 0.2365484375 0.2914359375 0.2425890625
0 0.1890734375 0.16046093749999998 0.1944078125 0.1562328125 0.1960984375 0.152571875 0.1968953125 0.14806406249999998 0.194403125 0.1463390625 0.1910671875 0.1414625 0.18681562499999999 0.14136875 0.18432656249999999 0.143778125 0.182865625 0.1462375 0.1810578125 0.15342187499999999 0.18129843750000002 0.15821093749999998 0.18286875 0.160621875 0.1890734375 0.16046093749999998
0 0.14163281249999998 0.1748265625 0.1433078125 0.1788453125 0.1457234375 0.18272187499999998 0.1487859375 0.18216875 0.150425 0.177184375 0.15001718749999998 0.170071875 0.1465765625 0.16728749999999998 0.145003125 0.1669 0.14253906249999998 0.1693953125 0.14163281249999998 0.1748265625
0 0.1470046875 0.20565000000000003 0.1476375 0.20899062499999999 0.1494328125 0.21040312499999997 0.152125 0.21071093749999997 0.1538421875 0.2077 0.1539875 0.20241875 0.150540625 0.1979640625 0.149728125 0.1976296875 0.14762187499999999 0.20078593749999998 0.1470046875 0.20565000000000003
0 0.3873390625 0.053178125 0.38833125 0.0477546875 0.38789843749999997 0.03866875 0.3850703125 0.0318921875 0.376525 0.026832812499999997 0.37284375000000003 0.0247015625 0.371215625 0.0218765625 0.3674015625 0.0245703125 0.368878125 0.0308640625 0.3670140625 0.035354687499999995 0.36551875 0.0379578125 0.3662453125 0.0445046875 0.367578125 0.049875 0.3704046875 0.052937500000000005 0.3714078125 0.0541578125 0.36737031249999996 0.059128125 0.36741562499999997 0.0618703125 0.3700046875 0.064525 0.379528125 0.06258125 0.3833828125 0.062010937499999995 0.3873390625 0.053178125
0 0.078921875 0 0.072953125 0.0037296875 0.0624671875 0.0047578125 0.05991875 0.0017140624999999999 0.054254687499999996 0.0009437499999999999 0.05242187499999999 0.007332812499999999 0.048871874999999995 0.012665625 0.044171875 0.0107671875 0.0426 0.013565625000000001 0.043128125 0.021284375 0.04774375 0.0239171875 0.05476875 0.0216953125 0.0592046875 0.028315625 0.057248437500000006 0.0344078125 0.055771875000000005 0.0386875 0.057987500000000004 0.043282812500000004 0.05969218750000001 0.049690625 0.0543453125 0.051723437500000004 0.05456875 0.061968749999999996 0.0568296875 0.06901093750000001 0.060171875 0.071934375 0.06432656249999999 0.075175 0.0677859375 0.08184843750000001 0.07082812499999999 0.08871562499999999 0.07572812500000001 0.09144375 0.079353125 0.089453125 0.08369062499999999 0.08910781250000001 0.08863125 0.0928234375 0.1053328125 0.0911953125 0.10725156250000001 0.09123125 0.1123046875 0.0833046875 0.113378125 0.07808125 0.1119375 0.0709703125 0.11380625 0.07072500000000001 0.1209921875 0.0704484375 0.1219640625 0.067278125 0.12268281249999999 0.06284218750000001 0.120503125 0.055378125 0.12050156249999999 0.0524015625 0.124265625 0.0479703125 0.1224234375 0.04219375 0.1161921875 0.041703125 0.110815625 0.0349109375 0.1085796875 0.032468750000000005 0.10748437500000001 0.027295312500000002 0.10959375 0.020360937500000002 0.1066203125 0.022570312500000002 0.10359531250000001 0.017965625 0.1043953125 0.0121171875 0.1023203125 0.0029796875 0.0973671875 0 0.078921875 0
0 0.0923984375 0.1364953125 0.0930046875 0.1369125 0.09723125 0.13428281250000002 0.10115624999999999 0.12718281250000002 0.10111875 0.1189421875 0.0941515625 0.11016875 0.0882171875 0.11252500000000001 0.086128125 0.11644531250000001 0.08911875 0.11656718749999999 0.08701875 0.1238015625 0.0865859375 0.1288390625 0.0923984375 0.1364953125
0 0.0664390625 0.1466625 0.06577187500000001 0.14882656249999998 0.0681234375 0.154396875 0.06944375 0.1558953125 0.0724265625 0.15497812500000002 0.07365468750000001 0.1512109375 0.07307812500000001 0.148746875 0.072146875 0.146440625 0.06926718750000001 0.1453359375 0.0664390625 0.1466625
0 0.05645312500000001 0.28712499999999996 0.055231249999999996 0.277440625 0.0517625 0.277703125 0.04714375 0.2762921875 0.042975 0.27271718749999996 0.0329796875 0.274415625 0.030821875 0.2766734375 0.0321703125 0.2833265625 0.0335578125 0.2857515625 0.0349703125 0.29188593749999997 0.0349703125 0.2967953125 0.036053125000000005 0.303409375 0.0397765625 0.3052390625 0.04503125 0.3013640625 0.051109375 0.3023125 0.058082812500000004 0.3033796875 0.05995625 0.3023921875 0.060982812500000004 0.297003125 0.060629687499999994 0.29436249999999997 0.06158125 0.28975 0.059965625 0.2872671875 0.05645312500000001 0.28712499999999996
0 0.0498953125 0.356665625 0.051268749999999995 0.3517015625 0.050864062499999994 0.34628281250000004 0.0481796875 0.34270625 0.0443359375 0.342125 0.041525 0.341103125 0.0387703125 0.339378125 0.0356515625 0.3410359375 0.0355859375 0.3417109375 0.0327421875 0.344375 0.0327421875 0.35214687499999997 0.033865624999999996 0.35945625 0.035529687500000004 0.3634515625 0.043029687500000004 0.364025 0.0479953125 0.3595875 0.0498953125 0.356665625
0 0.22135781250000003 0.32303125 0.22077343749999997 0.326159375 0.22091875 0.328634375 0.22177656250000002 0.3319859375 0.2242859375 0.33331093749999996 0.22778281250000001 0.3315328125 0.2289453125 0.326815625 0.2263671875 0.32415625000000003 0.22374375 0.32184375 0.22135781250000003 0.32303125
0 0.2303 0.3778921875 0.228321875 0.3825484375 0.23012812500000002 0.38661406249999997 0.2341625 0.3865140625 0.23559999999999998 0.3839328125 0.2303 0.3778921875
0 0.0865453125 0.382040625 0.0841375 0.3848796875 0.0876234375 0.39196718750000004 0.0905015625 0.39306718749999997 0.091834375 0.39083125 0.091259375 0.38716875 0.0889 0.38190625 0.0865453125 0.382040625
0 0.29815 0.422596875 0.2956828125 0.42120625 0.2918734375 0.42258281249999996 0.29067656249999996 0.4260921875 0.297165625 0.4274578125 0.297853125 0.426153125 0.29815 0.422596875
0 0.0305828125 0.6783265625 0.030357812499999998 0.6828671875000001 0.0315359375 0.6862812500000001 0.0349765625 0.6891703125 0.038974999999999996 0.6911796875 0.0452625 0.6907421874999999 0.04810625 0.6880875 0.048878125 0.6847015625 0.0496234375 0.6809609375 0.0472328125 0.675053125 0.047634375 0.675125 0.0431140625 0.67206875 0.0405015625 0.6720390625 0.0337796875 0.6755265625 0.0305828125 0.6783265625
0 0.00981875 0.63476875 0.0093203125 0.6310734375 0.00558125 0.62996875 0.0053859375 0.6394015625 0.008620312500000001 0.6428828125 0.0107875 0.6401171875 0.00981875 0.63476875
0 0.0049015625 0.80005 0.006845312500000001 0.8068953125 0.010146875 0.8045187500000001 0.0104390625 0.8015625 0.0114296875 0.7942375 0.010029687499999999 0.7854015624999999 0.00775 0.78270625 0.004234375 0.78270625 0.000037500000000000003 0.7811578124999999 0.0009953125 0.8013234375 0.0049015625 0.80005
0 0.1510703125 0.6500874999999999 0.15035156249999998 0.65463125 0.1507078125 0.65710625 0.1518171875 0.659871875 0.153690625 0.659871875 0.1541796875 0.658640625 0.15407500000000002 0.6555796875000001 0.153659375 0.6519921875 0.1510703125 0.6500874999999999
0 0.1883828125 0.93835625 0.1908125 0.9422734374999999 0.197653125 0.9441109375 0.2004546875 0.9400265624999999 0.2017765625 0.9336890625 0.20109375 0.9235484375 0.1992046875 0.9224921875 0.1968171875 0.92381875 0.195353125 0.9276937500000001 0.1897609375 0.9325328125000001 0.1883828125 0.93835625
0 0.24727031249999998 0.89126875 0.2471734375 0.8882937500000001 0.245284375 0.8858609375000001 0.240125 0.8898624999999999 0.24072343749999997 0.893675 0.24477656250000002 0.894559375 0.24727031249999998 0.89126875
0 0.3022375 0.8922828125000001 0.3044796875 0.8916671875000001 0.30667187500000004 0.8866671875 0.309046875 0.88680625 0.31128125 0.8849406249999999 0.3095796875 0.880628125 0.3065890625 0.8812046875 0.30434218749999997 0.8756765625 0.30316875 0.879996875 0.30291250000000003 0.8850078124999999 0.3018140625 0.8896593749999999 0.3022375 0.8922828125000001
0 0.296459375 0.9901234375 0.29376250000000004 0.9962953125 0.2946859375 1 0.3105296875 0.99979375 0.309140625 0.9938265625 0.3036359375 0.9905859375 0.30108437499999996 0.9898093749999999 0.2971234375 0.9896109375 0.296459375 0.9901234375
0 0.356421875 0.85745625 0.354975 0.85864375 0.354809375 0.8628125000000001 0.35891562499999996 0.865134375 0.360684375 0.8652734375 0.3599375 0.8588859375 0.35935937500000004 0.8570546875 0.356421875 0.85745625
0 0.37664375 0.8912015625 0.37737031249999997 0.8956859375 0.37937656249999996 0.8992859375 0.3836296875 0.8996265625 0.386046875 0.8966484375 0.3828078125 0.8869078125 0.379065625 0.8871171875 0.3771953125 0.889546875 0.37664375 0.8912015625
0 0.4100984375 0.914340625 0.41344062499999995 0.92128125 0.4183265625 0.9196249999999999 0.421971875 0.9149953125 0.425815625 0.9095171875 0.4291171875 0.9068234374999999 0.42927031250000003 0.8993062500000001 0.426765625 0.89594375 0.424996875 0.8953296875 0.41825625000000005 0.8988343750000001 0.4131 0.9015484375 0.4115015625 0.9051796875000001 0.41063593750000005 0.9094859375000001 0.4100984375 0.914340625
0 0.4352046875 0.8491593749999999 0.4338828125 0.8582421874999999 0.4373828125 0.8630906250000001 0.4418203125 0.8631734375000001 0.4457171875 0.8584859375 0.4443765625 0.85183125 0.44072187500000004 0.848503125 0.43773125 0.84965625 0.4352046875 0.8491593749999999
0 0.4385328125 0.898640625 0.44853437500000004 0.9033203125 0.4504765625 0.89951875 0.4501515625 0.8963140624999999 0.4469890625 0.8938859375 0.44457812499999994 0.8936921874999999 0.4418296875 0.8935515625000001 0.43937187499999997 0.89449375 0.4385328125 0.898640625
0 0.44222343750000004 0.9684515625 0.44354375 0.969115625 0.4467390625 0.9655234374999999 0.44799531249999996 0.9587296875 0.44467968750000003 0.9546609374999999 0.4401078125 0.9535500000000001 0.43772031250000004 0.9535500000000001 0.43555781250000003 0.95454375 0.43455000000000005 0.9571093749999999 0.43669062500000005 0.96246875 0.4379984375 0.9652218749999999 0.44222343750000004 0.9684515625
0 0.49018125 0.9859781249999999 0.494034375 0.9882984374999999 0.4962 0.9880515624999999 0.49698125 0.9798625 0.4960359375 0.9705625 0.4917359375 0.9653453125 0.48616875000000004 0.9615578125 0.4830984375 0.962409375 0.48179531249999996 0.9680375 0.4828265625 0.97374375 0.485825 0.9816109375 0.49018125 0.9859781249999999
0 0.5729609375 0.8421843750000001 0.5773312500000001 0.8450312500000001 0.5820578125 0.845746875 0.5855187500000001 0.84241875 0.5855515625 0.8353406250000001 0.5825984375 0.8286515624999999 0.5763671875 0.829575 0.5734765625 0.8325312500000001 0.5729609375 0.8421843750000001
0 0.5105984375 0.6533375 0.5097875000000001 0.651859375 0.5066437500000001 0.6520374999999999 0.5060671875 0.6581671874999999 0.509103125 0.66059375 0.510490625 0.6571421875000001 0.5105984375 0.6533375
0 0.36534374999999997 0.534721875 0.3668765625 0.5293640625 0.3645125 0.5245437500000001 0.3609796875 0.5273421875000001 0.3593703125 0.5296296875000001 0.358665625 0.53420625 0.3610125 0.5355453125 0.36534374999999997 0.534721875
0 0.4814859375 0.2191484375 0.47809999999999997 0.2266109375 0.47792031250000006 0.231434375 0.4794515625 0.2333734375 0.488853125 0.22790781249999997 0.490528125 0.22528593749999998 0.490425 0.2210265625 0.4833765625 0.2176265625 0.4814859375 0.2191484375
0 0.6234109375 0.2245203125 0.6191718749999999 0.223409375 0.618859375 0.22862812500000002 0.619153125 0.23471718749999998 0.6263359375 0.2376703125 0.62993125 0.227221875 0.6291046875 0.22472187500000002 0.6234109375 0.2245203125
0 0.601459375 0.087125 0.601671875 0.093328125 0.6050234375 0.091796875 0.6053453125 0.086746875 0.601459375 0.087125
0 0.692390625 0.172490625 0.695878125 0.17469218749999998 0.698715625 0.18229062499999998 0.6992171875000001 0.183865625 0.703140625 0.178090625 0.7045921875000001 0.17272343750000002 0.695590625 0.16576249999999998 0.694040625 0.165515625 0.692390625 0.172490625
0 0.6487078125 0.8416765625 0.6508078125 0.844621875 0.6544515625 0.8455609374999999 0.6577 0.842003125 0.6576390625 0.8367953124999999 0.6553171875 0.8330109374999999 0.650828125 0.8326390625 0.6486765625 0.8327781249999999 0.6475859374999999 0.8351703125000001 0.6487078125 0.8416765625
0 0.6261484375 0.890284375 0.626103125 0.8876968749999999 0.6216734374999999 0.8873453124999999 0.62018125 0.8905296875 0.6207890625 0.8952125000000001 0.623878125 0.8958828125 0.6261484375 0.890284375
0 0.7825484375 0.7344625 0.7798109375 0.73534375 0.7786062499999999 0.7389671875 0.7796359374999999 0.7413546875 0.78415 0.74236875 0.7862359375 0.7402031250000001 0.7852890625 0.736240625 0.7825484375 0.7344625
0 0.9001796875 0.8847046875 0.9045359375 0.880090625 0.9087640625000001 0.87493125 0.9117000000000001 0.8627343749999999 0.9087406250000001 0.8529359375000001 0.9042625 0.8456468750000001 0.898475 0.845675 0.8938359374999999 0.8422062499999999 0.8896984375000001 0.8371046874999999 0.8864921875 0.8340765625 0.87861875 0.8356734375 0.87495625 0.8384328125 0.8727421874999999 0.8437359375 0.8729953125 0.8493281250000001 0.8764671875 0.85516875 0.881340625 0.8618734375000001 0.8830296875 0.8659984375 0.8864375000000001 0.8696406250000001 0.8879953125 0.87065625 0.8891031249999999 0.8739015625000001 0.884184375 0.87995 0.88086875 0.8808921875 0.8811578125 0.88548125 0.883375 0.8894140625 0.890109375 0.8913796875 0.8920359375 0.8905515625 0.8964359375000001 0.8951874999999999 0.8985359374999999 0.8915890624999999 0.9001796875 0.8847046875
0 0.8441875 0.761325 0.84713125 0.7666140625 0.8520156249999999 0.7649359375 0.8552109375000001 0.7614484375 0.856003125 0.755709375 0.8540984375 0.7522249999999999 0.8500796875000001 0.751590625 0.8488265625 0.751590625 0.8466374999999999 0.7552015625 0.8451015625 0.7568609375 0.8441875 0.761325
0 0.9406484374999999 0.7924109374999999 0.9394984375 0.7944015624999999 0.9405421875 0.7971671875 0.943340625 0.8001015625000001 0.9481484375000001 0.7997671875 0.9457546875 0.79198125 0.94451875 0.7907656249999999 0.9406484374999999 0.7924109374999999
0 0.9610875 0.9447906250000001 0.9607921875000001 0.9481203125000001 0.9589828125000001 0.952784375 0.959375 0.9594734375 0.9625375 0.964596875 0.9694796875 0.9634953124999999 0.9720515625000001 0.9616453125 0.9758359375 0.957534375 0.9753953125000001 0.9466546875 0.9719359375 0.939925 0.9705078125 0.9394265624999999 0.9680796875000001 0.9386234375000001 0.96670625 0.9380468750000001 0.9620843750000001 0.9388765625 0.9607906249999999 0.9406015625 0.9610875 0.9447906250000001
0 0.8257046875 0.9266859375 0.8256671875 0.9296953125 0.828759375 0.9306765625000001 0.83178125 0.9287921875 0.8327203125 0.92608125 0.8332484375 0.9228421875 0.8307921875 0.9215921874999999 0.8288546875 0.9212578125 0.8275281250000001 0.9226796875 0.8257046875 0.9266859375
0 0.8879640625 0.6358390625 0.8843500000000001 0.6421703125 0.8839171875 0.6462203125 0.8850906249999999 0.64905 0.8872296875 0.6501828125 0.8916124999999999 0.645921875 0.8926046875000001 0.64039375 0.8918421875 0.6363453125 0.8879640625 0.6358390625
0 0.8574453125 0.5108765625 0.861696875 0.5097609375000001 0.8624890625000001 0.506784375 0.85998125 0.502734375 0.856571875 0.5018671875 0.8538937499999999 0.50600625 0.8557953125 0.5094953125 0.8574453125 0.5108765625
0 0.9044343749999999 0.4877890625 0.9005546875 0.49170781249999995 0.903290625 0.4955984375 0.9073828125000001 0.4917421875 0.9044343749999999 0.4877890625
0 0.8893953124999999 0.4571546875 0.8924046875 0.4600328125 0.8958375000000001 0.4589578125 0.89851875 0.45629687499999994 0.9000890625 0.45323437499999997 0.8944765625000001 0.4519109375 0.8978999999999999 0.44736875 0.899496875 0.445415625 0.8961546874999999 0.44182343749999997 0.8896796874999999 0.44593906250000004 0.886378125 0.4478109375 0.8868984375 0.45293124999999995 0.8893953124999999 0.4571546875
0 0.8519921874999999 0.4087828125 0.85521875 0.4162125 0.8573796874999999 0.4142171875 0.85820625 0.4085203125 0.8605031249999999 0.4073640625 0.8626375 0.4117296875 0.863778125 0.41322656249999995 0.868090625 0.40999375000000005 0.8682343749999999 0.40514062500000003 0.8677250000000001 0.396090625 0.86265 0.3986921875 0.8631859375 0.3976421875 0.8632843749999999 0.3924015625 0.85879375 0.392 0.8568671875 0.39263593750000003 0.8589 0.3968609375 0.8581859375 0.3999234375 0.8529843749999999 0.40374687500000006 0.8519921874999999 0.4087828125
0 0.8273109375000001 0.4527234375 0.8270031250000001 0.456121875 0.8302390624999999 0.4623796875 0.8342171875 0.4599125 0.83368125 0.45604218750000003 0.8311109374999999 0.45162500000000005 0.8285171874999999 0.45192187500000003 0.8273109375000001 0.4527234375
0 0.869915625 0.2651578125 0.8719765625000001 0.260175 0.87016875 0.2550203125 0.8657843749999999 0.2537171875 0.8619031250000001 0.25730624999999996 0.8600578125 0.2612625 0.86045625 0.26475624999999997 0.8623031250000001 0.26766875 0.865653125 0.2673578125 0.869915625 0.2651578125
0 0.8734515625 0.27134843750000004 0.8730593750000001 0.27428125 0.8756859374999999 0.2774171875 0.8786953125 0.27743125 0.8813109375 0.272959375 0.8818921874999999 0.2701796875 0.8783749999999999 0.26461718749999996 0.87638125 0.264946875 0.8734515625 0.27134843750000004
0 0.950734375 0.158321875 0.9546171875 0.157965625 0.9580796875 0.15215625 0.9587 0.14733281250000002 0.9575203125 0.141278125 0.9533109375000001 0.138409375 0.9511890624999999 0.13768750000000002 0.948425 0.140375 0.9452921875 0.1429 0.9458484374999999 0.1515984375 0.950734375 0.158321875
0 0.875675 0.169475 0.87425625 0.1693703125 0.8726578125 0.170590625 0.8733046874999999 0.1760453125 0.8763937500000001 0.1800734375 0.8789296875 0.17581249999999998 0.87868125 0.172503125 0.875675 0.169475
0 0.9577078125 0.2445953125 0.9611796874999999 0.24816406249999998 0.9624 0.24025 0.9577078125 0.2445953125