0 1 0.297134375 0.8863203125 0.29478593750000004 0.6754171875 0.2721484375 0.48285 0.24952187499999998 0.1240984375 0.226759375 0.0876515625 0.22510312500000002 0.09009375 0.27952187500000003 0.12314218750000001 0.283203125 0.101409375 0.3012625 0.086128125 0.358546875 0.0984828125 0.3761359375 0.1199578125 0.370425 0.12296093749999999 0.33930625000000003 0.13383125 0.2991453125 0.149753125 0.2920578125 0.21551562500000002 0.29676718750000003 0.26632656250000003 0.3002546875 0.328634375 0.3057953125 0.4000421875 0.3039265625 0.3835984375 0.3404015625 0.3913609375 0.356678125 0.458390625 0.4078453125 0.4892953125 0.4114640625 0.5102218749999999 0.418071875 0.5397765625 0.4334171875 0.56464375 0.4422765625 0.5739171875 0.47663124999999995 0.5866734375 0.463503125 0.60990625 0.42572968749999995 0.6233859374999999 0.396665625 0.63043125 0.3899375 0.6573640625 0.38568437499999997 0.7194921875 0.381071875 0.7851250000000001 0.37068124999999996 0.8185109374999999 0.36015625 0.813259375 0.3532140625 0.8080734375 0.33456406250000004 0.8715046875000001 0.344746875 0.935446875 0.346128125 1 0.340159375 1 0.297134375
0 0.2471375 0.8350031250000001 0.243990625 0.8324734375 0.24086875000000002 0.8300296875000001 0.2351625 0.828428125 0.2404703125 0.820109375 0.239540625 0.8188703125 0.21528437500000003 0.8207265625 0.208240625 0.8249578124999999 0.20113124999999998 0.829490625 0.18865625 0.832228125 0.1906953125 0.8383953125 0.1942296875 0.8529937500000001 0.201021875 0.8530218749999999 0.20469062500000001 0.8463671875 0.2160703125 0.8466390625000001 0.23596875 0.84439375 0.256565625 0.8460125 0.273528125 0.8405765625000001 0.2784703125 0.8345984375000001 0.2603578125 0.8347671875 0.2471375 0.8350031250000001
0 0.198453125 0.9995171875000001 0.20864531249999999 1 0.2181546875 0.9996734375 0.232109375 0.9924015624999999 0.2327453125 0.9799484375 0.224525 0.9661250000000001 0.2191125 0.963175 0.2064984375 0.960659375 0.20318593749999997 0.9539703125000001 0.2043640625 0.9508703125 0.2101375 0.948265625 0.2192046875 0.946821875 0.22171406249999998 0.9367453125 0.21042343749999998 0.934478125 0.193765625 0.941621875 0.18204375 0.9420984375 0.1845609375 0.9528265625 0.183790625 0.9635562500000001 0.1867515625 0.9728015624999999 0.1837109375 0.9771828125 0.1866109375 0.9844015625000001 0.1926546875 0.98934375 0.1957375 0.9972421875 0.198453125 0.9995171875000001
0 0.3883890625 0.7558906249999999 0.3777421875 0.7568796875 0.365159375 0.760621875 0.35026406250000003 0.7641140625 0.36417968749999996 0.7655828125 0.4322234375 0.7590609374999999 0.47173437500000004 0.7572546874999999 0.5372140625 0.7519671875 0.542471875 0.74685625 0.53543125 0.741734375 0.5207875 0.743753125 0.5090484375 0.7415765624999999 0.49325156249999996 0.736815625 0.4846453125 0.7381656249999999 0.480321875 0.745034375 0.462315625 0.7470875 0.45303750000000004 0.7378828125 0.44325468749999997 0.7386453125 0.4403578125 0.7425937499999999 0.42140625 0.7483125 0.4141828125 0.7504890625 0.3986984375 0.7528328125 0.3966609375 0.755715625 0.3883890625 0.7558906249999999
0 0.4738609375 0.7921218750000001 0.5116859375 0.78404375 0.580796875 0.7714703125 0.6385562499999999 0.7609375 0.6900171875 0.7503359374999999 0.6857046875 0.745834375 0.6804234375 0.7455078125 0.6115171875 0.76163125 0.4757296875 0.7868921875 0.4738609375 0.7921218750000001
0 0.74659375 0.7319703125 0.7217296875 0.73725 0.7029484375 0.7422765625000001 0.7093499999999999 0.7453531250000001 0.7191687499999999 0.746434375 0.7299453125 0.7452953124999999 0.745090625 0.738875 0.7574171875 0.729096875 0.74659375 0.7319703125
0 0.6396875 0.730121875 0.6416734374999999 0.72998125 0.6531734375 0.726859375 0.6739609375 0.7199953125 0.668015625 0.7198609375 0.64825625 0.721971875 0.6349984375 0.72885 0.603028125 0.7401984374999999 0.61368125 0.7390265625 0.6301859375000001 0.7382093750000001 0.642659375 0.7391796875 0.64979375 0.7337890625 0.6276312500000001 0.7342546875 0.6396875 0.730121875
0 0.58435625 0.7233515625 0.5963515625 0.7210546875 0.6188015625000001 0.7128359375 0.61635625 0.708353125 0.6086078125000001 0.7093906249999999 0.5923359375 0.712028125 0.5805453125 0.7110484375 0.5744703125 0.7090265625 0.5604359375 0.710403125 0.5489640625 0.7142109375000001 0.542778125 0.7299546875 0.5519421875 0.730534375 0.56369375 0.72914375 0.568584375 0.7235234375 0.574740625 0.7220375 0.58435625 0.7233515625
0 0.4825234375 0.76018125 0.47969531249999997 0.7647265625 0.46959687499999997 0.7712390625000001 0.45596875 0.77260625 0.45162031249999995 0.7618796875 0.4451015625 0.7598374999999999 0.43980625 0.7661359375 0.44036875000000003 0.7710953125 0.43738124999999994 0.7698390625 0.4191375 0.7637875000000001 0.41583437500000003 0.764478125 0.415690625 0.7696484375 0.42685625 0.7756890624999999 0.42355 0.7808312500000001 0.4182984375 0.7822125 0.40869062500000003 0.770125 0.402125 0.7704453124999999 0.3888171875 0.77339375 0.38544375 0.7798468749999999 0.388075 0.7819015625 0.3790859375 0.7886046875 0.377478125 0.7844921874999999 0.37039062500000003 0.7787859375 0.365409375 0.7821890625 0.36448125 0.7844796875 0.3475578125 0.7847875 0.34180625 0.7893546875 0.33865781250000004 0.790925 0.32210937500000003 0.7945203125 0.31748750000000003 0.7982453125 0.314065625 0.8058171875 0.33085156250000003 0.8048437500000001 0.3332859375 0.7999031249999999 0.33406250000000004 0.7956953125 0.3440171875 0.796940625 0.3508046875 0.79763125 0.3604890625 0.7991265624999999 0.36535625 0.796646875 0.394996875 0.7919203125000001 0.4180453125 0.785496875 0.44053437500000003 0.7793421875 0.501771875 0.7639140624999999 0.4916015625 0.7568859375 0.4825234375 0.76018125
0 0.2660359375 0.771378125 0.24768906249999997 0.773065625 0.2461859375 0.777178125 0.2536234375 0.77898125 0.25880312499999997 0.7767062499999999 0.2624 0.7767062499999999 0.266696875 0.77443125 0.2660359375 0.771378125
0 0.7527265625 0.6885328125 0.760196875 0.690503125 0.762190625 0.6886359375 0.7627546875 0.6850031249999999 0.7611984374999999 0.6830703125 0.7525078125 0.6845546875 0.7527265625 0.6885328125
0 0.7351046875 0.7062078125 0.737459375 0.7021046875 0.7320359375 0.7003921875 0.7233890625 0.7001546875 0.7191921875 0.7047234375 0.7190578125 0.7111796874999999 0.7271140625 0.7100671875 0.7351046875 0.7062078125
0 0.7176781250000001 0.6836890624999999 0.719284375 0.6791031249999999 0.71635 0.6778531250000001 0.71248125 0.6765234375 0.7104171874999999 0.679340625 0.709121875 0.6850453125 0.7133093749999999 0.68688125 0.7176781250000001 0.6836890624999999
0 0.6970875000000001 0.6711437499999999 0.7027 0.6683953125000001 0.7031984375 0.6650265625 0.7001046875 0.6607796875 0.696603125 0.659615625 0.6937953125 0.661975 0.6912484375 0.6676796875 0.69355625 0.6705328125000001 0.6970875000000001 0.6711437499999999
0 0.0681875 1 0.087546875 0.996965625 0.084978125 0.9934156249999999 0.0735765625 0.9899890625 0.074259375 0.9735093750000001 0.0692421875 0.9705109375 0.065715625 0.9682390625 0.062078125 0.9668765625000001 0.050925 0.9659859375 0.041868749999999996 0.9706718750000001 0.04379375 0.9761374999999999 0.034749999999999996 0.97458125 0.006653125 0.9653421874999999 0.005871875 0.9921374999999999 0.0119375 0.9911265625000001 0.01714375 0.9924015624999999 0.0327296875 0.9954468750000001 0.0438671875 1 0.0681875 1
0 0.060546875 0.8429578125000001 0.060459375 0.8456046875000001 0.0779515625 0.84949375 0.098984375 0.8320109375 0.1003453125 0.8320890625 0.0977078125 0.8309234375000001 0.0838859375 0.8325859375 0.0710703125 0.8388671875 0.060546875 0.8429578125000001
0 0.0415203125 0.8148578125 0.034925 0.81805 0.02929375 0.8219203125 0.027535937500000003 0.82674375 0.0328328125 0.8259187499999999 0.040889062500000004 0.8267187500000001 0.0459828125 0.8252 0.052978125 0.8197796875 0.0523046875 0.8190062499999999 0.048365625 0.816021875 0.0415203125 0.8148578125