0 0 0.702865625 0.11367968749999999 0.7052140625 0.3245828125 0.7278515624999999 0.51715 0.750478125 0.8759015625 0.773240625 0.9123484375 0.774896875 0.90990625 0.720478125 0.8768578125 0.716796875 0.898590625 0.6987375 0.9138718750000001 0.641453125 0.9015171875 0.6238640625 0.8800421875 0.629575 0.8770390625 0.66069375 0.8661687499999999 0.7008546875 0.8502468750000001 0.7079421875 0.784484375 0.7032328125 0.7336734375 0.6997453124999999 0.671365625 0.6942046875 0.5999578125 0.6960734375000001 0.6164015625 0.6595984374999999 0.6086390625 0.643321875 0.541609375 0.5921546875 0.5107046875 0.5885359375 0.48977812500000006 0.581928125 0.4602234375 0.5665828125 0.43535625 0.5577234375 0.42608281249999996 0.52336875 0.4133265625 0.536496875 0.39009375 0.5742703125 0.37661406249999996 0.603334375 0.36956875 0.6100625 0.3426359375 0.6143156249999999 0.2805078125 0.6189281249999999 0.214875 0.62931875 0.18148906250000002 0.63984375 0.186740625 0.6467859375 0.1919265625 0.6654359375000001 0.1284953125 0.655253125 0.064553125 0.653871875 0 0.659840625 0 0.702865625
0 0.784715625 0.1792734375 0.791759375 0.1750421875 0.79886875 0.17050937500000002 0.81134375 0.167771875 0.8093046875000001 0.1616046875 0.8057703125 0.14700625 0.798978125 0.14697812500000002 0.795309375 0.1536328125 0.7839296874999999 0.1533609375 0.76403125 0.15560625 0.743434375 0.1539875 0.726471875 0.15942343750000001 0.7215296875 0.1654015625 0.7396421875 0.1652328125 0.7528625 0.164996875 0.756009375 0.1675265625 0.75913125 0.1699703125 0.7648375 0.17157187499999998 0.7595296874999999 0.179890625 0.760459375 0.1811296875 0.784715625 0.1792734375
0 0.7808875 0.036825000000000004 0.7935015625 0.039340625000000004 0.7968140625 0.0460296875 0.7956359375 0.049129687500000005 0.7898625 0.051734375 0.7807953125 0.053178125 0.7782859375 0.06325468749999999 0.7895765625 0.065521875 0.8062343750000001 0.058378125 0.8179562499999999 0.0579015625 0.8154390625 0.0471734375 0.816209375 0.036443750000000004 0.8132484375000001 0.0271984375 0.8162890624999999 0.0228171875 0.8133890625 0.015598437500000001 0.8073453125000001 0.01065625 0.8042624999999999 0.0027578125 0.801546875 0.0004828125 0.7913546874999999 0 0.7818453125 0.0003265625 0.7678906249999999 0.007598437500000001 0.7672546875 0.0200515625 0.7754749999999999 0.033875 0.7808875 0.036825000000000004
0 0.528265625 0.2427453125 0.46278593749999997 0.24803281250000003 0.45752812499999995 0.25314375 0.46456875000000003 0.258265625 0.47921250000000004 0.256246875 0.4909515625 0.25842343749999996 0.5067484375 0.26318437499999997 0.5153546875 0.261834375 0.519678125 0.254965625 0.537684375 0.2529125 0.5469625 0.2621171875 0.5567453125 0.2613546875 0.5596421874999999 0.25740625 0.57859375 0.2516875 0.5858171875 0.24951093750000003 0.6013015625 0.24716718750000002 0.6033390625 0.24428437500000003 0.6116109375 0.244109375 0.6222578125 0.24312031250000002 0.634840625 0.239378125 0.6497359375 0.23588593750000003 0.6358203125 0.23441718749999998 0.5677765625 0.2409390625 0.528265625 0.2427453125
0 0.3195765625 0.2544921875 0.3884828125 0.23836875000000002 0.5242703125 0.21310781250000002 0.5261390625 0.207878125 0.48831406250000003 0.21595625 0.419203125 0.22852968749999997 0.36144375 0.2390625 0.30998281250000004 0.2496640625 0.3142953125 0.254165625 0.3195765625 0.2544921875
0 0.254909375 0.261125 0.24258281249999997 0.27090312499999997 0.25340625 0.2680296875 0.2782703125 0.26275 0.2970515625 0.25772343750000004 0.29064999999999996 0.254646875 0.28083125 0.253565625 0.2700546875 0.25470468749999997 0.254909375 0.261125
0 0.3650015625 0.27115 0.39697187500000003 0.25980156249999997 0.38631875 0.2609734375 0.36981406250000004 0.261790625 0.357340625 0.26082031250000004 0.35020625 0.2662109375 0.37236875 0.2657453125 0.3603125 0.269878125 0.3583265625 0.27001875000000003 0.3468265625 0.273140625 0.3260390625 0.2800046875 0.331984375 0.2801390625 0.35174375 0.27802812499999996 0.3650015625 0.27115
0 0.41945468750000003 0.2889515625 0.4255296875 0.29097343750000004 0.4395640625 0.28959687500000003 0.45103593750000004 0.2857890625 0.457221875 0.2700453125 0.4480578125 0.269465625 0.43630625 0.27085625 0.43141562499999997 0.27647656249999997 0.425259375 0.2779625 0.41564375 0.2766484375 0.40364843749999996 0.2789453125 0.38119843750000004 0.2871640625 0.38364375 0.29164687499999997 0.39139218750000004 0.290609375 0.4076640625 0.287971875 0.41945468750000003 0.2889515625
0 0.56019375 0.2338640625 0.55963125 0.22890468749999998 0.5626187500000001 0.2301609375 0.5808625000000001 0.2362125 0.584165625 0.23552187500000002 0.584309375 0.23035156250000002 0.5731437500000001 0.2243109375 0.57645 0.21916875 0.5817015624999999 0.21778749999999997 0.591309375 0.229875 0.5978749999999999 0.2295546875 0.6111828125 0.22660624999999998 0.6145562499999999 0.220153125 0.611925 0.2180984375 0.6209140625 0.21139531250000002 0.622521875 0.2155078125 0.629609375 0.2212140625 0.634590625 0.2178109375 0.63551875 0.21552031249999998 0.6524421874999999 0.21521249999999997 0.65819375 0.2106453125 0.6613421875000001 0.20907499999999998 0.6778906250000001 0.2054796875 0.6825125 0.20175468749999997 0.685934375 0.1941828125 0.6691484375 0.19515625 0.6667140625 0.200096875 0.6659375 0.2043046875 0.6559828125 0.203059375 0.6491953125000001 0.20236875 0.6395109375 0.2008734375 0.6346437500000001 0.20335312499999997 0.605003125 0.2080796875 0.5819546875 0.21450312500000002 0.559465625 0.2206578125 0.49822812499999997 0.2360859375 0.5083984375 0.24311406249999998 0.5174765625 0.23981875000000002 0.5203046875 0.2352734375 0.5304031250000001 0.2287609375 0.54403125 0.22739375 0.5483796875 0.2381203125 0.5548984375 0.2401625 0.56019375 0.2338640625
0 0.7333031250000001 0.22556875 0.7339640625 0.22862187500000003 0.7523109375 0.226934375 0.7538140624999999 0.222821875 0.7463765625 0.22101874999999999 0.741196875 0.22329374999999999 0.7376 0.22329374999999999 0.7333031250000001 0.22556875
0 0.2472734375 0.3114671875 0.23980312499999998 0.309496875 0.23780937500000002 0.3113640625 0.23724531249999997 0.314996875 0.2388015625 0.3169296875 0.24749218750000002 0.31544531249999996 0.2472734375 0.3114671875
0 0.2728859375 0.28993281249999997 0.2648953125 0.29379218749999997 0.262540625 0.2978953125 0.26796406250000004 0.2996078125 0.2766109375 0.2998453125 0.28080781250000003 0.2952765625 0.2809421875 0.2888203125 0.2728859375 0.28993281249999997
0 0.286690625 0.31311875 0.282321875 0.3163109375 0.28071562499999997 0.32089687499999997 0.28365 0.322146875 0.28751875 0.3234765625 0.2895828125 0.320659375 0.290878125 0.3149546875 0.286690625 0.31311875
0 0.3087515625 0.3323203125 0.30644375 0.32946718750000004 0.30291250000000003 0.32885624999999996 0.2973 0.3316046875 0.2968015625 0.3349734375 0.2998953125 0.3392203125 0.303396875 0.340384375 0.3062046875 0.338025 0.3087515625 0.3323203125
0 0.9318125 0 0.9124531250000001 0.0030343749999999997 0.9150218750000001 0.006584375000000001 0.9264234374999999 0.0100109375 0.9257406250000001 0.026490625 0.9307578124999999 0.029489062500000003 0.9342843750000001 0.0317609375 0.937921875 0.033123437500000005 0.949075 0.0340140625 0.9581312499999999 0.029328125 0.9562062499999999 0.023862500000000002 0.9652499999999999 0.02541875 0.993346875 0.0346578125 0.9941281249999999 0.0078625 0.9880625000000001 0.008873437500000001 0.98285625 0.007598437500000001 0.9672703125 0.004553125 0.9561328124999999 0 0.9318125 0
0 0.9161140624999999 0.1674140625 0.9289296874999999 0.1611328125 0.939453125 0.1570421875 0.939540625 0.1543953125 0.9220484375 0.15050625 0.901015625 0.1679890625 0.8996546875 0.1679109375 0.9022921875 0.1690765625 0.9161140624999999 0.1674140625
0 0.9540171875000001 0.1748 0.9470218750000001 0.18022031249999998 0.9476953124999999 0.18099375 0.951634375 0.183978125 0.9584796875 0.1851421875 0.965075 0.18195 0.9707062499999999 0.1780796875 0.9724640625 0.17325625 0.9671671875 0.17408125000000002 0.9591109375 0.17328125 0.9540171875000001 0.1748