0 0.49894218749999997 0.536428125 0.501365625 0.5356984375 0.50291875 0.5301640625 0.5014000000000001 0.5253421875 0.4995640625 0.51980625 0.49212656250000003 0.5108359375 0.491446875 0.511021875 0.48626250000000004 0.516353125 0.4820515625 0.5222625 0.4779046875 0.527103125 0.47716562500000004 0.5301546874999999 0.47866406250000004 0.5334296875 0.48101874999999994 0.534659375 0.48850781249999997 0.5345515625 0.49894218749999997 0.536428125
0 0.5821500000000001 0.5310515625 0.577284375 0.5347265625000001 0.5844796875 0.53778125 0.59404375 0.5422296875 0.5963453125 0.5432859375 0.6035484375 0.541128125 0.60474375 0.5354234375 0.6043125 0.530025 0.6008046874999999 0.5259359375 0.5941984375 0.5241 0.5924796875 0.5248734374999999 0.5821500000000001 0.5310515625
0 0.5810562499999999 0.5727015625 0.5757828125 0.5703234375 0.570578125 0.5708765625 0.5576296875 0.5749984375 0.5548890625 0.577178125 0.553075 0.5816109375 0.5561953125 0.5858015625 0.562021875 0.5901890625 0.5700453125 0.590834375 0.5732421875 0.589765625 0.575971875 0.5869125000000001 0.57621875 0.5808671875 0.5795484375 0.576503125 0.5810562499999999 0.5727015625
0 0.5266078125 0.59061875 0.5210390625 0.58943125 0.5160828125 0.5903390625 0.5089546875 0.59350625 0.5078453125 0.5976890625 0.509234375 0.603128125 0.5113953125 0.605909375 0.5133515625 0.6071890625 0.5218734375 0.6060484374999999 0.5254296875 0.604571875 0.5279499999999999 0.602128125 0.528896875 0.5969359375 0.5266078125 0.59061875
0 0.5384078125 0.611384375 0.5344703125 0.6103140625 0.53030625 0.6113562499999999 0.5282703125 0.61463125 0.5275000000000001 0.6189734375 0.5281734375 0.621328125 0.53028125 0.6221859375000001 0.5354078125 0.6227421875 0.5414375 0.6218078125 0.5447031250000001 0.6184640625 0.5434796875 0.6147296875 0.5384078125 0.611384375
0 0.46275468750000004 0.5773296875 0.46553750000000005 0.5768203125 0.4703421875 0.5742890625 0.47179843750000006 0.5717609375 0.46661562500000003 0.56999375 0.46304375000000003 0.570178125 0.46170937500000003 0.571759375 0.46114062499999997 0.5751671875000001 0.46224218749999996 0.576396875 0.46275468750000004 0.5773296875
0 0.491721875 0.5613812499999999 0.4924203125 0.554353125 0.4899765625 0.5532328125 0.48266406249999994 0.558334375 0.48223125 0.5641390625 0.48470781250000006 0.5672484375 0.490253125 0.569265625 0.490884375 0.5676015624999999 0.491721875 0.5613812499999999
0 0.5254203125 0.56414375 0.5280609375 0.56668125 0.5299828125 0.5689828125 0.5370421875 0.5664 0.5412609374999999 0.5627828125 0.5391109375 0.5580625 0.53376875 0.5562968749999999 0.527434375 0.5557671875 0.5246734375 0.556540625 0.5229734374999999 0.5591109375000001 0.5254203125 0.56414375
0 0.363040625 0.46007499999999996 0.3621125 0.4607671875 0.36029374999999997 0.46863124999999994 0.364846875 0.47067500000000007 0.3671796875 0.47180937500000003 0.37358125000000003 0.4708234375 0.37785 0.468940625 0.37689218750000003 0.46523906249999997 0.374425 0.463015625 0.3711859375 0.46006093750000004 0.3667046875 0.45785625 0.363040625 0.46007499999999996
0 0.3094515625 0.43952656250000005 0.3055609375 0.4390171875 0.3016234375 0.4399453125 0.29922343749999997 0.442134375 0.2982625 0.4434828125 0.2987578125 0.4461765625 0.300709375 0.44985468749999996 0.303134375 0.450628125 0.3075 0.4500671875 0.311853125 0.44811562499999996 0.3122359375 0.4438734375 0.3094515625 0.43952656250000005
0 0.3576828125 0.431315625 0.35614375 0.4285828125 0.35399375 0.4275640625 0.34928906249999997 0.42732187499999996 0.3481796875 0.429915625 0.3484640625 0.43515 0.353996875 0.436646875 0.35509843750000003 0.43594999999999995 0.3576828125 0.431315625
0 0.7177796875 0.474225 0.7155140624999999 0.4662125 0.707978125 0.46222343749999995 0.6992875 0.4642953125 0.6926578125 0.4676828125 0.687496875 0.46857812499999996 0.6750906249999999 0.47193125 0.6708578125 0.47508125 0.6678265624999999 0.4782609375 0.6683640625 0.4802453125 0.670946875 0.4848078125 0.6769499999999999 0.4901578125 0.6827359375000001 0.48956406250000006 0.6837625 0.49354375 0.686834375 0.49450312500000004 0.6912906249999999 0.4896140625 0.6928421874999999 0.4865921875 0.69695625 0.48268750000000005 0.7028390625000001 0.4825796875 0.7073296874999999 0.48458281249999996 0.7110234375 0.487090625 0.7102078125 0.491334375 0.7099578125 0.4980609375 0.7130109375 0.5047171875 0.718409375 0.506284375 0.725546875 0.5031953125 0.725546875 0.49355000000000004 0.7216734375 0.48611250000000006 0.71698125 0.481034375 0.716228125 0.4777234375 0.7177796875 0.474225
0 0.7895171875 0.4540609375 0.7884078125 0.45699375 0.78815625 0.45998906249999993 0.790721875 0.46286875 0.7949203125000001 0.4632828125 0.7987890625 0.4625859375 0.8011953125 0.45841093749999995 0.800878125 0.45702031249999997 0.79831875 0.4529453125 0.7946765625000001 0.4514171875 0.7915546875 0.45205624999999994 0.7895171875 0.4540609375
0 0.747184375 0.458890625 0.7485265625 0.45993281250000007 0.7521312499999999 0.4610265625 0.7539765625 0.4592609375 0.7562484375 0.45606875 0.7555015625 0.4517921875 0.749434375 0.4500265625 0.7468343749999999 0.4513375 0.7450015624999999 0.4535296875 0.7445828125 0.456059375 0.747184375 0.458890625
0 0.7077218750000001 0.44572500000000004 0.7076515624999999 0.44902968750000005 0.710653125 0.4495671875 0.71326875 0.447134375 0.7143703125 0.44597968750000005 0.7127875 0.44443593750000004 0.7105703125 0.444196875 0.7077218750000001 0.44572500000000004
0 0.6907578125 0.42859218749999994 0.6861625 0.42634999999999995 0.6842171875 0.427475 0.6842171875 0.4296234375 0.68464375 0.431978125 0.6877359375000001 0.43346093750000003 0.691465625 0.43429375 0.692003125 0.43337812500000006 0.6907578125 0.42859218749999994
0 0.6670078125 0.43493750000000003 0.6682171875 0.4364875 0.6706515625 0.4368125 0.6719328124999999 0.435659375 0.6756203125 0.42965 0.6741937499999999 0.42676406250000004 0.670571875 0.42625 0.666453125 0.42683906250000003 0.664259375 0.42914062499999994 0.6657453125 0.431084375 0.6670078125 0.43493750000000003
0 0.594709375 0.448078125 0.5918375 0.44949218750000003 0.5925515625 0.4526328125 0.5988859375 0.45424218749999995 0.601709375 0.45405468750000005 0.6023140625 0.4526296875 0.59928125 0.448928125 0.594709375 0.448078125
0 0.5787546875 0.5052640625 0.5791125 0.5042453124999999 0.5789328125 0.5007828125 0.57583125 0.4984578125 0.573003125 0.500728125 0.57441875 0.5048390625 0.5787546875 0.5052640625
0 0.5796609375 0.5190812499999999 0.5796609375 0.518165625 0.5794125 0.515109375 0.5754734375 0.5159296875 0.5744328125 0.5176968750000001 0.575890625 0.5198875000000001 0.5796609375 0.5190812499999999
0 0.5942765624999999 0.510275 0.594990625 0.5128999999999999 0.598090625 0.5138078125 0.5992328125 0.5134640625 0.5994796874999999 0.5104078125 0.5985078125000001 0.507146875 0.595565625 0.50864375 0.5942765624999999 0.510275
0 0.6162359375 0.5354125 0.6166625 0.5385421874999999 0.6229609375 0.5386375 0.625275 0.53761875 0.6276140625 0.53505625 0.6271140625 0.531084375 0.6238359375 0.529709375 0.621665625 0.529709375 0.6199015625000001 0.529978125 0.6174578125 0.5317140625000001 0.6162359375 0.5354125
0 0.626 0.600415625 0.6218359375 0.5964437499999999 0.618578125 0.59846875 0.6139171875 0.6020749999999999 0.610859375 0.60895 0.6091140625 0.6157671875 0.6182515625 0.61834375 0.6290453125 0.6054875 0.626 0.600415625
0 0.5482640625 0.63460625 0.5438765625 0.6364046875 0.5425718749999999 0.6397671875000001 0.54488125 0.645740625 0.5482328125 0.648915625 0.5531890625 0.650528125 0.5569 0.647778125 0.55518125 0.6432796875 0.5535609375 0.6368140624999999 0.5482640625 0.63460625
0 0.5055953125 0.6506171875 0.5041375 0.6537734375 0.5048859375 0.6564203125 0.50828125 0.6592718750000001 0.511528125 0.656109375 0.509146875 0.6535171875 0.5115453125 0.6501296875 0.5083765625 0.6490046875 0.5055953125 0.6506171875
0 0.476240625 0.584753125 0.473096875 0.5866015625000001 0.4730921875 0.5895671874999999 0.4789671875 0.5927328125 0.48175 0.5925453125 0.48246406249999996 0.58979375 0.482371875 0.5853125 0.476240625 0.584753125
0 0.394828125 0.5552312500000001 0.3969484375 0.5594453125000001 0.397675 0.561921875 0.3984765625 0.5624015625000001 0.401809375 0.560925 0.40311250000000004 0.556715625 0.40082500000000004 0.555103125 0.394828125 0.5552312500000001
0 0.255815625 0.6980828125 0.2554796875 0.70151875 0.2595953125 0.7027734375 0.2615234375 0.7021796874999999 0.2658890625 0.6984625 0.26518593749999997 0.6960515625 0.2636671875 0.6885453125 0.262446875 0.6876953125 0.259821875 0.6906609375 0.2581703125 0.6940296874999999 0.255815625 0.6980828125
0 0.21320156250000002 0.698865625 0.2113 0.699371875 0.2076796875 0.7024484375 0.20810625 0.7049375 0.2169484375 0.7069640625 0.217940625 0.70518125 0.218678125 0.7031921875 0.21793125 0.7008859375000001 0.21320156250000002 0.698865625
0 0.2371578125 0.59684375 0.23507656250000003 0.5996312500000001 0.236396875 0.6017484375000001 0.2383484375 0.6003109375 0.2416953125 0.5984281250000001 0.242590625 0.5964265625 0.24118750000000003 0.59601875 0.2371578125 0.59684375
0 0.52253125 0.3667046875 0.519975 0.3684703125 0.5194328125000001 0.3711671875 0.525678125 0.37223125 0.5319609375 0.37205625000000003 0.5340265625 0.36968125 0.528371875 0.36835625 0.527940625 0.367846875 0.526221875 0.3648609375 0.5231671875 0.3611609375 0.5188890625 0.3627796875 0.52253125 0.3667046875
0 0.7497 0.3500828125 0.754 0.3465171875 0.7511234375 0.341321875 0.745671875 0.3377921875 0.743975 0.33633281249999997 0.7409859375 0.33154531249999997 0.735328125 0.3292703125 0.7327234375 0.3356125 0.732475 0.33975625 0.7319078125 0.3441953125 0.731659375 0.347253125 0.733228125 0.3500109375 0.7339625 0.353746875 0.7399125 0.3557359375 0.7444124999999999 0.3542078125 0.7497 0.3500828125
0 0.8091312500000001 0.3753484375 0.8132640625 0.3758015625 0.8150546875 0.37539375 0.8179296875000001 0.37120156249999997 0.813809375 0.3651390625 0.8092406249999999 0.36586093750000004 0.8052343750000001 0.36879375 0.8052343750000001 0.37238906250000003 0.8084718750000001 0.375425 0.8091312500000001 0.3753484375
0 0.7679875 0.3733640625 0.7741875 0.3753546875 0.77459375 0.3701234375 0.773440625 0.3688 0.7679875 0.3733640625
0 0.7734953124999999 0.415784375 0.7674765625 0.4198203125 0.7760765625 0.42141406249999996 0.7734953124999999 0.415784375
0 0.7725500000000001 0.3511421875 0.769059375 0.3592015625 0.7716999999999999 0.3612078125 0.775740625 0.35380781250000004 0.7725500000000001 0.3511421875
0 0.759875 0.2916296875 0.7614453125 0.29130781250000004 0.7672796875000001 0.286553125 0.7672796875000001 0.28186875 0.76685 0.2799671875 0.757090625 0.2739515625 0.7514078125 0.2791859375 0.752328125 0.28359843749999997 0.7552265625000001 0.2901546875 0.759875 0.2916296875
0 0.7301109375 0.2948828125 0.7327671875 0.29097968750000003 0.73045625 0.2874140625 0.7194953125 0.28413125 0.7142906250000001 0.28608125 0.7087703125 0.2900578125 0.7106234375 0.2933953125 0.7165609374999999 0.294828125 0.72511875 0.29590937500000003 0.7301109375 0.2948828125
0 0.6492453125 0.27059687499999996 0.6517390625 0.26944218750000004 0.6545453125 0.26713437500000003 0.651875 0.2663859375 0.645990625 0.26456875 0.639065625 0.2663015625 0.638875 0.2681203125 0.641815625 0.27278125000000003 0.6484359375000001 0.2753203125 0.6492453125 0.27059687499999996
0 0.6617015625 0.2752765625 0.6623734375 0.2729359375 0.6600421875 0.2718328125 0.655653125 0.27309218749999997 0.655684375 0.275334375 0.660159375 0.2787109375 0.6617015625 0.2752765625
0 0.6947953124999999 0.2744546875 0.696459375 0.2704109375 0.69848125 0.2681359375 0.70536875 0.26199062500000003 0.7084546875 0.255915625 0.709934375 0.24681718749999998 0.698128125 0.24341249999999998 0.69254375 0.24360624999999997 0.6889234375 0.2464375 0.68605 0.250021875 0.6837187499999999 0.2540015625 0.6802546875 0.260046875 0.67808125 0.266390625 0.680034375 0.2703390625 0.6826359375 0.27261250000000004 0.6878453125 0.280046875 0.6937515624999999 0.28068125 0.6947953124999999 0.2744546875
0 0.735134375 0.2542015625 0.7247140625 0.2501859375 0.71919375 0.2535296875 0.7168375 0.2569703125 0.7153390625 0.263621875 0.717896875 0.268178125 0.7221671875 0.269190625 0.7270234375 0.27089375000000004 0.7300828125 0.2748296875 0.73588125 0.27578749999999996 0.7385531249999999 0.2743609375 0.7441328125 0.264615625 0.7424125 0.2603375 0.735134375 0.2542015625
0 0.7856359375 0.2869859375 0.7830078125 0.2837953125 0.7771234375 0.2807890625 0.775134375 0.28199687500000004 0.7731656250000001 0.2847765625 0.7745124999999999 0.28885625 0.7819109375 0.29095781249999997 0.7856859375 0.2906859375 0.7856359375 0.2869859375
0 0.71780625 0.2487984375 0.722171875 0.2489984375 0.726784375 0.2458078125 0.7268671875 0.2419359375 0.723471875 0.23920312500000002 0.716409375 0.23619531249999998 0.712290625 0.23811718750000002 0.710434375 0.24009062499999997 0.713209375 0.24630156250000002 0.71780625 0.2487984375
0 0.4871046875 0.3137671875 0.4861328125 0.31601875 0.48554375 0.320790625 0.4906390625 0.320790625 0.49196093750000003 0.3194671875 0.49169843750000003 0.3167875 0.4906578125 0.3153625 0.4871046875 0.3137671875
0 0.49767343750000004 0.3549734375 0.50000625 0.3599328125 0.5043515625 0.35827343749999996 0.5037843750000001 0.353828125 0.49767343750000004 0.3549734375
0 0.5305500000000001 0.2646515625 0.5313687500000001 0.2690625 0.5351921875000001 0.267815625 0.5348921875 0.26374375 0.5305500000000001 0.2646515625
0 0.2577953125 0.243090625 0.2538140625 0.2434921875 0.250984375 0.2448765625 0.249378125 0.24898906250000002 0.24962499999999999 0.2510453125 0.2517 0.254534375 0.2557265625 0.2553296875 0.26027187500000004 0.2545828125 0.2643609375 0.2517984375 0.26474375 0.2492203125 0.2633859375 0.2453140625 0.2612359375 0.2439734375 0.2577953125 0.243090625
0 0.20270468749999998 0.24354218749999998 0.204315625 0.24313437499999999 0.203025 0.24082656249999998 0.202346875 0.2398078125 0.1998546875 0.23843125 0.19820312499999998 0.2418078125 0.20270468749999998 0.24354218749999998
0 0.2779390625 0.283371875 0.280990625 0.28784062499999996 0.28473281250000004 0.28433125000000004 0.28090468749999997 0.28225781250000004 0.2779390625 0.283371875
0 0.41664531250000003 0.331434375 0.4082296875 0.3268 0.41052343750000003 0.3330546875 0.41664531250000003 0.331434375
0 0.7966421875 0.10721406250000001 0.8012812500000001 0.10937187500000001 0.8034062499999999 0.10964218750000002 0.8077046875 0.1100671875 0.8122296875 0.109696875 0.8157593750000001 0.1081265625 0.81808125 0.10426093750000001 0.8147718749999999 0.09685 0.8104203125 0.0943921875 0.8059734375 0.0939703125 0.8022421874999999 0.093753125 0.79696875 0.095384375 0.795509375 0.0992046875 0.7966421875 0.10721406250000001
0 0.5568171875 0.16419999999999998 0.5585375 0.167340625 0.559465625 0.1701234375 0.5597140625 0.17253281250000002 0.5639640625 0.1723359375 0.5636796875 0.16492500000000002 0.5626484375 0.16105 0.561121875 0.15509062499999998 0.5573078125 0.153571875 0.5521281250000001 0.15725781249999998 0.5517015625 0.1595671875 0.5537390624999999 0.162775 0.5568171875 0.16419999999999998
0 0.5306765625 0.1089234375 0.531503125 0.11912343750000001 0.5321609375 0.12344375 0.5341453125 0.1228453125 0.5386921874999999 0.1193828125 0.539321875 0.11456249999999998 0.5367171875000001 0.1103171875 0.5306765625 0.1089234375
0 0.524134375 0.126209375 0.5266437500000001 0.122378125 0.5177421875 0.1159359375 0.515871875 0.119521875 0.5154468750000001 0.12125156249999999 0.5187046875 0.12529218749999999 0.5209671874999999 0.1263953125 0.524134375 0.126209375
0 0.5268796874999999 0.1082 0.5273109375 0.10898125 0.5316468750000001 0.10631874999999999 0.5264796875 0.0949703125 0.5238859375 0.0989515625 0.523390625 0.10109062499999999 0.5268796874999999 0.1082
0 0.5385171875 0.0851640625 0.5326609375 0.0871171875 0.5294390625000001 0.0907671875 0.5279140625000001 0.0927703125 0.5265375 0.09488125 0.53395 0.0953890625 0.538340625 0.09210625 0.5402640625 0.0889671875 0.5398390625 0.085671875 0.5385171875 0.0851640625
0 0.5425015625 0.099371875 0.5460281250000001 0.10056875000000001 0.5502906249999999 0.10117812500000001 0.5545203125 0.09841093749999999 0.5565828125000001 0.094134375 0.555678125 0.0916578125 0.5500671875 0.08999375 0.5467640625 0.090128125 0.5438671875 0.0907984375 0.5426890625 0.093465625 0.5425015625 0.099371875
0 0.65343125 0.0925828125 0.653721875 0.09899375 0.6600265624999999 0.0970984375 0.660809375 0.092771875 0.65343125 0.0925828125
0 0.6039125000000001 0.0723625 0.6078984375 0.075609375 0.6089156250000001 0.07189218750000001 0.60791875 0.0696515625 0.6044109375 0.0700671875 0.6039125000000001 0.0723625
0 0.603084375 0.058409375 0.6016812500000001 0.059959375 0.5998015624999999 0.0635109375 0.6022531250000001 0.065396875 0.6053546875 0.065396875 0.607475 0.064990625 0.6074359375 0.059081249999999995 0.603084375 0.058409375
0 0.448959375 0.1427265625 0.45214218749999996 0.14004375 0.448384375 0.135596875 0.44367812500000003 0.13306875 0.43996874999999996 0.1349046875 0.4356453125 0.1425796875 0.4393296875 0.143103125 0.44324375 0.1434734375 0.448959375 0.1427265625
0 0.389078125 0.1777296875 0.390740625 0.18140625 0.3965875 0.18055625 0.39436875 0.177890625 0.389078125 0.1777296875
0 0.837446875 0.3237234375 0.8426875 0.3246875 0.8429734375000001 0.3208046875 0.8431593749999999 0.3165875 0.8398828125 0.3137265625 0.8395671874999999 0.30836562500000003 0.83689375 0.30469843750000003 0.8361109375 0.30062812499999997 0.83426875 0.29606875 0.8325609375 0.292484375 0.8293984375000001 0.295984375 0.8287671874999999 0.29910625 0.828659375 0.301921875 0.8254484375000001 0.30423125 0.8304703124999999 0.308846875 0.8316484375 0.3120734375 0.8299843750000001 0.3158765625 0.825134375 0.318115625 0.824546875 0.322425 0.826403125 0.3240734375 0.8327828125 0.32404375 0.837446875 0.3237234375
0 0.8642203125 0.276359375 0.8669171875 0.27298125 0.8671640625 0.270265625 0.86580625 0.26892499999999997 0.85874375 0.26871875 0.8629640625 0.2777546875 0.8642203125 0.276359375
0 0.609021875 0.1334828125 0.6155234375 0.137546875 0.61750625 0.13426875 0.616284375 0.131959375 0.6128 0.1312640625 0.609021875 0.1334828125
0 0.27333124999999997 0.0251546875 0.267903125 0.02378125 0.2649609375 0.026074999999999997 0.2629921875 0.0288765625 0.2629921875 0.030084375000000003 0.267578125 0.0345984375 0.27254999999999996 0.0322515625 0.2743734375 0.027123437500000003 0.27333124999999997 0.0251546875
0 0.296803125 0.024315625 0.29481406250000003 0.024987500000000003 0.2947 0.031257812499999996 0.2967921875 0.0318359375 0.300746875 0.03086875 0.3014203125 0.028696875 0.29974375000000003 0.0250125 0.296803125 0.024315625
0 0.5763265625 0.0371671875 0.5763265625 0.0335015625 0.57270625 0.03238125 0.57021875 0.0330515625 0.5698562500000001 0.036390624999999996 0.5753953125 0.040892187499999996 0.5763265625 0.0371671875
0 0.7065328125 0.0169765625 0.7042953125 0.0139078125 0.7022984375 0.015825 0.7026171875 0.017096875 0.7065328125 0.0169765625
0 0.7091640625 0.00323125 0.7065625 0.0055015624999999995 0.707346875 0.0064109375 0.7094640625 0.00836875 0.7118187500000001 0.0074015625 0.71484375 0.0039234375 0.7129203125 0.0027171875 0.7091640625 0.00323125
0 0.7936375 0.6276546875 0.8005921875 0.6280890625 0.8032421875000001 0.6225906250000001 0.8017593749999999 0.6170859375 0.7987968750000001 0.6164453125 0.7960140625000001 0.61580625 0.7945578125 0.6224609375 0.7936375 0.6276546875
0 0.6570296875 0.736040625 0.6594984375 0.72496875 0.6541078125 0.7259390625 0.6535453125 0.7317078125 0.6539078125 0.7340140625 0.6570296875 0.736040625
0 0.4852890625 0.9793734374999999 0.48848437499999997 0.97636875 0.48847968750000004 0.9740968750000001 0.48537968749999993 0.9713640625 0.4797234375 0.97275625 0.478140625 0.972434375 0.4718484375 0.9722781250000001 0.467684375 0.9737421875000001 0.465490625 0.9770078124999999 0.46851875 0.9803234375000001 0.4703828125 0.9819875 0.4741578125 0.984734375 0.47750000000000004 0.9835953125 0.4794875 0.9790078125000001 0.4852890625 0.9793734374999999
0 0.8582796874999999 0.97464375 0.8612015625 0.9732687500000001 0.862728125 0.9705875 0.8618 0.9684328125 0.8594250000000001 0.9670578125 0.8521359374999999 0.97484375 0.8582796874999999 0.97464375
0 0.88556875 0.5049265625 0.8891015624999999 0.5029234375 0.8852796875 0.499384375 0.8877437499999999 0.4912375 0.8774234375000001 0.49777187500000003 0.8771765625000001 0.5009984375000001 0.8810015625000001 0.50444375 0.8820874999999999 0.5048515625000001 0.884803125 0.5090953125000001 0.8871578124999999 0.5150359375 0.8945125 0.516665625 0.9049250000000001 0.517175 0.9108078125000001 0.517175 0.9142921875000001 0.51554375 0.9144937499999999 0.5128265625 0.8934875 0.513259375 0.8869609374999999 0.5070953125 0.88556875 0.5049265625
0 0.8779828125 0.39366406249999997 0.8815296874999999 0.3997390625 0.8828093750000001 0.402165625 0.889928125 0.4069640625 0.8991125 0.40908749999999994 0.9085640625 0.4106859375 0.91161875 0.4142796875 0.9106 0.4153234375 0.90539375 0.42329531249999997 0.9034671875000001 0.42646875 0.9019421875000001 0.4312609375 0.909640625 0.4321890625 0.91815 0.43327031250000003 0.9273609374999999 0.4311640625 0.9305015624999999 0.4242375 0.9298140625 0.42004374999999994 0.9245156250000001 0.4161890625 0.9280765625 0.41197968749999997 0.932078125 0.4055953125 0.9356046875 0.403253125 0.9349328124999999 0.397990625 0.9308125 0.3966640625 0.9211218750000001 0.392925 0.9170031249999999 0.3913109375 0.914159375 0.38360625000000004 0.895371875 0.3800578125 0.8877656249999999 0.38200781250000004 0.881153125 0.3871546875 0.8779828125 0.39366406249999997
0 0.868765625 0.1261203125 0.8880390625000001 0.136196875 0.8935984375 0.12976875000000002 0.8806687500000001 0.121359375 0.8799703125 0.1135609375 0.87461875 0.11492031250000001 0.873628125 0.12045312500000001 0.868765625 0.1261203125
0 0.9452921875 0.1646390625 0.949925 0.16525 0.9507031250000001 0.1630828125 0.946403125 0.15471875 0.9452921875 0.1646390625
0 0.9807062500000001 0.18275468749999998 0.97869375 0.18425156250000002 0.9797234375 0.1903234375 0.9833984375 0.1910890625 0.9847906249999999 0.1909015625 0.98738125 0.18759375 0.9833546875 0.1845734375 0.9807062500000001 0.18275468749999998
0 0.9637640624999999 0.2167046875 0.9672765625 0.21789999999999998 0.9665609375 0.20868437499999998 0.96373125 0.20753593750000002 0.9637640624999999 0.2167046875
0 0.9446640625 0.130696875 0.9412046875 0.129871875 0.940271875 0.132725 0.9383593749999999 0.1361875 0.9386546875 0.138359375 0.9416421875 0.14138124999999999 0.94608125 0.142365625 0.950396875 0.1425734375 0.94891875 0.1357796875 0.9446640625 0.130696875
0 1 0.0891015625 0.9669890625 0.09859375000000001 0.9730718749999999 0.10820624999999999 0.98890625 0.10559687499999999 0.9954703125 0.1009015625 0.9899265625 0.09940625 0.9994296874999999 0.096278125 1 0.0891015625
0 0.9759968750000001 0 0.9765578125 0.00554375 0.9994453125 0.016725 1 0 0.9759968750000001 0
0 0.915721875 0.0502875 0.9186609375 0.0492109375 0.9173562499999999 0.0387984375 0.9128812500000001 0.037759375 0.911846875 0.0409171875 0.911809375 0.0464515625 0.9142078124999999 0.049776562499999996 0.915721875 0.0502875
0 0.860871875 0.1276953125 0.8593437500000001 0.1263625 0.8575953125 0.12833125 0.8630703125 0.1362078125 0.8679375 0.1394828125 0.8728031250000001 0.1417921875 0.8773296875 0.1433703125 0.8818125 0.14496875 0.885553125 0.14399062499999998 0.8774890624999999 0.1407953125 0.87295625 0.138709375 0.869928125 0.13579687499999998 0.8657578125000001 0.1320546875 0.8638312499999999 0.1302359375 0.860871875 0.1276953125
0 0.943165625 0.3057859375 0.9446046875 0.3098078125 0.9514093750000001 0.30972343750000003 0.9505874999999999 0.3062109375 0.943165625 0.3057859375
0 0.144275 0.914003125 0.139909375 0.91265 0.1267828125 0.9115187499999999 0.12087812499999999 0.91093125 0.11128125 0.9115125000000001 0.10758749999999999 0.9128203125000001 0.09914062500000001 0.9126359374999999 0.092675 0.9155562500000001 0.09681875 0.9157875000000001 0.12135625000000001 0.9155390625000001 0.144275 0.914003125
0 0.203125 0.03515625 0.1984375 0.04921875 0.20703125 0.053125 0.2125 0.03828125 0.203125 0.03515625
0 0.8109375 0.32265625 0.809375 0.32734375 0.81640625 0.3296875 0.8171875 0.32421875 0.8109375 0.32265625
0 0.56484375 0.5546875 0.5671875 0.54453125 0.5609375 0.54453125 0.56484375 0.5546875
0 0.50546875 0.565625 0.5109375 0.56328125 0.5046875 0.56015625 0.50546875 0.565625
0 0.72265625 0.8609375 0.725 0.85234375 0.7171875 0.85234375 0.72265625 0.8609375
0 0.9046875 0.67734375 0.90703125 0.684375 0.9125 0.68359375 0.91015625 0.6765625 0.9046875 0.67734375
0 0.1546875 0.53515625 0.1515625 0.53984375 0.15859375 0.54375 0.1625 0.53671875 0.1546875 0.53515625
0 0.12578125 0.509375 0.1296875 0.50234375 0.1234375 0.50078125 0.12578125 0.509375
0 0.096875 0.07421875 0.09375 0.08515625 0.10390625 0.0859375 0.10625 0.07734375 0.096875 0.07421875
0 0.0875 0.03984375 0.08828125 0.05 0.1 0.04765625 0.09609375 0.0390625 0.0875 0.03984375
0 0.36015625 0.8984375 0.36875 0.89453125 0.3609375 0.89296875 0.36015625 0.8984375