0 0.4986 0.5253421875 0.49708125000000003 0.5301640625 0.49863437499999996 0.5356984375 0.5010578125 0.536428125 0.5114921875 0.5345515625 0.5189812500000001 0.534659375 0.5213359375 0.5334296875 0.522834375 0.5301546874999999 0.5220953125000001 0.527103125 0.5179484375000001 0.5222625 0.5137375 0.516353125 0.5085531249999999 0.511021875 0.5078734375 0.5108359375 0.5004359375 0.51980625 0.4986 0.5253421875
0 0.41784999999999994 0.5310515625 0.4075203125 0.5248734374999999 0.40580156250000005 0.5241 0.3991953125 0.5259359375 0.3956875 0.530025 0.39525625 0.5354234375 0.3964515625 0.541128125 0.4036546875 0.5432859375 0.40595625 0.5422296875 0.4155203125 0.53778125 0.42271562500000004 0.5347265625000001 0.41784999999999994 0.5310515625
0 0.42942187499999995 0.5708765625 0.42421718750000004 0.5703234375 0.41894375000000006 0.5727015625 0.4204515625 0.576503125 0.42378125000000005 0.5808671875 0.424028125 0.5869125000000001 0.4267578125 0.589765625 0.4299546875 0.590834375 0.437978125 0.5901890625 0.4438046875 0.5858015625 0.44692499999999996 0.5816109375 0.44511093749999997 0.577178125 0.44237031250000003 0.5749984375 0.42942187499999995 0.5708765625
0 0.4789609375 0.58943125 0.4733921875 0.59061875 0.47110312499999996 0.5969359375 0.47205 0.602128125 0.47457031250000004 0.604571875 0.47812656249999996 0.6060484374999999 0.4866484375 0.6071890625 0.48860468749999997 0.605909375 0.490765625 0.603128125 0.49215468749999997 0.5976890625 0.4910453125 0.59350625 0.4839171875 0.5903390625 0.4789609375 0.58943125
0 0.4615921875 0.611384375 0.4565203125 0.6147296875 0.455296875 0.6184640625 0.45856250000000004 0.6218078125 0.4645921875 0.6227421875 0.46971875 0.6221859375000001 0.4718265625 0.621328125 0.4725 0.6189734375 0.4717296875 0.61463125 0.46969374999999997 0.6113562499999999 0.4655296875 0.6103140625 0.4615921875 0.611384375
0 0.538859375 0.5751671875000001 0.5382906249999999 0.571759375 0.53695625 0.570178125 0.533384375 0.56999375 0.5282015624999999 0.5717609375 0.5296578125 0.5742890625 0.5344625 0.5768203125 0.5372453125 0.5773296875 0.5377578125 0.576396875 0.538859375 0.5751671875000001
0 0.5152921874999999 0.5672484375 0.51776875 0.5641390625 0.5173359375000001 0.558334375 0.5100234375 0.5532328125 0.5075796875 0.554353125 0.508278125 0.5613812499999999 0.509115625 0.5676015624999999 0.509746875 0.569265625 0.5152921874999999 0.5672484375
0 0.47702656250000003 0.5591109375000001 0.4753265625 0.556540625 0.472565625 0.5557671875 0.46623125 0.5562968749999999 0.4608890625 0.5580625 0.4587390625 0.5627828125 0.4629578125 0.5664 0.4700171875 0.5689828125 0.4719390625 0.56668125 0.4745796875 0.56414375 0.47702656250000003 0.5591109375000001
0 0.636959375 0.46007499999999996 0.6332953125 0.45785625 0.6288140624999999 0.46006093750000004 0.625575 0.463015625 0.6231078125 0.46523906249999997 0.62215 0.468940625 0.62641875 0.4708234375 0.6328203125 0.47180937500000003 0.635153125 0.47067500000000007 0.6397062499999999 0.46863124999999994 0.6378874999999999 0.4607671875 0.636959375 0.46007499999999996
0 0.6905484375000001 0.43952656250000005 0.6877640625 0.4438734375 0.6881468749999999 0.44811562499999996 0.6925 0.4500671875 0.696865625 0.450628125 0.6992906249999999 0.44985468749999996 0.7012421875 0.4461765625 0.7017375 0.4434828125 0.7007765625 0.442134375 0.6983765625 0.4399453125 0.6944390625 0.4390171875 0.6905484375000001 0.43952656250000005
0 0.6515359375 0.43515 0.6518203125 0.429915625 0.6507109375 0.42732187499999996 0.64600625 0.4275640625 0.64385625 0.4285828125 0.6423171875 0.431315625 0.6449015625000001 0.43594999999999995 0.646003125 0.436646875 0.6515359375 0.43515
0 0.2926703125 0.48458281249999996 0.2971609375 0.4825796875 0.30304375 0.48268750000000005 0.30715781249999996 0.4865921875 0.308709375 0.4896140625 0.313165625 0.49450312500000004 0.3162375 0.49354375 0.3172640625 0.48956406250000006 0.32305 0.4901578125 0.329053125 0.4848078125 0.33163593750000003 0.4802453125 0.3321734375 0.4782609375 0.3291421875 0.47508125 0.324909375 0.47193125 0.312503125 0.46857812499999996 0.30734218750000003 0.4676828125 0.3007125 0.4642953125 0.292021875 0.46222343749999995 0.2844859375 0.4662125 0.2822203125 0.474225 0.283771875 0.4777234375 0.28301875 0.481034375 0.2783265625 0.48611250000000006 0.274453125 0.49355000000000004 0.274453125 0.5031953125 0.281590625 0.506284375 0.2869890625 0.5047171875 0.2900421875 0.4980609375 0.2897921875 0.491334375 0.2889765625 0.487090625 0.2926703125 0.48458281249999996
0 0.2104828125 0.4540609375 0.2084453125 0.45205624999999994 0.2053234375 0.4514171875 0.20168124999999998 0.4529453125 0.199121875 0.45702031249999997 0.1988046875 0.45841093749999995 0.20121093750000002 0.4625859375 0.2050796875 0.4632828125 0.20927812499999998 0.46286875 0.21184375000000003 0.45998906249999993 0.21159218750000003 0.45699375 0.2104828125 0.4540609375
0 0.25541718750000003 0.456059375 0.2549984375 0.4535296875 0.253165625 0.4513375 0.250565625 0.4500265625 0.24449843750000003 0.4517921875 0.24375156250000002 0.45606875 0.24602343750000003 0.4592609375 0.24786875 0.4610265625 0.2514734375 0.45993281250000007 0.252815625 0.458890625 0.25541718750000003 0.456059375
0 0.28673125 0.447134375 0.289346875 0.4495671875 0.2923484375 0.44902968750000005 0.292278125 0.44572500000000004 0.28942968750000003 0.444196875 0.2872125 0.44443593750000004 0.2856296875 0.44597968750000005 0.28673125 0.447134375
0 0.3122640625 0.43346093750000003 0.31535625 0.431978125 0.3157828125 0.4296234375 0.3157828125 0.427475 0.3138375 0.42634999999999995 0.3092421875 0.42859218749999994 0.307996875 0.43337812500000006 0.30853437499999997 0.43429375 0.3122640625 0.43346093750000003
0 0.3342546875 0.431084375 0.335740625 0.42914062499999994 0.333546875 0.42683906250000003 0.329428125 0.42625 0.32580624999999996 0.42676406250000004 0.3243796875 0.42965 0.32806718749999997 0.435659375 0.3293484375 0.4368125 0.3317828125 0.4364875 0.33299218750000004 0.43493750000000003 0.3342546875 0.431084375
0 0.40111406250000003 0.45424218749999995 0.4074484375 0.4526328125 0.4081625 0.44949218750000003 0.405290625 0.448078125 0.40071874999999996 0.448928125 0.39768593750000003 0.4526296875 0.398290625 0.45405468750000005 0.40111406250000003 0.45424218749999995
0 0.42088749999999997 0.5042453124999999 0.42124531249999997 0.5052640625 0.42558125 0.5048390625 0.42699687500000005 0.500728125 0.42416875000000004 0.4984578125 0.4210671875 0.5007828125 0.42088749999999997 0.5042453124999999
0 0.42033906249999997 0.518165625 0.42033906249999997 0.5190812499999999 0.424109375 0.5198875000000001 0.4255671875 0.5176968750000001 0.4245265625 0.5159296875 0.4205875 0.515109375 0.42033906249999997 0.518165625
0 0.40076718749999996 0.5134640625 0.40190937499999996 0.5138078125 0.405009375 0.5128999999999999 0.4057234375 0.510275 0.404434375 0.50864375 0.4014921875 0.507146875 0.40052031250000003 0.5104078125 0.40076718749999996 0.5134640625
0 0.3825421875 0.5317140625000001 0.3800984375 0.529978125 0.378334375 0.529709375 0.3761640625 0.529709375 0.3728859375 0.531084375 0.3723859375 0.53505625 0.37472500000000003 0.53761875 0.3770390625 0.5386375 0.3833375 0.5385421874999999 0.3837640625 0.5354125 0.3825421875 0.5317140625000001
0 0.3908859375 0.6157671875 0.389140625 0.60895 0.3860828125 0.6020749999999999 0.381421875 0.59846875 0.3781640625 0.5964437499999999 0.374 0.600415625 0.3709546875 0.6054875 0.3817484375 0.61834375 0.3908859375 0.6157671875
0 0.44481875000000004 0.6432796875 0.4431 0.647778125 0.4468109375 0.650528125 0.45176718749999994 0.648915625 0.45511875 0.645740625 0.457428125 0.6397671875000001 0.45612343749999995 0.6364046875 0.45173593749999996 0.63460625 0.4464390625 0.6368140624999999 0.44481875000000004 0.6432796875
0 0.490853125 0.6535171875 0.488471875 0.656109375 0.49171875 0.6592718750000001 0.4951140625 0.6564203125 0.4958625 0.6537734375 0.4944046875 0.6506171875 0.49162343750000004 0.6490046875 0.4884546875 0.6501296875 0.490853125 0.6535171875
0 0.5210328125 0.5927328125 0.5269078125 0.5895671874999999 0.526903125 0.5866015625000001 0.523759375 0.584753125 0.517628125 0.5853125 0.5175359375 0.58979375 0.51825 0.5925453125 0.5210328125 0.5927328125
0 0.6015234375 0.5624015625000001 0.602325 0.561921875 0.6030515624999999 0.5594453125000001 0.605171875 0.5552312500000001 0.599175 0.555103125 0.5968875 0.556715625 0.598190625 0.560925 0.6015234375 0.5624015625000001
0 0.7418296875 0.6940296874999999 0.740178125 0.6906609375 0.737553125 0.6876953125 0.7363328124999999 0.6885453125 0.7348140625 0.6960515625 0.7341109375 0.6984625 0.7384765625 0.7021796874999999 0.7404046875 0.7027734375 0.7445203125 0.70151875 0.744184375 0.6980828125 0.7418296875 0.6940296874999999
0 0.782059375 0.70518125 0.7830515625000001 0.7069640625 0.7918937500000001 0.7049375 0.7923203125 0.7024484375 0.7887 0.699371875 0.7867984375 0.698865625 0.78206875 0.7008859375000001 0.7813218749999999 0.7031921875 0.782059375 0.70518125
0 0.7616515625 0.6003109375 0.763603125 0.6017484375000001 0.7649234375 0.5996312500000001 0.7628421875 0.59684375 0.7588125 0.59601875 0.757409375 0.5964265625 0.7583046875 0.5984281250000001 0.7616515625 0.6003109375
0 0.47746875 0.3667046875 0.4811109375 0.3627796875 0.4768328125 0.3611609375 0.47377812500000005 0.3648609375 0.472059375 0.367846875 0.47162812499999995 0.36835625 0.46597343750000003 0.36968125 0.46803906250000005 0.37205625000000003 0.47432187499999995 0.37223125 0.4805671875 0.3711671875 0.48002500000000003 0.3684703125 0.47746875 0.3667046875
0 0.256025 0.33633281249999997 0.254328125 0.3377921875 0.2488765625 0.341321875 0.246 0.3465171875 0.2503 0.3500828125 0.25558749999999997 0.3542078125 0.26008749999999997 0.3557359375 0.26603750000000004 0.353746875 0.266771875 0.3500109375 0.268340625 0.347253125 0.2680921875 0.3441953125 0.267525 0.33975625 0.2672765625 0.3356125 0.264671875 0.3292703125 0.25901406250000003 0.33154531249999997 0.256025 0.33633281249999997
0 0.194765625 0.37238906250000003 0.194765625 0.36879375 0.190759375 0.36586093750000004 0.186190625 0.3651390625 0.1820703125 0.37120156249999997 0.1849453125 0.37539375 0.1867359375 0.3758015625 0.19086875 0.3753484375 0.191528125 0.375425 0.194765625 0.37238906250000003
0 0.22581250000000003 0.3753546875 0.2320125 0.3733640625 0.22655937499999998 0.3688 0.22540624999999997 0.3701234375 0.22581250000000003 0.3753546875
0 0.23252343749999999 0.4198203125 0.2265046875 0.415784375 0.22392343750000002 0.42141406249999996 0.23252343749999999 0.4198203125
0 0.23094062499999998 0.3592015625 0.22745 0.3511421875 0.224259375 0.35380781250000004 0.2283 0.3612078125 0.23094062499999998 0.3592015625
0 0.24767187499999999 0.28359843749999997 0.24859218749999998 0.2791859375 0.24290937499999998 0.2739515625 0.23315000000000002 0.2799671875 0.2327203125 0.28186875 0.2327203125 0.286553125 0.23855468750000003 0.29130781250000004 0.240125 0.2916296875 0.2447734375 0.2901546875 0.24767187499999999 0.28359843749999997
0 0.2834390625 0.294828125 0.2893765625 0.2933953125 0.2912296875 0.2900578125 0.28570937500000004 0.28608125 0.2805046875 0.28413125 0.26954375 0.2874140625 0.26723281249999997 0.29097968750000003 0.2698890625 0.2948828125 0.27488125 0.29590937500000003 0.2834390625 0.294828125
0 0.358184375 0.27278125000000003 0.36112500000000003 0.2681203125 0.360934375 0.2663015625 0.354009375 0.26456875 0.348125 0.2663859375 0.3454546875 0.26713437500000003 0.3482609375 0.26944218750000004 0.3507546875 0.27059687499999996 0.3515640625 0.2753203125 0.358184375 0.27278125000000003
0 0.3376265625 0.2729359375 0.3382984375 0.2752765625 0.339840625 0.2787109375 0.344315625 0.275334375 0.344346875 0.27309218749999997 0.3399578125 0.2718328125 0.3376265625 0.2729359375
0 0.301871875 0.24341249999999998 0.290065625 0.24681718749999998 0.2915453125 0.255915625 0.29463125 0.26199062500000003 0.30151875 0.2681359375 0.303540625 0.2704109375 0.30520468749999996 0.2744546875 0.30624843749999997 0.28068125 0.31215468749999997 0.280046875 0.3173640625 0.27261250000000004 0.319965625 0.2703390625 0.32191875 0.266390625 0.3197453125 0.260046875 0.31628124999999996 0.2540015625 0.31395 0.250021875 0.3110765625 0.2464375 0.30745625 0.24360624999999997 0.301871875 0.24341249999999998
0 0.28080625000000003 0.2535296875 0.27528593749999997 0.2501859375 0.264865625 0.2542015625 0.25758749999999997 0.2603375 0.2558671875 0.264615625 0.26144687499999997 0.2743609375 0.26411875 0.27578749999999996 0.26991718750000004 0.2748296875 0.2729765625 0.27089375000000004 0.27783281249999997 0.269190625 0.282103125 0.268178125 0.2846609375 0.263621875 0.2831625 0.2569703125 0.28080625000000003 0.2535296875
0 0.2254875 0.28885625 0.226834375 0.2847765625 0.22486562499999999 0.28199687500000004 0.2228765625 0.2807890625 0.2169921875 0.2837953125 0.2143640625 0.2869859375 0.2143140625 0.2906859375 0.21808906249999999 0.29095781249999997 0.2254875 0.28885625
0 0.289565625 0.24009062499999997 0.287709375 0.23811718750000002 0.283590625 0.23619531249999998 0.276528125 0.23920312500000002 0.2731328125 0.2419359375 0.273215625 0.2458078125 0.277828125 0.2489984375 0.28219375 0.2487984375 0.28679062499999997 0.24630156250000002 0.289565625 0.24009062499999997
0 0.5093609375 0.320790625 0.5144562500000001 0.320790625 0.5138671875 0.31601875 0.5128953125 0.3137671875 0.5093421874999999 0.3153625 0.5083015625 0.3167875 0.5080390625 0.3194671875 0.5093609375 0.320790625
0 0.49999374999999996 0.3599328125 0.5023265625 0.3549734375 0.49621562499999994 0.353828125 0.4956484375 0.35827343749999996 0.49999374999999996 0.3599328125
0 0.46863124999999994 0.2690625 0.46945 0.2646515625 0.4651078125 0.26374375 0.4648078125 0.267815625 0.46863124999999994 0.2690625
0 0.7461859375000001 0.2434921875 0.7422046875 0.243090625 0.7387640625 0.2439734375 0.7366140624999999 0.2453140625 0.7352562500000001 0.2492203125 0.7356390625 0.2517984375 0.739728125 0.2545828125 0.7442734375 0.2553296875 0.7483 0.254534375 0.750375 0.2510453125 0.750621875 0.24898906250000002 0.749015625 0.2448765625 0.7461859375000001 0.2434921875
0 0.795684375 0.24313437499999999 0.7972953125 0.24354218749999998 0.801796875 0.2418078125 0.8001453125 0.23843125 0.797653125 0.2398078125 0.796975 0.24082656249999998 0.795684375 0.24313437499999999
0 0.719009375 0.28784062499999996 0.7220609375 0.283371875 0.7190953125 0.28225781250000004 0.7152671875000001 0.28433125000000004 0.719009375 0.28784062499999996
0 0.5917703125 0.3268 0.5833546875 0.331434375 0.5894765625 0.3330546875 0.5917703125 0.3268
0 0.19659374999999998 0.10964218750000002 0.19871875 0.10937187500000001 0.2033578125 0.10721406250000001 0.20449062499999998 0.0992046875 0.20303125 0.095384375 0.1977578125 0.093753125 0.1940265625 0.0939703125 0.1895796875 0.0943921875 0.18522812500000002 0.09685 0.18191875 0.10426093750000001 0.184240625 0.1081265625 0.1877703125 0.109696875 0.1922953125 0.1100671875 0.19659374999999998 0.10964218750000002
0 0.4414625 0.167340625 0.4431828125 0.16419999999999998 0.44626093750000007 0.162775 0.4482984375 0.1595671875 0.447871875 0.15725781249999998 0.44269218749999995 0.153571875 0.438878125 0.15509062499999998 0.43735156249999996 0.16105 0.43632031250000003 0.16492500000000002 0.43603593749999997 0.1723359375 0.4402859375 0.17253281250000002 0.44053437500000003 0.1701234375 0.4414625 0.167340625
0 0.4658546875 0.1228453125 0.46783906249999996 0.12344375 0.46849687500000003 0.11912343750000001 0.46932343750000005 0.1089234375 0.4632828125 0.1103171875 0.460678125 0.11456249999999998 0.4613078125 0.1193828125 0.4658546875 0.1228453125
0 0.48412812499999996 0.119521875 0.4822578125 0.1159359375 0.47335625 0.122378125 0.47586562499999996 0.126209375 0.4790328125 0.1263953125 0.4812953125 0.12529218749999999 0.484553125 0.12125156249999999 0.48412812499999996 0.119521875
0 0.47268906250000003 0.10898125 0.47312031250000003 0.1082 0.47660937499999995 0.10109062499999999 0.47611406250000005 0.0989515625 0.4735203125 0.0949703125 0.468353125 0.10631874999999999 0.47268906250000003 0.10898125
0 0.45973593749999997 0.0889671875 0.461659375 0.09210625 0.46604999999999996 0.0953890625 0.4734625 0.09488125 0.4720859375 0.0927703125 0.4705609375 0.0907671875 0.46733906249999996 0.0871171875 0.4614828125 0.0851640625 0.4601609375 0.085671875 0.45973593749999997 0.0889671875
0 0.45731093749999996 0.093465625 0.45613281250000004 0.0907984375 0.4532359375 0.090128125 0.4499328125 0.08999375 0.444321875 0.0916578125 0.4434171875 0.094134375 0.44547968750000005 0.09841093749999999 0.449709375 0.10117812500000001 0.45397187499999997 0.10056875000000001 0.45749843749999997 0.099371875 0.45731093749999996 0.093465625
0 0.346278125 0.09899375 0.34656875 0.0925828125 0.33919062499999997 0.092771875 0.3399734375 0.0970984375 0.346278125 0.09899375
0 0.3955890625 0.0700671875 0.39208125 0.0696515625 0.39108437500000004 0.07189218750000001 0.3921015625 0.075609375 0.39608750000000004 0.0723625 0.3955890625 0.0700671875
0 0.397746875 0.065396875 0.4001984375 0.0635109375 0.39831875 0.059959375 0.396915625 0.058409375 0.39256406250000003 0.059081249999999995 0.392525 0.064990625 0.3946453125 0.065396875 0.397746875 0.065396875
0 0.5643546875000001 0.1425796875 0.56003125 0.1349046875 0.556321875 0.13306875 0.5516156249999999 0.135596875 0.5478578125 0.14004375 0.551040625 0.1427265625 0.5567562500000001 0.1434734375 0.5606703125 0.143103125 0.5643546875000001 0.1425796875
0 0.6092593749999999 0.18140625 0.6109218750000001 0.1777296875 0.60563125 0.177890625 0.6034125 0.18055625 0.6092593749999999 0.18140625
0 0.1706015625 0.295984375 0.1674390625 0.292484375 0.16573125 0.29606875 0.1638890625 0.30062812499999997 0.16310625 0.30469843750000003 0.16043281250000002 0.30836562500000003 0.16011718749999998 0.3137265625 0.156840625 0.3165875 0.1570265625 0.3208046875 0.15731250000000002 0.3246875 0.16255312500000002 0.3237234375 0.1672171875 0.32404375 0.173596875 0.3240734375 0.17545312500000002 0.322425 0.174865625 0.318115625 0.170015625 0.3158765625 0.1683515625 0.3120734375 0.1695296875 0.308846875 0.17455156249999998 0.30423125 0.171340625 0.301921875 0.1712328125 0.29910625 0.1706015625 0.295984375
0 0.1330828125 0.27298125 0.1357796875 0.276359375 0.1370359375 0.2777546875 0.14125625 0.26871875 0.13419375 0.26892499999999997 0.1328359375 0.270265625 0.1330828125 0.27298125
0 0.3872 0.1312640625 0.383715625 0.131959375 0.38249374999999997 0.13426875 0.3844765625 0.137546875 0.390978125 0.1334828125 0.3872 0.1312640625
0 0.732421875 0.0345984375 0.7370078125 0.030084375000000003 0.7370078125 0.0288765625 0.7350390625000001 0.026074999999999997 0.732096875 0.02378125 0.72666875 0.0251546875 0.7256265625 0.027123437500000003 0.7274499999999999 0.0322515625 0.732421875 0.0345984375
0 0.7032078125 0.0318359375 0.7053 0.031257812499999996 0.7051859375 0.024987500000000003 0.7031968749999999 0.024315625 0.70025625 0.0250125 0.6985796875 0.028696875 0.699253125 0.03086875 0.7032078125 0.0318359375
0 0.4236734375 0.0335015625 0.4236734375 0.0371671875 0.4246046875 0.040892187499999996 0.43014374999999994 0.036390624999999996 0.42978125 0.0330515625 0.42729375 0.03238125 0.4236734375 0.0335015625
0 0.2957046875 0.0139078125 0.2934671875 0.0169765625 0.2973828125 0.017096875 0.2977015625 0.015825 0.2957046875 0.0139078125
0 0.2905359375 0.00836875 0.292653125 0.0064109375 0.2934375 0.0055015624999999995 0.2908359375 0.00323125 0.2870796875 0.0027171875 0.28515625 0.0039234375 0.28818125 0.0074015625 0.2905359375 0.00836875
0 0.198240625 0.6170859375 0.1967578125 0.6225906250000001 0.1994078125 0.6280890625 0.2063625 0.6276546875 0.2054421875 0.6224609375 0.2039859375 0.61580625 0.201203125 0.6164453125 0.198240625 0.6170859375
0 0.3460921875 0.7340140625 0.34645468749999997 0.7317078125 0.3458921875 0.7259390625 0.34050156249999997 0.72496875 0.3429703125 0.736040625 0.3460921875 0.7340140625
0 0.5146203125000001 0.9713640625 0.5115203125 0.9740968750000001 0.511515625 0.97636875 0.5147109375000001 0.9793734374999999 0.5205124999999999 0.9790078125000001 0.5225 0.9835953125 0.5258421875 0.984734375 0.5296171875 0.9819875 0.53148125 0.9803234375000001 0.5345093750000001 0.9770078124999999 0.5323156250000001 0.9737421875000001 0.5281515625 0.9722781250000001 0.521859375 0.972434375 0.5202765625 0.97275625 0.5146203125000001 0.9713640625
0 0.1387984375 0.9732687500000001 0.1417203125 0.97464375 0.1478640625 0.97484375 0.140575 0.9670578125 0.1382 0.9684328125 0.137271875 0.9705875 0.1387984375 0.9732687500000001
0 0.11899843750000001 0.50444375 0.1228234375 0.5009984375000001 0.1225765625 0.49777187500000003 0.11225624999999999 0.4912375 0.1147203125 0.499384375 0.11089843749999999 0.5029234375 0.11443125000000001 0.5049265625 0.1130390625 0.5070953125 0.10651250000000001 0.513259375 0.08550624999999999 0.5128265625 0.08570781250000001 0.51554375 0.08919218749999999 0.517175 0.09507499999999999 0.517175 0.1054875 0.516665625 0.1128421875 0.5150359375 0.115196875 0.5090953125000001 0.1179125 0.5048515625000001 0.11899843750000001 0.50444375
0 0.07192343749999999 0.41197968749999997 0.075484375 0.4161890625 0.07018593749999999 0.42004374999999994 0.0694984375 0.4242375 0.07263906249999999 0.4311640625 0.08185 0.43327031250000003 0.09035937499999999 0.4321890625 0.0980578125 0.4312609375 0.0965328125 0.42646875 0.09460625 0.42329531249999997 0.08940000000000001 0.4153234375 0.08838125 0.4142796875 0.0914359375 0.4106859375 0.10088749999999999 0.40908749999999994 0.110071875 0.4069640625 0.11719062499999999 0.402165625 0.1184703125 0.3997390625 0.12201718749999999 0.39366406249999997 0.11884687499999999 0.3871546875 0.112234375 0.38200781250000004 0.104628125 0.3800578125 0.085840625 0.38360625000000004 0.082996875 0.3913109375 0.078878125 0.392925 0.0691875 0.3966640625 0.0650671875 0.397990625 0.0643953125 0.403253125 0.06792187499999999 0.4055953125 0.07192343749999999 0.41197968749999997
0 0.11933125 0.121359375 0.10640156249999999 0.12976875000000002 0.1119609375 0.136196875 0.131234375 0.1261203125 0.126371875 0.12045312500000001 0.12538125 0.11492031250000001 0.12002968750000001 0.1135609375 0.11933125 0.121359375
0 0.050075 0.16525 0.054707812499999994 0.1646390625 0.053596875 0.15471875 0.049296875000000004 0.1630828125 0.050075 0.16525
0 0.0166015625 0.1910890625 0.0202765625 0.1903234375 0.02130625 0.18425156250000002 0.019293750000000002 0.18275468749999998 0.016645312500000002 0.1845734375 0.012618750000000001 0.18759375 0.015209375 0.1909015625 0.0166015625 0.1910890625
0 0.0327234375 0.21789999999999998 0.036235937499999996 0.2167046875 0.03626875 0.20753593750000002 0.0334390625 0.20868437499999998 0.0327234375 0.21789999999999998
0 0.049603125 0.1425734375 0.05391875 0.142365625 0.058357812499999995 0.14138124999999999 0.061345312500000006 0.138359375 0.061640625000000004 0.1361875 0.059728125 0.132725 0.058795312499999995 0.129871875 0.0553359375 0.130696875 0.05108125 0.1357796875 0.049603125 0.1425734375
0 0.01109375 0.10559687499999999 0.026928125000000004 0.10820624999999999 0.0330109375 0.09859375000000001 0 0.0891015625 0.0005703125 0.096278125 0.0100734375 0.09940625 0.0045296875 0.1009015625 0.01109375 0.10559687499999999
0 0 0 0.0005546875 0.016725 0.0234421875 0.00554375 0.024003125 0 0 0
0 0.08711875 0.037759375 0.08264375 0.0387984375 0.0813390625 0.0492109375 0.08427812500000001 0.0502875 0.08579218749999999 0.049776562499999996 0.088190625 0.0464515625 0.088153125 0.0409171875 0.08711875 0.037759375
0 0.1369296875 0.1362078125 0.1424046875 0.12833125 0.14065624999999998 0.1263625 0.139128125 0.1276953125 0.13616875 0.1302359375 0.1342421875 0.1320546875 0.130071875 0.13579687499999998 0.12704375 0.138709375 0.1225109375 0.1407953125 0.11444687499999999 0.14399062499999998 0.1181875 0.14496875 0.1226703125 0.1433703125 0.12719687500000001 0.1417921875 0.1320625 0.1394828125 0.1369296875 0.1362078125
0 0.0553953125 0.3098078125 0.056834375000000006 0.3057859375 0.0494125 0.3062109375 0.048590625 0.30972343750000003 0.0553953125 0.3098078125
0 0.87864375 0.9155390625000001 0.9031812499999999 0.9157875000000001 0.9073249999999999 0.9155562500000001 0.9008593749999999 0.9126359374999999 0.8924125 0.9128203125000001 0.88871875 0.9115125000000001 0.879121875 0.91093125 0.8732171875000001 0.9115187499999999 0.860090625 0.91265 0.855725 0.914003125 0.87864375 0.9155390625000001
0 0.8015625 0.04921875 0.796875 0.03515625 0.7875 0.03828125 0.79296875 0.053125 0.8015625 0.04921875
0 0.190625 0.32734375 0.1890625 0.32265625 0.1828125 0.32421875 0.18359375 0.3296875 0.190625 0.32734375
0 0.4328125 0.54453125 0.43515625 0.5546875 0.4390625 0.54453125 0.4328125 0.54453125
0 0.4890625 0.56328125 0.49453125 0.565625 0.4953125 0.56015625 0.4890625 0.56328125
0 0.275 0.85234375 0.27734375 0.8609375 0.2828125 0.85234375 0.275 0.85234375
0 0.09296875 0.684375 0.0953125 0.67734375 0.08984375 0.6765625 0.0875 0.68359375 0.09296875 0.684375
0 0.8484375 0.53984375 0.8453125 0.53515625 0.8375 0.53671875 0.84140625 0.54375 0.8484375 0.53984375
0 0.8703125 0.50234375 0.87421875 0.509375 0.8765625 0.50078125 0.8703125 0.50234375
0 0.90625 0.08515625 0.903125 0.07421875 0.89375 0.07734375 0.89609375 0.0859375 0.90625 0.08515625
0 0.91171875 0.05 0.9125 0.03984375 0.90390625 0.0390625 0.9 0.04765625 0.91171875 0.05
0 0.63125 0.89453125 0.63984375 0.8984375 0.6390625 0.89296875 0.63125 0.89453125