0 0.1040265625 0.6857375 0.1166203125 0.6795312499999999 0.1384875 0.6729953125 0.1626109375 0.6572609375 0.1709859375 0.644053125 0.17805312499999998 0.6291015625 0.17758281250000002 0.6203296875000001 0.1680796875 0.6046609375 0.15097031249999998 0.593590625 0.13701875 0.594153125 0.1283390625 0.6031828124999999 0.1152453125 0.609059375 0.10381718749999999 0.606940625 0.095684375 0.5973499999999999 0.09156718750000001 0.584478125 0.09262812499999999 0.5733046875000001 0.0889125 0.5572546875 0.08171406249999999 0.550271875 0.07013749999999999 0.5461843749999999 0.0636703125 0.5560015625 0.0626671875 0.577703125 0.0664125 0.6020203125 0.074196875 0.6097828125 0.0787109375 0.625309375 0.080378125 0.6438406249999999 0.08465937500000001 0.664746875 0.0915484375 0.6755140625 0.1040265625 0.6857375
0 0.821875 0.69921875 0.83125 0.68828125 0.82734375 0.671875 0.809375 0.68046875 0.8140625 0.69765625 0.821875 0.69921875
0 0.71171875 0.6109375 0.70234375 0.6125 0.6953125 0.62265625 0.7015625 0.64453125 0.7078125 0.64765625 0.7234375 0.63203125 0.7234375 0.61796875 0.71171875 0.6109375
0 0.73828125 0.715625 0.7328125 0.73828125 0.7421875 0.74453125 0.7484375 0.72265625 0.73828125 0.715625
0 0.4671875 0.43828125 0.475 0.47109375 0.4921875 0.47578125 0.5203125 0.44296875 0.50703125 0.4265625 0.47265625 0.421875 0.4671875 0.43828125
0 0.4484375 0.21484375 0.44296875 0.2 0.42734375 0.1984375 0.4125 0.20703125 0.4140625 0.23046875 0.41875 0.24765625 0.4359375 0.25703125 0.4484375 0.23828125 0.4484375 0.21484375
0 0.3640625 0.29609375 0.359375 0.26171875 0.34921875 0.253125 0.33828125 0.25625 0.3265625 0.27109375 0.321875 0.31484375 0.334375 0.32265625 0.34921875 0.3171875 0.3640625 0.29609375
0 0.28984375 0.4171875 0.278125 0.43046875 0.28125 0.45546875 0.28671875 0.4640625 0.2984375 0.46328125 0.321875 0.44296875 0.321875 0.43671875 0.28984375 0.4171875
0 0.253125 0.46015625 0.25625 0.43984375 0.24765625 0.43125 0.2359375 0.44609375 0.23984375 0.459375 0.253125 0.46015625
0 0.40703125 0.3265625 0.4 0.33359375 0.3984375 0.35078125 0.40703125 0.3625 0.415625 0.36328125 0.425 0.35390625 0.425 0.33515625 0.40703125 0.3265625
0 0.490625 0.35546875 0.5015625 0.34296875 0.5015625 0.33046875 0.48515625 0.3203125 0.4796875 0.34609375 0.490625 0.35546875
0 0.52890625 0.2875 0.528125 0.30703125 0.5359375 0.31015625 0.5390625 0.29140625 0.52890625 0.2875
0 0.35625 0.07109375 0.3578125 0.08984375 0.3703125 0.10390625 0.38125 0.09140625 0.38125 0.08046875 0.36484375 0.0640625 0.35625 0.07109375
0 0.3828125 0.15390625 0.38125 0.16953125 0.403125 0.18828125 0.4125 0.17265625 0.4125 0.15078125 0.40078125 0.1453125 0.3828125 0.15390625
0 0.2265625 0.22890625 0.23203125 0.2375 0.240625 0.23828125 0.25 0.21640625 0.23046875 0.1984375 0.225 0.21015625 0.2265625 0.22890625
0 0.0328125 0.72109375 0.0421875 0.70703125 0.02421875 0.69375 0.015625 0.70703125 0.02421875 0.721875 0.0328125 0.72109375
0 0.14296875 0.7625 0.1359375 0.77421875 0.146875 0.78984375 0.1515625 0.76953125 0.14296875 0.7625
0 0.1796875 0.78984375 0.1859375 0.78515625 0.1859375 0.76796875 0.16953125 0.75625 0.1671875 0.78359375 0.1796875 0.78984375
0 0.00390625 0.9515625 0.0015625 0.96484375 0.009375 0.97109375 0.0140625 0.95546875 0.00390625 0.9515625
0 0.4546875 0.97578125 0.45078125 0.959375 0.44140625 0.9578125 0.4328125 0.96484375 0.43515625 0.9734375 0.4546875 0.97578125
0 0.3046875 0.71484375 0.3109375 0.70859375 0.30703125 0.69375 0.2984375 0.69765625 0.3 0.71484375 0.3046875 0.71484375
0 0.29140625 0.509375 0.2890625 0.52421875 0.296875 0.52734375 0.3 0.51484375 0.29140625 0.509375
0 0.32890625 0.4828125 0.325 0.49609375 0.3359375 0.50078125 0.3359375 0.48671875 0.32890625 0.4828125
0 0.340625 0.46640625 0.340625 0.47734375 0.346875 0.48046875 0.34921875 0.4625 0.340625 0.46640625
0 0.3546875 0.40546875 0.3609375 0.38046875 0.35546875 0.3671875 0.340625 0.37890625 0.3453125 0.40234375 0.3546875 0.40546875
0 0.33359375 0.5328125 0.328125 0.54609375 0.3375 0.55078125 0.340625 0.53828125 0.33359375 0.5328125
0 0.64921875 0.325 0.64375 0.35078125 0.6578125 0.35390625 0.6625 0.33046875 0.64921875 0.325
0 0.58828125 0.3234375 0.5828125 0.33203125 0.59375 0.33984375 0.5984375 0.32890625 0.58828125 0.3234375
0 0.4984375 0.25234375 0.5015625 0.26328125 0.5078125 0.26484375 0.515625 0.24921875 0.51015625 0.2390625 0.50390625 0.2390625 0.4984375 0.25234375
0 0.46953125 0.153125 0.4640625 0.16484375 0.4734375 0.17109375 0.478125 0.15859375 0.46953125 0.153125
0 0.9265625 0.19453125 0.928125 0.20390625 0.9359375 0.20546875 0.94375 0.19609375 0.93828125 0.18125 0.9296875 0.18359375 0.9265625 0.19453125
0 0.43984375 0.0234375 0.4375 0.04765625 0.4453125 0.05390625 0.4515625 0.04140625 0.43984375 0.0234375
0 0.45234375 0.9875 0.45 0.99921875 0.4609375 0.99921875 0.459375 0.98984375 0.45234375 0.9875
0 0.09609375 0.725 0.0953125 0.73671875 0.103125 0.74140625 0.1078125 0.72890625 0.09609375 0.725