0 0.5585859375 0.4659140625 0.5523765625 0.4709203125 0.5507375 0.47762031250000003 0.5538984375 0.4877140625 0.5493140624999999 0.4948234375 0.537709375 0.4933609375 0.5354140625 0.4955109375 0.5298453125 0.5063453124999999 0.531225 0.5139609375 0.5341296875 0.519596875 0.5405031250000001 0.5265078125 0.544509375 0.5259453125 0.55241875 0.5206640625000001 0.5576140625 0.5169374999999999 0.5592953125 0.515203125 0.565678125 0.503659375 0.5682421875 0.497078125 0.5721984375 0.4923265625 0.5795343749999999 0.48830156249999995 0.5845765625 0.482946875 0.5896703125 0.476059375 0.592078125 0.46794375 0.59460625 0.46115625 0.5936281250000001 0.4527828125 0.592534375 0.45114375000000007 0.5887718750000001 0.44766093749999997 0.5822671875000001 0.4414953125 0.5840328125 0.43665937499999996 0.5837687500000001 0.4316171875 0.580803125 0.42984375 0.5705484375000001 0.435234375 0.571771875 0.44293125 0.5707796875 0.4460109375 0.564721875 0.451471875 0.561928125 0.4603 0.5632015625 0.4640578125 0.5585859375 0.4659140625
0 0.6626953125 0.476846875 0.667396875 0.4735296875 0.6691953125000001 0.4678671875 0.6646140625 0.46499218750000004 0.663165625 0.4650578125 0.6620703125 0.46652812499999996 0.6607406250000001 0.4701046875 0.6604046875 0.474903125 0.6626953125 0.476846875
0 0.6858609375 0.5228859375 0.6850046875 0.5204203125 0.6832171875 0.5176796875 0.6799171875 0.517290625 0.6790234374999999 0.5211781249999999 0.6799578125 0.52534375 0.6814171875 0.5259546875 0.6849109375 0.524496875 0.6858609375 0.5228859375
0 0.6891140625000001 0.5063609375 0.6882578125000001 0.511203125 0.6920078125 0.514328125 0.6930265624999999 0.5054796875 0.6891140625000001 0.5063609375
0 0.5864734375 0.3790765625 0.5904796875 0.3820859375 0.594009375 0.3773875 0.5891671875 0.3727125 0.5864734375 0.3790765625
0 0.44366874999999995 0.3825515625 0.446896875 0.38648906250000004 0.44942656249999996 0.38326875 0.44678281249999996 0.3788734375 0.44366874999999995 0.3825515625
0 0.38708906249999997 0.0246921875 0.38477968749999997 0.0211625 0.38293125 0.022871875 0.38043593750000004 0.0335375 0.3829734375 0.037679687499999996 0.3853078125 0.0349203125 0.38485 0.031934375 0.38732968749999996 0.0289921875 0.38708906249999997 0.0246921875
0 0.9228406250000001 0.678540625 0.9212390625 0.6759390625 0.921884375 0.671765625 0.921803125 0.667590625 0.9194484375 0.6666390625 0.9183671875 0.673290625 0.9175234375000001 0.6800843750000001 0.9175234375000001 0.6891812500000001 0.9197640625 0.6931890625 0.9233281249999999 0.693921875 0.9231453125 0.688934375 0.92403125 0.6799046875 0.9228406250000001 0.678540625
0 0.8340640625000001 0.48266406249999994 0.8372546875 0.48399843750000004 0.8389140625 0.4778328125 0.839396875 0.47443749999999996 0.835525 0.47128437500000003 0.8331703125000001 0.4728671875 0.8320453125 0.47571562500000003 0.8323671875 0.47979062499999997 0.8340640625000001 0.48266406249999994
0 0.8911093749999999 0.7828296875 0.88898125 0.78593125 0.8882703125000001 0.7921296875 0.8893921875 0.7962484375 0.8924125 0.7984671875 0.895740625 0.798990625 0.89808125 0.7969968749999999 0.89988125 0.7935703125 0.8993765625 0.7895749999999999 0.8990046875000001 0.7866531250000001 0.8973421874999999 0.7835125 0.894728125 0.7811312499999999 0.8911093749999999 0.7828296875
0 0.8768453125000001 0.9841953125 0.8787671874999999 0.983696875 0.8795421875 0.9817953125000001 0.8803359374999999 0.9775390625 0.8804562499999999 0.97505625 0.8743343749999999 0.98266875 0.8768453125000001 0.9841953125
0 0.8122796875 0.806934375 0.8158609374999999 0.806125 0.81650625 0.8021750000000001 0.8162375000000001 0.8006453125 0.8124609375 0.7996000000000001 0.8105078125 0.7997828124999999 0.8099718749999999 0.8027906249999999 0.8110406250000001 0.80564375 0.8122796875 0.806934375
0 0.8359359375000001 0.30679218750000004 0.8352124999999999 0.3076515625 0.8324890625 0.3133578125 0.8330500000000001 0.31725 0.8362562499999999 0.31750781250000004 0.8386484375000001 0.306121875 0.8359359375000001 0.30679218750000004
0 0.8247078125 0.26373281249999997 0.8215859375000001 0.2626 0.81880625 0.2621875 0.8183953125000001 0.2664 0.820028125 0.2689625 0.8230328124999999 0.2673546875 0.8254296875 0.26653906250000003 0.8259640625 0.265159375 0.8247078125 0.26373281249999997
0 0.05859375 0.334375 0.0546875 0.34921875 0.0625 0.35078125 0.0671875 0.34140625 0.05859375 0.334375
0 0.9390625 0.64609375 0.93046875 0.640625 0.934375 0.65546875 0.9390625 0.64609375
0 0.65546875 0.7015625 0.6484375 0.71640625 0.6640625 0.73359375 0.6671875 0.70703125 0.65546875 0.7015625
0 0.6171875 0.82265625 0.6328125 0.80703125 0.63125 0.79609375 0.62265625 0.7890625 0.6140625 0.79453125 0.6171875 0.82265625
0 0.56953125 0.803125 0.559375 0.82265625 0.5703125 0.82421875 0.56953125 0.803125
0 0.55859375 0.540625 0.5515625 0.56328125 0.5625 0.56796875 0.56875 0.54921875 0.55859375 0.540625
0 0.6171875 0.50859375 0.60546875 0.5 0.58828125 0.5 0.5828125 0.51328125 0.5890625 0.52421875 0.59609375 0.53125 0.6171875 0.53359375 0.625 0.52265625 0.6171875 0.50859375
0 0.49609375 0.2609375 0.49375 0.26796875 0.5 0.26796875 0.49609375 0.2609375
0 0.56953125 0.665625 0.5671875 0.67265625 0.5734375 0.67421875 0.575 0.66640625 0.56953125 0.665625
0 0.65390625 0.784375 0.6484375 0.78671875 0.6578125 0.79296875 0.65390625 0.784375
0 0.12109375 0.325 0.1125 0.32890625 0.1171875 0.33515625 0.12109375 0.325
0 0.05078125 0.3171875 0.0484375 0.32265625 0.05625 0.32578125 0.05078125 0.3171875
0 0.33359375 0.159375 0.328125 0.16640625 0.334375 0.16796875 0.33359375 0.159375