0 0.42822812499999996 0.44293125 0.4294515625 0.435234375 0.419196875 0.42984375 0.41623124999999994 0.4316171875 0.4159671875 0.43665937499999996 0.4177328125 0.4414953125 0.41122812499999994 0.44766093749999997 0.40746562500000005 0.45114375000000007 0.40637187499999994 0.4527828125 0.40539375 0.46115625 0.407921875 0.46794375 0.4103296875 0.476059375 0.4154234375 0.482946875 0.420465625 0.48830156249999995 0.4278015625 0.4923265625 0.4317578125 0.497078125 0.434321875 0.503659375 0.44070468749999997 0.515203125 0.4423859375 0.5169374999999999 0.44758125 0.5206640625000001 0.45549062500000004 0.5259453125 0.45949687499999997 0.5265078125 0.4658703125 0.519596875 0.46877500000000005 0.5139609375 0.4701546875 0.5063453124999999 0.4645859375 0.4955109375 0.46229062499999996 0.4933609375 0.4506859375 0.4948234375 0.4461015625 0.4877140625 0.4492625 0.47762031250000003 0.4476234375 0.4709203125 0.4414140625 0.4659140625 0.43679843749999997 0.4640578125 0.438071875 0.4603 0.43527812499999996 0.451471875 0.42922031250000003 0.4460109375 0.42822812499999996 0.44293125
0 0.3353859375 0.46499218750000004 0.3308046875 0.4678671875 0.332603125 0.4735296875 0.3373046875 0.476846875 0.3395953125 0.474903125 0.33925937500000003 0.4701046875 0.3379296875 0.46652812499999996 0.336834375 0.4650578125 0.3353859375 0.46499218750000004
0 0.32008281250000004 0.517290625 0.3167828125 0.5176796875 0.3149953125 0.5204203125 0.3141390625 0.5228859375 0.3150890625 0.524496875 0.3185828125 0.5259546875 0.3200421875 0.52534375 0.3209765625 0.5211781249999999 0.32008281250000004 0.517290625
0 0.3069734375 0.5054796875 0.3079921875 0.514328125 0.3117421875 0.511203125 0.31088593750000004 0.5063609375 0.3069734375 0.5054796875
0 0.4108328125 0.3727125 0.405990625 0.3773875 0.40952031250000004 0.3820859375 0.4135265625 0.3790765625 0.4108328125 0.3727125
0 0.5532171875 0.3788734375 0.5505734375 0.38326875 0.553103125 0.38648906250000004 0.55633125 0.3825515625 0.5532171875 0.3788734375
0 0.6195640625000001 0.0335375 0.6170687499999999 0.022871875 0.6152203125 0.0211625 0.6129109374999999 0.0246921875 0.6126703124999999 0.0289921875 0.6151500000000001 0.031934375 0.6146921875 0.0349203125 0.6170265625 0.037679687499999996 0.6195640625000001 0.0335375
0 0.08247656249999999 0.6891812500000001 0.08247656249999999 0.6800843750000001 0.0816328125 0.673290625 0.08055156249999999 0.6666390625 0.078196875 0.667590625 0.078115625 0.671765625 0.07876093749999999 0.6759390625 0.077159375 0.678540625 0.07596875 0.6799046875 0.07685468749999999 0.688934375 0.076671875 0.693921875 0.08023593749999999 0.6931890625 0.08247656249999999 0.6891812500000001
0 0.160603125 0.47443749999999996 0.1610859375 0.4778328125 0.1627453125 0.48399843750000004 0.1659359375 0.48266406249999994 0.1676328125 0.47979062499999997 0.1679546875 0.47571562500000003 0.1668296875 0.4728671875 0.16447499999999998 0.47128437500000003 0.160603125 0.47443749999999996
0 0.10011874999999999 0.7935703125 0.10191874999999999 0.7969968749999999 0.104259375 0.798990625 0.10758749999999999 0.7984671875 0.1106078125 0.7962484375 0.11172968750000001 0.7921296875 0.11101875000000001 0.78593125 0.10889062499999999 0.7828296875 0.10527187499999999 0.7811312499999999 0.10265781249999999 0.7835125 0.1009953125 0.7866531250000001 0.1006234375 0.7895749999999999 0.10011874999999999 0.7935703125
0 0.1212328125 0.983696875 0.1231546875 0.9841953125 0.125665625 0.98266875 0.11954374999999999 0.97505625 0.11966406249999999 0.9775390625 0.12045781250000001 0.9817953125000001 0.1212328125 0.983696875
0 0.1837625 0.8006453125 0.18349375 0.8021750000000001 0.1841390625 0.806125 0.18772031250000001 0.806934375 0.18895937499999998 0.80564375 0.190028125 0.8027906249999999 0.18949218750000002 0.7997828124999999 0.18753906250000002 0.7996000000000001 0.1837625 0.8006453125
0 0.1647875 0.3076515625 0.1640640625 0.30679218750000004 0.1613515625 0.306121875 0.16374375000000002 0.31750781250000004 0.16695 0.31725 0.16751093749999998 0.3133578125 0.1647875 0.3076515625
0 0.1816046875 0.2664 0.18119375 0.2621875 0.1784140625 0.2626 0.1752921875 0.26373281249999997 0.1740359375 0.265159375 0.1745703125 0.26653906250000003 0.1769671875 0.2673546875 0.179971875 0.2689625 0.1816046875 0.2664
0 0.9328125 0.34140625 0.9375 0.35078125 0.9453125 0.34921875 0.94140625 0.334375 0.9328125 0.34140625
0 0.06953125 0.640625 0.0609375 0.64609375 0.065625 0.65546875 0.06953125 0.640625
0 0.3328125 0.70703125 0.3359375 0.73359375 0.3515625 0.71640625 0.34453125 0.7015625 0.3328125 0.70703125
0 0.3828125 0.82265625 0.3859375 0.79453125 0.37734375 0.7890625 0.36875 0.79609375 0.3671875 0.80703125 0.3828125 0.82265625
0 0.440625 0.82265625 0.43046875 0.803125 0.4296875 0.82421875 0.440625 0.82265625
0 0.43125 0.54921875 0.4375 0.56796875 0.4484375 0.56328125 0.44140625 0.540625 0.43125 0.54921875
0 0.4171875 0.51328125 0.41171875 0.5 0.39453125 0.5 0.3828125 0.50859375 0.375 0.52265625 0.3828125 0.53359375 0.40390625 0.53125 0.4109375 0.52421875 0.4171875 0.51328125
0 0.50625 0.26796875 0.50390625 0.2609375 0.5 0.26796875 0.50625 0.26796875
0 0.425 0.66640625 0.4265625 0.67421875 0.4328125 0.67265625 0.43046875 0.665625 0.425 0.66640625
0 0.3515625 0.78671875 0.34609375 0.784375 0.3421875 0.79296875 0.3515625 0.78671875
0 0.8875 0.32890625 0.87890625 0.325 0.8828125 0.33515625 0.8875 0.32890625
0 0.9515625 0.32265625 0.94921875 0.3171875 0.94375 0.32578125 0.9515625 0.32265625
0 0.671875 0.16640625 0.66640625 0.159375 0.665625 0.16796875 0.671875 0.16640625