0 0.5350515625 0.2891 0.5358343750000001 0.285378125 0.5363359375 0.2818125 0.5361515625 0.279178125 0.5332859375 0.27647343750000003 0.5306328125 0.27625625 0.5242281249999999 0.2786375 0.52005 0.27944375 0.5167078125 0.28019531249999996 0.513575 0.28210625 0.5122515625 0.28628437500000004 0.5121359375 0.2899921875 0.5171015625 0.293203125 0.521378125 0.2949953125 0.52695 0.297390625 0.5343718749999999 0.2990140625 0.5377546875 0.297309375 0.5385203125 0.29388281250000003 0.537028125 0.2904859375 0.5350515625 0.2891
0 0.4949921875 0.29014375000000003 0.49801406249999997 0.29141875 0.4995453125 0.2917921875 0.5027 0.2902875 0.503678125 0.288346875 0.5040484375000001 0.28547500000000003 0.5028937499999999 0.2827421875 0.5012171875 0.282009375 0.49673125 0.282915625 0.49466093750000006 0.28658125 0.4949921875 0.29014375000000003
0 0.4793 0.26440312499999996 0.47534687499999995 0.2654328125 0.47735312499999993 0.2685609375 0.4812078125 0.2671421875 0.4793 0.26440312499999996
0 0.5423359375000001 0.292834375 0.5445546875 0.2907671875 0.55020625 0.29112499999999997 0.5509359375 0.28896875 0.549365625 0.2877515625 0.5464890625 0.2872234375 0.5446671875 0.2856015625 0.5457687499999999 0.28430625 0.5476 0.28249375 0.5451421875 0.2806328125 0.539490625 0.282590625 0.539490625 0.2834234375 0.5379328125 0.28619531249999997 0.5367578125 0.287403125 0.5362 0.2910078125 0.53868125 0.29340625 0.5423359375000001 0.292834375
0 0.38304062499999997 0.2242390625 0.37867656250000004 0.221653125 0.37175625 0.21955312500000002 0.367190625 0.21900781249999998 0.35909375 0.21777656250000002 0.3517953125 0.2163671875 0.3458234375 0.2172140625 0.341575 0.2195875 0.338184375 0.22039218749999998 0.3264359375 0.224859375 0.325025 0.2268859375 0.3227125 0.23133906249999997 0.32225625 0.2339734375 0.3229828125 0.23731874999999997 0.32525312500000003 0.24082499999999998 0.328078125 0.24342812500000002 0.32984843750000004 0.24412656250000003 0.32931093749999996 0.246421875 0.33015625000000004 0.24963281249999997 0.33104062500000003 0.2513375 0.3324 0.253115625 0.335028125 0.25639531249999997 0.33630781249999997 0.2578953125 0.34098125 0.258809375 0.34433437499999997 0.259615625 0.3472515625 0.26127656250000003 0.348109375 0.2634765625 0.3501296875 0.2649109375 0.3592140625 0.266634375 0.35953124999999997 0.266634375 0.3678625 0.26535312499999997 0.372521875 0.26335000000000003 0.37727656249999997 0.2617140625 0.3851484375 0.2570671875 0.3883609375 0.2518578125 0.3895984375 0.2455609375 0.38864375 0.23641874999999998 0.39021875 0.23375625000000003 0.39 0.23086406249999997 0.3867984375 0.22718124999999997 0.38304062499999997 0.2242390625
0 0.4095890625 0.0159203125 0.406209375 0.012246875 0.395834375 0.0071937500000000005 0.3815484375 0.0019296875000000002 0.37086562500000003 0 0.3604328125 0.0025109375 0.3555921875 0.0037124999999999997 0.35100312499999997 0.0062578124999999995 0.3499234375 0.0082671875 0.3480546875 0.0120390625 0.3368328125 0.0197109375 0.3348671875 0.0205109375 0.33228749999999996 0.02778125 0.33228749999999996 0.0302765625 0.333053125 0.0348703125 0.336965625 0.041868749999999996 0.342221875 0.046896875 0.3472015625 0.051807812499999994 0.35026562499999997 0.053953125000000005 0.35921875000000003 0.05645312500000001 0.3656625 0.0577515625 0.3709734375 0.058043750000000005 0.3765453125 0.059464062500000005 0.38099375 0.0617296875 0.38756875 0.0628234375 0.39311093750000003 0.0604703125 0.40030937499999997 0.057371875 0.40660625 0.0542109375 0.412840625 0.0508140625 0.4142421875 0.0466546875 0.41407499999999997 0.0384328125 0.4138109375 0.030604687499999998 0.41107812499999996 0.021154687499999998 0.4095890625 0.0159203125
0 0.47310468749999995 0.0161203125 0.47374218749999997 0.018632812500000002 0.4757203125 0.0200078125 0.47669843749999996 0.0196015625 0.478534375 0.0178484375 0.47795781249999997 0.0156703125 0.4762953125 0.014828125000000001 0.47517031249999997 0.01525 0.47310468749999995 0.0161203125
0 0.375675 0.12547031250000001 0.379965625 0.12346874999999999 0.3817078125 0.12277656249999999 0.37968437499999996 0.118840625 0.37527656249999997 0.1200671875 0.375675 0.12547031250000001
0 0.56008125 0.13587812500000002 0.5538453125 0.13500625 0.5531375 0.1351140625 0.5450609375 0.1351140625 0.5411328125 0.1331984375 0.53955625 0.13244687500000002 0.53639375 0.1336921875 0.534965625 0.1365078125 0.5334546875 0.13826875 0.5387875 0.143578125 0.541890625 0.1469171875 0.5493921875 0.15017031249999999 0.5631203124999999 0.1502203125 0.5669984375 0.1491671875 0.5658796875000001 0.14105937500000001 0.56008125 0.13587812500000002
0 0.61159375 0.1260921875 0.6073859374999999 0.1290375 0.60966875 0.1315578125 0.61294375 0.1290046875 0.61159375 0.1260921875
0 0.6221984375 0.12605 0.624084375 0.1281640625 0.6249828125 0.129815625 0.6268734375 0.12586875 0.62263125 0.12500625 0.6221984375 0.12605
0 0.5755890625 0.17755625 0.575425 0.1751609375 0.571759375 0.17526406249999998 0.5716421875 0.17849375 0.5730671875 0.1794265625 0.5741109375 0.1789125 0.5755890625 0.17755625
0 0.7070453125 0.283796875 0.7047609375 0.2839671875 0.704325 0.2848578125 0.7047828125 0.286421875 0.707065625 0.28563125 0.7070453125 0.283796875
0 0.66801875 0.3507015625 0.670925 0.353178125 0.67321875 0.3537328125 0.6777953125 0.35418125 0.6796671875 0.3525609375 0.6804484375000001 0.3490359375 0.6789984375 0.3459734375 0.6758968750000001 0.3434359375 0.6735203125 0.34126093750000003 0.670965625 0.3370953125 0.6665734375000001 0.3377640625 0.66530625 0.3387921875 0.66618125 0.3406453125 0.666509375 0.3416546875 0.6659671875 0.3439125 0.6661125 0.345296875 0.6678140625 0.3472078125 0.6678734375000001 0.3489390625 0.66801875 0.3507015625
0 0.600746875 0.35394375 0.5993859375 0.3519671875 0.59633125 0.3541578125 0.5979265625 0.3561375 0.600746875 0.35394375
0 0.65171875 0.341 0.65139375 0.342946875 0.65421875 0.3433984375 0.6545093750000001 0.3420921875 0.65171875 0.341
0 0.3583765625 0.44182343749999997 0.358853125 0.43604062499999996 0.3628234375 0.4315546875 0.3595671875 0.42762031250000004 0.351465625 0.4321921875 0.3583765625 0.44182343749999997
0 0.41798906249999995 0.4513890625 0.413853125 0.45302031249999997 0.41603124999999996 0.45691249999999994 0.41765625 0.4546046875 0.41798906249999995 0.4513890625
0 0.662790625 0.69296875 0.6647734375 0.69275 0.6682578125 0.6907687499999999 0.6688390625 0.6903328125 0.6703718750000001 0.6877 0.6707296875 0.685125 0.6692625 0.6825296875 0.6660078125 0.6822796875 0.6631171874999999 0.68458125 0.6617515625 0.6866796875000001 0.6577109375 0.688171875 0.656571875 0.689884375 0.65696875 0.6919265625000001 0.6600718750000001 0.69296875 0.662790625 0.69296875
0 0.699821875 0.734540625 0.6998234375 0.7386140625000001 0.7045375 0.7408484375 0.706359375 0.7410640625 0.7075218750000001 0.738053125 0.706696875 0.7343703125000001 0.7059109375 0.7320234375 0.704415625 0.7316953125000001 0.7024 0.7316984375 0.699821875 0.734540625
0 0.360003125 0.7280734375 0.358740625 0.725446875 0.3565015625 0.7252875000000001 0.35290937499999997 0.7274875 0.3524484375 0.7281015625 0.35290625000000003 0.7294484375 0.35406875000000004 0.730953125 0.3585109375 0.7308109375 0.360003125 0.7280734375
0 0.3324671875 0.705125 0.3348703125 0.703978125 0.3341859375 0.7026109375 0.3320109375 0.7022984375 0.3312921875 0.7040828125 0.3324671875 0.705125
0 0.3415078125 0.71978125 0.3444390625 0.7188296875 0.3444390625 0.7180578125 0.3408296875 0.7171796875 0.3401484375 0.7190937500000001 0.3415078125 0.71978125
0 0.5114734375000001 0.8932765625 0.5094796875000001 0.8943031250000001 0.509296875 0.8965109375000001 0.5121484374999999 0.8985468750000001 0.5147609375 0.8987921875 0.5154640625 0.8955046875000001 0.51399375 0.89388125 0.5114734375000001 0.8932765625
0 0.344671875 0.928825 0.3487921875 0.9297390625 0.3516171875 0.9303765625 0.3537015625 0.929475 0.353703125 0.9276734375 0.353046875 0.925753125 0.3518671875 0.9237328125 0.35074375 0.9232171875 0.349646875 0.9236531250000001 0.3457125 0.92485 0.34273125000000004 0.9266515625 0.344671875 0.928825
0 0.36318125 0.9393484375 0.36567656249999997 0.937109375 0.3661390625 0.9353875 0.362940625 0.932209375 0.36020625 0.9312578125 0.35767812499999996 0.9318093749999999 0.355653125 0.932940625 0.35491875 0.9340937500000001 0.355734375 0.9374546875 0.35969531250000003 0.9388203125000001 0.36318125 0.9393484375
0 0.748340625 0.912565625 0.73861875 0.912365625 0.7352921875 0.9126734375 0.7265390625 0.9130125 0.7204390625 0.9142328125000001 0.713415625 0.9159671875000001 0.7102875 0.9173734375 0.707128125 0.9213734375 0.7057109374999999 0.9274453125000001 0.7106484375 0.9337796875000001 0.713059375 0.9391828125 0.7132671875 0.939934375 0.716903125 0.9416296875000001 0.7203984375 0.9406078125 0.7234546875000001 0.9408859375 0.7292234375 0.9402359375 0.7334343750000001 0.93894375 0.7382515625 0.9369515625 0.7435515625 0.9338265625 0.7517671874999999 0.930640625 0.753653125 0.9287000000000001 0.75545 0.9260187500000001 0.75681875 0.9203296875 0.7549953125 0.9160890625 0.752328125 0.9136484375 0.748340625 0.912565625
0 0.790490625 0.8934546875 0.7861125 0.890753125 0.7802890625 0.8874328125 0.7763515625 0.8844031250000001 0.7728375 0.8801656250000001 0.7689984375 0.878371875 0.765240625 0.8786968749999999 0.7616078125 0.8810453125000001 0.762146875 0.88339375 0.7623984375 0.88630625 0.76655625 0.88929375 0.771428125 0.8910453125 0.77475625 0.8936234375 0.7765765625000001 0.8954125 0.7785578125 0.8985640625 0.7809859375 0.90041875 0.78161875 0.90281875 0.78466875 0.9046078124999999 0.7897671875000001 0.900615625 0.79186875 0.8979109375000001 0.790490625 0.8934546875
0 0.8092937499999999 0.9165484375 0.810575 0.913359375 0.809590625 0.909021875 0.8061234374999999 0.9042703124999999 0.8019515625 0.9008234375 0.7980953125 0.9005750000000001 0.7924921875 0.9017765624999999 0.7914546875 0.9023375 0.7917234375 0.9038812500000001 0.7894812499999999 0.905078125 0.7889609375 0.906375 0.79193125 0.9087249999999999 0.7941625 0.9100609375 0.7963671875 0.912634375 0.7963671875 0.9132250000000001 0.7964484374999999 0.916490625 0.7980453125 0.9182390625 0.8002234375 0.9195640624999999 0.8029671875 0.9199359375 0.8069546875 0.9187359374999999 0.8092937499999999 0.9165484375
0 0.701040625 0.97708125 0.6974734375 0.9780093750000001 0.6885421875 0.98544375 0.6945109375 0.985865625 0.696596875 0.984846875 0.7007953125 0.9818859375000001 0.7020906250000001 0.9791203124999999 0.701040625 0.97708125
0 0.8012859375 0.9456109375 0.7997109375 0.9449406249999999 0.7946390625 0.9465546874999999 0.7958031250000001 0.9490140625000001 0.797465625 0.9495921875000001 0.80235 0.9483937499999999 0.8028515625000001 0.9473828125000001 0.8012859375 0.9456109375
0 0.7212953125 0.95216875 0.720340625 0.9511984375000001 0.7175906249999999 0.9503140625000001 0.7176781250000001 0.9541421874999999 0.7196578125 0.95445625 0.7220328125 0.9541390625 0.7212953125 0.95216875
0 0.92875 0.8317984375 0.92875 0.8347875 0.9297531250000001 0.8360359374999999 0.9360125 0.8368593750000001 0.9388781249999999 0.8359875000000001 0.9413265624999999 0.832228125 0.9388156249999999 0.8271000000000001 0.9333234375 0.826990625 0.9310921875 0.8278265625 0.92914375 0.8301109375 0.92875 0.8317984375
0 0.9959171874999999 0.8993890625000001 0.9971078125 0.8962375 0.9973625 0.8900375 0.9958406249999999 0.886690625 0.9931046875 0.8815296874999999 0.9834078125 0.8794875 0.9754796875 0.87816875 0.9734624999999999 0.8788546875 0.9716109375 0.8801609375 0.9641546875 0.8825312500000001 0.960153125 0.886790625 0.9579093750000001 0.890753125 0.9586781249999999 0.8935328124999999 0.9609500000000001 0.8970499999999999 0.961321875 0.90021875 0.9650578124999999 0.9036234375 0.9688359375 0.9070843749999999 0.9717796875 0.9088453124999999 0.978778125 0.9097406250000001 0.9808515625 0.9110906249999999 0.9875328124999999 0.9104828125 0.9936031249999999 0.9050140624999999 0.9959171874999999 0.8993890625000001
0 0.9229937500000001 0.947175 0.9225937500000001 0.9463437499999999 0.9210625 0.9447046875 0.9203234374999999 0.9448624999999999 0.9182515625000001 0.9466046875 0.9173937499999999 0.947565625 0.9155328125000001 0.9489124999999999 0.9137109375 0.9508906250000001 0.91616875 0.9521875 0.9229937500000001 0.947175
0 0.9318078125 0.9536109375 0.93408125 0.9558765625 0.935690625 0.9560921875 0.9381453125 0.95523125 0.9390421874999999 0.9541999999999999 0.93929375 0.9524781250000001 0.9370218749999999 0.9511796875 0.934684375 0.9511796875 0.9318078125 0.9520375 0.9318078125 0.9536109375
0 0.1192234375 0.8059156249999999 0.11983124999999999 0.8077421875 0.1237 0.8091078125 0.126075 0.8093046875000001 0.1284921875 0.806453125 0.1278640625 0.8030671875 0.1258078125 0.8012656249999999 0.1232140625 0.800621875 0.12125468749999999 0.801209375 0.1198015625 0.802675 0.1192234375 0.8059156249999999
0 0.2393421875 0.6925265625 0.238925 0.6944546875000001 0.2400734375 0.6967156250000001 0.241684375 0.6971375 0.24358437500000002 0.6962265624999999 0.24383593750000002 0.6948203125 0.24288125 0.6932359375 0.2416765625 0.692265625 0.2393421875 0.6925265625
0 0.08418281250000001 0.6844015625 0.083259375 0.6837328125 0.07987968749999999 0.6840015625 0.077978125 0.68503125 0.0779375 0.6864078124999999 0.0807484375 0.68731875 0.0826046875 0.68731875 0.08458125 0.6864140625 0.08418281250000001 0.6844015625
0 0.094584375 0.558890625 0.093078125 0.55765625 0.0891015625 0.5577171875 0.08870781250000001 0.5590921875 0.08891875 0.5607359375 0.08969843749999999 0.5618937500000001 0.0944765625 0.5601484375 0.094584375 0.558890625
0 0.09281249999999999 0.5216359374999999 0.09227031249999999 0.523359375 0.09508124999999999 0.523825 0.09714375 0.520621875 0.0961203125 0.518146875 0.09281249999999999 0.5216359374999999
0 0.1264078125 0.42795937500000003 0.129815625 0.42835 0.13194062499999998 0.42447656250000004 0.12964375 0.42487031249999996 0.12777031249999998 0.425246875 0.12705781249999998 0.42559375 0.12609375 0.42647500000000005 0.1264078125 0.42795937500000003
0 0.059321875 0.4194171875 0.057878125 0.4190828125 0.0553484375 0.42238125000000004 0.058176562499999994 0.4264765625 0.06071093749999999 0.42326874999999997 0.061001562499999995 0.4215640625 0.059740625000000006 0.419734375 0.059321875 0.4194171875
0 0.0828921875 0.4030265625 0.08349999999999999 0.40576249999999997 0.08705 0.4047515625 0.0860140625 0.40297031250000004 0.0828921875 0.4030265625
0 0.16198125000000002 0.3125 0.160965625 0.3119421875 0.1596203125 0.3122109375 0.1554234375 0.3127546875 0.1528484375 0.3160703125 0.1512234375 0.3181796875 0.15225781249999998 0.321309375 0.1581765625 0.3213015625 0.16088750000000002 0.3165296875 0.16198125000000002 0.3125
0 0.233684375 0.3360484375 0.232625 0.33723437500000003 0.2345265625 0.3390609375 0.23719218749999998 0.3388125 0.24083749999999998 0.3373953125 0.240615625 0.334959375 0.23929062499999998 0.3336125 0.2385421875 0.3330171875 0.23792343749999997 0.33338125 0.233684375 0.3360484375
0 0.20772343750000002 0.3440640625 0.2060390625 0.3416578125 0.20414531249999998 0.3416421875 0.20051562500000003 0.34554999999999997 0.20389531249999998 0.3463421875 0.20435781249999999 0.34588593749999996 0.20772343750000002 0.3440640625
0 0.24176875 0.4386109375 0.24358125 0.4426375 0.24658281249999997 0.4389875 0.24176875 0.4386109375
0 0.20749374999999998 0.20649531250000003 0.20938125 0.20192656250000002 0.205053125 0.20320624999999998 0.20490781249999998 0.20502812499999998 0.20749374999999998 0.20649531250000003
0 0.191640625 0.1819609375 0.190234375 0.1798953125 0.186859375 0.1777546875 0.18466875 0.1812609375 0.18653124999999998 0.1828328125 0.1889875 0.18387343750000001 0.191071875 0.184059375 0.191640625 0.1819609375
0 0.12064531249999999 0.003346875 0.11844531250000001 0.0050296874999999994 0.118409375 0.0081765625 0.1211328125 0.013746875 0.122678125 0.0154390625 0.126428125 0.016618749999999998 0.13084374999999998 0.015340625 0.132053125 0.012525 0.131978125 0.0092875 0.132921875 0.0053203124999999995 0.130109375 0.004042187500000001 0.12381875 0.0033484375 0.12064531249999999 0.003346875
0 0.208278125 0.0923859375 0.21193125 0.09660625 0.2146390625 0.09409218750000001 0.2122 0.0923203125 0.208278125 0.0923859375
0 0.9065953125 0.11833750000000001 0.9071078124999999 0.12138750000000001 0.908078125 0.12302187499999999 0.91320625 0.12368125 0.9148421875 0.12100312499999999 0.915275 0.11794843749999999 0.916534375 0.11452031250000001 0.9149890624999999 0.1123984375 0.9131671875 0.1115265625 0.9077249999999999 0.1096203125 0.905778125 0.10892187499999999 0.9023187500000001 0.1102671875 0.9014875 0.1133171875 0.902859375 0.11563281249999999 0.905084375 0.1163359375 0.9065953125 0.11833750000000001
0 0.9686625 0.10293749999999999 0.9677578125 0.103340625 0.969078125 0.106565625 0.9726687500000001 0.10760624999999999 0.9753859374999999 0.1069328125 0.97499375 0.1034265625 0.9728656250000001 0.1023671875 0.9686625 0.10293749999999999
0 0.8719734375 0.311703125 0.8704546875 0.3110890625 0.8671734375 0.31270625 0.8684875 0.31674531250000004 0.8724328124999999 0.3167015625 0.8735953125 0.314790625 0.8719734375 0.311703125
0 1 0.3138078125 0.9989828125000001 0.312784375 0.9916265624999999 0.31629843750000003 1 0.3211203125 1 0.3138078125
0 0.9821671875 0.4454890625 0.9863937500000001 0.44628281249999996 0.9887046875 0.44451875 0.9902124999999999 0.4409734375 0.9912828125 0.43740781249999994 0.9925515624999999 0.43517031250000004 0.9922640625 0.4333296875 0.989340625 0.4324171875 0.9871281249999999 0.4331796875 0.9839625 0.43420312499999997 0.9820593750000001 0.4354796875 0.98105 0.43797968750000005 0.9800156250000001 0.4406125 0.9803062499999999 0.4430484375 0.9821671875 0.4454890625
0 0.8603390624999999 0.5404718749999999 0.860775 0.5423390625 0.8623453124999999 0.543725 0.8648265625 0.5434640625 0.8665171875000001 0.5427109375 0.868009375 0.5401671875 0.8674734374999999 0.5383843749999999 0.86651875 0.537334375 0.8649203125 0.536253125 0.8609406249999999 0.538784375 0.8603390624999999 0.5404718749999999
0 0.9605343749999999 0.5966828125 0.9612875000000001 0.5997874999999999 0.962 0.6000515625 0.9653796874999999 0.5995078125 0.9661312499999999 0.59894375 0.9662640625 0.597003125 0.9662843750000001 0.5957 0.9652062499999999 0.594996875 0.961634375 0.5952796874999999 0.9605343749999999 0.5966828125
0 0.8194140624999999 0.6606578125 0.82165625 0.661934375 0.822078125 0.661934375 0.8249703125 0.66023125 0.8257625000000001 0.6592015625000001 0.8260125 0.657359375 0.8254515625 0.6565078125 0.8254515625 0.654409375 0.8255625 0.6524890625 0.8212718750000001 0.6531906249999999 0.8188625 0.6542625 0.817946875 0.6556375 0.818659375 0.65730625 0.8192015625 0.6577890625 0.81930625 0.659440625 0.8194140624999999 0.6606578125