0 0.4759578125 0.134815625 0.47009375000000003 0.1372453125 0.4610765625 0.149859375 0.4587671875 0.1547125 0.45577968750000003 0.15865 0.4550109375 0.16989218749999999 0.45311874999999996 0.182871875 0.45391875 0.195334375 0.452140625 0.200053125 0.47055468749999996 0.21370781249999998 0.49063437499999996 0.224875 0.510140625 0.23421562499999998 0.51926875 0.2306359375 0.52334375 0.22656562500000002 0.5441859375 0.22402812499999997 0.5571328125 0.2241328125 0.5678171875 0.221925 0.5799515625 0.217625 0.590609375 0.2125453125 0.594378125 0.2043734375 0.6024203124999999 0.19736875 0.609028125 0.19529687499999998 0.6147328125 0.1919734375 0.6170875 0.18859375 0.622025 0.1785859375 0.6243796875000001 0.172709375 0.6231671875 0.17145 0.6200015624999999 0.1665234375 0.62031875 0.1626078125 0.6193828124999999 0.159709375 0.6162828124999999 0.1574375 0.615478125 0.15246875 0.613746875 0.1472015625 0.6090578125 0.1451078125 0.5985406249999999 0.13655781250000001 0.5932953125 0.133203125 0.5862625 0.131803125 0.5850296875 0.1321765625 0.579278125 0.1258453125 0.57793125 0.1231484375 0.577078125 0.12031875 0.5625875 0.1170234375 0.5515875 0.1136546875 0.5434328125000001 0.11180000000000001 0.5330203124999999 0.1132484375 0.5216624999999999 0.1166625 0.5151749999999999 0.1177 0.502178125 0.1209296875 0.48948281250000003 0.1273796875 0.4759578125 0.134815625
0 0.26832656250000003 0.0773578125 0.2680109375 0.082178125 0.270296875 0.08504843749999999 0.2778546875 0.0850390625 0.28125 0.08070000000000001 0.2797 0.0768453125 0.27839375 0.075521875 0.27408125 0.0750671875 0.2705421875 0.0752546875 0.26832656250000003 0.0773578125
0 0.3260984375 0.1396109375 0.32720781250000003 0.1414625 0.3317328125 0.14224375 0.33446875 0.14101406249999998 0.335690625 0.138121875 0.3361890625 0.1341453125 0.33229375 0.1329078125 0.3313984375 0.1329078125 0.32715625 0.1350625 0.3260984375 0.1396109375
0 0.5215578125 0.35607500000000003 0.5266953125 0.3591484375 0.529096875 0.35685781250000004 0.5300953125000001 0.35091875 0.5277578125 0.34978750000000003 0.523884375 0.3489140625 0.5198484375 0.3489140625 0.5187734374999999 0.35105 0.5215578125 0.35607500000000003
0 0.13425 0.38456875 0.12988125 0.39305625 0.138234375 0.397340625 0.1415609375 0.3984609375 0.15972187499999999 0.40214999999999995 0.173365625 0.40083437499999997 0.1832796875 0.3996203125 0.18077656250000002 0.3955109375 0.18561875 0.390315625 0.189759375 0.3935578125 0.193903125 0.38935 0.1991546875 0.3850625 0.2017578125 0.3812921875 0.199959375 0.37565624999999997 0.200775 0.36848125 0.20013593749999997 0.3654859375 0.1896859375 0.3634140625 0.1832 0.36312812499999997 0.1829515625 0.371346875 0.182415625 0.3714828125 0.173915625 0.3684703125 0.1680203125 0.3674109375 0.1659984375 0.3726375 0.16228125 0.37277187500000003 0.1591140625 0.36809375 0.15605625 0.370265625 0.1470734375 0.3752234375 0.13425 0.38456875
0 0.4897125 0.5784953125000001 0.4884328125 0.5806515625 0.48081874999999996 0.5767796875 0.47810625 0.577378125 0.476653125 0.5823203125 0.486271875 0.594896875 0.48919687500000003 0.600128125 0.4930078125 0.61106875 0.49765625 0.6181656249999999 0.508403125 0.6282875 0.5167453125 0.6310781249999999 0.5280453125 0.637975 0.5426624999999999 0.6455546875 0.5500546875000001 0.64776875 0.56656875 0.646121875 0.5719578125 0.6434078125 0.5766875 0.6398843750000001 0.5811468750000001 0.6345109375 0.6024453125 0.632440625 0.6133109375 0.62211875 0.6166140625 0.6182953125 0.6197203124999999 0.605534375 0.621415625 0.60355 0.62689375 0.5991500000000001 0.633909375 0.588446875 0.6326046875 0.5822625 0.6312734375 0.5728187499999999 0.61939375 0.566575 0.5924031249999999 0.553784375 0.5931375 0.5533203125 0.5881109375 0.55000625 0.5832625 0.548375 0.5713984375 0.5477359374999999 0.55780625 0.5490109375000001 0.5427296875 0.5505046874999999 0.5416562500000001 0.5505046874999999 0.515871875 0.5535625 0.5067 0.5583 0.50298125 0.5645156250000001 0.50134375 0.572040625 0.4965921875 0.5724140625 0.4897125 0.5784953125000001
0 0.31149375 0.63591875 0.3084390625 0.635228125 0.3043046875 0.6360078125 0.302915625 0.6380796875 0.3020640625 0.6411687500000001 0.303265625 0.6467031249999999 0.3056203125 0.6486046875 0.3090609375 0.6493515624999999 0.3120015625 0.6478328125 0.31268125 0.6459109375 0.314175 0.6408171874999999 0.3141375 0.6375124999999999 0.31149375 0.63591875
0 0.26782343750000004 0.6848765625000001 0.2621875 0.6816890625 0.26063281250000003 0.6796046875 0.254296875 0.6791046875 0.2513375 0.680715625 0.25318125 0.6875046874999999 0.25331875 0.6909171875 0.251340625 0.695634375 0.251278125 0.6966859375000001 0.2567078125 0.6974843749999999 0.26037499999999997 0.6971671875000001 0.2657171875 0.6957859375 0.27132812500000003 0.693784375 0.2689921875 0.689125 0.26782343750000004 0.6848765625000001
0 0.1968625 0.7101234375 0.2091515625 0.7086078125 0.21496718750000002 0.7049015625 0.218565625 0.7032 0.22839062499999999 0.69933125 0.23110624999999999 0.6962109375 0.232578125 0.6929453125 0.236178125 0.6874703125 0.233909375 0.6836562500000001 0.2314625 0.680009375 0.227940625 0.676653125 0.21907031250000003 0.6741890625 0.216484375 0.6733984375000001 0.21230937499999997 0.6725734375 0.20185312500000002 0.6693875 0.191728125 0.668278125 0.1865375 0.6719796875 0.1858015625 0.67748125 0.18859062499999998 0.685496875 0.188415625 0.690828125 0.18386249999999998 0.69539375 0.18119375 0.6996703125 0.18144218750000002 0.7070359374999999 0.1885984375 0.711775 0.1968625 0.7101234375
0 0.1667078125 0.6759421875 0.16707812500000002 0.6756609375 0.16023437499999998 0.6735890625 0.1572765625 0.67705 0.15926875000000001 0.682990625 0.1633265625 0.6891015625 0.167634375 0.6965046874999999 0.1722515625 0.6978296875 0.1785421875 0.6963140625 0.180896875 0.6920484375 0.179728125 0.687740625 0.1777078125 0.6836875 0.1740921875 0.6786531250000001 0.1667078125 0.6759421875
0 0.15649375000000001 0.6881859375 0.153353125 0.6885078124999999 0.1529484375 0.691246875 0.1529484375 0.6930796875 0.15523437499999998 0.6950828125 0.1589921875 0.694040625 0.1612984375 0.6900000000000001 0.15649375000000001 0.6881859375
0 0.8133609375 0.80126875 0.8130453125000001 0.7983046875 0.809271875 0.7957124999999999 0.8030984374999999 0.793775 0.801609375 0.797215625 0.8011156250000001 0.7995578125 0.8021125 0.8004234374999999 0.8111671875 0.80258125 0.8133609375 0.80126875
0 0.0452546875 0.8323499999999999 0.047790624999999996 0.8278890625 0.041293750000000004 0.824121875 0.038421875 0.8279203125000001 0.0400078125 0.8288875000000001 0.0452546875 0.8323499999999999
0 0.0777984375 0.916290625 0.07758437500000001 0.9185109375 0.08126875 0.918140625 0.080503125 0.913053125 0.0777984375 0.916290625
0 0.1208109375 0.45221718749999995 0.11782343749999999 0.449971875 0.11545625 0.4523125 0.11248125 0.4544671875 0.11359062499999999 0.45636875000000005 0.11856875 0.45798125 0.12033281250000001 0.4561625 0.1208109375 0.45221718749999995
0 0.047843750000000004 0.3522046875 0.050898437500000004 0.34863125 0.0484453125 0.347434375 0.042285937499999995 0.3459375 0.0415734375 0.349709375 0.0414171875 0.351846875 0.0422328125 0.353984375 0.0455140625 0.35402187500000004 0.047843750000000004 0.3522046875
0 0.012578125 0.3493578125 0.0166984375 0.349565625 0.0166984375 0.3475828125 0.018598437500000002 0.34466874999999997 0.0171859375 0.342840625 0.0142234375 0.3427078125 0.011375 0.3459828125 0.0109484375 0.3478484375 0.012578125 0.3493578125
0 0.95441875 0.745621875 0.9515 0.750153125 0.9531078125000001 0.7549390625 0.959178125 0.75906875 0.9710875 0.7590765625 0.9713359374999999 0.7553359375 0.97165625 0.75071875 0.9692046875000001 0.7469359375 0.9679625 0.74475 0.958690625 0.744009375 0.95441875 0.745621875
0 0.872946875 0.820284375 0.8773843749999999 0.8164359375 0.8751421875000001 0.8126953125 0.8731203125 0.806515625 0.8693937500000001 0.806721875 0.866225 0.809759375 0.867153125 0.813528125 0.8689406249999999 0.8155140624999999 0.872946875 0.820284375
0 0.9050968749999999 0.482925 0.9116875 0.47745468750000003 0.9043218749999999 0.4730765625 0.9026859375 0.4746046875 0.8998625 0.4750640625 0.898940625 0.47791562499999996 0.9006171875 0.483109375 0.9050968749999999 0.482925
0 0.8900453125000001 0.49926250000000005 0.8887015625 0.5063546875 0.8939734375 0.50480625 0.8900453125000001 0.49926250000000005
0 0.8711296875000001 0.5237046875 0.8721265624999999 0.521040625 0.86866875 0.520721875 0.867346875 0.5190625 0.8635828125 0.5197578125 0.864084375 0.5228796874999999 0.8682718749999999 0.5273625 0.8709875 0.5269078125 0.8711296875000001 0.5237046875
0 0.8604890624999999 0.30826875 0.8655125 0.3029578125 0.8635765624999999 0.3010328125 0.8581375 0.30015625 0.8561671875 0.3009703125 0.8536781250000001 0.30470312499999996 0.855646875 0.30729843749999997 0.8604890624999999 0.30826875
0 0.8193265625 0.3199234375 0.8221562499999999 0.322078125 0.8283171875 0.314659375 0.8250390624999999 0.31343125 0.8193265625 0.3199234375