0 0.7598390625 0.504934375 0.7721218750000001 0.5049812499999999 0.7782328125 0.5047937499999999 0.7610109375 0.49804531250000006 0.754653125 0.4954015625 0.747871875 0.494290625 0.7345921875 0.4921078125 0.7255703125 0.4906265625 0.725896875 0.49138125 0.72390625 0.49138125 0.7252140625 0.4964765625 0.73466875 0.501978125 0.7453796875 0.5040281249999999 0.7598390625 0.504934375
0 0.4352984375 0.5811671875 0.446371875 0.575571875 0.45096875000000003 0.5681499999999999 0.4510296875 0.5646390625000001 0.44428906250000005 0.563859375 0.4357015625 0.5643265625 0.43523281249999995 0.55924375 0.43225468749999996 0.5595718749999999 0.42926562500000004 0.5577359375000001 0.421853125 0.554315625 0.41071875 0.5490703124999999 0.3980359375 0.5436484375 0.38453125 0.54139375 0.376309375 0.542209375 0.3696609375 0.543171875 0.361334375 0.5408593749999999 0.356396875 0.5399078125 0.32921875 0.5383734375 0.30863593749999996 0.5431578125 0.281440625 0.5486625 0.2713203125 0.554225 0.2703578125 0.562325 0.27363593750000004 0.569771875 0.2778640625 0.5771640625 0.282478125 0.5828156250000001 0.28856875 0.5872109375 0.29342812500000004 0.5902140625000001 0.30684374999999997 0.592840625 0.3147828125 0.5961609375 0.3215796875 0.6005765625 0.3319671875 0.6055125 0.342884375 0.6082546875 0.367384375 0.6081937500000001 0.3800703125 0.6056046875 0.3935171875 0.600421875 0.4129734375 0.5955296875 0.41733750000000003 0.5944875 0.42888593750000004 0.588365625 0.4352984375 0.5811671875
0 0.390309375 0.3899 0.3802703125 0.3878171875 0.3759578125 0.389534375 0.3665453125 0.39218125000000004 0.36534218749999997 0.39593124999999996 0.37494218749999997 0.40061875 0.378284375 0.4020578125 0.38487187500000003 0.4070625 0.3927 0.4099828125 0.43462968750000003 0.41468125 0.43538750000000004 0.41439062499999996 0.440609375 0.41724375 0.45027343750000004 0.41925625 0.4613921875 0.41718124999999995 0.47058125000000006 0.4150578125 0.4796625 0.414875 0.49146718749999996 0.4135359375 0.49814687500000004 0.40891875000000005 0.4953453125 0.4029890625 0.4901859375 0.3971015625 0.48040000000000005 0.3936546875 0.47571874999999997 0.3927234375 0.46120312500000005 0.3897140625 0.4538078125 0.3875984375 0.4456390625 0.3856265625 0.429709375 0.38382499999999997 0.421040625 0.38382499999999997 0.4050640625 0.38605625 0.390309375 0.3899
0 0.4253 0.4591046875 0.428875 0.4572953125 0.4323234375 0.45479531250000005 0.4226734375 0.45336718749999994 0.42065 0.45419375000000006 0.42237656250000005 0.459675 0.4253 0.4591046875
0 0.7255640624999999 0.6710265625 0.7289078124999999 0.6717734375 0.7346468749999999 0.6731765625 0.7353015625 0.6696500000000001 0.7271921875 0.665475 0.72740625 0.6647093749999999 0.7314546875 0.6609875 0.729284375 0.6587421875 0.7240593750000001 0.656415625 0.70946875 0.657303125 0.7072140625000001 0.6618484375 0.7086953125 0.664259375 0.7106484375 0.667459375 0.7183796874999999 0.669440625 0.7255640624999999 0.6710265625
0 0.8115453125000001 0.6610968749999999 0.807421875 0.65798125 0.7999171875 0.655525 0.7930109375 0.655484375 0.785090625 0.6558765625 0.7805359375 0.6560859375 0.7670125 0.658015625 0.7643859375 0.6581203125 0.7606046875 0.657809375 0.7569140625 0.6628578125 0.7558671875 0.6659921875 0.7584734375 0.6702203124999999 0.761465625 0.6731203125 0.7656546875 0.6754078125 0.7711812499999999 0.6777828125 0.7775359374999999 0.6811390625 0.7863046875 0.6843296875 0.7916390625 0.6861671874999999 0.79815625 0.690346875 0.803665625 0.6937015625 0.8099343749999999 0.6958671875 0.8165921875000001 0.6947421874999999 0.824734375 0.6901890625 0.827803125 0.6848375 0.823903125 0.6811812500000001 0.8180140625 0.6777328125000001 0.8134078125 0.6743921875 0.811290625 0.671078125 0.8126296875 0.6666671875 0.8115453125000001 0.6610968749999999
0 0.8354593749999999 0.6826749999999999 0.8400359375 0.6823406249999999 0.8421671875 0.67945 0.84099375 0.6740375000000001 0.84099375 0.6738265625000001 0.8461187499999999 0.670546875 0.8433703124999999 0.6655171875 0.8364828125000001 0.6663265625 0.8347906249999999 0.6680609375000001 0.8264140624999999 0.6699125 0.8238625 0.6712453125 0.8225906249999999 0.673784375 0.822978125 0.6771828125 0.8264093750000001 0.68038125 0.8354593749999999 0.6826749999999999
0 0.8503296875 0.6809406250000001 0.8544421874999999 0.6849140625000001 0.861328125 0.6837203125 0.8606046875000001 0.6788859375 0.8490203125000001 0.676865625 0.8503296875 0.6809406250000001
0 0.8430624999999999 0.7168515625 0.8436187500000001 0.7145609375 0.8353203125 0.714653125 0.8368593750000001 0.7172546875 0.8430624999999999 0.7168515625
0 0.9567953125 0.7912250000000001 0.9558015624999999 0.7897203125 0.954603125 0.7892859375 0.9523859375000001 0.7913421875 0.9536031250000001 0.79410625 0.9575109375 0.793603125 0.9567953125 0.7912250000000001
0 0.8180999999999999 0.5345203125 0.8147046874999999 0.5340453125 0.8110843750000001 0.5341203125 0.8139546875000001 0.537271875 0.8185640624999999 0.5376359374999999 0.8210796874999999 0.5362109375 0.8180999999999999 0.5345203125
0 0.009890625 0.4864890625 0.0038171875000000003 0.4843890625 0.0012359375 0.484990625 0 0.48822968749999995 0.00031874999999999997 0.49166718749999994 0.0029406249999999997 0.4923796875 0.009381249999999999 0.49030625 0.010771875 0.4881796875 0.009890625 0.4864890625
0 0.022678125 0.50993125 0.015512500000000002 0.5150750000000001 0.0203703125 0.51430625 0.0227453125 0.5125656249999999 0.026459375 0.509990625 0.0276578125 0.506796875 0.024753125 0.507334375 0.022678125 0.50993125
0 0.0358203125 0.374215625 0.03939375 0.3759421875 0.0453453125 0.37674375000000004 0.0497109375 0.375659375 0.053478125 0.3743515625 0.0578609375 0.372371875 0.057987500000000004 0.370378125 0.05563125 0.3690578125 0.054474999999999996 0.3689671875 0.0490515625 0.3703296875 0.0430140625 0.37016875 0.0357328125 0.3695703125 0.0358203125 0.374215625
0 0.17624375 0.21956250000000002 0.177071875 0.2243671875 0.1820734375 0.2291484375 0.186596875 0.2304796875 0.188796875 0.22551562500000003 0.188990625 0.221184375 0.1842484375 0.21414687500000001 0.18234375 0.21202031250000003 0.1788546875 0.212275 0.17624375 0.21956250000000002
0 0.143825 0.18881874999999998 0.1469953125 0.19325625 0.1494609375 0.1971234375 0.1520140625 0.20277656249999998 0.1524546875 0.2077578125 0.1542703125 0.2140703125 0.154734375 0.222303125 0.152725 0.22653281249999999 0.160490625 0.22495781250000002 0.16428125 0.2189375 0.168884375 0.20852656249999998 0.16786875 0.2035640625 0.16743125 0.20271875 0.1722375 0.2024375 0.168925 0.1909734375 0.16560312500000002 0.188821875 0.1589890625 0.192634375 0.1573171875 0.194940625 0.1506078125 0.184296875 0.14269062500000002 0.1761984375 0.1350046875 0.17331875000000002 0.1273640625 0.17099375 0.12049687499999999 0.169790625 0.111675 0.17312812500000002 0.107265625 0.1745421875 0.0960015625 0.174396875 0.09140781249999999 0.1777796875 0.08429687500000001 0.1803859375 0.078103125 0.1829765625 0.068990625 0.18522031249999998 0.0681890625 0.188159375 0.074896875 0.1931171875 0.07924375 0.19585468749999999 0.0856375 0.18696875 0.09525625 0.184178125 0.0989171875 0.182565625 0.109625 0.1804640625 0.11258125000000001 0.179921875 0.1252890625 0.17977656250000001 0.1306046875 0.180471875 0.1359921875 0.18201875 0.13944218749999998 0.1844859375 0.143825 0.18881874999999998
0 0.0554171875 0.217409375 0.055376562500000004 0.207671875 0.0519390625 0.2072640625 0.050460937500000004 0.20861093749999998 0.046104687500000005 0.21661718749999997 0.0462484375 0.224425 0.0473625 0.22411093750000002 0.0514890625 0.22244999999999998 0.0554171875 0.217409375
0 0.64765625 0.6234375 0.6484375 0.62890625 0.65703125 0.6296875 0.659375 0.62421875 0.64765625 0.6234375