0 0.274103125 0.49138125 0.27442968749999996 0.4906265625 0.2654078125 0.4921078125 0.252128125 0.494290625 0.245346875 0.4954015625 0.23898906250000002 0.49804531250000006 0.22176718750000002 0.5047937499999999 0.22787812500000001 0.5049812499999999 0.2401609375 0.504934375 0.2546203125 0.5040281249999999 0.26533125 0.501978125 0.2747859375 0.4964765625 0.27609374999999997 0.49138125 0.274103125 0.49138125
0 0.6199296875 0.6056046875 0.632615625 0.6081937500000001 0.657115625 0.6082546875 0.6680328125 0.6055125 0.6784203125 0.6005765625 0.6852171874999999 0.5961609375 0.69315625 0.592840625 0.7065718750000001 0.5902140625000001 0.71143125 0.5872109375 0.717521875 0.5828156250000001 0.7221359374999999 0.5771640625 0.7263640625 0.569771875 0.7296421875 0.562325 0.7286796875 0.554225 0.718559375 0.5486625 0.6913640625 0.5431578125 0.67078125 0.5383734375 0.643603125 0.5399078125 0.638665625 0.5408593749999999 0.6303390624999999 0.543171875 0.6236906249999999 0.542209375 0.61546875 0.54139375 0.6019640625 0.5436484375 0.58928125 0.5490703124999999 0.5781468750000001 0.554315625 0.570734375 0.5577359375000001 0.5677453125 0.5595718749999999 0.5647671875 0.55924375 0.5642984375 0.5643265625 0.5557109375 0.563859375 0.5489703125000001 0.5646390625000001 0.54903125 0.5681499999999999 0.553628125 0.575571875 0.5647015625 0.5811671875 0.5711140625 0.588365625 0.5826625 0.5944875 0.5870265625 0.5955296875 0.6064828125 0.600421875 0.6199296875 0.6056046875
0 0.5461921875 0.3875984375 0.538796875 0.3897140625 0.52428125 0.3927234375 0.5196 0.3936546875 0.5098140625 0.3971015625 0.5046546875 0.4029890625 0.501853125 0.40891875000000005 0.5085328125 0.4135359375 0.5203375 0.414875 0.5294187499999999 0.4150578125 0.5386078125 0.41718124999999995 0.5497265625 0.41925625 0.559390625 0.41724375 0.5646125 0.41439062499999996 0.5653703125 0.41468125 0.6073000000000001 0.4099828125 0.615128125 0.4070625 0.621715625 0.4020578125 0.6250578124999999 0.40061875 0.6346578125 0.39593124999999996 0.6334546875 0.39218125000000004 0.6240421875 0.389534375 0.6197296875 0.3878171875 0.609690625 0.3899 0.5949359375000001 0.38605625 0.5789593749999999 0.38382499999999997 0.5702906249999999 0.38382499999999997 0.5543609375 0.3856265625 0.5461921875 0.3875984375
0 0.571125 0.4572953125 0.5747 0.4591046875 0.5776234375 0.459675 0.57935 0.45419375000000006 0.5773265624999999 0.45336718749999994 0.5676765625 0.45479531250000005 0.571125 0.4572953125
0 0.29053125 0.657303125 0.275940625 0.656415625 0.270715625 0.6587421875 0.2685453125 0.6609875 0.27259375 0.6647093749999999 0.2728078125 0.665475 0.2646984375 0.6696500000000001 0.26535312499999997 0.6731765625 0.27109218749999997 0.6717734375 0.2744359375 0.6710265625 0.28162031249999997 0.669440625 0.2893515625 0.667459375 0.2913046875 0.664259375 0.29278593750000004 0.6618484375 0.29053125 0.657303125
0 0.17609687499999999 0.6811812500000001 0.172196875 0.6848375 0.175265625 0.6901890625 0.1834078125 0.6947421874999999 0.190065625 0.6958671875 0.196334375 0.6937015625 0.20184375000000002 0.690346875 0.2083609375 0.6861671874999999 0.21369531249999998 0.6843296875 0.2224640625 0.6811390625 0.22881875 0.6777828125 0.23434531249999999 0.6754078125 0.23853437500000002 0.6731203125 0.24152656249999999 0.6702203124999999 0.24413281250000002 0.6659921875 0.2430859375 0.6628578125 0.23939531249999998 0.657809375 0.2356140625 0.6581203125 0.2329875 0.658015625 0.2194640625 0.6560859375 0.214909375 0.6558765625 0.20698906250000002 0.655484375 0.20008281249999998 0.655525 0.192578125 0.65798125 0.1884546875 0.6610968749999999 0.1873703125 0.6666671875 0.188709375 0.671078125 0.1865921875 0.6743921875 0.1819859375 0.6777328125000001 0.17609687499999999 0.6811812500000001
0 0.1735859375 0.6699125 0.165209375 0.6680609375000001 0.1635171875 0.6663265625 0.1566296875 0.6655171875 0.15388125 0.670546875 0.15900625 0.6738265625000001 0.15900625 0.6740375000000001 0.1578328125 0.67945 0.1599640625 0.6823406249999999 0.164540625 0.6826749999999999 0.173590625 0.68038125 0.177021875 0.6771828125 0.177409375 0.673784375 0.1761375 0.6712453125 0.1735859375 0.6699125
0 0.1496703125 0.6809406250000001 0.1509796875 0.676865625 0.13939531249999998 0.6788859375 0.138671875 0.6837203125 0.1455578125 0.6849140625000001 0.1496703125 0.6809406250000001
0 0.16314062499999998 0.7172546875 0.1646796875 0.714653125 0.15638125 0.7145609375 0.1569375 0.7168515625 0.16314062499999998 0.7172546875
0 0.0441984375 0.7897203125 0.0432046875 0.7912250000000001 0.0424890625 0.793603125 0.046396875 0.79410625 0.0476140625 0.7913421875 0.045396874999999996 0.7892859375 0.0441984375 0.7897203125
0 0.1852953125 0.5340453125 0.1819 0.5345203125 0.1789203125 0.5362109375 0.1814359375 0.5376359374999999 0.1860453125 0.537271875 0.188915625 0.5341203125 0.1852953125 0.5340453125
0 1 0.48822968749999995 0.9987640624999999 0.484990625 0.9961828125000001 0.4843890625 0.990109375 0.4864890625 0.989228125 0.4881796875 0.99061875 0.49030625 0.9970593750000001 0.4923796875 0.9996812500000001 0.49166718749999994 1 0.48822968749999995
0 0.9796296874999999 0.51430625 0.9844875 0.5150750000000001 0.977321875 0.50993125 0.9752468750000001 0.507334375 0.9723421875 0.506796875 0.973540625 0.509990625 0.9772546875 0.5125656249999999 0.9796296874999999 0.51430625
0 0.94436875 0.3690578125 0.9420125 0.370378125 0.9421390625000001 0.372371875 0.946521875 0.3743515625 0.9502890624999999 0.375659375 0.9546546875 0.37674375000000004 0.96060625 0.3759421875 0.9641796875 0.374215625 0.9642671875 0.3695703125 0.9569859375 0.37016875 0.9509484374999999 0.3703296875 0.945525 0.3689671875 0.94436875 0.3690578125
0 0.8112031249999999 0.22551562500000003 0.813403125 0.2304796875 0.8179265625 0.2291484375 0.822928125 0.2243671875 0.82375625 0.21956250000000002 0.8211453125 0.212275 0.81765625 0.21202031250000003 0.8157515625 0.21414687500000001 0.811009375 0.221184375 0.8112031249999999 0.22551562500000003
0 0.8874187499999999 0.179921875 0.890375 0.1804640625 0.9010828125 0.182565625 0.90474375 0.184178125 0.9143625 0.18696875 0.9207562499999999 0.19585468749999999 0.925103125 0.1931171875 0.9318109375000001 0.188159375 0.931009375 0.18522031249999998 0.9218968750000001 0.1829765625 0.915703125 0.1803859375 0.9085921875 0.1777796875 0.9039984375 0.174396875 0.8927343750000001 0.1745421875 0.888325 0.17312812500000002 0.8795031249999999 0.169790625 0.8726359374999999 0.17099375 0.8649953125 0.17331875000000002 0.857309375 0.1761984375 0.8493921875 0.184296875 0.8426828125 0.194940625 0.8410109374999999 0.192634375 0.834396875 0.188821875 0.831075 0.1909734375 0.8277625000000001 0.2024375 0.8325687500000001 0.20271875 0.83213125 0.2035640625 0.831115625 0.20852656249999998 0.8357187500000001 0.2189375 0.8395093749999999 0.22495781250000002 0.847275 0.22653281249999999 0.845265625 0.222303125 0.8457296875000001 0.2140703125 0.8475453125 0.2077578125 0.8479859375000001 0.20277656249999998 0.8505390625 0.1971234375 0.8530046875 0.19325625 0.856175 0.18881874999999998 0.8605578125 0.1844859375 0.8640078125 0.18201875 0.8693953125 0.180471875 0.8747109375000001 0.17977656250000001 0.8874187499999999 0.179921875
0 0.9495390625000001 0.20861093749999998 0.9480609375 0.2072640625 0.9446234375 0.207671875 0.9445828125 0.217409375 0.9485109375 0.22244999999999998 0.9526375 0.22411093750000002 0.9537515624999999 0.224425 0.9538953125 0.21661718749999997 0.9495390625000001 0.20861093749999998
0 0.340625 0.62421875 0.34296875 0.6296875 0.3515625 0.62890625 0.35234375 0.6234375 0.340625 0.62421875