0 0.36360468749999997 0.40133125 0.3656484375 0.39938281249999996 0.3665515625 0.3960171875 0.3665515625 0.39284375 0.3640359375 0.3915546875 0.36256093749999996 0.3928375 0.3615359375 0.3958171875 0.3619171875 0.39942968749999996 0.36360468749999997 0.40133125
0 0.5446046875 0.769865625 0.5416265625000001 0.7732890625 0.5403515624999999 0.7782312499999999 0.5403515624999999 0.7815265625000001 0.54311875 0.7842828125 0.54596875 0.7841625 0.5477515625 0.7799875000000001 0.5490953125 0.773334375 0.549459375 0.7721218750000001 0.54826875 0.769865625 0.5446046875 0.769865625
0 0.3755296875 0.8628031249999999 0.3784578125 0.862703125 0.38025000000000003 0.8612953125 0.38053125 0.859775 0.38134687500000003 0.855275 0.380075 0.8507953125000001 0.3782234375 0.8488749999999999 0.375159375 0.8519765625 0.37457656250000004 0.8553703125000001 0.374503125 0.8596109375 0.3755296875 0.8628031249999999
0 0.5062625 0.9857609374999999 0.521578125 0.9546953125 0.520671875 0.9493406249999999 0.5196562499999999 0.9439140625 0.5190078125 0.9377984375 0.5173546875 0.9327062500000001 0.5134046875 0.9315421875000001 0.5109984375 0.9346484374999999 0.5096375 0.9442890625 0.5079296875 0.954725 0.5074687499999999 0.9572593749999999 0.5040265625 0.9667640625 0.5030890625 0.9764687500000001 0.5035765624999999 0.9865484375 0.5062625 0.9857609374999999
0 0.37100625 0.9424203125 0.373571875 0.9434671874999999 0.3749171875 0.937009375 0.372271875 0.935846875 0.37100625 0.9424203125
0 0.7565000000000001 0.9113609374999999 0.755121875 0.9143874999999999 0.7546640625000001 0.921296875 0.7563046875 0.9253843749999999 0.7596093749999999 0.92873125 0.763 0.9326968750000001 0.765565625 0.9331765624999999 0.7656968749999999 0.9299359375 0.7656968749999999 0.924525 0.7649890625 0.9197015625 0.7637625 0.9162015625000001 0.759425 0.9110453125 0.7565000000000001 0.9113609374999999
0 0.7936421874999999 1 0.7917734375000001 0.9713156250000001 0.7910609375 0.9515078125 0.7891859375 0.950065625 0.788459375 0.9568875 0.79063125 1 0.7936421874999999 1
0 0.7573109375 0.982159375 0.757571875 0.979459375 0.75620625 0.9758140624999999 0.7546515625 0.9747171874999999 0.7528921875 0.9780796875 0.753890625 0.981628125 0.7548296875 0.9829578124999999 0.75585 0.9832593749999999 0.7573109375 0.982159375
0 0.651434375 0.85381875 0.6522078125 0.851021875 0.652884375 0.8466531249999999 0.6525296875000001 0.843915625 0.650528125 0.8440671875 0.6499015625 0.8476156250000001 0.649771875 0.850690625 0.6503421875 0.8546671874999999 0.651434375 0.85381875
0 0.741853125 0.779625 0.7443515625 0.78115 0.7447812500000001 0.7768234374999999 0.7423109375 0.7705031250000001 0.741853125 0.779625
0 0.7737937500000001 0.52580625 0.7762515624999999 0.5692828125 0.7762203125 0.5854015625 0.777815625 0.5929421875 0.778384375 0.5884375000000001 0.7773625 0.546890625 0.7769625 0.5296859375 0.775815625 0.49953906249999996 0.7737937500000001 0.432875 0.77256875 0.41406875000000004 0.7719125 0.41969375 0.77120625 0.424425 0.7719328125 0.42897656250000005 0.7723687499999999 0.4322828125 0.7719703124999999 0.4371875 0.7727625 0.4428875 0.773771875 0.4477234375 0.7745968750000001 0.4687859375 0.7749203125 0.488321875 0.771584375 0.49557812500000004 0.769953125 0.5025609375 0.772040625 0.5113390625 0.773628125 0.5171328125 0.7737937500000001 0.52580625
0 0.6924796875 0.297675 0.703596875 0.30410312500000003 0.709565625 0.3074109375 0.7181968750000001 0.3110859375 0.7268546875 0.319815625 0.7368328125 0.32639687500000003 0.7344203125 0.3260265625 0.7237671875 0.32585156249999997 0.7159093750000001 0.332721875 0.7253234375 0.33886875 0.7325125 0.339971875 0.74288125 0.33692812499999997 0.7508015625 0.33018281250000003 0.7502484375 0.31675156250000003 0.7446640625 0.3160234375 0.723890625 0.304278125 0.689153125 0.285625 0.671884375 0.27615781250000004 0.6661265625 0.2734296875 0.66270625 0.281965625 0.661125 0.2872734375 0.64609375 0.2911265625 0.6534140625 0.29612656249999997 0.6624015625 0.2960875 0.6785359375 0.2926390625 0.6870953125 0.296675 0.6924796875 0.297675
0 0.7392359374999999 0.3575484375 0.7354375 0.357303125 0.73038125 0.3705453125 0.7296 0.3750984375 0.7405468749999999 0.3759265625 0.7392359374999999 0.3575484375
0 0.6430515625 0.275446875 0.6452140625 0.275728125 0.6480015625 0.27391875 0.649121875 0.2710109375 0.6491359375 0.26723281249999997 0.6481343749999999 0.26542187500000003 0.64539375 0.26469375 0.6409640624999999 0.26818906249999996 0.6411734375 0.27123125 0.6424125 0.2723125 0.6430515625 0.275446875
0 0.656215625 0.27230937499999996 0.657290625 0.2741296875 0.6590578125000001 0.275215625 0.659846875 0.2722390625 0.6598171875000001 0.27037187500000004 0.6569765624999999 0.26935937499999996 0.656215625 0.27230937499999996
0 0.5647578125 0.24368281249999998 0.5732296875 0.2480671875 0.5825265625 0.24671875000000001 0.5861265625 0.24946406250000003 0.584678125 0.25348125 0.5874406249999999 0.2563609375 0.5900218749999999 0.25715468750000003 0.5988828125000001 0.260665625 0.603840625 0.260790625 0.61148125 0.2607296875 0.6169640625 0.26383125 0.61785625 0.26713437500000003 0.621446875 0.26860625 0.622940625 0.2685171875 0.630071875 0.26983125 0.6337484375 0.26666093750000003 0.6345531249999999 0.265628125 0.6358343750000001 0.2628796875 0.6356078125 0.2603046875 0.6349203125 0.2577 0.6146140625000001 0.24717656250000003 0.5931484375 0.23531249999999998 0.5723609374999999 0.225315625 0.5435703125 0.209521875 0.5292859375 0.20189531249999998 0.5287921875 0.2091453125 0.53000625 0.2153359375 0.537284375 0.2232 0.5435187499999999 0.22621562499999998 0.5537015625 0.228959375 0.560325 0.2325625 0.565359375 0.2367296875 0.5647578125 0.24368281249999998
0 0.3565796875 0.13327187499999998 0.3678203125 0.1393640625 0.37465000000000004 0.14599062499999998 0.38654375 0.14928125 0.39478125 0.1591796875 0.39723281250000003 0.16036875 0.40775937500000003 0.16234375 0.41537187500000006 0.16485624999999998 0.42031093750000004 0.1674765625 0.4291046875 0.17180625 0.4380984375 0.17624375 0.44768125000000003 0.18325156250000002 0.4683625 0.18807968749999998 0.4778328125 0.192990625 0.48276250000000004 0.1983015625 0.4868953125 0.203903125 0.49380781249999994 0.205234375 0.5017046875 0.20540625 0.5038109375000001 0.20851875 0.5055671875 0.2106015625 0.509325 0.212440625 0.5156796875 0.2134546875 0.520809375 0.2125546875 0.5251453125000001 0.2109109375 0.526428125 0.2070125 0.526 0.20496562499999998 0.523578125 0.2027640625 0.5219375 0.199525 0.5192671875 0.20030781250000002 0.51741875 0.19718125 0.51539375 0.1945921875 0.4127546875 0.139409375 0.360146875 0.11080937500000002 0.3227390625 0.09145468749999999 0.3144828125 0.08628593749999999 0.314203125 0.0901546875 0.3203109375 0.0985515625 0.31365 0.10534375 0.3144265625 0.1131375 0.32488125 0.124475 0.335071875 0.1295703125 0.34872187499999996 0.1307046875 0.3565796875 0.13327187499999998
0 0.27138125 0.088271875 0.2808859375 0.0886796875 0.284521875 0.0889078125 0.2944171875 0.08981875 0.30012500000000003 0.087759375 0.302934375 0.0817265625 0.30044375 0.0790828125 0.28424375 0.06985 0.2593359375 0.0566328125 0.24817499999999998 0.051328125 0.246071875 0.0518828125 0.24718125 0.057859375000000005 0.24986562499999998 0.060828125 0.2529640625 0.064859375 0.2588390625 0.07805 0.260096875 0.08234843750000001 0.2602328125 0.085925 0.2649375 0.08804375 0.27138125 0.088271875
0 0.34412031249999997 0.014190625000000002 0.34620625 0.0138640625 0.3440921875 0.0031421875 0.3430515625 0.01044375 0.3430515625 0.012625 0.34412031249999997 0.014190625000000002
0 0.1550453125 0.10789531249999999 0.15581562499999999 0.0859078125 0.1553203125 0.0660875 0.1527625 0.055962500000000005 0.1504640625 0.0433609375 0.15195 0.035440624999999996 0.1557140625 0.0202265625 0.1550484375 0.0170765625 0.1625875 0.0003671875 0.13497187500000002 0 0.1357984375 0.0153453125 0.1335484375 0.0179828125 0.130759375 0.0268765625 0.1340625 0.03360625 0.140909375 0.0383140625 0.14132499999999998 0.0451953125 0.133990625 0.05042656250000001 0.13415468749999998 0.061128125 0.13628281250000002 0.071621875 0.1393359375 0.07940312499999999 0.1480828125 0.086465625 0.1550453125 0.10789531249999999
0 0.26124843750000004 0.47646875 0.2614984375 0.4744125 0.2630578125 0.47024375 0.2624953125 0.46860468749999995 0.2607984375 0.465990625 0.257959375 0.4689875 0.25810625 0.472928125 0.25910937500000003 0.47598906249999995 0.26124843750000004 0.47646875
0 0.2568875 0.5437984375 0.2577859375 0.545753125 0.259421875 0.5452281250000001 0.26034531250000004 0.5430640624999999 0.260240625 0.5410078125 0.256834375 0.5412250000000001 0.2568875 0.5437984375
0 0.2418234375 0.47525625 0.2465265625 0.48089375 0.24994531250000002 0.4775828125 0.2502359375 0.46902968749999996 0.250309375 0.4609234375 0.249121875 0.45059531249999996 0.24598749999999997 0.45574531250000005 0.2416953125 0.4598640625 0.240540625 0.46373749999999997 0.2418234375 0.47525625
0 0.24847187499999998 0.49417343750000003 0.246015625 0.49682031249999997 0.2437703125 0.50291875 0.2423171875 0.5065828125 0.2429484375 0.5127906249999999 0.24327656250000002 0.51709375 0.2433796875 0.5230515625 0.2411625 0.5283359375 0.2422359375 0.5330609374999999 0.2439515625 0.5366171875 0.2482609375 0.5388515625 0.2497859375 0.5372859375 0.2499421875 0.5161984375 0.250284375 0.4964421875 0.24847187499999998 0.49417343750000003
0 0.143925 0.52676875 0.14754375 0.5271281250000001 0.1509765625 0.5222953125 0.152059375 0.519178125 0.1504484375 0.5097609375000001 0.1469296875 0.5059828125 0.144509375 0.50724375 0.1414015625 0.5132203125 0.1417453125 0.5229828125 0.143925 0.52676875
0 0.216834375 0.456603125 0.22024062500000002 0.45046093750000005 0.22275 0.4436765625 0.22275 0.4364265625 0.2206765625 0.4360421875 0.2165 0.4363234375 0.21419375000000002 0.43709375 0.21152500000000002 0.4426734375 0.21226562499999999 0.44809687499999995 0.216834375 0.456603125
0 0.2475296875 0.8108124999999999 0.2457640625 0.8189328124999999 0.24783906249999998 0.8220984375 0.253790625 0.82164375 0.255784375 0.8204218750000001 0.2562671875 0.81273125 0.2552359375 0.7960640625 0.2508578125 0.798375 0.249040625 0.801390625 0.248446875 0.8059625 0.2475296875 0.8108124999999999
0 0.24505 0.8540906250000001 0.24537187500000002 0.86096875 0.2466796875 0.8668984375000001 0.2502625 0.8705437500000001 0.25294374999999997 0.8721500000000001 0.25605 0.8688062499999999 0.257425 0.8612140625 0.2568734375 0.8423093749999999 0.2508828125 0.8430921874999999 0.24755937499999997 0.8462828124999999 0.24505 0.8540906250000001
0 0.18427968749999998 0.6852640625 0.19011406250000001 0.6884796875 0.197184375 0.686078125 0.200690625 0.6767546875 0.2002140625 0.669059375 0.1987703125 0.6658890625 0.19624999999999998 0.6653171875 0.1887421875 0.66483125 0.1839046875 0.6720515625 0.1821546875 0.67951875 0.18427968749999998 0.6852640625