0 0.6384640625 0.6041828125 0.6380828125 0.6005703125 0.6363953125 0.5986687500000001 0.6343515625 0.6006171874999999 0.6334484375 0.6039828125 0.6334484375 0.60715625 0.6359640625 0.6084453125 0.6374390625 0.6071625 0.6384640625 0.6041828125
0 0.45224843750000004 0.2200125 0.4509046875 0.226665625 0.45054062500000003 0.22787812500000001 0.45173125000000003 0.230134375 0.4553953125 0.230134375 0.4583734375 0.2267109375 0.4596484375 0.22176875 0.4596484375 0.2184734375 0.45688125 0.2157171875 0.45403125 0.2158375 0.45224843750000004 0.2200125
0 0.6217765625 0.151125 0.624840625 0.1480234375 0.6254234375000001 0.1446296875 0.625496875 0.1403890625 0.6244703125 0.137196875 0.6215421875 0.137296875 0.61975 0.1387046875 0.61946875 0.140225 0.618653125 0.144725 0.6199250000000001 0.1492046875 0.6217765625 0.151125
0 0.4865953125 0.0684578125 0.48900156250000004 0.0653515625 0.4903625 0.0557109375 0.4920703125 0.045274999999999996 0.49253125000000003 0.042740625 0.4959734375 0.0332359375 0.49691093750000004 0.02353125 0.4964234375 0.0134515625 0.49373750000000005 0.0142390625 0.478421875 0.0453046875 0.479328125 0.05065937499999999 0.48034375 0.0560859375 0.48099218749999995 0.062201562499999995 0.4826453125 0.06729375 0.4865953125 0.0684578125
0 0.6250828125 0.062990625 0.627728125 0.064153125 0.62899375 0.0575796875 0.626428125 0.056532812499999995 0.6250828125 0.062990625
0 0.23443437500000003 0.0668234375 0.234303125 0.0700640625 0.234303125 0.075475 0.23501093750000002 0.0802984375 0.23623750000000002 0.0837984375 0.24057499999999998 0.08895468749999999 0.2435 0.0886390625 0.244878125 0.08561250000000001 0.2453359375 0.078703125 0.2436953125 0.07461562499999999 0.240390625 0.07126875 0.23700000000000002 0.06730312499999999 0.23443437500000003 0.0668234375
0 0.2063578125 0 0.2082265625 0.028684375 0.2089390625 0.0484921875 0.21081406249999998 0.049934374999999996 0.21154062499999998 0.0431125 0.20936875000000002 0 0.2063578125 0
0 0.2451703125 0.0170421875 0.24415 0.016740625000000002 0.2426890625 0.017840625 0.242428125 0.020540625 0.24379374999999998 0.024185937499999997 0.2453484375 0.0252828125 0.2471078125 0.0219203125 0.246109375 0.018371875 0.2451703125 0.0170421875
0 0.350228125 0.14930937500000002 0.3496578125 0.14533281250000002 0.348565625 0.14618124999999998 0.34779218749999996 0.14897812500000002 0.347115625 0.153346875 0.3474703125 0.156084375 0.349471875 0.1559328125 0.35009843749999997 0.152384375 0.350228125 0.14930937500000002
0 0.25521875 0.2231765625 0.2576890625 0.229496875 0.258146875 0.220375 0.2556484375 0.21885 0.25521875 0.2231765625
0 0.2230375 0.47031406249999996 0.22418437500000002 0.5004609375 0.22620625 0.567125 0.22743125000000003 0.58593125 0.2280875 0.58030625 0.22879375 0.575575 0.2280671875 0.5710234375 0.22763125 0.5677171875 0.2280296875 0.5628124999999999 0.22723749999999998 0.5571125 0.226228125 0.5522765625 0.225403125 0.5312140624999999 0.2250796875 0.511678125 0.228415625 0.504421875 0.23004687499999998 0.4974390625 0.22795937500000002 0.4886609375 0.22637187499999997 0.4828671875 0.22620625 0.47419374999999997 0.2237484375 0.4307171875 0.2237796875 0.4145984375 0.22218437500000002 0.4070578125 0.221615625 0.41156249999999994 0.2226375 0.45310937500000004 0.2230375 0.47031406249999996
0 0.2655796875 0.6739734375 0.2762328125 0.6741484375 0.28409062500000004 0.6672781249999999 0.2746765625 0.6611312500000001 0.2674875 0.660028125 0.25711875 0.663071875 0.24919843749999998 0.6698171875 0.24975156250000002 0.6832484375 0.2553359375 0.6839765625 0.276109375 0.695721875 0.310846875 0.714375 0.328115625 0.7238421875000001 0.3338734375 0.7265703125 0.33729375 0.718034375 0.338875 0.7127265625 0.35390625 0.7088734375 0.3465859375 0.7038734375 0.33759843749999996 0.7039125 0.3214640625 0.7073609375000001 0.3129046875 0.703325 0.3075203125 0.702325 0.296403125 0.6958968750000001 0.29043437499999997 0.6925890625 0.28180312500000004 0.6889140625 0.27314531249999996 0.680184375 0.2631671875 0.673603125 0.2655796875 0.6739734375
0 0.2645625 0.6426968750000001 0.26961875 0.6294546875 0.27040000000000003 0.6249015625000001 0.259453125 0.6240734375 0.2607640625 0.6424515625 0.2645625 0.6426968750000001
0 0.35460625 0.73530625 0.35903593749999996 0.7318109374999999 0.3588265625 0.72876875 0.3575875 0.7276875 0.3569484375 0.724553125 0.3547859375 0.724271875 0.3519984375 0.72608125 0.35087812500000004 0.7289890625 0.3508640625 0.7327671875 0.35186562499999996 0.734578125 0.35460625 0.73530625
0 0.343784375 0.7276906249999999 0.342709375 0.7258703125 0.3409421875 0.724784375 0.340153125 0.7277609375 0.34018281250000004 0.729628125 0.3430234375 0.730640625 0.343784375 0.7276906249999999
0 0.409978125 0.7428453125 0.40111718749999997 0.739334375 0.396159375 0.739209375 0.38851874999999997 0.7392703125 0.3830359375 0.73616875 0.38214375 0.732865625 0.378553125 0.73139375 0.37705937500000003 0.7314828125 0.369928125 0.73016875 0.3662515625 0.7333390625 0.365446875 0.734371875 0.364165625 0.7371203125 0.3643921875 0.7396953125 0.3650796875 0.7423 0.3853859375 0.7528234375 0.4068515625 0.7646875 0.42763906250000006 0.774684375 0.4564296875 0.790478125 0.47071406250000003 0.7981046875 0.4712078125 0.7908546875 0.46999375 0.7846640625 0.46271562499999996 0.7767999999999999 0.45648125000000006 0.773784375 0.4462984375 0.771040625 0.439675 0.7674375 0.434640625 0.7632703125 0.4352421875 0.7563171875 0.42677031249999997 0.7519328125 0.4174734375 0.75328125 0.41387343750000005 0.7505359375 0.41532187499999995 0.74651875 0.412559375 0.7436390625 0.409978125 0.7428453125
0 0.592240625 0.83765625 0.5846281249999999 0.83514375 0.5796890625 0.8325234375000001 0.5708953125 0.82819375 0.5619015625 0.82375625 0.55231875 0.8167484375 0.5316375 0.8119203125000001 0.5221671875 0.807009375 0.5172375 0.8016984375 0.5131046875 0.796096875 0.5061921875000001 0.7947656249999999 0.4982953125 0.79459375 0.49618906249999994 0.79148125 0.49443281250000004 0.7893984374999999 0.490675 0.7875593750000001 0.48432031249999996 0.7865453125 0.47919062500000004 0.7874453124999999 0.4748546875 0.7890890625 0.47357187500000003 0.7929875 0.47400000000000003 0.795034375 0.47642187500000005 0.7972359375 0.47806249999999995 0.8004749999999999 0.4807328125 0.7996921875 0.48258124999999996 0.8028187499999999 0.48460625 0.8054078125 0.5872453125 0.860590625 0.6398531249999999 0.889190625 0.6772609375 0.9085453125 0.6855171875 0.9137140625000001 0.6857968750000001 0.9098453125000001 0.6796890624999999 0.9014484375 0.68635 0.89465625 0.6855734375 0.8868625 0.67511875 0.875525 0.664928125 0.8704296875 0.6512781249999999 0.8692953125 0.6434203125 0.8667281250000001 0.6321796875000001 0.8606359375 0.62535 0.8540093750000001 0.61345625 0.8507187500000001 0.6052187499999999 0.8408203125 0.6027671875 0.83963125 0.592240625 0.83765625
0 0.69955625 0.9209171875 0.71575625 0.93015 0.7406640624999999 0.9433671875 0.751825 0.9486718749999999 0.7539281250000001 0.9481171875 0.75281875 0.9421406250000001 0.750134375 0.9391718750000001 0.7470359375 0.9351406250000001 0.7411609375 0.92195 0.739903125 0.9176515625 0.7397671875 0.9140750000000001 0.7350625 0.91195625 0.72861875 0.911728125 0.7191140625 0.9113203125 0.715478125 0.9110921875000001 0.7055828125 0.9101812499999999 0.699875 0.9122406249999999 0.697065625 0.9182734375000001 0.69955625 0.9209171875
0 0.65379375 0.9861359375 0.6559078125 0.9968578125 0.6569484375 0.98955625 0.6569484375 0.9873749999999999 0.6558796874999999 0.985809375 0.65379375 0.9861359375
0 0.8442859374999999 0.9797734374999999 0.8449515625 0.9829234375 0.8374124999999999 0.9996328125 0.865028125 1 0.8642015625000001 0.9846546875 0.8664515625 0.9820171875 0.869240625 0.9731234375 0.8659375 0.9663937499999999 0.859090625 0.9616859375000001 0.8586750000000001 0.9548046875 0.866009375 0.9495734375 0.8658453125 0.938871875 0.8637171875 0.928378125 0.8606640625 0.920596875 0.8519171875 0.913534375 0.8449546874999999 0.8921046875 0.844184375 0.9140921875 0.8446796875 0.9339124999999999 0.8472375 0.9440375 0.8495359375 0.9566390625000001 0.84805 0.964559375 0.8442859374999999 0.9797734374999999
0 0.74189375 0.5270718750000001 0.740890625 0.5240109375 0.7387515625 0.52353125 0.7385015625 0.5255875 0.7369421875 0.5297562499999999 0.7375046875 0.5313953125 0.7392015625 0.534009375 0.742040625 0.5310125 0.74189375 0.5270718750000001
0 0.7431125 0.4562015625 0.7422140625 0.45424687500000005 0.7405781250000001 0.45477187499999994 0.7396546875000001 0.45693593750000006 0.739759375 0.4589921875 0.7431656249999999 0.458775 0.7431125 0.4562015625
0 0.7540125 0.5442546875 0.7583046875 0.5401359375 0.7594593749999999 0.5362625000000001 0.7581765625 0.5247437500000001 0.7534734375000001 0.51910625 0.7500546875 0.5224171875 0.7497640624999999 0.5309703125 0.749690625 0.5390765625 0.7508781250000001 0.5494046875 0.7540125 0.5442546875
0 0.7566203125000001 0.47694843750000004 0.7588375 0.47166406250000004 0.7577640625 0.4669390625 0.7560484375 0.4633828125 0.7517390625 0.4611484375 0.7502140625 0.4627140625 0.7500578124999999 0.48380156249999995 0.749715625 0.5035578125 0.751528125 0.5058265625 0.753984375 0.5031796875000001 0.7562296875000001 0.49708125000000003 0.7576828124999999 0.49341718749999997 0.7570515624999999 0.48720937500000006 0.7567234375 0.48290625 0.7566203125000001 0.47694843750000004
0 0.8554906250000001 0.49275624999999995 0.8585984375000001 0.4867796875 0.8582546875 0.4770171875 0.856075 0.47323125 0.85245625 0.47287187499999994 0.8490234375 0.4777046875 0.847940625 0.480821875 0.8495515625 0.4902390625 0.8530703125000001 0.4940171875 0.8554906250000001 0.49275624999999995
0 0.78580625 0.5629062499999999 0.788475 0.5573265625 0.787734375 0.551903125 0.783165625 0.543396875 0.779759375 0.5495390625 0.77725 0.5563234375 0.77725 0.5635734375 0.7793234375 0.5639578125 0.7835 0.5636765625 0.78580625 0.5629062499999999
0 0.7447640625 0.2039359375 0.7491421875000001 0.201625 0.750959375 0.198609375 0.751553125 0.1940375 0.7524703125000001 0.1891875 0.7542359375000001 0.1810671875 0.7521609375 0.1779015625 0.7462093750000001 0.17835625 0.744215625 0.179578125 0.7437328125 0.18726875 0.7447640625 0.2039359375
0 0.742575 0.13878593749999998 0.7431265625 0.157690625 0.7491171875 0.15690781250000002 0.752440625 0.15371718750000002 0.75495 0.145909375 0.754628125 0.13903125 0.7533203125 0.1331015625 0.7497375 0.12945625 0.74705625 0.12785 0.74395 0.13119375 0.742575 0.13878593749999998
0 0.80375 0.3346828125 0.8112578125000001 0.33516875 0.8160953125000001 0.3279484375 0.8178453125 0.32048125 0.8157203125000001 0.3147359375 0.8098859375 0.3115203125 0.802815625 0.313921875 0.799309375 0.3232453125 0.7997859375 0.330940625 0.8012296875 0.3341109375 0.80375 0.3346828125