0 0.5675359375 0.3983390625 0.5646828125 0.39779375 0.5610203125 0.3975375 0.557796875 0.3980234375 0.5558265625 0.4000875 0.5545171875 0.403396875 0.5546156250000001 0.4061390625 0.55699375 0.40910156249999996 0.565659375 0.4093703125 0.5691312500000001 0.4078375 0.5704609375 0.40514062500000003 0.5706687500000001 0.40224843750000006 0.5692781250000001 0.39990156250000003 0.5675359375 0.3983390625
0 0.6482671875 0.4268296875 0.6506046875 0.427690625 0.6537578125 0.42685781250000004 0.6548093749999999 0.42576093750000005 0.6553875 0.42236250000000003 0.6553875 0.41917968749999995 0.6537765624999999 0.41506718749999993 0.6524859375000001 0.4137515625 0.6489125 0.413203125 0.642746875 0.4139875 0.6422234375 0.41462031250000003 0.6412109375 0.4109640625 0.6381046875 0.41053125 0.637034375 0.410803125 0.632428125 0.4118015625 0.6298921875 0.41311875000000003 0.6290265625 0.41564218750000004 0.6290265625 0.41770625 0.6311828125 0.42004062500000006 0.634628125 0.4198109375 0.6374140625 0.41898749999999996 0.6377390625 0.41950468750000003 0.6373671875 0.42193125 0.63909375 0.424090625 0.6416968749999999 0.4250234375 0.644309375 0.4250234375 0.6453249999999999 0.424821875 0.6482671875 0.4268296875
0 0.609109375 0.4521109375 0.6095265624999999 0.454578125 0.609228125 0.4572484375 0.610728125 0.45912968750000005 0.616346875 0.459884375 0.618078125 0.46070781250000004 0.6227328125 0.46177812500000004 0.626778125 0.46143437499999995 0.6322640625 0.46020781250000004 0.636675 0.4576015625 0.6378703125 0.45534375000000005 0.637278125 0.4534015625 0.6345015625 0.4489671875 0.634903125 0.4461921875 0.6363531250000001 0.44455 0.638778125 0.4434453125 0.6406671875 0.44248281250000004 0.6439578125 0.4408046875 0.64543125 0.4381234375 0.6459312500000001 0.4360203125 0.6452421875 0.43391718749999997 0.6443609375 0.43259375 0.6426109375 0.43099218749999996 0.6408484375 0.42915000000000003 0.6398921875 0.42680937500000005 0.6385531249999999 0.42481093750000004 0.6340765625 0.424128125 0.630815625 0.424440625 0.62556875 0.42473124999999995 0.6228078125 0.425134375 0.619440625 0.42543593749999997 0.6171921874999999 0.4252640625 0.6112484375 0.4257671875 0.6050500000000001 0.427065625 0.598753125 0.4289484375 0.5944906249999999 0.43325312499999996 0.5932921875 0.4364890625 0.59505 0.4427046875 0.5993015625 0.44410937500000003 0.6022171875 0.44551875 0.609109375 0.4521109375
0 0.594071875 0.45028750000000006 0.592828125 0.44862343750000006 0.591315625 0.44588124999999995 0.58976875 0.44461874999999995 0.5871484375 0.443925 0.5841515625 0.4447296875 0.5819109375 0.446025 0.58008125 0.447215625 0.5787765625 0.44994218750000003 0.577778125 0.45311874999999996 0.5785375 0.456940625 0.58140625 0.4593375 0.5848484375 0.4603546875 0.5901125 0.460625 0.593065625 0.4594828125 0.5952328125 0.4559171875 0.595403125 0.45418125 0.594071875 0.45028750000000006
0 0.7104375 0.40413125 0.7103046875000001 0.40667187499999996 0.7110359374999999 0.4081890625 0.714028125 0.4097359375 0.716221875 0.4081125 0.7155578125 0.404075 0.7104375 0.40413125
0 0.64909375 0.5283890625 0.6509578125 0.52648125 0.6516296875 0.5242265625 0.6516296875 0.5222359375 0.6514546875 0.5210234375 0.6480390625 0.5207437500000001 0.64631875 0.520371875 0.6436968750000001 0.520215625 0.639546875 0.5217703124999999 0.638721875 0.5225203125 0.6429750000000001 0.5235546875 0.6420921875000001 0.5241484375 0.63848125 0.526140625 0.6369906249999999 0.528125 0.6381109375 0.52871875 0.6410125 0.5294046875 0.6453015625 0.5295328125000001 0.64909375 0.5283890625
0 0.629859375 0.6260140625 0.6313718749999999 0.6273578125 0.6359046875 0.629771875 0.6415875 0.6295359375 0.6461718750000001 0.6284171875 0.647528125 0.6264375 0.644340625 0.6237734374999999 0.6350671875 0.6193734375 0.634059375 0.6223203125000001 0.6277703125 0.62219375 0.629859375 0.6260140625
0 0.6695546875 0.8171953125 0.673490625 0.8153171875 0.6761484375 0.81339375 0.676321875 0.81126875 0.6767234375 0.8085265625 0.67613125 0.8068171875000001 0.67485 0.805321875 0.6766796875 0.8030296874999999 0.675240625 0.8017125 0.6728671875 0.8013515625000001 0.6641734375 0.800709375 0.6613734375 0.8021828125000001 0.6587171875 0.80253125 0.6572046874999999 0.8048437500000001 0.6554234375 0.8063328125 0.64986875 0.8074953125000001 0.645478125 0.809021875 0.64425625 0.8129078125 0.64473125 0.8144984375 0.6486609375 0.817646875 0.657384375 0.8192078125 0.65963125 0.8195937499999999 0.6661406249999999 0.8186125000000001 0.6695546875 0.8171953125
0 0.7028234375 0.8046125 0.6932609375000001 0.803003125 0.6886281249999999 0.8035328125 0.686084375 0.8053968749999999 0.681934375 0.8097406250000001 0.6865875 0.8131109375 0.68976875 0.8144453125 0.691596875 0.8143015625000001 0.6936796875 0.8121234375 0.6945828125 0.8097078124999999 0.694315625 0.80666875 0.6962531249999999 0.8085421875 0.6998859375 0.808015625 0.70479375 0.80489375 0.7028234375 0.8046125
0 0.6934203125 0.7868359375 0.6894203125 0.7866 0.6875859375 0.787478125 0.6855640625 0.7898640625 0.68420625 0.7906703125 0.6836875 0.7911640625 0.6836515624999999 0.7927906250000001 0.686359375 0.7967859374999999 0.690975 0.7977015625 0.6966 0.79745625 0.69978125 0.7959953125 0.7027421875 0.7939265625 0.703184375 0.7922703125 0.702034375 0.7908453125 0.6993406249999999 0.78935625 0.6966984375 0.7880796875 0.6934203125 0.7868359375
0 0.518803125 0.8049234375 0.516903125 0.804721875 0.5138375 0.8045249999999999 0.5140328125 0.8074515625 0.5183875 0.8080937499999999 0.520709375 0.8075453125 0.5208875 0.806184375 0.5199374999999999 0.8055 0.518803125 0.8049234375
0 0.3857625 0.8584515625 0.3827140625 0.857428125 0.37946562500000003 0.8575296874999999 0.3717578125 0.8598328125 0.36480625 0.8593718750000001 0.3632265625 0.85861875 0.36167812499999996 0.8606203125 0.3632890625 0.8623859375 0.36567812499999997 0.8630906250000001 0.3716796875 0.8638140625 0.3727390625 0.862178125 0.372934375 0.8626171875 0.379503125 0.86535 0.38289062500000004 0.8648515625 0.3853421875 0.8638515625000001 0.38819375 0.861771875 0.38737187500000003 0.8596859374999999 0.3857625 0.8584515625
0 0.018371875 0.9834203125000001 0.01820625 0.9862703125 0.0209734375 0.98750625 0.0237765625 0.9869609374999999 0.026434375 0.9842078125 0.026509375 0.9803843750000001 0.0251171875 0.9784906250000001 0.0230390625 0.9781734375 0.01883125 0.9802765625 0.018371875 0.9834203125000001
0 0.054295312500000005 0.7174968749999999 0.053182812499999996 0.7180640625 0.05284375 0.720421875 0.0562546875 0.7213093749999999 0.056546874999999996 0.7194890625 0.0555921875 0.7174875000000001 0.054295312500000005 0.7174968749999999
0 0.17846562500000002 0.35515625 0.1762859375 0.35478437500000004 0.1730875 0.355434375 0.171865625 0.3586796875 0.17389062500000002 0.3625921875 0.175584375 0.364859375 0.17970312500000002 0.3646609375 0.18199375 0.363928125 0.18299375 0.3621375 0.1834046875 0.357715625 0.181025 0.355984375 0.17846562500000002 0.35515625
0 0.20690468750000002 0.3437203125 0.21217031249999999 0.34443437499999996 0.212828125 0.342515625 0.21269375 0.340171875 0.21050624999999998 0.3384375 0.20797812499999999 0.33959843749999996 0.20740937499999998 0.34073125000000004 0.206246875 0.3430984375 0.20690468750000002 0.3437203125
0 0.20713750000000003 0.2513203125 0.20783593749999998 0.2536703125 0.2109203125 0.255225 0.21404062499999998 0.25539375 0.214315625 0.253915625 0.21412499999999998 0.251440625 0.21284062499999998 0.2507078125 0.2086515625 0.250453125 0.20713750000000003 0.2513203125
0 0.169159375 0.1732296875 0.17039218750000001 0.176378125 0.1723625 0.1766671875 0.17455156249999998 0.17567968750000001 0.174475 0.1744 0.17331875000000002 0.173421875 0.17141718749999998 0.172846875 0.169159375 0.1732296875
0 0.8409265625 0.189625 0.8414640625 0.1881453125 0.8368953125 0.187346875 0.8372249999999999 0.1890390625 0.837590625 0.1899796875 0.8409265625 0.189625
0 0.7803921875000001 0.229621875 0.77520625 0.23037187499999998 0.7729812500000001 0.2312765625 0.7727515625 0.2327671875 0.7701484375 0.23156249999999998 0.76643125 0.23208281249999999 0.7662046874999999 0.2355546875 0.768971875 0.238234375 0.7721875 0.23898437499999997 0.7760875 0.23819531249999998 0.778828125 0.23521874999999998 0.779634375 0.2315453125 0.7803921875000001 0.229621875
0 0.8327046875 0.243003125 0.8335328125 0.24416406249999997 0.8358000000000001 0.243609375 0.83536875 0.24133906249999998 0.8327046875 0.243003125
0 0.849128125 0.6167171875 0.8499921875 0.61865625 0.85381875 0.6177406249999999 0.8551609375 0.6157843749999999 0.853640625 0.6149609375 0.8521578125 0.6120265625 0.8521703125 0.6105171875 0.8486484375 0.6099 0.8481156249999999 0.6128984375 0.849128125 0.6167171875
0 0.9079890625000001 0.7935218749999999 0.90878125 0.7941171875 0.9138265625 0.794415625 0.9154734375 0.7908062499999999 0.9139515625 0.789525 0.909975 0.7877468750000001 0.9084609374999999 0.78836875 0.9078546875000001 0.7914749999999999 0.9079890625000001 0.7935218749999999
0 0.610046875 0.2552203125 0.60893125 0.258665625 0.6104359374999999 0.2635078125 0.6130687499999999 0.26515468750000004 0.6184171875 0.2668640625 0.622675 0.263646875 0.6208078125000001 0.26215625 0.6196265624999999 0.25545625 0.6169515624999999 0.2523375 0.614515625 0.2529015625 0.610046875 0.2552203125