0 0.445384375 0.5938609375 0.44300625 0.5908984375 0.43434062500000004 0.5906296875 0.43086874999999997 0.5921624999999999 0.42953906249999996 0.594859375 0.42933125 0.5977515624999999 0.430721875 0.6000984375 0.43246406249999997 0.6016609374999999 0.43531718750000004 0.6022062499999999 0.4389796875 0.6024625 0.442203125 0.6019765625 0.44417343750000005 0.5999125000000001 0.4454828125 0.596603125 0.445384375 0.5938609375
0 0.3462234375 0.5849328125000001 0.3475140625 0.5862484375 0.3510875 0.586796875 0.357253125 0.5860125 0.3577765625 0.5853796874999999 0.3587890625 0.5890359375 0.3618953125 0.58946875 0.362965625 0.5891968750000001 0.367571875 0.5881984375 0.3701078125 0.58688125 0.3709734375 0.5843578125 0.3709734375 0.58229375 0.36881718750000003 0.5799593749999999 0.365371875 0.5801890625 0.3625859375 0.5810125 0.3622609375 0.5804953125 0.3626328125 0.57806875 0.36090625 0.575909375 0.358303125 0.5749765625000001 0.355690625 0.5749765625000001 0.35467499999999996 0.575178125 0.3517328125 0.5731703125000001 0.3493953125 0.572309375 0.3462421875 0.5731421875 0.345190625 0.5742390625 0.3446125 0.5776375 0.3446125 0.5808203125 0.3462234375 0.5849328125000001
0 0.3772671875 0.538221875 0.373221875 0.538565625 0.3677359375 0.5397921875 0.363325 0.5423984374999999 0.3621296875 0.54465625 0.36272187499999997 0.5465984374999999 0.3654984375 0.5510328125 0.365096875 0.5538078125 0.36364687500000004 0.55545 0.36122187499999997 0.5565546875 0.35933281250000004 0.5575171875 0.3560421875 0.5591953125 0.35456875 0.5618765625 0.35406875000000004 0.5639796875 0.3547578125 0.5660828125 0.3556390625 0.56740625 0.3573890625 0.5690078125 0.3591515625 0.57085 0.3601078125 0.573190625 0.361446875 0.5751890625 0.3659234375 0.575871875 0.369184375 0.575559375 0.37443125 0.57526875 0.3771921875 0.5748656249999999 0.380559375 0.5745640625 0.3828078125 0.5747359375000001 0.3887515625 0.5742328125 0.39495 0.572934375 0.401246875 0.5710515625 0.405509375 0.566746875 0.4067078125 0.5635109375 0.40495000000000003 0.5572953125 0.4006984375 0.555890625 0.39778281249999997 0.55448125 0.390890625 0.5478890625 0.39047343749999996 0.545421875 0.390771875 0.5427515625 0.389271875 0.5408703125 0.38365312500000004 0.540115625 0.381921875 0.5392921875 0.3772671875 0.538221875
0 0.4180890625 0.553975 0.41991875 0.552784375 0.4212234375 0.5500578125 0.42222187499999997 0.54688125 0.42146249999999996 0.543059375 0.41859375 0.5406625 0.4151515625 0.5396453125 0.40988749999999996 0.5393749999999999 0.40693437499999996 0.5405171875 0.40476718749999996 0.5440828125 0.404596875 0.54581875 0.405928125 0.5497124999999999 0.40717187499999996 0.5513765625 0.408684375 0.55411875 0.41023125 0.55538125 0.41285156250000005 0.556075 0.41584843749999995 0.5552703125 0.4180890625 0.553975
0 0.2895625 0.59586875 0.2896953125 0.593328125 0.2889640625 0.5918109375 0.285971875 0.5902640625 0.283778125 0.5918875 0.2844421875 0.595925 0.2895625 0.59586875
0 0.35368125 0.47962812499999996 0.356303125 0.47978437500000004 0.360453125 0.4782296875 0.361278125 0.47747968749999997 0.35702500000000004 0.4764453125 0.35790781250000003 0.47585156250000005 0.36151875 0.47385937499999997 0.36300937499999997 0.471875 0.3618890625 0.47128125 0.3589875 0.4705953125 0.3546984375 0.4704671875 0.35090625000000003 0.47161093750000005 0.3490421875 0.47351875000000004 0.3483703125 0.4757734375 0.3483703125 0.47776406250000003 0.3485453125 0.47897656250000004 0.3519609375 0.47925625 0.35368125 0.47962812499999996
0 0.355659375 0.3762265625 0.3649328125 0.3806265625 0.365940625 0.3776796875 0.3722296875 0.37780625 0.370140625 0.3739859375 0.368628125 0.3726421875 0.3640953125 0.370228125 0.35841249999999997 0.3704640625 0.353828125 0.37158281249999997 0.352471875 0.3735625 0.355659375 0.3762265625
0 0.32515 0.19467812499999998 0.32332031250000004 0.19697031250000002 0.324759375 0.1982875 0.32713281250000004 0.1986484375 0.3358265625 0.199290625 0.3386265625 0.1978171875 0.3412828125 0.19746875 0.3427953125 0.19515625 0.3445765625 0.1936671875 0.35013125 0.1925046875 0.354521875 0.190978125 0.35574374999999997 0.1870921875 0.35526875 0.1855015625 0.3513390625 0.182353125 0.342615625 0.18079218749999998 0.34036875 0.18040625 0.33385937499999996 0.18138749999999998 0.33044531250000003 0.1828046875 0.326509375 0.18468281250000002 0.32385156249999997 0.18660625 0.323678125 0.18873125 0.3232765625 0.1914734375 0.32386875000000004 0.1931828125 0.32515 0.19467812499999998
0 0.31023125 0.18555468749999998 0.308403125 0.18569843749999998 0.30632031249999997 0.1878765625 0.3054171875 0.19029218750000002 0.305684375 0.19333125 0.30374687499999997 0.1914578125 0.3001140625 0.191984375 0.29520625 0.19510624999999998 0.2971765625 0.1953875 0.3067390625 0.19699687500000002 0.31137187499999996 0.1964671875 0.31391562500000003 0.19460312500000002 0.318065625 0.190259375 0.3134125 0.18688906249999998 0.31023125 0.18555468749999998
0 0.31634843749999997 0.207209375 0.313640625 0.2032140625 0.309025 0.2022984375 0.3034 0.20254374999999997 0.30021875 0.20400468749999998 0.2972578125 0.2060734375 0.29681562499999997 0.2077296875 0.297965625 0.20915468750000002 0.300659375 0.21064375000000002 0.3033015625 0.21192031249999999 0.30657968750000003 0.21316406250000003 0.3105796875 0.21339999999999998 0.3124140625 0.21252187500000003 0.3144359375 0.21013593749999998 0.31579375 0.2093296875 0.3163125 0.2088359375 0.31634843749999997 0.207209375
0 0.4791125 0.193815625 0.4800625 0.1945 0.481196875 0.1950765625 0.48309687500000004 0.195278125 0.4861625 0.195475 0.4859671875 0.1925484375 0.48161250000000005 0.19190625 0.47929062499999997 0.1924546875 0.4791125 0.193815625
0 0.638321875 0.13937968750000002 0.6367109375 0.1376140625 0.634321875 0.136909375 0.6283203125 0.13618593750000002 0.6272609375 0.137821875 0.627065625 0.1373828125 0.620496875 0.13465 0.617109375 0.1351484375 0.6146578125 0.1361484375 0.61180625 0.13822812499999998 0.612628125 0.1403140625 0.6142375 0.14154843749999999 0.6172859374999999 0.142571875 0.620534375 0.1424703125 0.6282421874999999 0.14016718749999998 0.63519375 0.140628125 0.6367734375 0.14138124999999999 0.638321875 0.13937968750000002
0 0.9748828125 0.021509375 0.9769609375 0.0218265625 0.9811687499999999 0.0197234375 0.981628125 0.016579687500000002 0.9817937499999999 0.0137296875 0.9790265625 0.012493750000000001 0.9762234375000001 0.0130390625 0.973565625 0.0157921875 0.9734906249999999 0.019615625 0.9748828125 0.021509375
0 0.9457046874999999 0.28250312499999997 0.9468171875 0.2819359375 0.9471562499999999 0.279578125 0.9437453124999999 0.27869062499999997 0.9434531249999999 0.2805109375 0.9444078125 0.2825125 0.9457046874999999 0.28250312499999997
0 0.820296875 0.6353390625 0.81800625 0.6360718750000001 0.81700625 0.6378625 0.8165953125 0.642284375 0.818975 0.644015625 0.821534375 0.6448437499999999 0.8237140625 0.645215625 0.8269125 0.644565625 0.828134375 0.6413203125 0.826109375 0.6374078125 0.824415625 0.635140625 0.820296875 0.6353390625
0 0.792590625 0.6592687500000001 0.7937531250000001 0.6569015625 0.7930953125 0.6562796875 0.7878296875 0.655565625 0.7871718750000001 0.657484375 0.78730625 0.659828125 0.78949375 0.6615624999999999 0.792021875 0.6604015624999999 0.792590625 0.6592687500000001
0 0.787159375 0.7492921875 0.7913484375000001 0.749546875 0.7928625 0.7486796874999999 0.7921640625 0.7463296875000001 0.7890796875 0.744775 0.785959375 0.74460625 0.785684375 0.746084375 0.785875 0.7485593749999999 0.787159375 0.7492921875
0 0.8285828125 0.827153125 0.8308406250000001 0.8267703125000001 0.8296078124999999 0.8236218750000001 0.8276375 0.8233328125 0.8254484375000001 0.8243203125 0.8255250000000001 0.8256 0.82668125 0.8265781249999999 0.8285828125 0.827153125
0 0.1585359375 0.8118546875 0.1631046875 0.812653125 0.162775 0.8109609375 0.162409375 0.8100203125000001 0.1590734375 0.810375 0.1585359375 0.8118546875
0 0.2337953125 0.7644453125 0.231028125 0.761765625 0.22781250000000003 0.761015625 0.22391250000000001 0.7618046875 0.22117187500000002 0.76478125 0.22036562499999998 0.7684546875 0.2196078125 0.7703781249999999 0.22479375 0.769628125 0.22701875 0.7687234375 0.22724843749999998 0.7672328125 0.2298515625 0.7684375 0.23356875000000002 0.7679171874999999 0.2337953125 0.7644453125
0 0.16419999999999998 0.756390625 0.16463125 0.7586609375 0.16729531250000002 0.756996875 0.1664671875 0.7558359375 0.16419999999999998 0.756390625
0 0.1478296875 0.3894828125 0.15135156249999998 0.3901 0.15188437500000002 0.3871015625 0.15087187500000002 0.38328281249999996 0.1500078125 0.38134375 0.14618124999999998 0.38225937499999996 0.1448390625 0.384215625 0.146359375 0.38503906250000003 0.1478421875 0.3879734375 0.1478296875 0.3894828125
0 0.0915390625 0.21163125 0.09214531249999999 0.208525 0.0920109375 0.20647812499999998 0.09121875 0.20588281249999998 0.0861734375 0.205584375 0.0845265625 0.20919374999999998 0.08604843749999999 0.21047500000000002 0.090025 0.21225312500000001 0.0915390625 0.21163125
0 0.3791921875 0.73784375 0.38037343749999997 0.74454375 0.3830484375 0.7476625 0.385484375 0.7470984374999999 0.389953125 0.7447796875 0.39106874999999997 0.741334375 0.3895640625 0.7364921875 0.38693125 0.7348453125 0.3815828125 0.7331359375 0.377325 0.736353125 0.3791921875 0.73784375