0 0.565659375 0.5906296875 0.55699375 0.5908984375 0.5546156250000001 0.5938609375 0.5545171875 0.596603125 0.5558265625 0.5999125000000001 0.557796875 0.6019765625 0.5610203125 0.6024625 0.5646828125 0.6022062499999999 0.5675359375 0.6016609374999999 0.5692781250000001 0.6000984375 0.5706687500000001 0.5977515624999999 0.5704609375 0.594859375 0.5691312500000001 0.5921624999999999 0.565659375 0.5906296875
0 0.6373671875 0.57806875 0.6377390625 0.5804953125 0.6374140625 0.5810125 0.634628125 0.5801890625 0.6311828125 0.5799593749999999 0.6290265625 0.58229375 0.6290265625 0.5843578125 0.6298921875 0.58688125 0.632428125 0.5881984375 0.637034375 0.5891968750000001 0.6381046875 0.58946875 0.6412109375 0.5890359375 0.6422234375 0.5853796874999999 0.642746875 0.5860125 0.6489125 0.586796875 0.6524859375000001 0.5862484375 0.6537765624999999 0.5849328125000001 0.6553875 0.5808203125 0.6553875 0.5776375 0.6548093749999999 0.5742390625 0.6537578125 0.5731421875 0.6506046875 0.572309375 0.6482671875 0.5731703125000001 0.6453249999999999 0.575178125 0.644309375 0.5749765625000001 0.6416968749999999 0.5749765625000001 0.63909375 0.575909375 0.6373671875 0.57806875
0 0.5944906249999999 0.566746875 0.598753125 0.5710515625 0.6050500000000001 0.572934375 0.6112484375 0.5742328125 0.6171921874999999 0.5747359375000001 0.619440625 0.5745640625 0.6228078125 0.5748656249999999 0.62556875 0.57526875 0.630815625 0.575559375 0.6340765625 0.575871875 0.6385531249999999 0.5751890625 0.6398921875 0.573190625 0.6408484375 0.57085 0.6426109375 0.5690078125 0.6443609375 0.56740625 0.6452421875 0.5660828125 0.6459312500000001 0.5639796875 0.64543125 0.5618765625 0.6439578125 0.5591953125 0.6406671875 0.5575171875 0.638778125 0.5565546875 0.6363531250000001 0.55545 0.634903125 0.5538078125 0.6345015625 0.5510328125 0.637278125 0.5465984374999999 0.6378703125 0.54465625 0.636675 0.5423984374999999 0.6322640625 0.5397921875 0.626778125 0.538565625 0.6227328125 0.538221875 0.618078125 0.5392921875 0.616346875 0.540115625 0.610728125 0.5408703125 0.609228125 0.5427515625 0.6095265624999999 0.545421875 0.609109375 0.5478890625 0.6022171875 0.55448125 0.5993015625 0.555890625 0.59505 0.5572953125 0.5932921875 0.5635109375 0.5944906249999999 0.566746875
0 0.5848484375 0.5396453125 0.58140625 0.5406625 0.5785375 0.543059375 0.577778125 0.54688125 0.5787765625 0.5500578125 0.58008125 0.552784375 0.5819109375 0.553975 0.5841515625 0.5552703125 0.5871484375 0.556075 0.58976875 0.55538125 0.591315625 0.55411875 0.592828125 0.5513765625 0.594071875 0.5497124999999999 0.595403125 0.54581875 0.5952328125 0.5440828125 0.593065625 0.5405171875 0.5901125 0.5393749999999999 0.5848484375 0.5396453125
0 0.7103046875000001 0.593328125 0.7104375 0.59586875 0.7155578125 0.595925 0.716221875 0.5918875 0.714028125 0.5902640625 0.7110359374999999 0.5918109375 0.7103046875000001 0.593328125
0 0.63848125 0.47385937499999997 0.6420921875000001 0.47585156250000005 0.6429750000000001 0.4764453125 0.638721875 0.47747968749999997 0.639546875 0.4782296875 0.6436968750000001 0.47978437500000004 0.64631875 0.47962812499999996 0.6480390625 0.47925625 0.6514546875 0.47897656250000004 0.6516296875 0.47776406250000003 0.6516296875 0.4757734375 0.6509578125 0.47351875000000004 0.64909375 0.47161093750000005 0.6453015625 0.4704671875 0.6410125 0.4705953125 0.6381109375 0.47128125 0.6369906249999999 0.471875 0.63848125 0.47385937499999997
0 0.647528125 0.3735625 0.6461718750000001 0.37158281249999997 0.6415875 0.3704640625 0.6359046875 0.370228125 0.6313718749999999 0.3726421875 0.629859375 0.3739859375 0.6277703125 0.37780625 0.634059375 0.3776796875 0.6350671875 0.3806265625 0.644340625 0.3762265625 0.647528125 0.3735625
0 0.64473125 0.1855015625 0.64425625 0.1870921875 0.645478125 0.190978125 0.64986875 0.1925046875 0.6554234375 0.1936671875 0.6572046874999999 0.19515625 0.6587171875 0.19746875 0.6613734375 0.1978171875 0.6641734375 0.199290625 0.6728671875 0.1986484375 0.675240625 0.1982875 0.6766796875 0.19697031250000002 0.67485 0.19467812499999998 0.67613125 0.1931828125 0.6767234375 0.1914734375 0.676321875 0.18873125 0.6761484375 0.18660625 0.673490625 0.18468281250000002 0.6695546875 0.1828046875 0.6661406249999999 0.18138749999999998 0.65963125 0.18040625 0.657384375 0.18079218749999998 0.6486609375 0.182353125 0.64473125 0.1855015625
0 0.6945828125 0.19029218750000002 0.6936796875 0.1878765625 0.691596875 0.18569843749999998 0.68976875 0.18555468749999998 0.6865875 0.18688906249999998 0.681934375 0.190259375 0.686084375 0.19460312500000002 0.6886281249999999 0.1964671875 0.6932609375000001 0.19699687500000002 0.7028234375 0.1953875 0.70479375 0.19510624999999998 0.6998859375 0.191984375 0.6962531249999999 0.1914578125 0.694315625 0.19333125 0.6945828125 0.19029218750000002
0 0.7027421875 0.2060734375 0.69978125 0.20400468749999998 0.6966 0.20254374999999997 0.690975 0.2022984375 0.686359375 0.2032140625 0.6836515624999999 0.207209375 0.6836875 0.2088359375 0.68420625 0.2093296875 0.6855640625 0.21013593749999998 0.6875859375 0.21252187500000003 0.6894203125 0.21339999999999998 0.6934203125 0.21316406250000003 0.6966984375 0.21192031249999999 0.6993406249999999 0.21064375000000002 0.702034375 0.20915468750000002 0.703184375 0.2077296875 0.7027421875 0.2060734375
0 0.5140328125 0.1925484375 0.5138375 0.195475 0.516903125 0.195278125 0.518803125 0.1950765625 0.5199374999999999 0.1945 0.5208875 0.193815625 0.520709375 0.1924546875 0.5183875 0.19190625 0.5140328125 0.1925484375
0 0.379503125 0.13465 0.372934375 0.1373828125 0.3727390625 0.137821875 0.3716796875 0.13618593750000002 0.36567812499999997 0.136909375 0.3632890625 0.1376140625 0.36167812499999996 0.13937968750000002 0.3632265625 0.14138124999999999 0.36480625 0.140628125 0.3717578125 0.14016718749999998 0.37946562500000003 0.1424703125 0.3827140625 0.142571875 0.3857625 0.14154843749999999 0.38737187500000003 0.1403140625 0.38819375 0.13822812499999998 0.3853421875 0.1361484375 0.38289062500000004 0.1351484375 0.379503125 0.13465
0 0.026434375 0.0157921875 0.0237765625 0.0130390625 0.0209734375 0.012493750000000001 0.01820625 0.0137296875 0.018371875 0.016579687500000002 0.01883125 0.0197234375 0.0230390625 0.0218265625 0.0251171875 0.021509375 0.026509375 0.019615625 0.026434375 0.0157921875
0 0.053182812499999996 0.2819359375 0.054295312500000005 0.28250312499999997 0.0555921875 0.2825125 0.056546874999999996 0.2805109375 0.0562546875 0.27869062499999997 0.05284375 0.279578125 0.053182812499999996 0.2819359375
0 0.17970312500000002 0.6353390625 0.175584375 0.635140625 0.17389062500000002 0.6374078125 0.171865625 0.6413203125 0.1730875 0.644565625 0.1762859375 0.645215625 0.17846562500000002 0.6448437499999999 0.181025 0.644015625 0.1834046875 0.642284375 0.18299375 0.6378625 0.18199375 0.6360718750000001 0.17970312500000002 0.6353390625
0 0.21269375 0.659828125 0.212828125 0.657484375 0.21217031249999999 0.655565625 0.20690468750000002 0.6562796875 0.206246875 0.6569015625 0.20740937499999998 0.6592687500000001 0.20797812499999999 0.6604015624999999 0.21050624999999998 0.6615624999999999 0.21269375 0.659828125
0 0.21404062499999998 0.74460625 0.2109203125 0.744775 0.20783593749999998 0.7463296875000001 0.20713750000000003 0.7486796874999999 0.2086515625 0.749546875 0.21284062499999998 0.7492921875 0.21412499999999998 0.7485593749999999 0.214315625 0.746084375 0.21404062499999998 0.74460625
0 0.1723625 0.8233328125 0.17039218750000001 0.8236218750000001 0.169159375 0.8267703125000001 0.17141718749999998 0.827153125 0.17331875000000002 0.8265781249999999 0.174475 0.8256 0.17455156249999998 0.8243203125 0.1723625 0.8233328125
0 0.8409265625 0.810375 0.837590625 0.8100203125000001 0.8372249999999999 0.8109609375 0.8368953125 0.812653125 0.8414640625 0.8118546875 0.8409265625 0.810375
0 0.768971875 0.761765625 0.7662046874999999 0.7644453125 0.76643125 0.7679171874999999 0.7701484375 0.7684375 0.7727515625 0.7672328125 0.7729812500000001 0.7687234375 0.77520625 0.769628125 0.7803921875000001 0.7703781249999999 0.779634375 0.7684546875 0.778828125 0.76478125 0.7760875 0.7618046875 0.7721875 0.761015625 0.768971875 0.761765625
0 0.83536875 0.7586609375 0.8358000000000001 0.756390625 0.8335328125 0.7558359375 0.8327046875 0.756996875 0.83536875 0.7586609375
0 0.853640625 0.38503906250000003 0.8551609375 0.384215625 0.85381875 0.38225937499999996 0.8499921875 0.38134375 0.849128125 0.38328281249999996 0.8481156249999999 0.3871015625 0.8486484375 0.3901 0.8521703125 0.3894828125 0.8521578125 0.3879734375 0.853640625 0.38503906250000003
0 0.9154734375 0.20919374999999998 0.9138265625 0.205584375 0.90878125 0.20588281249999998 0.9079890625000001 0.20647812499999998 0.9078546875000001 0.208525 0.9084609374999999 0.21163125 0.909975 0.21225312500000001 0.9139515625 0.21047500000000002 0.9154734375 0.20919374999999998
0 0.622675 0.736353125 0.6184171875 0.7331359375 0.6130687499999999 0.7348453125 0.6104359374999999 0.7364921875 0.60893125 0.741334375 0.610046875 0.7447796875 0.614515625 0.7470984374999999 0.6169515624999999 0.7476625 0.6196265624999999 0.74454375 0.6208078125000001 0.73784375 0.622675 0.736353125