0 0.3069890625 0.5870359374999999 0.304928125 0.588759375 0.3046015625 0.5897984375 0.30456875 0.59189375 0.3065859375 0.5932593749999999 0.3080984375 0.5931796874999999 0.31025 0.5918703125 0.31134062500000004 0.5906546875 0.3112171875 0.5893421875 0.3100890625 0.5875578124999999 0.3069890625 0.5870359374999999
0 0.33579375 0.579884375 0.3344765625 0.58116875 0.3352515625 0.5832625 0.3346078125 0.5840484375 0.332440625 0.5831515625 0.3315796875 0.5850890625 0.33213906249999997 0.5863437499999999 0.333103125 0.58713125 0.33454843749999996 0.586759375 0.33592187500000004 0.585646875 0.33853125 0.585846875 0.3395734375 0.5848312499999999 0.340084375 0.5826921875 0.3388765625 0.5809515625 0.3389546875 0.5804234375 0.341121875 0.5793984375 0.33579375 0.579884375
0 0.3202734375 0.5783625 0.3209953125 0.5790765625 0.32279843750000003 0.578725 0.3238671875 0.578796875 0.3242921875 0.57960625 0.3254796875 0.5803421875 0.3270640625 0.5802015625 0.32837031250000004 0.5798828125 0.32928125 0.58 0.33045 0.581084375 0.3331015625 0.5809078125 0.3345859375 0.5804390625 0.3355265625 0.5791328124999999 0.336775 0.5768890625 0.33741875 0.575925 0.3375296875 0.5735484375000001 0.3351484375 0.5718109375 0.33319375 0.5692781250000001 0.3344203125 0.5678078125 0.3350453125 0.56598125 0.33365 0.5637375 0.3316734375 0.562490625 0.326384375 0.5629484375 0.325846875 0.56603125 0.3254328125 0.5676125 0.324675 0.5699890625 0.32470781249999997 0.5724812499999999 0.32470781249999997 0.5725984375000001 0.3230984375 0.5723609374999999 0.32042187499999997 0.5731046875 0.3196296875 0.5746828125000001 0.319896875 0.57641875 0.3202734375 0.5783625
0 0.3221078125 0.570259375 0.321096875 0.5692640625000001 0.32034843749999997 0.56858125 0.3201328125 0.5658624999999999 0.319328125 0.5643343749999999 0.31761093749999997 0.563709375 0.31558593749999997 0.5647562500000001 0.31459375 0.5666015625 0.3148125 0.5686625000000001 0.31539375000000003 0.571396875 0.3170984375 0.5720109375 0.31846406250000003 0.5720109375 0.3190390625 0.5707484375 0.31935625 0.5709828124999999 0.320721875 0.572 0.32191875 0.5715656250000001 0.3221078125 0.570259375
0 0.340615625 0.5364484375 0.3408328125 0.5351828125 0.33913906250000003 0.532865625 0.3371671875 0.5323875 0.3363171875 0.5333078125 0.33583124999999997 0.53471875 0.336409375 0.5368421875 0.338071875 0.538 0.33978125000000003 0.5383796875 0.340615625 0.5364484375
0 0.33440781249999996 0.48886250000000003 0.33432968750000003 0.490184375 0.335028125 0.493271875 0.3400625 0.48861406250000006 0.3378234375 0.48715624999999996 0.33592343750000003 0.4865828125 0.33440781249999996 0.48886250000000003
0 0.358946875 0.4167953125 0.35781718749999997 0.4149015625 0.35581874999999996 0.414246875 0.3534703125 0.4150796875 0.352421875 0.41611093749999994 0.3521546875 0.4174921875 0.35391249999999996 0.41927343749999996 0.35493125000000003 0.41962968749999996 0.35735 0.41964218750000004 0.3586515625 0.41793125 0.358946875 0.4167953125
0 0.34954999999999997 0.402959375 0.34614375000000003 0.4031421875 0.3433125 0.40412187499999996 0.3407171875 0.405653125 0.3415296875 0.40680625 0.34264843749999996 0.4078234375 0.34445000000000003 0.4096078125 0.34550000000000003 0.41109062500000004 0.3471328125 0.41214375 0.34907499999999997 0.412725 0.350515625 0.41287343749999994 0.35245625 0.41246406249999995 0.352565625 0.4109640625 0.3530796875 0.4100359375 0.3542390625 0.40826250000000003 0.3531265625 0.405425 0.3517734375 0.40380625 0.34954999999999997 0.402959375
0 0.3585453125 0.4125234375 0.35867031250000003 0.4108109375 0.35843125 0.408821875 0.35755781249999996 0.4069234375 0.355459375 0.408425 0.35469531249999997 0.4100578125 0.355128125 0.41235937500000003 0.35640625 0.4128421875 0.3585453125 0.4125234375
0 0.244328125 0.36528125 0.24514062499999997 0.364765625 0.245453125 0.3633828125 0.24393906250000003 0.3619953125 0.24240468750000002 0.3614125 0.2398890625 0.3618734375 0.23816406250000002 0.3604203125 0.2325203125 0.3616890625 0.23634375 0.36405468750000003 0.244328125 0.36528125
0 0.43848906249999997 0.32430625 0.43708125000000003 0.3235015625 0.43574531250000004 0.3244296875 0.4353703125 0.3249359375 0.43510312500000003 0.32589999999999997 0.43521093750000006 0.3269546875 0.4360953125 0.328625 0.4364875 0.32868437500000003 0.4379546875 0.3288078125 0.438115625 0.3259828125 0.43848906249999997 0.32430625
0 0.3296109375 0.286640625 0.3288234375 0.2848421875 0.327721875 0.28315 0.326975 0.28236249999999996 0.3249140625 0.2819015625 0.3239515625 0.283909375 0.32351874999999997 0.286059375 0.32389531250000003 0.2877453125 0.32599374999999997 0.28862031250000003 0.32763749999999997 0.28886406249999996 0.3279453125 0.2893875 0.32914374999999996 0.288540625 0.3296109375 0.286640625
0 0.3855546875 0.2950765625 0.38656562499999997 0.296546875 0.3885578125 0.296409375 0.3865546875 0.2918546875 0.38566406249999996 0.2927015625 0.3855546875 0.2936953125 0.3855546875 0.2950765625
0 0.4876015625 0.2104875 0.487925 0.20848125 0.48687500000000006 0.206753125 0.48456875000000005 0.20680937500000002 0.48367812499999996 0.207596875 0.48335156250000005 0.20871093749999997 0.48447031249999994 0.21058125 0.485765625 0.21127968749999998 0.4876015625 0.2104875
0 0.3417734375 0.12032812500000001 0.33973437500000003 0.11818906250000001 0.338021875 0.117196875 0.3371 0.1195125 0.33704999999999996 0.1209078125 0.33823593750000003 0.12240781249999999 0.339709375 0.12462031250000001 0.3407203125 0.126609375 0.3432984375 0.127225 0.3442609375 0.1262125 0.3443078125 0.1250515625 0.343090625 0.1226140625 0.3417734375 0.12032812500000001
0 0.37542343749999996 0.0718671875 0.37399218749999996 0.069009375 0.3719734375 0.06970156250000001 0.37160000000000004 0.0720515625 0.37322500000000003 0.07294375 0.372759375 0.07358281250000001 0.374421875 0.0733609375 0.37542343749999996 0.0718671875
0 0.279609375 0.0623953125 0.27509843749999996 0.064259375 0.2715234375 0.06732656249999999 0.2677046875 0.068121875 0.267628125 0.070465625 0.26748906250000004 0.07501875 0.26748906250000004 0.0768265625 0.2671953125 0.0798046875 0.2684734375 0.0827421875 0.268928125 0.0847578125 0.271596875 0.0832046875 0.273409375 0.08145156249999999 0.2736578125 0.08051562500000001 0.27225156250000004 0.0768171875 0.27195625 0.074828125 0.2726421875 0.07145625 0.2747015625 0.07059375 0.2772953125 0.0688484375 0.279671875 0.066115625 0.28147500000000003 0.0663875 0.28281093749999997 0.06706562499999999 0.28476093750000003 0.0662703125 0.2851171875 0.06350781250000001 0.2864734375 0.06267500000000001 0.2887296875 0.062192187499999996 0.2888390625 0.060899999999999996 0.2890421875 0.057159375 0.28645 0.0570625 0.28495781249999996 0.060057812499999995 0.283928125 0.06117812500000001 0.2820390625 0.0638296875 0.28178437500000003 0.061453125 0.279609375 0.0623953125
0 0.44176562500000005 0.06384375 0.438765625 0.063334375 0.4363796875 0.06381718750000001 0.434240625 0.06738125 0.434709375 0.0698609375 0.43722656249999997 0.07239999999999999 0.4425328125 0.07393125 0.4447140625 0.0743171875 0.4461421875 0.0728796875 0.44654531249999996 0.071184375 0.4444421875 0.06830625 0.4424890625 0.0662984375 0.44176562500000005 0.06384375
0 0.47408593750000005 0.0901203125 0.47468125 0.089346875 0.4740421875 0.0879578125 0.4718984375 0.0860203125 0.46963906250000004 0.08571562499999999 0.46860937500000005 0.0864390625 0.467953125 0.0885859375 0.4710421875 0.0920046875 0.4723890625 0.09166250000000001 0.4795328125 0.09839375 0.48080937500000004 0.09919375 0.48151406249999995 0.098503125 0.4824046875 0.096884375 0.4824046875 0.09489375 0.4794921875 0.0939421875 0.4777453125 0.0934609375 0.47788281250000003 0.09280625 0.4777578125 0.091753125 0.47645 0.0905203125 0.47408593750000005 0.0901203125
0 0.441709375 0.0338296875 0.439025 0.034765625 0.43733125 0.0366515625 0.43709375 0.0386125 0.43835468750000006 0.0421015625 0.4409296875 0.0455921875 0.4429765625 0.047790624999999996 0.4449109375 0.047371875 0.4444875 0.045192187499999995 0.4436234375 0.0411890625 0.444790625 0.0393609375 0.44508593750000003 0.0367046875 0.44394687499999996 0.034240625000000004 0.441709375 0.0338296875
0 0.32546718750000003 0.005554687500000001 0.3276171875 0.006712500000000001 0.33146718750000004 0.0053921875 0.3307640625 0.00418125 0.329328125 0.0030953125 0.3272703125 0.0032453125 0.3266265625 0.0041515625 0.32546718750000003 0.005554687500000001
0 0.13375937499999999 0.0664921875 0.1356 0.0669796875 0.135996875 0.0669203125 0.137928125 0.064290625 0.1388296875 0.06250625 0.1386734375 0.0610953125 0.13720000000000002 0.058675 0.13485 0.0582140625 0.1328921875 0.059765625 0.13188906250000001 0.0637515625 0.131609375 0.0655046875 0.13375937499999999 0.0664921875
0 0.0727515625 0.2593625 0.07097656249999999 0.25680000000000003 0.071459375 0.25608749999999997 0.07045781250000001 0.2544328125 0.0673375 0.25499062499999997 0.067415625 0.2587484375 0.0688546875 0.26039687499999997 0.0713375 0.260725 0.0727515625 0.2593625
0 0.0265453125 0.3834 0.026582812500000004 0.3812484375 0.024267187500000002 0.38079843750000003 0.021940625 0.3829078125 0.019228125 0.3832484375 0.01740625 0.3832484375 0.018590625 0.3854796875 0.0177 0.38715781250000003 0.016328125 0.39065625000000004 0.021182812500000002 0.3904875 0.022734375 0.3853859375 0.026123437500000003 0.3847953125 0.0265453125 0.3834
0 0.151346875 0.61350625 0.15169375000000002 0.6123765624999999 0.1504640625 0.6111453124999999 0.1521078125 0.609875 0.1521078125 0.6094 0.15036093749999999 0.6086953125 0.14845625 0.60853125 0.1474734375 0.6092906250000001 0.1469328125 0.6112703125000001 0.1474484375 0.6136171874999999 0.14974218749999998 0.6140328125 0.151346875 0.61350625
0 0.16347499999999998 0.620809375 0.1645171875 0.6223953125 0.165990625 0.6210625000000001 0.1660984375 0.6198109374999999 0.1652171875 0.6192140625 0.163871875 0.6191546875 0.1632578125 0.6197109375000001 0.16347499999999998 0.620809375
0 0.14665 0.7059578125 0.14478125 0.7063906249999999 0.14459375000000002 0.707515625 0.144940625 0.7083234375 0.1465671875 0.7074874999999999 0.14713125 0.7068265625000001 0.14665 0.7059578125
0 0.163625 0.6671046875 0.1642578125 0.6671046875 0.1656984375 0.6673328125 0.16655 0.666925 0.1656171875 0.6655359375 0.16511718749999998 0.6650765625 0.163621875 0.6658125 0.163465625 0.6667515625 0.163625 0.6671046875
0 0.24249375 0.8630265625 0.24428437500000003 0.8623265625000001 0.24337343749999998 0.8610296875 0.242225 0.8600578125 0.240384375 0.8601984375 0.23965312499999997 0.8607781250000001 0.23954375 0.861415625 0.23948125 0.8632421875 0.24119843749999997 0.8635406250000001 0.24249375 0.8630265625
0 0.0519890625 0.9253656250000001 0.052703124999999997 0.9255953124999999 0.05424375 0.9246828125000001 0.05424375 0.9234625 0.053214062500000006 0.921815625 0.0514015625 0.9225375 0.0511046875 0.9235015625 0.0519890625 0.9253656250000001
0 0.09274218749999999 0.12899375 0.09235312500000001 0.13091875 0.094865625 0.131634375 0.0958203125 0.1296921875 0.0958203125 0.1290453125 0.0931671875 0.1282515625 0.09274218749999999 0.12899375
0 0.5699953125 0.945446875 0.5706015625 0.9433843749999999 0.5683046875 0.9428109375 0.5669765625000001 0.9456640625 0.56686875 0.94755 0.5677515625 0.9512031249999999 0.5695390625 0.9520515625 0.5705203125 0.9496921875 0.5713625 0.9472906249999999 0.5699953125 0.945446875
0 0.5164328125 0.990053125 0.5176140625000001 0.9900515625 0.5188234375 0.987675 0.518415625 0.98565 0.51588125 0.985203125 0.5148312500000001 0.9864515624999999 0.514721875 0.9874750000000001 0.5164328125 0.990053125
0 0.6263859375 0.96798125 0.6235109375000001 0.9710203125 0.6234328125 0.9716890625 0.6262624999999999 0.9734624999999999 0.6274546875 0.9745437499999999 0.6277781250000001 0.9769656250000001 0.6273125 0.9803953125 0.6278109374999999 0.9829203124999999 0.629571875 0.9851046875 0.6341249999999999 0.9822546875 0.634871875 0.97888125 0.6340890625 0.9745625 0.633228125 0.9720718749999999 0.6324562499999999 0.968915625 0.6263859375 0.96798125
0 0.6341296875 1 0.63405 0.9982234375000001 0.633296875 0.9959984375 0.6320406249999999 0.9949 0.63045625 0.9952062500000001 0.6282375 0.99773125 0.6274640625 1 0.6341296875 1
0 0.6057140624999999 0.9857953125 0.6071609375 0.98458125 0.606071875 0.9820359375000001 0.604140625 0.980559375 0.6023765625 0.9819703125 0.602559375 0.9843171875 0.6046453125 0.9856468749999999 0.6072062500000001 0.9860328125000001 0.6057140624999999 0.9857953125
0 0.6524734375000001 0.9919390625 0.6522859375000001 0.99331875 0.6524265625 0.9990703125 0.6618609375 0.991534375 0.6588093749999999 0.9903124999999999 0.6561375 0.9905203124999999 0.6524734375000001 0.9919390625
0 0.6730609375000001 0.9745234375 0.672115625 0.9761234375000001 0.6684421875 0.97770625 0.6654765625 0.9788 0.66168125 0.9803296874999999 0.659803125 0.982684375 0.6621 0.9846890625 0.663921875 0.98496875 0.6666531250000001 0.9848281249999999 0.6679203125 0.9864015625 0.6862250000000001 0.973015625 0.7103484375 0.9545578125 0.70809375 0.9526562500000001 0.704459375 0.953340625 0.7028375 0.9542171875 0.6970953125 0.9552578125 0.694509375 0.9568109375 0.6928468750000001 0.9581406250000001 0.6904015625000001 0.9606031249999999 0.688390625 0.9625562499999999 0.6862328125 0.963684375 0.6829859375 0.9648625 0.6820515625 0.9656578124999999 0.67854375 0.9662984375000001 0.678546875 0.9682234375000001 0.679684375 0.969665625 0.67875 0.9703421875 0.6763109375 0.9707265625 0.67395625 0.9725296875 0.6730609375000001 0.9745234375
0 0.71755 0.940828125 0.714709375 0.940828125 0.710225 0.94315625 0.7097546875 0.9446515625 0.7067421875 0.9453234374999999 0.704303125 0.945809375 0.7019484375 0.9478828125 0.7073968749999999 0.9499015625 0.7095453125 0.9510578125 0.7120390624999999 0.9518828125000001 0.7129328125 0.9524687500000001 0.7213953125 0.9462187500000001 0.723009375 0.9442656250000001 0.72279375 0.942603125 0.721203125 0.941378125 0.71755 0.940828125
0 0.741934375 0.9232453125 0.7375984375 0.9231640625 0.7349593750000001 0.9235109375 0.73145625 0.9244265625000001 0.731378125 0.92624375 0.73318125 0.9289 0.734515625 0.929875 0.730940625 0.93200625 0.7283703125 0.9335421875 0.7228125000000001 0.9378125 0.72336875 0.9385515625 0.7233390625 0.9407890625 0.724884375 0.9421531249999999 0.727828125 0.9410484374999999 0.7642109375 0.9130890624999999 0.7617984375 0.9098218749999999 0.7568078125000001 0.9086859374999999 0.7557640625000001 0.9087671875 0.75265 0.910396875 0.7506421875 0.913875 0.7477031249999999 0.9148953125 0.7444046875 0.9152140624999999 0.7392484375 0.9172859375 0.7375203124999999 0.9191078125000001 0.7372578125 0.92058125 0.740625 0.92224375 0.741934375 0.9232453125
0 0.7665296875000001 0.90539375 0.7644562500000001 0.90635 0.7660703125 0.9083656250000001 0.7670421875 0.9098703125000001 0.7688828125 0.9092015625000001 0.76915 0.9078062499999999 0.76835625 0.906053125 0.7665296875000001 0.90539375
0 0.7756796875 0.8979765625 0.774403125 0.9003359375000001 0.7753140625 0.9021343749999999 0.7760171875 0.9028984375 0.7811703125 0.8994765625 0.7804625 0.8968562500000001 0.77878125 0.89626875 0.7756796875 0.8979765625
0 0.6287640624999999 0.944209375 0.63089375 0.9429171875 0.6319046875 0.9382484375000001 0.6305171875 0.9344531249999999 0.6286375 0.9347078124999999 0.627675 0.9366125000000001 0.627440625 0.9403796874999999 0.6268328125 0.941021875 0.6260171875 0.9440125 0.626859375 0.9508625 0.629471875 0.9514421875 0.6302140625 0.9510406250000001 0.6307890625 0.94940625 0.6307890625 0.9473125 0.6299640625 0.9453671874999999 0.6287640624999999 0.944209375
0 0.646625 0.9286078124999999 0.64784375 0.9307046874999999 0.6483765625 0.9270234374999999 0.6476109375 0.9178453125000001 0.646725 0.9189890625 0.646184375 0.9217640625 0.6455359374999999 0.923934375 0.6458921875 0.9269390625 0.646625 0.9286078124999999
0 0.6277734374999999 0.8932453125 0.6284125 0.8922859375 0.6277578125 0.890465625 0.6263421874999999 0.889553125 0.6251953125 0.8892734375 0.6240359375 0.8904687499999999 0.62423125 0.8926515625 0.625309375 0.893809375 0.626240625 0.8952140625 0.6277734374999999 0.8932453125
0 0.8225234374999999 0.7944203125 0.8240328124999999 0.7981765625 0.82299375 0.7798375 0.8224937499999999 0.7827203125 0.822940625 0.7869765625 0.822478125 0.7899359375 0.821625 0.791734375 0.8210375000000001 0.7934171875 0.8225234374999999 0.7944203125
0 0.6415265625 0.8037984375 0.641684375 0.8053125 0.642846875 0.8044046874999999 0.6431734375 0.8035140625 0.6437703124999999 0.8004546875 0.6432890625 0.7996078125 0.6426796875 0.799703125 0.64149375 0.8010125 0.6415265625 0.8037984375
0 0.6312546875 0.8509171875 0.632115625 0.8529109375000001 0.6333046875 0.8545562500000001 0.6341890625 0.85341875 0.6347343750000001 0.8518578124999999 0.633978125 0.8497640625 0.631765625 0.84945625 0.6312546875 0.8509171875
0 0.8100875000000001 0.7261109375 0.8104156250000001 0.7271859375 0.8112359375 0.727584375 0.8121671875 0.7279 0.8121171875 0.7257875 0.8114921875000001 0.7255499999999999 0.8100875000000001 0.7261109375
0 0.6423609375 0.6732390625 0.6421484375000001 0.67109375 0.6416906250000001 0.667890625 0.6401859375 0.6662546875 0.6390374999999999 0.6671890625 0.6384125 0.6695515624999999 0.638659375 0.6719421875 0.639484375 0.6730328125 0.6423609375 0.6732390625
0 0.7948609375 0.6269218750000001 0.7956953125 0.6248125 0.7949625 0.622303125 0.793496875 0.6208765625 0.7907546875 0.6220796875 0.789734375 0.623371875 0.7884375 0.62556875 0.7887500000000001 0.6277375000000001 0.7926171875 0.629215625 0.7948609375 0.6269218750000001
0 0.7846296875000001 0.60365 0.7864484375 0.6040171875 0.787971875 0.6025484375 0.7882046875000001 0.6009249999999999 0.7864125 0.599759375 0.7844328125 0.6001078125 0.783540625 0.6008953125 0.7846296875000001 0.60365
0 0.7810953125 0.5335421874999999 0.7808796874999999 0.535784375 0.783553125 0.5370203124999999 0.78629375 0.5368765625 0.7876015625 0.5360968749999999 0.788525 0.5324265625 0.7873249999999999 0.5322484375000001 0.7810953125 0.5335421874999999
0 0.7800812500000001 0.543309375 0.7789640624999999 0.5419078125000001 0.7769265625 0.542065625 0.7783562500000001 0.547215625 0.7796484375 0.545253125 0.7800812500000001 0.543309375
0 0.8090109375000001 0.612065625 0.8105984375 0.615575 0.8099859374999999 0.5927953125000001 0.8086484374999999 0.5925125 0.8090109375000001 0.612065625
0 0.8084093749999999 0.5787718749999999 0.8063453125000001 0.53990625 0.804571875 0.538775 0.8059218749999999 0.5590640625 0.8077046875 0.5841078125 0.8084093749999999 0.5787718749999999
0 0.7836890624999999 0.5289765625 0.7825124999999999 0.529190625 0.7775015625 0.5300640624999999 0.775490625 0.5307999999999999 0.7780078125000001 0.53210625 0.7802265625 0.532025 0.7851453125 0.5317828125 0.7871875 0.5315624999999999 0.7885453124999999 0.5305765625000001 0.7874515625 0.528671875 0.78481875 0.5289765625 0.7836890624999999 0.5289765625
0 0.756396875 0.52770625 0.7594703125 0.5285234375 0.7644359374999999 0.52935 0.76761875 0.5294328125 0.7697234374999999 0.5287328125 0.7742265625 0.5295578125 0.776503125 0.529796875 0.780778125 0.529190625 0.7820078125000001 0.52699375 0.7815265625000001 0.5256046875 0.7727140625 0.524246875 0.7701515624999999 0.525428125 0.7675171875 0.5248828125 0.7660515625000001 0.52459375 0.7668874999999999 0.52368125 0.7658296874999999 0.5228734375 0.76281875 0.522003125 0.761471875 0.5231609374999999 0.758521875 0.5226875 0.7554515625 0.5225703125 0.75656875 0.5211328125 0.752571875 0.5210515625000001 0.7505421875 0.5221281249999999 0.7493640625 0.523925 0.7530296875 0.5249671874999999 0.755115625 0.524384375 0.7586234375 0.5245265625 0.75875 0.5250468749999999 0.7547890625 0.5256640625 0.753478125 0.526621875 0.756396875 0.52770625
0 0.7770125 0.5158546875 0.7767031249999999 0.5236546875 0.7901609374999999 0.5256406250000001 0.791446875 0.5243125 0.79155625 0.521728125 0.7885859375 0.519265625 0.786490625 0.5159765625 0.7846765625 0.5139484375000001 0.7770125 0.5158546875
0 0.6811453125 0.51095625 0.6838203125 0.5123562500000001 0.6851078125 0.5127531249999999 0.6873453125 0.512834375 0.689621875 0.5132625 0.6935640624999999 0.513934375 0.6959203125 0.5150765625 0.698584375 0.5159171875 0.7027234375 0.51675625 0.707321875 0.51675625 0.7094125 0.51761875 0.712996875 0.5171578125 0.7159484375 0.516378125 0.7179578125 0.5150265625 0.716496875 0.512403125 0.6728921875 0.5026703125 0.6648453125 0.5020484374999999 0.6565828125000001 0.5011187500000001 0.6539312500000001 0.500671875 0.6486828124999999 0.501415625 0.6426859375 0.5002640625 0.6394046875 0.5006421875 0.6309375 0.501840625 0.6311109375 0.5024140625 0.638990625 0.5031875 0.644496875 0.5033171875 0.6483390625000001 0.5024703125000001 0.6471703125 0.50448125 0.64873125 0.5051984375 0.652265625 0.503675 0.6572359375 0.5016625 0.6593265625 0.503565625 0.65485625 0.5041203125 0.65205 0.5059453125 0.6546640625 0.5062828125000001 0.6589234375 0.50603125 0.662115625 0.50551875 0.6632953125000001 0.507271875 0.66450625 0.5084953125 0.6669421875 0.5081609375 0.6704671875 0.5087734375 0.671003125 0.5101296875 0.67351875 0.510915625 0.676765625 0.5111140625 0.6811453125 0.51095625
0 0.73273125 0.5172640625 0.734375 0.5163140625 0.7284484375 0.5144859375 0.7277203125 0.5180734375 0.7299015625 0.5181250000000001 0.7307328125 0.517725 0.73273125 0.5172640625
0 0.7205015625 0.5130265625 0.7211359374999999 0.5150406249999999 0.72229375 0.5158 0.7238249999999999 0.5154625 0.724384375 0.5149250000000001 0.724571875 0.5142921874999999 0.7205015625 0.5130265625
0 0.6150828125000001 0.5664906249999999 0.614646875 0.5644421875 0.6133609375 0.5642296875 0.61080625 0.5646609375 0.607678125 0.5657546875 0.6074546875 0.5677671875 0.6099484375 0.5692015625 0.613040625 0.5682453125 0.614415625 0.5679046875 0.6150828125000001 0.5664906249999999
0 0.6161484374999999 0.4338703125 0.615475 0.4313109375 0.612365625 0.42837500000000006 0.60996875 0.42812343750000004 0.60985625 0.43179375000000003 0.6101328125000001 0.433709375 0.6114984375 0.436665625 0.6134234375000001 0.43942031249999997 0.6156671874999999 0.43950625 0.6161484374999999 0.4338703125
0 0.6125984375 0.401971875 0.6123296875 0.3964203125 0.608240625 0.40004375000000003 0.6103484375 0.40152968749999995 0.6125984375 0.401971875
0 0.7887906250000001 0.41082656249999994 0.7885718749999999 0.4123265625 0.7884187500000001 0.413746875 0.7923984374999999 0.4148828125 0.791334375 0.409 0.79015625 0.40986093749999997 0.7887906250000001 0.41082656249999994
0 0.78651875 0.5005499999999999 0.7864171875 0.50240625 0.7871578125 0.5038125 0.78934375 0.5019015625 0.7896671875 0.499853125 0.7887375 0.49911562500000006 0.78651875 0.5005499999999999
0 0.7889875 0.3873171875 0.7874734375 0.386603125 0.7856109375 0.3876265625 0.7860031249999999 0.39065625000000004 0.7878859375 0.390153125 0.7889875 0.3873171875
0 0.7853 0.3677078125 0.7855453125 0.3703671875 0.7858640625 0.37193437500000004 0.7872859375 0.370809375 0.788003125 0.369159375 0.786665625 0.3671140625 0.7853 0.3677078125
0 0.6051109375 0.371134375 0.6044921875 0.374 0.6061953124999999 0.376125 0.6089984375 0.37501562499999996 0.6096734374999999 0.372371875 0.60938125 0.37014375 0.6068390625 0.3692671875 0.6051109375 0.371134375
0 0.610578125 0.375890625 0.6090046874999999 0.3768109375 0.6092984375 0.3782 0.610325 0.3790296875 0.6115296875 0.37768437499999996 0.610578125 0.375890625
0 0.7642125 0.2693890625 0.7651359375 0.3191359375 0.76595625 0.32121093749999996 0.7676578125 0.3207421875 0.7669828125 0.2939953125 0.7670656250000001 0.2774890625 0.7642125 0.2693890625
0 0.787125 0.2664546875 0.7863671875 0.2700890625 0.7853749999999999 0.272525 0.7858890625 0.2753421875 0.7866421875 0.27742187500000004 0.788128125 0.2799328125 0.787646875 0.28106875 0.787965625 0.2827765625 0.7887484375 0.2845171875 0.7907875 0.2873515625 0.791775 0.2810546875 0.791390625 0.27688125 0.7908015625 0.2734046875 0.78926875 0.2701671875 0.7895765625 0.2679109375 0.7883921875000001 0.2633453125 0.7872328125 0.26480468749999997 0.787125 0.2664546875
0 0.79075625 0.318025 0.79114375 0.3211703125 0.7927296875 0.3247203125 0.7940828125 0.3227609375 0.7934703125 0.3151234375 0.792965625 0.3143140625 0.7914828125 0.3148515625 0.79075625 0.318025
0 0.7554984375 0.2231625 0.7598703125 0.22228281249999998 0.7625046875 0.22212031250000003 0.76359375 0.22035156250000001 0.7626828125 0.2189953125 0.755915625 0.2200984375 0.7548078125 0.22034375 0.7505109375 0.22090937500000002 0.7547953125 0.224640625 0.7554984375 0.2231625
0 0.759246875 0.20925 0.763390625 0.2128734375 0.7610921875 0.21285156249999998 0.7586468749999999 0.21352031249999998 0.7582796875 0.215271875 0.761575 0.21757343750000002 0.767290625 0.21989062499999998 0.7732203125 0.2215765625 0.7760828125 0.22293593750000001 0.7696609375000001 0.21524843749999997 0.7681453125 0.2126921875 0.76558125 0.21068125000000001 0.76334375 0.20901406250000001 0.75596875 0.20154999999999998 0.7435953125 0.1888375 0.734371875 0.1796671875 0.72770625 0.1737109375 0.7141921875 0.16038593750000002 0.7122515625 0.1617609375 0.7130453125 0.16395781250000002 0.71491875 0.16475937499999999 0.7161171875 0.1659546875 0.7166765625 0.16678593749999998 0.7162 0.16922187500000002 0.716 0.1699265625 0.7181265625 0.1703953125 0.7208515625 0.16999999999999998 0.72151875 0.1722125 0.7227671875 0.1729171875 0.7244796874999999 0.17258125 0.724378125 0.174809375 0.725665625 0.1764953125 0.727425 0.17746875 0.730003125 0.178040625 0.7301124999999999 0.17971874999999998 0.73125 0.1801875 0.7305937499999999 0.18122031249999998 0.7328 0.1829734375 0.733625 0.1831953125 0.73448125 0.184146875 0.740315625 0.1903453125 0.7420203125 0.1905453125 0.7413765625 0.19143749999999998 0.7416765625 0.193203125 0.7437 0.19346093749999999 0.7510828125 0.2000640625 0.7520671875 0.20340625 0.7527328125 0.20542656250000002 0.754184375 0.20685156249999997 0.756384375 0.2075125 0.759246875 0.20925
0 0.7453890624999999 0.2104609375 0.746509375 0.208765625 0.7447953125 0.2070984375 0.7419046875 0.20613437499999998 0.7391515625 0.20535312499999997 0.7347625 0.20589375 0.7404984375 0.2106875 0.744053125 0.21478125 0.7480828125000001 0.217540625 0.7501078125 0.21678281250000003 0.7509640625 0.21604687500000003 0.751259375 0.2144421875 0.7510203125 0.21276562499999999 0.7501703125 0.2115578125 0.7482984375 0.2109171875 0.7453890624999999 0.2104609375
0 0.737703125 0.201815625 0.7370265625 0.20089375 0.7343140625 0.20057031250000001 0.7337 0.2004296875 0.7311265625 0.19917968749999998 0.728434375 0.199003125 0.727978125 0.1990859375 0.7329375 0.20406093749999998 0.7356296875 0.20295000000000002 0.737703125 0.201815625
0 0.72370625 0.1923140625 0.7201734375 0.19155625 0.722553125 0.1939484375 0.72370625 0.1923140625
0 0.7199609375 0.1891328125 0.7217203125 0.188071875 0.7220156249999999 0.186525 0.7175703125 0.1850953125 0.7174921875 0.1850953125 0.7145796875 0.18486562499999998 0.7133328125 0.18486562499999998 0.7132203125000001 0.1858078125 0.71824375 0.18885000000000002 0.7199609375 0.1891328125
0 0.7043921875 0.17725312499999998 0.7076718750000001 0.1795328125 0.70973125 0.179378125 0.7100562499999999 0.17861875 0.708978125 0.1773328125 0.7069375 0.1769265625 0.705175 0.1769265625 0.7043921875 0.17725312499999998
0 0.6843250000000001 0.14581093750000002 0.6871265625 0.14766718750000002 0.690828125 0.14858125 0.6912890625 0.1522796875 0.6873484375000001 0.1517484375 0.6819421875 0.1513203125 0.6780578125 0.152078125 0.6921906250000001 0.165628125 0.6943703125 0.166615625 0.6968125 0.167165625 0.6989015625 0.1673375 0.7001593749999999 0.1650640625 0.7010421874999999 0.1635 0.6980828125 0.161746875 0.6954484375 0.16120937500000002 0.69600625 0.15995781250000002 0.6969875 0.15842499999999998 0.6957187499999999 0.156178125 0.6948875 0.1551828125 0.6985109375 0.1553109375 0.7005765625 0.1554140625 0.7029203125000001 0.1541234375 0.7030296875000001 0.1527265625 0.7112609375 0.161065625 0.7135390625 0.1597109375 0.705596875 0.15184843750000002 0.7081171875 0.15131875 0.7012421875 0.14502656249999998 0.6996984375 0.145384375 0.6978171875 0.14470624999999998 0.6963421875 0.14601406249999999 0.695903125 0.144334375 0.6919640625000001 0.1434984375 0.6891328125 0.1419125 0.686359375 0.142803125 0.6841109375000001 0.1435984375 0.6843250000000001 0.14581093750000002
0 0.6358875 0.086721875 0.635190625 0.08906875 0.6333078125 0.091490625 0.6310890625 0.09256718750000001 0.6259406249999999 0.092540625 0.6238609375 0.093171875 0.62418125 0.10130625 0.6455656249999999 0.121109375 0.6677828124999999 0.1414 0.6701734375 0.138415625 0.6705453125 0.1362328125 0.669871875 0.134434375 0.66500625 0.1325703125 0.66166875 0.1315734375 0.66291875 0.13059375 0.664528125 0.12996093749999998 0.6650890625 0.129246875 0.66240625 0.1283484375 0.6598515625 0.12770781250000002 0.6628171875 0.1262765625 0.66270625 0.12466250000000001 0.660934375 0.1229859375 0.6559437499999999 0.1235921875 0.655409375 0.1235109375 0.655140625 0.12244375 0.6533796875 0.12036093750000001 0.65131875 0.11919687500000001 0.6503296875 0.11796718749999999 0.65155625 0.11568125 0.651334375 0.11333437500000001 0.649621875 0.1115734375 0.64625625 0.1112578125 0.643265625 0.11171093750000001 0.6422171875 0.10947812500000001 0.6415234375 0.10738125000000001 0.635915625 0.10348125 0.6330328125 0.10119843749999999 0.6364484375 0.1008140625 0.6389843749999999 0.10309375000000001 0.6438921875 0.10311875 0.6471765625 0.1034375 0.6494296875 0.105153125 0.6506265625000001 0.10659375 0.6512156250000001 0.10770781250000001 0.651678125 0.11075312500000001 0.651865625 0.11133124999999999 0.6534187499999999 0.11274218750000001 0.657278125 0.11355156250000001 0.6597359375 0.1147546875 0.6611390625 0.1166625 0.6604062500000001 0.1166765625 0.6572796875 0.11767187500000001 0.6602796875 0.119921875 0.66374375 0.1209765625 0.66634375 0.12230468750000001 0.668103125 0.12385781250000001 0.66761875 0.1261296875 0.6695765625 0.1281421875 0.6732046875 0.12996875000000002 0.676821875 0.1313578125 0.674296875 0.131965625 0.6739203125000001 0.134490625 0.6764640625 0.1369125 0.6789046875 0.1379 0.6840625 0.1377046875 0.6876828125000001 0.13668125 0.6890625 0.13903749999999998 0.6949859375 0.144875 0.6969515625 0.1444203125 0.69831875 0.1430421875 0.6967734375 0.1403375 0.6941609375 0.1387515625 0.69063125 0.1356453125 0.674684375 0.117875 0.6683453125 0.11130312499999999 0.6231187499999999 0.0653390625 0.62395625 0.08335000000000001 0.62805625 0.08661875 0.6316453125 0.0865984375 0.634440625 0.086053125 0.6358875 0.086721875
0 0.6066171875 0.10476250000000001 0.60775625 0.1044828125 0.6086109375000001 0.102565625 0.6062453125 0.10087187500000001 0.604484375 0.10053281249999999 0.6027812499999999 0.10140156250000001 0.6034671875 0.1038375 0.6051359374999999 0.1044375 0.6066171875 0.10476250000000001
0 0.6117328125 0.0836890625 0.6097828125 0.08339687500000001 0.6088312499999999 0.08592187500000001 0.6085234374999999 0.0875265625 0.6082265625 0.089546875 0.6105953125 0.0934828125 0.6134234375000001 0.0967796875 0.6152484375 0.09694375 0.61599375 0.095 0.615990625 0.091159375 0.61445625 0.0889296875 0.61259375 0.0859171875 0.6117328125 0.0836890625
0 0.603184375 0.0956171875 0.602703125 0.096753125 0.603346875 0.0975203125 0.6045234374999999 0.0973796875 0.6049984375 0.0970234375 0.6049984375 0.0956125 0.6038234375 0.095196875 0.603184375 0.0956171875
0 0.605171875 0.09227031249999999 0.6059484375 0.09057968749999999 0.6061062500000001 0.0882890625 0.6048375 0.08715468750000001 0.6025406249999999 0.087015625 0.6012546875 0.08630312500000001 0.6000859375 0.08971875 0.600578125 0.0928078125 0.6020578125 0.09365625 0.605171875 0.09227031249999999
0 0.6036406249999999 0.08316562499999999 0.6049921875 0.084103125 0.605665625 0.082946875 0.6036406249999999 0.08316562499999999
0 0.60539375 0.06194375 0.60301875 0.061253125 0.6025625 0.061334375 0.6049515624999999 0.064825 0.6060187499999999 0.063390625 0.60539375 0.06194375
0 0.769915625 0.0440453125 0.7717421875 0.0471546875 0.77373125 0.046103125 0.7732921875 0.043303125 0.7732921875 0.041567187500000005 0.7718078125 0.041590625 0.7709312500000001 0.0412015625 0.769915625 0.0440453125
0 0.766434375 0.11740312500000001 0.764715625 0.11845781250000001 0.767046875 0.119665625 0.7688906249999999 0.1198453125 0.7699203125 0.119190625 0.769790625 0.1184390625 0.7681171875 0.117540625 0.766434375 0.11740312500000001
0 0.6207359375 0.002275 0.6216796875 0.000046875 0.6129328125 0.00011875 0.61175 0.0038625 0.6145359375 0.0068640624999999995 0.6166234375 0.0108671875 0.6166234375 0.0134671875 0.6174125 0.0140453125 0.6200390625 0.014601562500000002 0.6200765625 0.0111859375 0.6184499999999999 0.0062734374999999995 0.6186234374999999 0.004117187499999999 0.6207359375 0.002275
0 0.702265625 0 0.7128171875 0.046485937500000005 0.7142296875 0.0567671875 0.71168125 0.0702203125 0.7067625 0.09221718749999999 0.7059546875 0.09443281249999999 0.7054765625 0.0959859375 0.7052046875 0.097825 0.7005125 0.11573125 0.6975546875 0.126296875 0.6943640624999999 0.1377234375 0.6990765624999999 0.139515625 0.7106390625000001 0.0975796875 0.71285625 0.0942515625 0.7274437500000001 0.094140625 0.7334906250000001 0.0939453125 0.739471875 0.0944765625 0.7417687500000001 0.0950890625 0.7446625 0.09465 0.747296875 0.09425625 0.7524703125000001 0.09456718750000001 0.7558625 0.0956484375 0.755940625 0.089365625 0.715290625 0.088378125 0.7173609375 0.0719125 0.720009375 0.059876562499999994 0.7203906250000001 0.052617187499999996 0.718575 0.044328125 0.715165625 0.0251171875 0.7098359375000001 0 0.702265625 0
0 0.6796265625 0.166503125 0.685721875 0.15913125 0.68155 0.1564765625 0.6762484375 0.165290625 0.67625625 0.1693015625 0.6796265625 0.166503125
0 0.684134375 0.1847640625 0.6865796875 0.184 0.6982421875 0.1706609375 0.695303125 0.1682921875 0.6777953125 0.1892515625 0.684134375 0.1847640625
0 0.7137109374999999 0.1965734375 0.7228609374999999 0.1966984375 0.72540625 0.1974359375 0.725328125 0.19672343750000001 0.71674375 0.18929218750000001 0.7115781250000001 0.193409375 0.68061875 0.19360468749999998 0.680453125 0.1913578125 0.67714375 0.1908796875 0.677496875 0.19534374999999998 0.682896875 0.1966359375 0.70839375 0.19671875 0.6789109375 0.22719218749999998 0.6797375 0.23179218750000002 0.7137109374999999 0.1965734375
0 0.681678125 0.2685828125 0.739175 0.20986406249999998 0.73579375 0.20728749999999999 0.680115625 0.2652828125 0.680140625 0.269559375 0.681678125 0.2685828125
0 0.7172828124999999 0.278725 0.709084375 0.27766250000000003 0.7203328124999999 0.2660890625 0.737528125 0.2486875 0.75241875 0.23425156249999998 0.7589 0.2293984375 0.75575625 0.2272671875 0.7368265625 0.2434765625 0.7058 0.27694843750000003 0.704571875 0.28028906249999996 0.7051984375 0.28065937500000004 0.7272531250000001 0.2817953125 0.72948125 0.2796484375 0.7172828124999999 0.278725
0 0.7376406249999999 0.28230468750000004 0.7462796875000001 0.28205468749999996 0.7479234375 0.280109375 0.7399046874999999 0.2794390625 0.7432578125 0.2755515625 0.762615625 0.25738125 0.76236875 0.253475 0.734803125 0.2793875 0.7350921875 0.280778125 0.7376406249999999 0.28230468750000004
0 0.76019375 0.1964046875 0.7595453125 0.1869171875 0.7550703125 0.1924515625 0.7509578125 0.19382656250000002 0.7536125 0.1965703125 0.76019375 0.1964046875
0 0.7301953125 0.1736578125 0.732790625 0.1764046875 0.7577921875 0.1532625 0.7578890625 0.1468234375 0.7301953125 0.1736578125
0 0.7232515625 0.136915625 0.709278125 0.1520359375 0.71221875 0.15519531250000002 0.7379515624999999 0.127596875 0.74191875 0.12102500000000001 0.7562781249999999 0.1051453125 0.7561359375000001 0.09887343750000001 0.7232515625 0.136915625
0 0.7905640625 0.06643281250000001 0.800584375 0.05741875 0.7905234375 0.060068750000000004 0.7819671875 0.0704671875 0.7822828125 0.07660625 0.7905640625 0.06643281250000001
0 0.8210984375000001 0.09478281250000001 0.82429375 0.0946421875 0.824103125 0.0916546875 0.824290625 0.086275 0.8178734375 0.08636875000000001 0.8149421875 0.0894203125 0.8123781250000001 0.090690625 0.783875 0.090190625 0.783978125 0.09142343750000001 0.7867640625 0.092953125 0.791271875 0.09415781250000001 0.79648125 0.09415781250000001 0.8022234375 0.0941359375 0.80719375 0.0944625 0.8127187499999999 0.09441875 0.8210984375000001 0.09478281250000001
0 0.7889765625 0.1176765625 0.787471875 0.11929843749999999 0.78435 0.12264375000000001 0.784325 0.12526718750000002 0.7866921875 0.123921875 0.7886031250000001 0.1219609375 0.7898703125 0.1205578125 0.7889765625 0.1176765625
0 0.7930671874999999 0.1175734375 0.8078218749999999 0.102359375 0.8045171874999999 0.1002125 0.7906203125 0.1144375 0.792253125 0.116796875 0.7930671874999999 0.1175734375
0 0.8774484375 0.0828921875 0.8861296875000001 0.07516406249999999 0.8922062499999999 0.06806875 0.8897515625000001 0.0686640625 0.8667078125 0.0886859375 0.86428125 0.0912484375 0.8389078124999999 0.0909671875 0.8265750000000001 0.09063125 0.82596875 0.09136562499999999 0.8287015625 0.0948921875 0.8436703124999999 0.0955640625 0.8456328125000001 0.0934765625 0.8617953125 0.09428281250000001 0.8667906249999999 0.0927796875 0.8691656249999999 0.096003125 0.876578125 0.09655781249999999 0.9085125 0.09790937499999999 0.9153343749999999 0.0962046875 0.923228125 0.0975203125 0.9258 0.095275 0.9339437500000001 0.097490625 0.9376421875000001 0.09701875 0.9397984375 0.09835625 0.9569625 0.09941093749999999 0.9574406249999999 0.09729375 0.963628125 0.09637812500000001 0.9716968749999999 0.092371875 0.966796875 0.0908078125 0.9604015625000001 0.0934453125 0.9581250000000001 0.0946484375 0.9248390625 0.09340000000000001 0.9234546874999999 0.0897703125 0.9299296874999999 0.082465625 0.9282671875 0.08107031249999999 0.9123328125000001 0.093025 0.87480625 0.0915328125 0.8769875 0.08683437499999999 0.8734828125 0.0881796875 0.871165625 0.0878046875 0.8774484375 0.0828921875
0 0.907196875 0 0.8905734375 0.014521875 0.8713265625 0.032528125000000005 0.8552703125000001 0.048615625 0.8548078125 0.0513390625 0.858196875 0.052089062500000005 0.8615187499999999 0.050928125000000005 0.91625625 0 0.907196875 0
0 0.9242078125000001 0.0389671875 0.927353125 0.0407984375 0.9309328125 0.0387109375 0.9388875000000001 0.0316546875 0.93481875 0.030831249999999998 0.9316671875000001 0.030103124999999998 0.9285375 0.032575 0.924184375 0.0371359375 0.9242078125000001 0.0389671875
0 0.9460015625 0.0242359375 0.9443453125 0.025067187499999997 0.941025 0.027209375 0.9399593749999999 0.0304125 0.9513578125000001 0.0207578125 0.94818125 0.022215625 0.9460015625 0.0242359375
0 0.9686609374999999 0 0.9498046875 0.0156109375 0.953 0.01625 0.9592796874999999 0.0149359375 0.9616468749999999 0.013359375000000001 0.96255 0.0120609375 0.9641 0.0097609375 0.9624375000000001 0.0081828125 0.9618437500000001 0.007410937500000001 0.968359375 0.0038328125 0.9701734375 0.0026734375 0.9710875 0 0.9686609374999999 0
0 0.9063593750000001 0.0533125 0.9110250000000001 0.05475 0.9216765625000001 0.045914062500000005 0.9183578125 0.0438109375 0.9063593750000001 0.0533125
0 0.957571875 0.059018749999999995 0.9534890624999999 0.060059375000000005 0.950584375 0.0641796875 0.955634375 0.06508125000000001 0.956890625 0.06443125 0.95930625 0.061417187500000005 0.957571875 0.059018749999999995
0 0.9098843750000001 0.09755 0.9073765625 0.09740937499999999 0.8934140625 0.10842812500000001 0.8541968750000001 0.1412078125 0.833871875 0.15730312500000002 0.8237234375 0.1677078125 0.8263296875 0.1698796875 0.9084843749999999 0.1019015625 0.9099390625 0.0996296875 0.9098843750000001 0.09755
0 0.813265625 0.176740625 0.815190625 0.177903125 0.8181593749999999 0.175965625 0.81923125 0.1747765625 0.8193078125 0.173628125 0.8169124999999999 0.173275 0.8151890625 0.1735796875 0.8135749999999999 0.17515468750000002 0.813265625 0.176740625
0 0.824475 0.1933171875 0.8017578125 0.1929109375 0.7994703125 0.19120625 0.7982921875 0.190690625 0.7969671875000001 0.19037500000000002 0.7940359375 0.190490625 0.7913125 0.19169375 0.7889953125 0.194190625 0.7888765624999999 0.19534374999999998 0.7933390625000001 0.195421875 0.7945562500000001 0.19568125 0.7958953125 0.1961046875 0.8140375000000001 0.1975046875 0.8256546874999999 0.19435625 0.824475 0.1933171875
0 0.88224375 0.19723437500000002 0.8744578125 0.19698125 0.877603125 0.193109375 0.9261328125 0.15966875 0.9243593750000001 0.15717343749999999 0.8673109374999999 0.1960265625 0.8569218749999999 0.194925 0.8484890625 0.1941 0.84961875 0.195696875 0.8508578124999999 0.19722656249999998 0.8627734374999999 0.1993515625 0.7991765625 0.25103437500000003 0.8028046874999999 0.25260937499999997 0.8688671875 0.19931875 0.8809515625 0.2004109375 0.88224375 0.19723437500000002
0 0.9110578125 0.20115781250000003 0.9144296875 0.202734375 0.9184734375 0.20296562499999998 0.92070625 0.20224999999999999 0.9184187500000001 0.201015625 0.9159046875 0.20093437500000003 0.9196453124999999 0.1977703125 0.91479375 0.196246875 0.9110578125 0.20115781250000003
0 0.8401140625 0.187359375 0.8436390625 0.188571875 0.8551953125 0.17930625 0.9157109374999999 0.1346125 0.9120265625 0.1325125 0.8756421874999999 0.1578390625 0.8434328125 0.18274531249999998 0.8397296875 0.18572187499999998 0.8401140625 0.187359375
0 0.8777375 0.22684375 0.87706875 0.22319062500000003 0.8245609375 0.2630484375 0.82421875 0.26571875 0.82714375 0.2636640625 0.850009375 0.2466984375 0.8777375 0.22684375
0 0.90838125 0.25582812499999996 0.927740625 0.24456406249999998 0.9269234375 0.2416671875 0.9052890625 0.25566875 0.9073046874999999 0.257503125 0.90838125 0.25582812499999996
0 0.9387812500000001 0.2386796875 0.9391671875000001 0.23607968750000002 0.9377109375 0.23535 0.9354875 0.23727499999999999 0.9359093749999999 0.2386828125 0.9377703125 0.239184375 0.9387812500000001 0.2386796875
0 0.9413984375 0.233446875 0.9412 0.23657656249999998 0.9600890625 0.22589375 0.9591468750000001 0.22287812499999998 0.9413984375 0.233446875
0 0.9757999999999999 0.21645625000000002 0.9785125000000001 0.214740625 0.9780796875 0.2126234375 0.961446875 0.22168749999999998 0.963596875 0.22269062499999998 0.9666296875 0.2219984375 0.9757999999999999 0.21645625000000002
0 0.9611812499999999 0.20448750000000002 0.952771875 0.20363281249999998 0.9562171875000001 0.19960625 0.9535921875 0.19812812500000002 0.941771875 0.20465781249999998 0.9457328125 0.2057359375 0.9635203125 0.20652343750000002 0.9646109375 0.2087015625 0.977259375 0.209725 0.9822203125 0.20814375 0.9826937499999999 0.2068421875 0.9611812499999999 0.20448750000000002
0 0.985959375 0.207675 0.9872890625 0.20838593749999998 0.9942109374999999 0.211396875 0.9967812500000001 0.2092359375 0.9939171874999999 0.2055796875 0.9953203125 0.20431875000000002 0.9928453125000001 0.2031265625 0.985959375 0.207675
0 0.96001875 0.1950296875 0.9632796875 0.196934375 0.9662171875000001 0.193990625 0.9655015625000001 0.19232812500000002 0.96001875 0.1950296875
0 0.9695671875 0.1908140625 0.972303125 0.189159375 0.977240625 0.186984375 1 0.17212031249999998 0.9997640625 0.169275 0.96555625 0.190678125 0.9666625 0.1922828125 0.9695671875 0.1908140625
0 0.9403312500000001 0.26405 0.9472968749999999 0.2606234375 0.9678390625000001 0.24911093750000002 0.9674546875000001 0.24607968750000003 0.9347937500000001 0.265253125 0.9403312500000001 0.26405
0 1 0.1435453125 0.9949781249999999 0.1430765625 0.9207906250000001 0.1925546875 0.92450625 0.19428125000000002 0.9353718750000001 0.1867640625 0.989453125 0.1505140625 1 0.1435453125
0 0.8882734375 0.2019515625 0.906221875 0.20362968750000002 0.8860171875 0.218284375 0.886015625 0.220834375 0.9076140625000001 0.20573125 0.9090640625 0.200890625 0.8888906249999999 0.1975765625 0.8882734375 0.2019515625
0 0.8655203124999999 0.2869390625 0.8627968750000001 0.28950156250000003 0.8631234375 0.29071250000000004 0.8700749999999999 0.2909015625 0.8666796874999999 0.28788281250000003 0.8655203124999999 0.2869390625
0 0.870390625 0.28540625 0.8858750000000001 0.273675 0.8847250000000001 0.27166250000000003 0.8670515625 0.2848125 0.8689625 0.285734375 0.870390625 0.28540625
0 0.9746828125 0.258121875 0.9782796875 0.25813593749999997 0.9772453125 0.244578125 0.9730656249999999 0.24664999999999998 0.9746828125 0.258121875
0 0.9905140625 0.2372125 0.9910703125 0.2324 0.9676546874999999 0.24634218749999998 0.9687453125 0.2481359375 0.9839546875 0.2400359375 0.9849453125000001 0.2421984375 0.9872937500000001 0.24190625 0.9905140625 0.2372125
0 0.809146875 0.286159375 0.8034203124999999 0.28107187499999997 0.800121875 0.283196875 0.80174375 0.28479375 0.8032546875 0.28668125 0.809146875 0.286159375
0 0.7956203125 0.1553421875 0.798178125 0.15705625 0.8066187499999999 0.15000625 0.8047578124999999 0.1467828125 0.7956203125 0.1553421875
0 0.8448343749999999 0.11473124999999999 0.8393656249999999 0.11465 0.8072109375000001 0.1435796875 0.8089375000000001 0.147625 0.81935 0.1394015625 0.843546875 0.11610000000000001 0.8448343749999999 0.11473124999999999
0 0.8520671875 0.00060625 0.84575 0.0005 0.8015171875 0.04916875 0.8024140624999999 0.050040625000000005 0.8077937500000001 0.0483390625 0.8520671875 0.00060625
0 0.9482921875000001 0.10594062500000001 0.948575 0.10733593749999999 0.9504125 0.10793749999999999 0.9529562500000001 0.10666875 0.951609375 0.10496562499999999 0.9495109375 0.10494531250000001 0.9482921875000001 0.10594062500000001
0 0.9493828125 0.283759375 0.9497015624999999 0.2858046875 0.9538 0.28475 0.95546875 0.284271875 0.9561249999999999 0.2824921875 0.955371875 0.2813796875 0.9535703124999999 0.2814125 0.9493828125 0.283759375
0 0.578990625 0.1746875 0.580521875 0.17339374999999999 0.5802343750000001 0.1714984375 0.5765609375 0.17122656249999998 0.57454375 0.1728890625 0.5752234374999999 0.1751953125 0.5768187499999999 0.1756703125 0.578990625 0.1746875
0 0.5869828125 0.1532796875 0.5869234375 0.1534625 0.5882140625 0.15071874999999998 0.58723125 0.14756875 0.584409375 0.146721875 0.581409375 0.1539109375 0.583040625 0.1542515625 0.5869828125 0.1532796875
0 0.5773953125 0.134403125 0.5772453125 0.1324515625 0.57555625 0.130334375 0.5743203125 0.1292171875 0.5742046875 0.1252109375 0.5718578125 0.11925937499999999 0.5713625 0.138971875 0.5717625 0.16271249999999998 0.5734125 0.1625328125 0.573490625 0.154834375 0.5738046875 0.1519328125 0.5748953125 0.1484484375 0.574578125 0.14507343749999999 0.5743125 0.1408828125 0.575875 0.13694062499999998 0.5773953125 0.134403125
0 0.5707875 0.0942140625 0.5728109375 0.09681406249999999 0.574571875 0.0951078125 0.5746859375 0.092953125 0.5728796875 0.0907734375 0.5722890625 0.0906484375 0.5715296875 0.0906484375 0.5707875 0.0942140625
0 0.507190625 0.11242812499999999 0.5051140625 0.11199062500000001 0.504215625 0.11399531249999999 0.50639375 0.11706406250000001 0.5075000000000001 0.11559531249999999 0.5081015625 0.11418593749999999 0.507190625 0.11242812499999999
0 0.504409375 0.10548906250000001 0.5039546875 0.1034375 0.504103125 0.1008734375 0.503046875 0.0996921875 0.500384375 0.101 0.4997828125 0.1020765625 0.50043125 0.1039296875 0.5022296875000001 0.10537812499999999 0.504409375 0.10548906250000001
0 0.4861109375 0.104496875 0.4891328125 0.103925 0.4884546875 0.10085 0.48648125000000003 0.10149999999999999 0.4861109375 0.104496875
0 0.5158734375 0.212796875 0.518721875 0.2131296875 0.518446875 0.20910781250000002 0.517053125 0.209171875 0.5158734375 0.212796875
0 0.5908421875000001 0.3188625 0.5919531250000001 0.32034375000000004 0.5925921875 0.3212625 0.595203125 0.319809375 0.5938515625 0.3181234375 0.59138125 0.318221875 0.5908421875000001 0.3188625
0 0.7814203125 0.278840625 0.782815625 0.2799734375 0.78380625 0.280009375 0.7836375 0.2785 0.78238125 0.27752656249999996 0.781790625 0.277590625 0.7814203125 0.278840625
0 0.7595562499999999 0.17268125 0.761684375 0.1732796875 0.7619546875000001 0.1720921875 0.7613531250000001 0.1700328125 0.7604656249999999 0.1686484375 0.75929375 0.1693703125 0.759178125 0.17062187499999998 0.7595562499999999 0.17268125
0 0.5756515624999999 0.4091796875 0.576184375 0.40954375 0.5788156250000001 0.4090734375 0.578465625 0.40723125 0.5760046875 0.406471875 0.5751703125 0.4080234375 0.5756515624999999 0.4091796875
0 0.591784375 0.4673671875 0.5930187499999999 0.46721874999999996 0.5955703125 0.46503125 0.59298125 0.464246875 0.5905953125 0.4647453125 0.590440625 0.466440625 0.591784375 0.4673671875
0 0.563515625 0.6874328125 0.5644921875 0.689546875 0.5663578125 0.6894843749999999 0.565734375 0.6833375 0.564678125 0.683853125 0.5640125 0.6851359375 0.563515625 0.6874328125
0 0.4822640625 0.7051937500000001 0.48390625 0.7053578125 0.48466250000000005 0.703609375 0.484196875 0.70128125 0.48257031250000004 0.7003609375 0.48112187500000003 0.70311875 0.48173125 0.7047656250000001 0.4822640625 0.7051937500000001
0 0.4800640625 0.6955625000000001 0.47793125 0.6976125 0.4787328125 0.6987734375 0.4796265625 0.6993031249999999 0.48103125 0.6991984375 0.4827109375 0.6980421875 0.482609375 0.6965046874999999 0.4800640625 0.6955625000000001
0 0.570503125 0.8642484375 0.57010625 0.8625984375 0.567734375 0.8621515625 0.5666765625 0.8635375 0.5678703125 0.8655171875000001 0.5694515625000001 0.8659687500000001 0.5707687499999999 0.8657562499999999 0.570503125 0.8642484375
0 0.5238453125 0.8467625 0.5241078124999999 0.84795 0.525953125 0.84910625 0.526834375 0.84765 0.5261359375 0.8452140625 0.5247109375 0.8452890625 0.5238453125 0.8467625