0 0.304928125 0.411240625 0.3069890625 0.41296406250000006 0.3100890625 0.41244218750000006 0.3112171875 0.41065781250000005 0.31134062500000004 0.4093453125 0.31025 0.40812968749999995 0.3080984375 0.4068203125 0.3065859375 0.406740625 0.30456875 0.40810625 0.3046015625 0.4102015625 0.304928125 0.411240625
0 0.333103125 0.41286875 0.33213906249999997 0.41365625 0.3315796875 0.4149109375 0.332440625 0.4168484375 0.3346078125 0.4159515625 0.3352515625 0.4167375 0.3344765625 0.41883125000000004 0.33579375 0.42011562500000005 0.341121875 0.4206015625 0.3389546875 0.41957656249999997 0.3388765625 0.4190484375 0.340084375 0.4173078125 0.3395734375 0.41516875000000003 0.33853125 0.414153125 0.33592187500000004 0.414353125 0.33454843749999996 0.413240625 0.333103125 0.41286875
0 0.325846875 0.43396875 0.326384375 0.43705156250000005 0.3316734375 0.437509375 0.33365 0.43626250000000005 0.3350453125 0.43401875 0.3344203125 0.4321921875 0.33319375 0.430721875 0.3351484375 0.4281890625 0.3375296875 0.42645156249999994 0.33741875 0.42407500000000004 0.336775 0.4231109375 0.3355265625 0.4208671875 0.3345859375 0.4195609375 0.3331015625 0.4190921875 0.33045 0.418915625 0.32928125 0.42000000000000004 0.32837031250000004 0.4201171875 0.3270640625 0.4197984375 0.3254796875 0.4196578125 0.3242921875 0.42039375 0.3238671875 0.421203125 0.32279843750000003 0.42127499999999996 0.3209953125 0.42092343750000005 0.3202734375 0.4216375 0.319896875 0.42358124999999996 0.3196296875 0.42531718749999997 0.32042187499999997 0.4268953125 0.3230984375 0.42763906250000006 0.32470781249999997 0.42740156249999994 0.32470781249999997 0.42751875000000006 0.324675 0.43001093749999997 0.3254328125 0.43238750000000004 0.325846875 0.43396875
0 0.31459375 0.4333984375 0.31558593749999997 0.43524375 0.31761093749999997 0.436290625 0.319328125 0.43566562500000006 0.3201328125 0.4341375 0.32034843749999997 0.43141875 0.321096875 0.4307359375 0.3221078125 0.429740625 0.32191875 0.428434375 0.320721875 0.42800000000000005 0.31935625 0.42901718750000006 0.3190390625 0.4292515625 0.31846406250000003 0.4279890625 0.3170984375 0.4279890625 0.31539375000000003 0.428603125 0.3148125 0.4313375 0.31459375 0.4333984375
0 0.340615625 0.4635515625 0.33978125000000003 0.4616203125 0.338071875 0.462 0.336409375 0.4631578125 0.33583124999999997 0.46528125 0.3363171875 0.46669218749999997 0.3371671875 0.4676125 0.33913906250000003 0.467134375 0.3408328125 0.4648171875 0.340615625 0.4635515625
0 0.3400625 0.5113859374999999 0.335028125 0.506728125 0.33432968750000003 0.509815625 0.33440781249999996 0.5111375 0.33592343750000003 0.5134171875 0.3378234375 0.51284375 0.3400625 0.5113859374999999
0 0.35781718749999997 0.5850984375 0.358946875 0.5832046875 0.3586515625 0.58206875 0.35735 0.5803578125 0.35493125000000003 0.5803703125 0.35391249999999996 0.5807265625 0.3521546875 0.5825078125 0.352421875 0.5838890625000001 0.3534703125 0.5849203125 0.35581874999999996 0.585753125 0.35781718749999997 0.5850984375
0 0.3471328125 0.58785625 0.34550000000000003 0.588909375 0.34445000000000003 0.5903921875 0.34264843749999996 0.5921765625 0.3415296875 0.59319375 0.3407171875 0.594346875 0.3433125 0.595878125 0.34614375000000003 0.5968578124999999 0.34954999999999997 0.597040625 0.3517734375 0.5961937500000001 0.3531265625 0.5945750000000001 0.3542390625 0.5917375 0.3530796875 0.5899640625 0.352565625 0.5890359375 0.35245625 0.5875359375 0.350515625 0.5871265625000001 0.34907499999999997 0.587275 0.3471328125 0.58785625
0 0.35640625 0.5871578125 0.355128125 0.5876406249999999 0.35469531249999997 0.5899421874999999 0.355459375 0.591575 0.35755781249999996 0.5930765625000001 0.35843125 0.591178125 0.35867031250000003 0.5891890625 0.3585453125 0.5874765625 0.35640625 0.5871578125
0 0.244328125 0.63471875 0.23634375 0.6359453125 0.2325203125 0.6383109375 0.23816406250000002 0.6395796875 0.2398890625 0.6381265625 0.24240468750000002 0.6385875000000001 0.24393906250000003 0.6380046875 0.245453125 0.6366171875 0.24514062499999997 0.635234375 0.244328125 0.63471875
0 0.43708125000000003 0.6764984375 0.43848906249999997 0.67569375 0.438115625 0.6740171875 0.4379546875 0.6711921875 0.4364875 0.671315625 0.4360953125 0.671375 0.43521093750000006 0.6730453125 0.43510312500000003 0.6740999999999999 0.4353703125 0.6750640625 0.43574531250000004 0.6755703125 0.43708125000000003 0.6764984375
0 0.326975 0.7176375 0.327721875 0.71685 0.3288234375 0.7151578125 0.3296109375 0.713359375 0.32914374999999996 0.711459375 0.3279453125 0.7106125 0.32763749999999997 0.7111359375 0.32599374999999997 0.7113796875 0.32389531250000003 0.7122546875 0.32351874999999997 0.713940625 0.3239515625 0.716090625 0.3249140625 0.7180984375 0.326975 0.7176375
0 0.3865546875 0.7081453125 0.3885578125 0.703590625 0.38656562499999997 0.703453125 0.3855546875 0.7049234375 0.3855546875 0.7063046875000001 0.38566406249999996 0.7072984375 0.3865546875 0.7081453125
0 0.485765625 0.7887203125 0.48447031249999994 0.7894187500000001 0.48335156250000005 0.7912890625 0.48367812499999996 0.792403125 0.48456875000000005 0.793190625 0.48687500000000006 0.793246875 0.487925 0.79151875 0.4876015625 0.7895125000000001 0.485765625 0.7887203125
0 0.3371 0.8804874999999999 0.338021875 0.882803125 0.33973437500000003 0.8818109375000001 0.3417734375 0.879671875 0.343090625 0.8773859375 0.3443078125 0.8749484375 0.3442609375 0.8737875 0.3432984375 0.8727750000000001 0.3407203125 0.8733906250000001 0.339709375 0.8753796875000001 0.33823593750000003 0.8775921875 0.33704999999999996 0.8790921875000001 0.3371 0.8804874999999999
0 0.372759375 0.9264171875 0.37322500000000003 0.92705625 0.37160000000000004 0.9279484374999999 0.3719734375 0.9302984375 0.37399218749999996 0.930990625 0.37542343749999996 0.9281328125 0.374421875 0.9266390624999999 0.372759375 0.9264171875
0 0.2864734375 0.9373250000000001 0.2851171875 0.9364921875000001 0.28476093750000003 0.9337296875 0.28281093749999997 0.932934375 0.28147500000000003 0.9336125 0.279671875 0.9338843750000001 0.2772953125 0.9311515625 0.2747015625 0.9294062500000001 0.2726421875 0.92854375 0.27195625 0.925171875 0.27225156250000004 0.9231828125 0.2736578125 0.919484375 0.273409375 0.9185484374999999 0.271596875 0.9167953125 0.268928125 0.9152421875 0.2684734375 0.9172578124999999 0.2671953125 0.9201953125 0.26748906250000004 0.9231734375 0.26748906250000004 0.9249812500000001 0.267628125 0.929534375 0.2677046875 0.9318781250000001 0.2715234375 0.9326734374999999 0.27509843749999996 0.935740625 0.279609375 0.9376046875 0.28178437500000003 0.9385468749999999 0.2820390625 0.9361703125 0.283928125 0.938821875 0.28495781249999996 0.9399421875 0.28645 0.9429375 0.2890421875 0.942840625 0.2888390625 0.9391 0.2887296875 0.9378078125 0.2864734375 0.9373250000000001
0 0.434240625 0.9326187499999999 0.4363796875 0.9361828125 0.438765625 0.9366656250000001 0.44176562500000005 0.93615625 0.4424890625 0.9337015624999999 0.4444421875 0.93169375 0.44654531249999996 0.928815625 0.4461421875 0.9271203124999999 0.4447140625 0.9256828125000001 0.4425328125 0.92606875 0.43722656249999997 0.9276 0.434709375 0.9301390625 0.434240625 0.9326187499999999
0 0.48080937500000004 0.9008062499999999 0.4795328125 0.90160625 0.4723890625 0.9083375 0.4710421875 0.9079953125 0.467953125 0.9114140624999999 0.46860937500000005 0.9135609375 0.46963906250000004 0.914284375 0.4718984375 0.9139796875 0.4740421875 0.9120421875 0.47468125 0.910653125 0.47408593750000005 0.9098796874999999 0.47645 0.9094796875 0.4777578125 0.908246875 0.47788281250000003 0.90719375 0.4777453125 0.9065390624999999 0.4794921875 0.9060578125 0.4824046875 0.90510625 0.4824046875 0.9031156250000001 0.48151406249999995 0.901496875 0.48080937500000004 0.9008062499999999
0 0.43835468750000006 0.9578984374999999 0.43709375 0.9613875000000001 0.43733125 0.9633484375 0.439025 0.965234375 0.441709375 0.9661703125000001 0.44394687499999996 0.965759375 0.44508593750000003 0.9632953125 0.444790625 0.9606390625 0.4436234375 0.9588109375 0.4444875 0.9548078125 0.4449109375 0.952628125 0.4429765625 0.952209375 0.4409296875 0.9544078125000001 0.43835468750000006 0.9578984374999999
0 0.3272703125 0.9967546875 0.329328125 0.9969046875 0.3307640625 0.99581875 0.33146718750000004 0.9946078125 0.3276171875 0.9932874999999999 0.32546718750000003 0.9944453125000001 0.3266265625 0.9958484375 0.3272703125 0.9967546875
0 0.135996875 0.9330796875 0.1356 0.9330203125000001 0.13375937499999999 0.9335078125 0.131609375 0.9344953125 0.13188906250000001 0.9362484375 0.1328921875 0.940234375 0.13485 0.9417859375000001 0.13720000000000002 0.941325 0.1386734375 0.9389046875 0.1388296875 0.93749375 0.137928125 0.9357093750000001 0.135996875 0.9330796875
0 0.0713375 0.739275 0.0688546875 0.739603125 0.067415625 0.7412515625 0.0673375 0.745009375 0.07045781250000001 0.7455671875000001 0.071459375 0.7439125 0.07097656249999999 0.7432000000000001 0.0727515625 0.7406375 0.0713375 0.739275
0 0.021940625 0.6170921875000001 0.024267187500000002 0.6192015625 0.026582812500000004 0.6187515625 0.0265453125 0.6166 0.026123437500000003 0.6152046875 0.022734375 0.6146140625000001 0.021182812500000002 0.6095125 0.016328125 0.6093437500000001 0.0177 0.6128421875 0.018590625 0.6145203125 0.01740625 0.6167515625 0.019228125 0.6167515625 0.021940625 0.6170921875000001
0 0.1504640625 0.38885468749999996 0.15169375000000002 0.3876234375 0.151346875 0.38649374999999997 0.14974218749999998 0.38596718750000003 0.1474484375 0.3863828125 0.1469328125 0.38872968750000003 0.1474734375 0.390709375 0.14845625 0.39146875 0.15036093749999999 0.3913046875 0.1521078125 0.3906 0.1521078125 0.390125 0.1504640625 0.38885468749999996
0 0.163871875 0.38084531250000003 0.1652171875 0.3807859375 0.1660984375 0.3801890625 0.165990625 0.37893750000000004 0.1645171875 0.3776046875 0.16347499999999998 0.379190625 0.1632578125 0.3802890625 0.163871875 0.38084531250000003
0 0.144940625 0.2916765625 0.14459375000000002 0.292484375 0.14478125 0.293609375 0.14665 0.2940421875 0.14713125 0.2931734375 0.1465671875 0.2925125 0.144940625 0.2916765625
0 0.163465625 0.3332484375 0.163621875 0.33418749999999997 0.16511718749999998 0.3349234375 0.1656171875 0.3344640625 0.16655 0.333075 0.1656984375 0.3326671875 0.1642578125 0.3328953125 0.163625 0.3328953125 0.163465625 0.3332484375
0 0.24249375 0.1369734375 0.24119843749999997 0.136459375 0.23948125 0.13675781250000002 0.23954375 0.138584375 0.23965312499999997 0.139221875 0.240384375 0.1398015625 0.242225 0.1399421875 0.24337343749999998 0.1389703125 0.24428437500000003 0.1376734375 0.24249375 0.1369734375
0 0.0514015625 0.0774625 0.053214062500000006 0.078184375 0.05424375 0.07653750000000001 0.05424375 0.07531718750000001 0.052703124999999997 0.0744046875 0.0519890625 0.074634375 0.0511046875 0.0764984375 0.0514015625 0.0774625
0 0.0958203125 0.8703078124999999 0.094865625 0.868365625 0.09235312500000001 0.86908125 0.09274218749999999 0.87100625 0.0931671875 0.8717484375 0.0958203125 0.8709546874999999 0.0958203125 0.8703078124999999
0 0.5699953125 0.054553125 0.5713625 0.052709375 0.5705203125 0.05030781250000001 0.5695390625 0.0479484375 0.5677515625 0.048796875 0.56686875 0.05245 0.5669765625000001 0.0543359375 0.5683046875 0.0571890625 0.5706015625 0.056615625 0.5699953125 0.054553125
0 0.5148312500000001 0.0135484375 0.51588125 0.014796875000000001 0.518415625 0.014349999999999998 0.5188234375 0.012325 0.5176140625000001 0.0099484375 0.5164328125 0.009946874999999999 0.514721875 0.012525 0.5148312500000001 0.0135484375
0 0.6277781250000001 0.023034375000000003 0.6274546875 0.025456250000000003 0.6262624999999999 0.026537500000000002 0.6234328125 0.0283109375 0.6235109375000001 0.0289796875 0.6263859375 0.03201875 0.6324562499999999 0.031084374999999997 0.633228125 0.027928124999999998 0.6340890625 0.025437500000000002 0.634871875 0.02111875 0.6341249999999999 0.0177453125 0.629571875 0.014895312499999999 0.6278109374999999 0.0170796875 0.6273125 0.019604687500000002 0.6277781250000001 0.023034375000000003
0 0.6274640625 0 0.6282375 0.00226875 0.63045625 0.00479375 0.6320406249999999 0.0050999999999999995 0.633296875 0.0040015625 0.63405 0.0017765625 0.6341296875 0 0.6274640625 0
0 0.6072062500000001 0.0139671875 0.6046453125 0.014353125 0.602559375 0.0156828125 0.6023765625 0.0180296875 0.604140625 0.019440625 0.606071875 0.0179640625 0.6071609375 0.01541875 0.6057140624999999 0.014204687499999999 0.6072062500000001 0.0139671875
0 0.6618609375 0.008465625000000001 0.6524265625 0.0009296875 0.6522859375000001 0.00668125 0.6524734375000001 0.0080609375 0.6561375 0.0094796875 0.6588093749999999 0.0096875 0.6618609375 0.008465625000000001
0 0.6862328125 0.036315625000000004 0.688390625 0.03744375 0.6904015625000001 0.039396875 0.6928468750000001 0.041859375 0.694509375 0.0431890625 0.6970953125 0.0447421875 0.7028375 0.0457828125 0.704459375 0.046659374999999996 0.70809375 0.047343750000000004 0.7103484375 0.045442187499999995 0.6862250000000001 0.026984374999999998 0.6679203125 0.0135984375 0.6666531250000001 0.015171875000000001 0.663921875 0.01503125 0.6621 0.0153109375 0.659803125 0.017315625 0.66168125 0.019670312500000002 0.6654765625 0.0212 0.6684421875 0.02229375 0.672115625 0.0238765625 0.6730609375000001 0.0254765625 0.67395625 0.0274703125 0.6763109375 0.0292734375 0.67875 0.029657812500000002 0.679684375 0.030334375000000004 0.678546875 0.0317765625 0.67854375 0.0337015625 0.6820515625 0.034342187499999996 0.6829859375 0.0351375 0.6862328125 0.036315625000000004
0 0.7019484375 0.052117187499999995 0.704303125 0.054190625000000006 0.7067421875 0.054676562500000005 0.7097546875 0.0553484375 0.710225 0.056843750000000005 0.714709375 0.059171875 0.71755 0.059171875 0.721203125 0.058621875000000004 0.72279375 0.057396875 0.723009375 0.055734375 0.7213953125 0.05378125 0.7129328125 0.047531250000000004 0.7120390624999999 0.048117187500000005 0.7095453125 0.0489421875 0.7073968749999999 0.0500984375 0.7019484375 0.052117187499999995
0 0.7557640625000001 0.09123281250000001 0.7568078125000001 0.0913140625 0.7617984375 0.090178125 0.7642109375 0.0869109375 0.727828125 0.0589515625 0.724884375 0.057846875 0.7233390625 0.059210937500000005 0.72336875 0.061448437499999994 0.7228125000000001 0.06218749999999999 0.7283703125 0.0664578125 0.730940625 0.06799374999999999 0.734515625 0.070125 0.73318125 0.0711 0.731378125 0.07375625 0.73145625 0.07557343749999999 0.7349593750000001 0.07648906250000001 0.7375984375 0.07683593749999999 0.741934375 0.0767546875 0.740625 0.07775625 0.7372578125 0.07941875000000001 0.7375203124999999 0.0808921875 0.7392484375 0.08271406249999999 0.7444046875 0.08478593749999999 0.7477031249999999 0.0851046875 0.7506421875 0.086125 0.75265 0.08960312499999999 0.7557640625000001 0.09123281250000001
0 0.76915 0.09219374999999999 0.7688828125 0.0907984375 0.7670421875 0.0901296875 0.7660703125 0.091634375 0.7644562500000001 0.09365 0.7665296875000001 0.09460625 0.76835625 0.093946875 0.76915 0.09219374999999999
0 0.7804625 0.10314375 0.7811703125 0.10052343749999999 0.7760171875 0.0971015625 0.7753140625 0.097865625 0.774403125 0.0996640625 0.7756796875 0.10202343750000001 0.77878125 0.10373125000000001 0.7804625 0.10314375
0 0.627440625 0.059620312499999994 0.627675 0.0633875 0.6286375 0.0652921875 0.6305171875 0.065546875 0.6319046875 0.0617515625 0.63089375 0.0570828125 0.6287640624999999 0.055790625 0.6299640625 0.0546328125 0.6307890625 0.0526875 0.6307890625 0.05059375000000001 0.6302140625 0.048959375 0.629471875 0.048557812500000005 0.626859375 0.0491375 0.6260171875 0.0559875 0.6268328125 0.058978125000000006 0.627440625 0.059620312499999994
0 0.6458921875 0.0730609375 0.6455359374999999 0.076065625 0.646184375 0.07823593749999999 0.646725 0.0810109375 0.6476109375 0.0821546875 0.6483765625 0.0729765625 0.64784375 0.0692953125 0.646625 0.07139218750000001 0.6458921875 0.0730609375
0 0.6277734374999999 0.10675468749999999 0.626240625 0.10478593750000001 0.625309375 0.10619062500000001 0.62423125 0.1073484375 0.6240359375 0.10953125 0.6251953125 0.11072656249999999 0.6263421874999999 0.11044687500000001 0.6277578125 0.109534375 0.6284125 0.1077140625 0.6277734374999999 0.10675468749999999
0 0.8210375000000001 0.2065828125 0.821625 0.20826562499999998 0.822478125 0.2100640625 0.822940625 0.21302343750000002 0.8224937499999999 0.21727968749999998 0.82299375 0.22016249999999998 0.8240328124999999 0.2018234375 0.8225234374999999 0.2055796875 0.8210375000000001 0.2065828125
0 0.64149375 0.1989875 0.6426796875 0.20029687499999999 0.6432890625 0.2003921875 0.6437703124999999 0.19954531250000002 0.6431734375 0.1964859375 0.642846875 0.1955953125 0.641684375 0.19468749999999999 0.6415265625 0.1962015625 0.64149375 0.1989875
0 0.633978125 0.1502359375 0.6347343750000001 0.14814218750000002 0.6341890625 0.14658125 0.6333046875 0.14544375 0.632115625 0.1470890625 0.6312546875 0.1490828125 0.631765625 0.15054375 0.633978125 0.1502359375
0 0.8121671875 0.2721 0.8112359375 0.272415625 0.8104156250000001 0.2728140625 0.8100875000000001 0.2738890625 0.8114921875000001 0.27444999999999997 0.8121171875 0.2742125 0.8121671875 0.2721
0 0.639484375 0.3269671875 0.638659375 0.3280578125 0.6384125 0.33044843749999997 0.6390374999999999 0.3328109375 0.6401859375 0.3337453125 0.6416906250000001 0.33210937500000004 0.6421484375000001 0.32890625 0.6423609375 0.3267609375 0.639484375 0.3269671875
0 0.7948609375 0.37307812500000004 0.7926171875 0.370784375 0.7887500000000001 0.3722625 0.7884375 0.37443125 0.789734375 0.376628125 0.7907546875 0.3779203125 0.793496875 0.3791234375 0.7949625 0.377696875 0.7956953125 0.3751875 0.7948609375 0.37307812500000004
0 0.7844328125 0.3998921875 0.7864125 0.400240625 0.7882046875000001 0.39907499999999996 0.787971875 0.3974515625 0.7864484375 0.3959828125 0.7846296875000001 0.39635 0.783540625 0.3991046875 0.7844328125 0.3998921875
0 0.788525 0.4675734375 0.7876015625 0.463903125 0.78629375 0.4631234375 0.783553125 0.4629796875 0.7808796874999999 0.464215625 0.7810953125 0.4664578125 0.7873249999999999 0.4677515625 0.788525 0.4675734375
0 0.7789640624999999 0.45809218749999997 0.7800812500000001 0.45669062499999996 0.7796484375 0.454746875 0.7783562500000001 0.45278437499999996 0.7769265625 0.45793437499999995 0.7789640624999999 0.45809218749999997
0 0.8086484374999999 0.40748749999999995 0.8099859374999999 0.4072046875 0.8105984375 0.384425 0.8090109375000001 0.387934375 0.8086484374999999 0.40748749999999995
0 0.8063453125000001 0.46009374999999997 0.8084093749999999 0.421228125 0.8077046875 0.4158921875 0.8059218749999999 0.44093593750000004 0.804571875 0.46122500000000005 0.8063453125000001 0.46009374999999997
0 0.7775015625 0.4699359375 0.7825124999999999 0.470809375 0.7836890624999999 0.4710234375 0.78481875 0.4710234375 0.7874515625 0.471328125 0.7885453124999999 0.4694234375 0.7871875 0.4684375 0.7851453125 0.46821718749999997 0.7802265625 0.46797500000000003 0.7780078125000001 0.46789375 0.775490625 0.4692 0.7775015625 0.4699359375
0 0.752571875 0.4789484375 0.75656875 0.4788671875 0.7554515625 0.47742968750000003 0.758521875 0.47731250000000003 0.761471875 0.4768390625 0.76281875 0.477996875 0.7658296874999999 0.47712656249999996 0.7668874999999999 0.47631875 0.7660515625000001 0.47540625 0.7675171875 0.4751171875 0.7701515624999999 0.474571875 0.7727140625 0.47575312500000005 0.7815265625000001 0.4743953125 0.7820078125000001 0.47300624999999996 0.780778125 0.470809375 0.776503125 0.470203125 0.7742265625 0.47044218750000005 0.7697234374999999 0.47126718749999996 0.76761875 0.47056718750000004 0.7644359374999999 0.47065 0.7594703125 0.47147656250000003 0.756396875 0.47229374999999996 0.753478125 0.473378125 0.7547890625 0.47433593749999997 0.75875 0.47495312500000003 0.7586234375 0.4754734375 0.755115625 0.475615625 0.7530296875 0.4750328125 0.7493640625 0.47607499999999997 0.7505421875 0.47787187500000006 0.752571875 0.4789484375
0 0.7846765625 0.4860515625 0.786490625 0.4840234375 0.7885859375 0.48073437500000005 0.79155625 0.478271875 0.791446875 0.4756875 0.7901609374999999 0.47435937499999997 0.7767031249999999 0.4763453125 0.7770125 0.48414531250000004 0.7846765625 0.4860515625
0 0.6589234375 0.49396874999999996 0.6546640625 0.4937171875 0.65205 0.4940546875 0.65485625 0.4958796875 0.6593265625 0.49643437500000004 0.6572359375 0.4983375 0.652265625 0.496325 0.64873125 0.4948015625 0.6471703125 0.49551875 0.6483390625000001 0.4975296875 0.644496875 0.4966828125 0.638990625 0.4968125 0.6311109375 0.49758593749999996 0.6309375 0.498159375 0.6394046875 0.4993578125 0.6426859375 0.4997359375 0.6486828124999999 0.49858437499999997 0.6539312500000001 0.499328125 0.6565828125000001 0.49888125 0.6648453125 0.49795156250000006 0.6728921875 0.4973296875 0.716496875 0.48759687500000004 0.7179578125 0.4849734375 0.7159484375 0.483621875 0.712996875 0.4828421875 0.7094125 0.48238125 0.707321875 0.48324375 0.7027234375 0.48324375 0.698584375 0.48408281249999996 0.6959203125 0.4849234375 0.6935640624999999 0.486065625 0.689621875 0.4867375 0.6873453125 0.487165625 0.6851078125 0.487246875 0.6838203125 0.48764375 0.6811453125 0.48904375 0.676765625 0.4888859375 0.67351875 0.489084375 0.671003125 0.4898703125 0.6704671875 0.49122656249999996 0.6669421875 0.4918390625 0.66450625 0.4915046875 0.6632953125000001 0.492728125 0.662115625 0.49448125000000004 0.6589234375 0.49396874999999996
0 0.7277203125 0.4819265625 0.7284484375 0.48551406249999995 0.734375 0.48368593750000005 0.73273125 0.48273593750000005 0.7307328125 0.482275 0.7299015625 0.48187499999999994 0.7277203125 0.4819265625
0 0.7238249999999999 0.48453749999999995 0.72229375 0.48419999999999996 0.7211359374999999 0.484959375 0.7205015625 0.4869734375 0.724571875 0.4857078125 0.724384375 0.485075 0.7238249999999999 0.48453749999999995
0 0.6150828125000001 0.43350937500000003 0.614415625 0.4320953125 0.613040625 0.43175468749999996 0.6099484375 0.4307984375 0.6074546875 0.4322328125 0.607678125 0.4342453125 0.61080625 0.43533906250000004 0.6133609375 0.4357703125 0.614646875 0.43555781250000003 0.6150828125000001 0.43350937500000003
0 0.6161484374999999 0.5661296874999999 0.6156671874999999 0.56049375 0.6134234375000001 0.5605796875 0.6114984375 0.5633343749999999 0.6101328125000001 0.5662906249999999 0.60985625 0.56820625 0.60996875 0.5718765625 0.612365625 0.5716249999999999 0.615475 0.5686890625000001 0.6161484374999999 0.5661296874999999
0 0.6103484375 0.5984703125 0.608240625 0.59995625 0.6123296875 0.6035796875 0.6125984375 0.598028125 0.6103484375 0.5984703125
0 0.7923984374999999 0.5851171875000001 0.7884187500000001 0.586253125 0.7885718749999999 0.5876734375 0.7887906250000001 0.5891734375000001 0.79015625 0.5901390625 0.791334375 0.591 0.7923984374999999 0.5851171875000001
0 0.78934375 0.49809843750000005 0.7871578125 0.4961875 0.7864171875 0.49759374999999995 0.78651875 0.49945000000000006 0.7887375 0.5008843749999999 0.7896671875 0.500146875 0.78934375 0.49809843750000005
0 0.7874734375 0.6133968750000001 0.7889875 0.6126828125 0.7878859375 0.609846875 0.7860031249999999 0.6093437500000001 0.7856109375 0.6123734375 0.7874734375 0.6133968750000001
0 0.7872859375 0.629190625 0.7858640625 0.628065625 0.7855453125 0.6296328124999999 0.7853 0.6322921874999999 0.786665625 0.6328859375 0.788003125 0.630840625 0.7872859375 0.629190625
0 0.60938125 0.62985625 0.6096734374999999 0.627628125 0.6089984375 0.624984375 0.6061953124999999 0.623875 0.6044921875 0.626 0.6051109375 0.628865625 0.6068390625 0.6307328125 0.60938125 0.62985625
0 0.6090046874999999 0.6231890625000001 0.610578125 0.624109375 0.6115296875 0.6223156249999999 0.610325 0.6209703125 0.6092984375 0.6218 0.6090046874999999 0.6231890625000001
0 0.7676578125 0.6792578125000001 0.76595625 0.6787890625 0.7651359375 0.6808640625 0.7642125 0.7306109375000001 0.7670656250000001 0.7225109375 0.7669828125 0.7060046875 0.7676578125 0.6792578125000001
0 0.7887484375 0.7154828125 0.787965625 0.7172234375000001 0.787646875 0.71893125 0.788128125 0.7200671875 0.7866421875 0.722578125 0.7858890625 0.7246578125 0.7853749999999999 0.727475 0.7863671875 0.7299109374999999 0.787125 0.7335453125 0.7872328125 0.7351953124999999 0.7883921875000001 0.7366546875 0.7895765625 0.7320890624999999 0.78926875 0.7298328125 0.7908015625 0.7265953125 0.791390625 0.72311875 0.791775 0.7189453125 0.7907875 0.7126484375000001 0.7887484375 0.7154828125
0 0.792965625 0.6856859375 0.7934703125 0.6848765625000001 0.7940828125 0.6772390625 0.7927296875 0.6752796875 0.79114375 0.6788296875000001 0.79075625 0.681975 0.7914828125 0.6851484375 0.792965625 0.6856859375
0 0.7554984375 0.7768375 0.7547953125 0.7753593750000001 0.7505109375 0.779090625 0.7548078125 0.77965625 0.755915625 0.7799015625 0.7626828125 0.7810046875000001 0.76359375 0.7796484375 0.7625046875 0.7778796875 0.7598703125 0.7777171875 0.7554984375 0.7768375
0 0.7420203125 0.8094546875 0.740315625 0.8096546874999999 0.73448125 0.815853125 0.733625 0.8168046875 0.7328 0.8170265625 0.7305937499999999 0.8187796875 0.73125 0.8198124999999999 0.7301124999999999 0.8202812500000001 0.730003125 0.8219593749999999 0.727425 0.8225312499999999 0.725665625 0.8235046875 0.724378125 0.825190625 0.7244796874999999 0.82741875 0.7227671875 0.8270828124999999 0.72151875 0.8277875 0.7208515625 0.8300000000000001 0.7181265625 0.8296046875 0.716 0.8300734375 0.7162 0.8307781249999999 0.7166765625 0.8332140625 0.7161171875 0.8340453125 0.71491875 0.835240625 0.7130453125 0.8360421875 0.7122515625 0.8382390624999999 0.7141921875 0.8396140624999999 0.72770625 0.8262890625000001 0.734371875 0.8203328125 0.7435953125 0.8111625 0.75596875 0.79845 0.76334375 0.7909859375 0.76558125 0.78931875 0.7681453125 0.7873078125 0.7696609375000001 0.7847515625 0.7760828125 0.7770640625 0.7732203125 0.7784234375 0.767290625 0.780109375 0.761575 0.7824265625 0.7582796875 0.784728125 0.7586468749999999 0.7864796875 0.7610921875 0.7871484375 0.763390625 0.7871265625 0.759246875 0.79075 0.756384375 0.7924875 0.754184375 0.7931484375 0.7527328125 0.7945734375 0.7520671875 0.79659375 0.7510828125 0.7999359375 0.7437 0.8065390625 0.7416765625 0.8067968750000001 0.7413765625 0.8085625000000001 0.7420203125 0.8094546875
0 0.7404984375 0.7893125000000001 0.7347625 0.79410625 0.7391515625 0.794646875 0.7419046875 0.793865625 0.7447953125 0.7929015625 0.746509375 0.7912343749999999 0.7453890624999999 0.7895390625 0.7482984375 0.7890828125 0.7501703125 0.7884421875000001 0.7510203125 0.7872343749999999 0.751259375 0.7855578125 0.7509640625 0.783953125 0.7501078125 0.7832171875 0.7480828125000001 0.782459375 0.744053125 0.7852187500000001 0.7404984375 0.7893125000000001
0 0.737703125 0.7981843750000001 0.7356296875 0.79705 0.7329375 0.7959390625 0.727978125 0.8009140625000001 0.728434375 0.800996875 0.7311265625 0.8008203125 0.7337 0.7995703125 0.7343140625 0.7994296875 0.7370265625 0.79910625 0.737703125 0.7981843750000001
0 0.72370625 0.8076859375 0.722553125 0.8060515625000001 0.7201734375 0.80844375 0.72370625 0.8076859375
0 0.7199609375 0.8108671875000001 0.71824375 0.8111499999999999 0.7132203125000001 0.8141921875 0.7133328125 0.8151343750000001 0.7145796875 0.8151343750000001 0.7174921875 0.8149046875 0.7175703125 0.8149046875 0.7220156249999999 0.8134750000000001 0.7217203125 0.811928125 0.7199609375 0.8108671875000001
0 0.7069375 0.8230734375000001 0.708978125 0.8226671874999999 0.7100562499999999 0.82138125 0.70973125 0.820621875 0.7076718750000001 0.8204671875 0.7043921875 0.822746875 0.705175 0.8230734375000001 0.7069375 0.8230734375000001
0 0.7012421875 0.8549734375 0.7081171875 0.8486812499999999 0.705596875 0.8481515625 0.7135390625 0.8402890624999999 0.7112609375 0.838934375 0.7030296875000001 0.8472734375 0.7029203125000001 0.8458765625 0.7005765625 0.8445859375 0.6985109375 0.8446890625 0.6948875 0.8448171875 0.6957187499999999 0.843821875 0.6969875 0.841575 0.69600625 0.8400421874999999 0.6954484375 0.838790625 0.6980828125 0.8382531249999999 0.7010421874999999 0.8365 0.7001593749999999 0.8349359375000001 0.6989015625 0.8326625 0.6968125 0.832834375 0.6943703125 0.833384375 0.6921906250000001 0.8343718750000001 0.6780578125 0.8479218749999999 0.6819421875 0.8486796875 0.6873484375000001 0.8482515625 0.6912890625 0.8477203125000001 0.690828125 0.85141875 0.6871265625 0.8523328125 0.6843250000000001 0.8541890625 0.6841109375000001 0.8564015625 0.686359375 0.857196875 0.6891328125 0.8580875000000001 0.6919640625000001 0.8565015624999999 0.695903125 0.855665625 0.6963421875 0.8539859375000001 0.6978171875 0.8552937500000001 0.6996984375 0.8546156249999999 0.7012421875 0.8549734375
0 0.6941609375 0.8612484374999999 0.6967734375 0.8596625 0.69831875 0.8569578124999999 0.6969515625 0.8555796875 0.6949859375 0.8551249999999999 0.6890625 0.8609625 0.6876828125000001 0.86331875 0.6840625 0.8622953125 0.6789046875 0.8621000000000001 0.6764640625 0.8630875 0.6739203125000001 0.865509375 0.674296875 0.868034375 0.676821875 0.8686421875000001 0.6732046875 0.87003125 0.6695765625 0.8718578125 0.66761875 0.8738703125 0.668103125 0.8761421875 0.66634375 0.8776953125 0.66374375 0.8790234375000001 0.6602796875 0.880078125 0.6572796875 0.8823281250000001 0.6604062500000001 0.8833234375 0.6611390625 0.8833375 0.6597359375 0.8852453125 0.657278125 0.8864484375 0.6534187499999999 0.8872578125 0.651865625 0.8886687500000001 0.651678125 0.8892468750000001 0.6512156250000001 0.8922921875000001 0.6506265625000001 0.89340625 0.6494296875 0.894846875 0.6471765625 0.8965624999999999 0.6438921875 0.8968812500000001 0.6389843749999999 0.89690625 0.6364484375 0.8991859375000001 0.6330328125 0.8988015624999999 0.635915625 0.89651875 0.6415234375 0.8926187499999999 0.6422171875 0.8905218749999999 0.643265625 0.8882890625 0.64625625 0.8887421874999999 0.649621875 0.8884265625 0.651334375 0.886665625 0.65155625 0.88431875 0.6503296875 0.8820328125 0.65131875 0.8808031250000001 0.6533796875 0.8796390625000001 0.655140625 0.8775562499999999 0.655409375 0.8764890624999999 0.6559437499999999 0.8764078124999999 0.660934375 0.8770140625 0.66270625 0.8753375 0.6628171875 0.8737234375 0.6598515625 0.8722921875 0.66240625 0.8716515625 0.6650890625 0.870753125 0.664528125 0.8700390625000001 0.66291875 0.8694062499999999 0.66166875 0.8684265625 0.66500625 0.8674296874999999 0.669871875 0.865565625 0.6705453125 0.8637671875 0.6701734375 0.861584375 0.6677828124999999 0.8586 0.6455656249999999 0.878890625 0.62418125 0.89869375 0.6238609375 0.906828125 0.6259406249999999 0.907459375 0.6310890625 0.9074328125 0.6333078125 0.9085093750000001 0.635190625 0.91093125 0.6358875 0.913278125 0.634440625 0.913946875 0.6316453125 0.9134015625 0.62805625 0.9133812499999999 0.62395625 0.91665 0.6231187499999999 0.9346609375 0.6683453125 0.8886968749999999 0.674684375 0.8821249999999999 0.69063125 0.8643546875 0.6941609375 0.8612484374999999
0 0.6051359374999999 0.8955624999999999 0.6034671875 0.8961625 0.6027812499999999 0.8985984374999999 0.604484375 0.8994671875 0.6062453125 0.8991281250000001 0.6086109375000001 0.8974343749999999 0.60775625 0.8955171875 0.6066171875 0.8952375 0.6051359374999999 0.8955624999999999
0 0.6085234374999999 0.9124734374999999 0.6088312499999999 0.914078125 0.6097828125 0.916603125 0.6117328125 0.9163109374999999 0.61259375 0.9140828125 0.61445625 0.9110703125 0.615990625 0.9088406250000001 0.61599375 0.905 0.6152484375 0.90305625 0.6134234375000001 0.9032203125 0.6105953125 0.9065171875000001 0.6082265625 0.9104531250000001 0.6085234374999999 0.9124734374999999
0 0.6049984375 0.9043875 0.6049984375 0.9029765624999999 0.6045234374999999 0.9026203125000001 0.603346875 0.9024796875 0.602703125 0.903246875 0.603184375 0.9043828125 0.6038234375 0.9048031249999999 0.6049984375 0.9043875
0 0.605171875 0.9077296875 0.6020578125 0.9063437499999999 0.600578125 0.9071921875 0.6000859375 0.91028125 0.6012546875 0.913696875 0.6025406249999999 0.912984375 0.6048375 0.9128453125 0.6061062500000001 0.9117109375 0.6059484375 0.9094203125 0.605171875 0.9077296875
0 0.6036406249999999 0.916834375 0.605665625 0.917053125 0.6049921875 0.9158968749999999 0.6036406249999999 0.916834375
0 0.60301875 0.938746875 0.60539375 0.93805625 0.6060187499999999 0.936609375 0.6049515624999999 0.9351749999999999 0.6025625 0.938665625 0.60301875 0.938746875
0 0.7718078125 0.9584093749999999 0.7732921875 0.9584328125000001 0.7732921875 0.9566968749999999 0.77373125 0.9538968750000001 0.7717421875 0.9528453125 0.769915625 0.9559546875 0.7709312500000001 0.9587984374999999 0.7718078125 0.9584093749999999
0 0.769790625 0.8815609375 0.7699203125 0.8808093749999999 0.7688906249999999 0.8801546874999999 0.767046875 0.880334375 0.764715625 0.8815421875 0.766434375 0.882596875 0.7681171875 0.882459375 0.769790625 0.8815609375
0 0.61175 0.9961375 0.6129328125 0.9998812499999999 0.6216796875 0.999953125 0.6207359375 0.997725 0.6186234374999999 0.9958828125 0.6184499999999999 0.9937265625 0.6200765625 0.9888140625 0.6200390625 0.9853984375 0.6174125 0.9859546874999999 0.6166234375 0.9865328124999999 0.6166234375 0.9891328125 0.6145359375 0.9931359375 0.61175 0.9961375
0 0.7098359375000001 1 0.715165625 0.9748828125 0.718575 0.955671875 0.7203906250000001 0.9473828125000001 0.720009375 0.9401234374999999 0.7173609375 0.9280875 0.715290625 0.911621875 0.755940625 0.9106343750000001 0.7558625 0.9043515624999999 0.7524703125000001 0.9054328125 0.747296875 0.9057437500000001 0.7446625 0.90535 0.7417687500000001 0.9049109375000001 0.739471875 0.9055234375 0.7334906250000001 0.9060546875 0.7274437500000001 0.905859375 0.71285625 0.9057484375 0.7106390625000001 0.9024203125 0.6990765624999999 0.8604843750000001 0.6943640624999999 0.8622765625 0.6975546875 0.8737031249999999 0.7005125 0.88426875 0.7052046875 0.9021750000000001 0.7054765625 0.9040140624999999 0.7059546875 0.9055671875 0.7067625 0.9077828125 0.71168125 0.9297796875 0.7142296875 0.9432328125 0.7128171875 0.9535140625 0.702265625 1 0.7098359375000001 1
0 0.685721875 0.8408687499999999 0.6796265625 0.833496875 0.67625625 0.8306984375 0.6762484375 0.8347093750000001 0.68155 0.8435234375 0.685721875 0.8408687499999999
0 0.6865796875 0.8160000000000001 0.684134375 0.8152359375 0.6777953125 0.8107484375 0.695303125 0.8317078125 0.6982421875 0.8293390625000001 0.6865796875 0.8160000000000001
0 0.7115781250000001 0.8065906249999999 0.71674375 0.8107078124999999 0.725328125 0.8032765625 0.72540625 0.8025640624999999 0.7228609374999999 0.8033015625000001 0.7137109374999999 0.8034265625 0.6797375 0.7682078125 0.6789109375 0.7728078125 0.70839375 0.8032812500000001 0.682896875 0.8033640625 0.677496875 0.8046562500000001 0.67714375 0.8091203124999999 0.680453125 0.8086421874999999 0.68061875 0.8063953125 0.7115781250000001 0.8065906249999999
0 0.739175 0.7901359375 0.681678125 0.7314171875000001 0.680140625 0.7304406250000001 0.680115625 0.7347171875 0.73579375 0.7927125 0.739175 0.7901359375
0 0.75241875 0.7657484375 0.737528125 0.7513124999999999 0.7203328124999999 0.7339109374999999 0.709084375 0.7223375 0.7172828124999999 0.721275 0.72948125 0.7203515625 0.7272531250000001 0.7182046875 0.7051984375 0.719340625 0.704571875 0.7197109375 0.7058 0.7230515625 0.7368265625 0.7565234375000001 0.75575625 0.7727328124999999 0.7589 0.7706015625 0.75241875 0.7657484375
0 0.7376406249999999 0.7176953125 0.7350921875 0.719221875 0.734803125 0.7206125 0.76236875 0.746525 0.762615625 0.74261875 0.7432578125 0.7244484375 0.7399046874999999 0.7205609374999999 0.7479234375 0.719890625 0.7462796875000001 0.7179453125 0.7376406249999999 0.7176953125
0 0.7595453125 0.8130828125 0.76019375 0.8035953125 0.7536125 0.8034296875000001 0.7509578125 0.8061734375 0.7550703125 0.8075484375 0.7595453125 0.8130828125
0 0.7578890625 0.8531765625000001 0.7577921875 0.8467375 0.732790625 0.8235953125 0.7301953125 0.8263421875000001 0.7578890625 0.8531765625000001
0 0.7562781249999999 0.8948546875 0.74191875 0.878975 0.7379515624999999 0.872403125 0.71221875 0.8448046874999999 0.709278125 0.8479640625 0.7232515625 0.863084375 0.7561359375000001 0.9011265625 0.7562781249999999 0.8948546875
0 0.800584375 0.9425812499999999 0.7905640625 0.9335671874999999 0.7822828125 0.92339375 0.7819671875 0.9295328125 0.7905234375 0.9399312500000001 0.800584375 0.9425812499999999
0 0.8123781250000001 0.909309375 0.8149421875 0.9105796875 0.8178734375 0.9136312500000001 0.824290625 0.913725 0.824103125 0.9083453125000001 0.82429375 0.9053578124999999 0.8210984375000001 0.9052171875000001 0.8127187499999999 0.90558125 0.80719375 0.9055375 0.8022234375 0.9058640625000001 0.79648125 0.9058421875 0.791271875 0.9058421875 0.7867640625 0.907046875 0.783978125 0.9085765625000001 0.783875 0.909809375 0.8123781250000001 0.909309375
0 0.7886031250000001 0.8780390625000001 0.7866921875 0.876078125 0.784325 0.8747328124999999 0.78435 0.8773562500000001 0.787471875 0.8807015625 0.7889765625 0.8823234375 0.7898703125 0.8794421874999999 0.7886031250000001 0.8780390625000001
0 0.8078218749999999 0.897640625 0.7930671874999999 0.8824265625000001 0.792253125 0.883203125 0.7906203125 0.8855625 0.8045171874999999 0.8997875000000001 0.8078218749999999 0.897640625
0 0.9248390625 0.9066000000000001 0.9581250000000001 0.9053515624999999 0.9604015625000001 0.9065546875000001 0.966796875 0.9091921875000001 0.9716968749999999 0.9076281249999999 0.963628125 0.903621875 0.9574406249999999 0.9027062499999999 0.9569625 0.9005890624999999 0.9397984375 0.9016437500000001 0.9376421875000001 0.9029812500000001 0.9339437500000001 0.902509375 0.9258 0.904725 0.923228125 0.9024796875 0.9153343749999999 0.9037953125 0.9085125 0.9020906249999999 0.876578125 0.9034421874999999 0.8691656249999999 0.903996875 0.8667906249999999 0.9072203125 0.8617953125 0.9057171875 0.8456328125000001 0.9065234375 0.8436703124999999 0.9044359375000001 0.8287015625 0.9051078125 0.82596875 0.9086343749999999 0.8265750000000001 0.90936875 0.8389078124999999 0.9090328124999999 0.86428125 0.9087515625 0.8667078125 0.9113140625 0.8897515625000001 0.9313359374999999 0.8922062499999999 0.9319312500000001 0.8861296875000001 0.9248359374999999 0.8774484375 0.9171078125 0.871165625 0.9121953125 0.8734828125 0.9118203125000001 0.8769875 0.9131656250000001 0.87480625 0.9084671875 0.9123328125000001 0.9069750000000001 0.9282671875 0.9189296875 0.9299296874999999 0.917534375 0.9234546874999999 0.9102296875 0.9248390625 0.9066000000000001
0 0.91625625 1 0.8615187499999999 0.9490718749999999 0.858196875 0.9479109375 0.8548078125 0.9486609375 0.8552703125000001 0.951384375 0.8713265625 0.967471875 0.8905734375 0.985478125 0.907196875 1 0.91625625 1
0 0.924184375 0.9628640624999999 0.9285375 0.9674250000000001 0.9316671875000001 0.9698968750000001 0.93481875 0.96916875 0.9388875000000001 0.9683453125 0.9309328125 0.9612890625 0.927353125 0.9592015625 0.9242078125000001 0.9610328125 0.924184375 0.9628640624999999
0 0.9399593749999999 0.9695874999999999 0.941025 0.972790625 0.9443453125 0.9749328125 0.9460015625 0.9757640625 0.94818125 0.977784375 0.9513578125000001 0.9792421875 0.9399593749999999 0.9695874999999999
0 0.9710875 1 0.9701734375 0.9973265625 0.968359375 0.9961671875 0.9618437500000001 0.9925890624999999 0.9624375000000001 0.9918171875 0.9641 0.9902390625 0.96255 0.9879390625 0.9616468749999999 0.986640625 0.9592796874999999 0.9850640625 0.953 0.98375 0.9498046875 0.9843890625 0.9686609374999999 1 0.9710875 1
0 0.9183578125 0.9561890625 0.9216765625000001 0.9540859375 0.9110250000000001 0.94525 0.9063593750000001 0.9466875 0.9183578125 0.9561890625
0 0.955634375 0.9349187499999999 0.950584375 0.9358203125 0.9534890624999999 0.939940625 0.957571875 0.9409812499999999 0.95930625 0.9385828125 0.956890625 0.9355687500000001 0.955634375 0.9349187499999999
0 0.9098843750000001 0.90245 0.9099390625 0.9003703125 0.9084843749999999 0.8980984375000001 0.8263296875 0.8301203125000001 0.8237234375 0.8322921875 0.833871875 0.842696875 0.8541968750000001 0.8587921875 0.8934140625 0.891571875 0.9073765625 0.902590625 0.9098843750000001 0.90245
0 0.8135749999999999 0.8248453124999999 0.8151890625 0.8264203125 0.8169124999999999 0.826725 0.8193078125 0.8263718750000001 0.81923125 0.8252234375 0.8181593749999999 0.8240343749999999 0.815190625 0.8220968750000001 0.813265625 0.8232593749999999 0.8135749999999999 0.8248453124999999
0 0.7940359375 0.809509375 0.7969671875000001 0.8096249999999999 0.7982921875 0.809309375 0.7994703125 0.8087937500000001 0.8017578125 0.8070890625 0.824475 0.8066828125000001 0.8256546874999999 0.80564375 0.8140375000000001 0.8024953125 0.7958953125 0.8038953125000001 0.7945562500000001 0.80431875 0.7933390625000001 0.8045781249999999 0.7888765624999999 0.8046562500000001 0.7889953125 0.8058093749999999 0.7913125 0.80830625 0.7940359375 0.809509375
0 0.8569218749999999 0.8050750000000001 0.8673109374999999 0.8039734375 0.9243593750000001 0.8428265625 0.9261328125 0.84033125 0.877603125 0.806890625 0.8744578125 0.80301875 0.88224375 0.8027656249999999 0.8809515625 0.7995890625000001 0.8688671875 0.80068125 0.8028046874999999 0.747390625 0.7991765625 0.7489656250000001 0.8627734374999999 0.8006484374999999 0.8508578124999999 0.8027734375 0.84961875 0.804303125 0.8484890625 0.8059 0.8569218749999999 0.8050750000000001
0 0.91479375 0.8037531250000001 0.9196453124999999 0.8022296875 0.9159046875 0.799065625 0.9184187500000001 0.7989843750000001 0.92070625 0.79775 0.9184734375 0.797034375 0.9144296875 0.797265625 0.9110578125 0.7988421875 0.91479375 0.8037531250000001
0 0.8397296875 0.8142781250000001 0.8434328125 0.8172546875 0.8756421874999999 0.8421609374999999 0.9120265625 0.8674875 0.9157109374999999 0.8653875 0.8551953125 0.82069375 0.8436390625 0.811428125 0.8401140625 0.812640625 0.8397296875 0.8142781250000001
0 0.82421875 0.73428125 0.8245609375 0.7369515625 0.87706875 0.776809375 0.8777375 0.77315625 0.850009375 0.7533015625 0.82714375 0.7363359375 0.82421875 0.73428125
0 0.927740625 0.7554359374999999 0.90838125 0.7441718749999999 0.9073046874999999 0.742496875 0.9052890625 0.74433125 0.9269234375 0.7583328125000001 0.927740625 0.7554359374999999
0 0.9354875 0.762725 0.9377109375 0.7646499999999999 0.9391671875000001 0.7639203125 0.9387812500000001 0.7613203125 0.9377703125 0.760815625 0.9359093749999999 0.7613171875 0.9354875 0.762725
0 0.9591468750000001 0.777121875 0.9600890625 0.77410625 0.9412 0.7634234375 0.9413984375 0.766553125 0.9591468750000001 0.777121875
0 0.961446875 0.7783125 0.9780796875 0.7873765625 0.9785125000000001 0.785259375 0.9757999999999999 0.78354375 0.9666296875 0.7780015625 0.963596875 0.777309375 0.961446875 0.7783125
0 0.9562171875000001 0.8003937499999999 0.952771875 0.7963671875 0.9611812499999999 0.7955125 0.9826937499999999 0.7931578125 0.9822203125 0.79185625 0.977259375 0.7902750000000001 0.9646109375 0.7912984375 0.9635203125 0.7934765625 0.9457328125 0.7942640625 0.941771875 0.7953421875 0.9535921875 0.801871875 0.9562171875000001 0.8003937499999999
0 0.9953203125 0.79568125 0.9939171874999999 0.7944203125 0.9967812500000001 0.7907640625 0.9942109374999999 0.7886031250000001 0.9872890625 0.7916140625 0.985959375 0.7923250000000001 0.9928453125000001 0.7968734375000001 0.9953203125 0.79568125
0 0.9655015625000001 0.8076718749999999 0.9662171875000001 0.806009375 0.9632796875 0.803065625 0.96001875 0.8049703125000001 0.9655015625000001 0.8076718749999999
0 0.96555625 0.809321875 0.9997640625 0.8307249999999999 1 0.8278796875 0.977240625 0.813015625 0.972303125 0.810840625 0.9695671875 0.8091859375 0.9666625 0.8077171875 0.96555625 0.809321875
0 0.9472968749999999 0.7393765625000001 0.9403312500000001 0.73595 0.9347937500000001 0.734746875 0.9674546875000001 0.7539203125 0.9678390625000001 0.7508890625 0.9472968749999999 0.7393765625000001
0 0.92450625 0.8057187499999999 0.9207906250000001 0.8074453125 0.9949781249999999 0.8569234375000001 1 0.8564546875 0.989453125 0.8494859375000001 0.9353718750000001 0.8132359375 0.92450625 0.8057187499999999
0 0.9090640625 0.799109375 0.9076140625000001 0.79426875 0.886015625 0.779165625 0.8860171875 0.781715625 0.906221875 0.7963703125 0.8882734375 0.7980484375 0.8888906249999999 0.8024234375000001 0.9090640625 0.799109375
0 0.8627968750000001 0.7104984375 0.8655203124999999 0.7130609375 0.8666796874999999 0.7121171875 0.8700749999999999 0.7090984375 0.8631234375 0.7092875000000001 0.8627968750000001 0.7104984375
0 0.8858750000000001 0.726325 0.870390625 0.7145937499999999 0.8689625 0.714265625 0.8670515625 0.7151875000000001 0.8847250000000001 0.7283375000000001 0.8858750000000001 0.726325
0 0.9730656249999999 0.75335 0.9772453125 0.755421875 0.9782796875 0.7418640625 0.9746828125 0.741878125 0.9730656249999999 0.75335
0 0.9849453125000001 0.7578015625 0.9839546875 0.7599640625 0.9687453125 0.7518640624999999 0.9676546874999999 0.7536578125 0.9910703125 0.7676000000000001 0.9905140625 0.7627875000000001 0.9872937500000001 0.75809375 0.9849453125000001 0.7578015625
0 0.8034203124999999 0.7189281249999999 0.809146875 0.713840625 0.8032546875 0.71331875 0.80174375 0.71520625 0.800121875 0.716803125 0.8034203124999999 0.7189281249999999
0 0.8047578124999999 0.8532171875 0.8066187499999999 0.84999375 0.798178125 0.8429437500000001 0.7956203125 0.8446578125 0.8047578124999999 0.8532171875
0 0.8089375000000001 0.852375 0.8072109375000001 0.8564203125000001 0.8393656249999999 0.8853500000000001 0.8448343749999999 0.88526875 0.843546875 0.8839 0.81935 0.8605984375 0.8089375000000001 0.852375
0 0.84575 0.9994999999999999 0.8520671875 0.99939375 0.8077937500000001 0.9516609375 0.8024140624999999 0.949959375 0.8015171875 0.95083125 0.84575 0.9994999999999999
0 0.9529562500000001 0.8933312499999999 0.9504125 0.8920625 0.948575 0.8926640625 0.9482921875000001 0.894059375 0.9495109375 0.8950546875000001 0.951609375 0.895034375 0.9529562500000001 0.8933312499999999
0 0.955371875 0.7186203124999999 0.9561249999999999 0.7175078125 0.95546875 0.7157281249999999 0.9538 0.7152499999999999 0.9497015624999999 0.7141953125 0.9493828125 0.716240625 0.9535703124999999 0.7185875 0.955371875 0.7186203124999999
0 0.5752234374999999 0.8248046875 0.57454375 0.8271109375 0.5765609375 0.8287734375 0.5802343750000001 0.8285015625 0.580521875 0.82660625 0.578990625 0.8253125000000001 0.5768187499999999 0.8243296875 0.5752234374999999 0.8248046875
0 0.581409375 0.8460890624999999 0.584409375 0.8532781249999999 0.58723125 0.8524312500000001 0.5882140625 0.84928125 0.5869234375 0.8465374999999999 0.5869828125 0.8467203124999999 0.583040625 0.8457484375 0.581409375 0.8460890624999999
0 0.5713625 0.861028125 0.5718578125 0.8807406249999999 0.5742046875 0.8747890625 0.5743203125 0.8707828125000001 0.57555625 0.869665625 0.5772453125 0.8675484375 0.5773953125 0.8655968749999999 0.575875 0.863059375 0.5743125 0.8591171875000001 0.574578125 0.8549265625 0.5748953125 0.8515515625000001 0.5738046875 0.8480671875000001 0.573490625 0.8451656249999999 0.5734125 0.8374671875 0.5717625 0.8372875000000001 0.5713625 0.861028125
0 0.5722890625 0.9093515625 0.5728796875 0.9092265625 0.5746859375 0.907046875 0.574571875 0.9048921875 0.5728109375 0.9031859375 0.5707875 0.9057859374999999 0.5715296875 0.9093515625 0.5722890625 0.9093515625
0 0.50639375 0.8829359374999999 0.504215625 0.8860046875 0.5051140625 0.888009375 0.507190625 0.8875718750000001 0.5081015625 0.8858140625 0.5075000000000001 0.8844046875 0.50639375 0.8829359374999999
0 0.5022296875000001 0.894621875 0.50043125 0.8960703125 0.4997828125 0.8979234375 0.500384375 0.899 0.503046875 0.9003078125 0.504103125 0.8991265625 0.5039546875 0.8965624999999999 0.504409375 0.8945109375 0.5022296875000001 0.894621875
0 0.48648125000000003 0.8985 0.4884546875 0.89915 0.4891328125 0.8960750000000001 0.4861109375 0.895503125 0.48648125000000003 0.8985
0 0.517053125 0.790828125 0.518446875 0.7908921875 0.518721875 0.7868703125 0.5158734375 0.787203125 0.517053125 0.790828125
0 0.595203125 0.680190625 0.5925921875 0.6787375 0.5919531250000001 0.6796562500000001 0.5908421875000001 0.6811375 0.59138125 0.681778125 0.5938515625 0.6818765625000001 0.595203125 0.680190625
0 0.7836375 0.7215 0.78380625 0.719990625 0.782815625 0.7200265625 0.7814203125 0.7211593749999999 0.781790625 0.722409375 0.78238125 0.7224734374999999 0.7836375 0.7215
0 0.75929375 0.8306296874999999 0.7604656249999999 0.8313515625000001 0.7613531250000001 0.8299671875 0.7619546875000001 0.8279078125 0.761684375 0.8267203125 0.7595562499999999 0.8273187500000001 0.759178125 0.8293781250000001 0.75929375 0.8306296874999999
0 0.578465625 0.5927687500000001 0.5788156250000001 0.5909265625 0.576184375 0.59045625 0.5756515624999999 0.5908203125 0.5751703125 0.5919765625 0.5760046875 0.593528125 0.578465625 0.5927687500000001
0 0.59298125 0.535753125 0.5955703125 0.53496875 0.5930187499999999 0.53278125 0.591784375 0.5326328124999999 0.590440625 0.5335593750000001 0.5905953125 0.5352546874999999 0.59298125 0.535753125
0 0.565734375 0.31666249999999996 0.5663578125 0.31051562499999996 0.5644921875 0.310453125 0.563515625 0.3125671875 0.5640125 0.3148640625 0.564678125 0.316146875 0.565734375 0.31666249999999996
0 0.48112187500000003 0.29688125 0.48257031250000004 0.2996390625 0.484196875 0.29871875000000003 0.48466250000000005 0.296390625 0.48390625 0.2946421875 0.4822640625 0.29480625 0.48173125 0.295234375 0.48112187500000003 0.29688125
0 0.4827109375 0.3019578125 0.48103125 0.3008015625 0.4796265625 0.300696875 0.4787328125 0.3012265625 0.47793125 0.3023875 0.4800640625 0.3044375 0.482609375 0.3034953125 0.4827109375 0.3019578125
0 0.5694515625000001 0.13403125 0.5678703125 0.1344828125 0.5666765625 0.1364625 0.567734375 0.1378484375 0.57010625 0.1374015625 0.570503125 0.1357515625 0.5707687499999999 0.13424375 0.5694515625000001 0.13403125
0 0.526834375 0.15235 0.525953125 0.15089375 0.5241078124999999 0.15205 0.5238453125 0.1532375 0.5247109375 0.1547109375 0.5261359375 0.1547859375 0.526834375 0.15235