0 0.48776562500000004 0.314965625 0.48765625 0.3191609375 0.48754687499999994 0.3238875 0.489375 0.3296453125 0.4892046875 0.33101875000000003 0.48810624999999996 0.3331703125 0.48819375000000004 0.337025 0.48985781250000004 0.33971874999999996 0.49084374999999997 0.3403453125 0.49182812499999995 0.3340875 0.4927546875 0.3290203125 0.4938359375 0.3236609375 0.49321093749999995 0.316059375 0.4917453125 0.31182656249999996 0.4891828125 0.3111484375 0.48776562500000004 0.314965625
0 0.4435703125 0.331315625 0.4441046875 0.3330421875 0.44484375 0.331565625 0.44603281250000004 0.3302703125 0.44810156250000005 0.3279859375 0.448134375 0.32580624999999996 0.445103125 0.3271296875 0.44421718749999994 0.3278765625 0.4435703125 0.331315625
0 0.563275 0.4597125 0.5672984375000001 0.45391875 0.5675375 0.4536015625 0.5685265625 0.4495484375 0.5681078125 0.4449546875 0.566571875 0.44173125 0.564175 0.44013437499999997 0.563415625 0.44347812500000006 0.5625296875 0.44777812499999997 0.560721875 0.45601875 0.5609375 0.459465625 0.563275 0.4597125
0 0.486621875 0.8032406249999999 0.4851875 0.8007015624999999 0.4844953125 0.79993125 0.4827390625 0.8095734374999999 0.4827390625 0.8117906250000001 0.4827390625 0.8148546874999999 0.483909375 0.8192125000000001 0.485528125 0.818553125 0.48714375 0.8142640625 0.48793125000000004 0.8115390625 0.48776093749999994 0.8070484375 0.486621875 0.8032406249999999
0 0.5645390625 0.8801500000000001 0.5624484375 0.8772718749999999 0.561546875 0.87545625 0.5617093750000001 0.8886015625000001 0.562496875 0.8915593749999999 0.5637187499999999 0.8928265625 0.5649 0.8898484375000001 0.5651937499999999 0.8864796875 0.565628125 0.8887484375 0.5670359375 0.88433125 0.5645390625 0.8801500000000001
0 0.527509375 0.9708781249999999 0.5279609375 0.9691734375 0.5275828125 0.9659265625 0.5271578124999999 0.9651156249999999 0.5265625 0.9634609375000001 0.525621875 0.9648484375 0.525375 0.9671984374999999 0.5265125 0.9695874999999999 0.527509375 0.9708781249999999
0 0.42718749999999994 0.9354968749999999 0.42619687500000003 0.9296906249999999 0.42554218749999995 0.92638125 0.42452187500000005 0.92961875 0.424828125 0.9332890624999999 0.42408437499999996 0.93725 0.42342031249999995 0.9422671875 0.423809375 0.9459234375 0.42500937499999997 0.9454796875 0.42500937499999997 0.94293125 0.42552031250000005 0.93846875 0.42634375 0.9361625 0.42718749999999994 0.9354968749999999
0 0.575334375 0.9862343750000001 0.5770140625 0.988478125 0.5770500000000001 0.9887015625 0.5774234375 0.9856828125 0.5759796875000001 0.98345 0.57530625 0.984809375 0.575334375 0.9862343750000001
0 0.7463640625 0.9665984375000001 0.74313125 0.96945625 0.7407515625000001 0.97495625 0.7411765625 0.9816437499999999 0.742615625 0.9883296874999999 0.743228125 0.992715625 0.744053125 0.9976 0.7468484375 0.9999765625 0.7520453125000001 0.9984890625 0.7544421875 0.9974796874999999 0.75554375 0.9931078125000001 0.7561625000000001 0.98854375 0.7564390624999999 0.9840515625 0.7559125 0.9799234374999999 0.75515 0.9760359375000001 0.7534375 0.9719703125000001 0.7522203125 0.9677453125 0.7463640625 0.9665984375000001
0 0.761821875 0.9718921875 0.76183125 0.968946875 0.7610296875 0.9657015624999999 0.7593468750000001 0.9637890625000001 0.7568234375 0.964596875 0.7569984375 0.9694312500000001 0.7578843749999999 0.9712671875 0.7613171875 0.972575 0.761821875 0.9718921875
0 0.7714515625 0.9416343749999999 0.7710203124999999 0.9413859375 0.7706015625 0.9389359374999999 0.77025625 0.9378109374999999 0.7687703124999999 0.9403859375 0.76858125 0.9415203125 0.7697812500000001 0.9425890625 0.7714515625 0.9416343749999999
0 0.6954453125 0.8134953125 0.698975 0.817878125 0.7001234375000001 0.813371875 0.6994890625 0.809509375 0.7019359374999999 0.8079765625 0.7025750000000001 0.8049156249999999 0.70386875 0.8012109374999999 0.7050484375 0.797771875 0.7048625000000001 0.7947375 0.7072140625000001 0.7876218749999999 0.7079140625 0.7803687499999999 0.707665625 0.77476875 0.70655625 0.7706421875 0.706878125 0.764034375 0.7064703125 0.7599843749999999 0.704746875 0.7549375 0.7014171874999999 0.7509296875 0.701040625 0.749990625 0.7018015625 0.7450234375 0.6993359375 0.739175 0.697790625 0.7342875 0.6965125 0.729928125 0.6962109375 0.724209375 0.6907359375000001 0.72295 0.68789375 0.7222671875 0.6837453124999999 0.7179156250000001 0.6805265625 0.7111468750000001 0.6746187499999999 0.7072671875000001 0.6694546875 0.7105078125000001 0.665253125 0.7198703125 0.6598124999999999 0.7280453125 0.659128125 0.730671875 0.6584703125 0.7400140625 0.6597671875 0.7518015625000001 0.6594890625 0.7614453125 0.6589515625 0.7741156250000001 0.6604828125 0.77905625 0.661821875 0.782646875 0.6635500000000001 0.7898031249999999 0.6693734375 0.798896875 0.675528125 0.8103703124999999 0.684915625 0.8151718750000001 0.6882125 0.8193843749999999 0.6938453124999999 0.82094375 0.694215625 0.8164374999999999 0.6954453125 0.8134953125
0 0.72829375 0.1329859375 0.729296875 0.13403125 0.734684375 0.12484375 0.73369375 0.123534375 0.7304062499999999 0.1247765625 0.729 0.1274171875 0.72798125 0.130109375 0.72829375 0.1329859375
0 1 0.76453125 0.9997375 0.7597515625 0.9965171875 0.7477890625 0.9919328125 0.7363984375 0.98700625 0.7343875 0.9835859375 0.7383546875 0.9829171875 0.735728125 0.9762796874999999 0.73113125 0.9719859375000001 0.7254625 0.9695859375 0.7316125 0.9690953125 0.743746875 0.9712671875 0.7577875 0.9662468750000001 0.754259375 0.9631546875 0.75925625 0.9648109375 0.7689234375 0.9688703125 0.7713234375 0.9730609375 0.7733546875 0.9728 0.7796921875 0.9718656250000001 0.78745625 0.9760453124999999 0.793821875 0.9787390625000001 0.794384375 0.9842640625 0.7968859375 0.985 0.8038046874999999 0.9898906249999999 0.8075546875 0.9949421875000001 0.80869375 0.997478125 0.8056828125 1 0.799228125 1 0.76453125
0 0.9817015625 0.633759375 0.9840640625000001 0.6336890625 0.9923859374999999 0.628090625 0.9955890625 0.6243171875 0.9931812499999999 0.617253125 0.9869609374999999 0.61809375 0.9839484374999999 0.619059375 0.980603125 0.620090625 0.9769171875 0.62455625 0.9774390625 0.63134375 0.9817015625 0.633759375
0 0.948978125 0.6092421875 0.9500390624999999 0.6123046875 0.9519734375000001 0.612878125 0.952284375 0.60965625 0.9513640625 0.606046875 0.9490578125000001 0.6073421875 0.948978125 0.6092421875
0 0.997459375 0.2385109375 0.995290625 0.235353125 0.9932609375 0.23572968749999998 0.9919421875 0.24032499999999998 0.9911203125 0.24378281249999997 0.992196875 0.24681875 0.994215625 0.24905 0.99910625 0.24919843749999998 0.9980874999999999 0.24867499999999998 0.9987671875 0.2443703125 0.997459375 0.2385109375
0 0.8957453125000001 0.08705625 0.8954484375 0.088771875 0.8957499999999999 0.0914359375 0.8986203125 0.086671875 0.8991015625 0.08444531250000001 0.8970234375 0.08353125 0.8957453125000001 0.08705625
0 0.9321453125 0.0733328125 0.9324390625 0.07623593749999999 0.9333656250000001 0.0784828125 0.936590625 0.0739234375 0.9359171875 0.0710609375 0.933284375 0.07189375 0.9321453125 0.0733328125
0 0.9153874999999999 0.009309375 0.91260625 0.012767187499999999 0.912878125 0.014196875000000001 0.9138624999999999 0.0161875 0.9159625 0.0152515625 0.9164171874999999 0.0147890625 0.9171203125 0.013098437499999999 0.9153874999999999 0.009309375
0 0.7375 0.60546875 0.734375 0.59765625 0.7265625 0.59921875 0.73046875 0.609375 0.7375 0.60546875