0 0.48819375000000004 0.662975 0.48810624999999996 0.6668296875 0.4892046875 0.6689812500000001 0.489375 0.6703546874999999 0.48754687499999994 0.6761125 0.48765625 0.6808390625 0.48776562500000004 0.6850343750000001 0.4891828125 0.6888515625 0.4917453125 0.6881734374999999 0.49321093749999995 0.683940625 0.4938359375 0.6763390625000001 0.4927546875 0.6709796875 0.49182812499999995 0.6659125 0.49084374999999997 0.6596546875 0.48985781250000004 0.6602812499999999 0.48819375000000004 0.662975
0 0.44421718749999994 0.6721234375 0.445103125 0.6728703125 0.448134375 0.6741937499999999 0.44810156250000005 0.6720140625 0.44603281250000004 0.6697296875000001 0.44484375 0.668434375 0.4441046875 0.6669578125 0.4435703125 0.668684375 0.44421718749999994 0.6721234375
0 0.5675375 0.5463984375 0.5672984375000001 0.5460812500000001 0.563275 0.5402875 0.5609375 0.540534375 0.560721875 0.5439812500000001 0.5625296875 0.5522218750000001 0.563415625 0.5565218749999999 0.564175 0.559865625 0.566571875 0.55826875 0.5681078125 0.5550453125 0.5685265625 0.5504515624999999 0.5675375 0.5463984375
0 0.4844953125 0.20006875000000002 0.4851875 0.1992984375 0.486621875 0.19675937500000001 0.48776093749999994 0.1929515625 0.48793125000000004 0.18846093749999998 0.48714375 0.1857359375 0.485528125 0.181446875 0.483909375 0.1807875 0.4827390625 0.1851453125 0.4827390625 0.18820937499999998 0.4827390625 0.1904265625 0.4844953125 0.20006875000000002
0 0.5624484375 0.12272812500000001 0.5645390625 0.11984999999999998 0.5670359375 0.11566875000000001 0.565628125 0.11125156249999998 0.5651937499999999 0.11352031250000001 0.5649 0.1101515625 0.5637187499999999 0.1071734375 0.562496875 0.108440625 0.5617093750000001 0.1113984375 0.561546875 0.12454375 0.5624484375 0.12272812500000001
0 0.5265125 0.0304125 0.525375 0.0328015625 0.525621875 0.0351515625 0.5265625 0.036539062500000004 0.5271578124999999 0.034884375 0.5275828125 0.0340734375 0.5279609375 0.030826562499999998 0.527509375 0.029121875000000002 0.5265125 0.0304125
0 0.42452187500000005 0.07038124999999999 0.42554218749999995 0.07361875 0.42619687500000003 0.070309375 0.42718749999999994 0.064503125 0.42634375 0.0638375 0.42552031250000005 0.06153125 0.42500937499999997 0.05706875 0.42500937499999997 0.0545203125 0.423809375 0.0540765625 0.42342031249999995 0.057732812499999994 0.42408437499999996 0.06275 0.424828125 0.0667109375 0.42452187500000005 0.07038124999999999
0 0.5774234375 0.0143171875 0.5770500000000001 0.0112984375 0.5770140625 0.011521874999999999 0.575334375 0.013765625 0.57530625 0.015190625 0.5759796875000001 0.016550000000000002 0.5774234375 0.0143171875
0 0.7520453125000001 0.0015109375 0.7468484375 0.0000234375 0.744053125 0.0024000000000000002 0.743228125 0.007284375 0.742615625 0.0116703125 0.7411765625 0.018356249999999998 0.7407515625000001 0.025043749999999997 0.74313125 0.030543749999999998 0.7463640625 0.033401562499999995 0.7522203125 0.032254687500000004 0.7534375 0.0280296875 0.75515 0.0239640625 0.7559125 0.0200765625 0.7564390624999999 0.015948437500000003 0.7561625000000001 0.01145625 0.75554375 0.006892187499999999 0.7544421875 0.0025203125 0.7520453125000001 0.0015109375
0 0.7613171875 0.027424999999999998 0.7578843749999999 0.0287328125 0.7569984375 0.03056875 0.7568234375 0.035403125 0.7593468750000001 0.0362109375 0.7610296875 0.0342984375 0.76183125 0.031053124999999997 0.761821875 0.028107812500000003 0.7613171875 0.027424999999999998
0 0.76858125 0.0584796875 0.7687703124999999 0.059614062499999995 0.77025625 0.0621890625 0.7706015625 0.0610640625 0.7710203124999999 0.058614062499999994 0.7714515625 0.058365625 0.7697812500000001 0.0574109375 0.76858125 0.0584796875
0 0.6604828125 0.22094375 0.6589515625 0.225884375 0.6594890625 0.23855468750000003 0.6597671875 0.2481984375 0.6584703125 0.2599859375 0.659128125 0.26932812500000003 0.6598124999999999 0.27195468749999996 0.665253125 0.2801296875 0.6694546875 0.2894921875 0.6746187499999999 0.2927328125 0.6805265625 0.28885312500000004 0.6837453124999999 0.282084375 0.68789375 0.2777328125 0.6907359375000001 0.27705 0.6962109375 0.275790625 0.6965125 0.270071875 0.697790625 0.2657125 0.6993359375 0.260825 0.7018015625 0.2549765625 0.701040625 0.250009375 0.7014171874999999 0.2490703125 0.704746875 0.24506250000000002 0.7064703125 0.240015625 0.706878125 0.235965625 0.70655625 0.22935781249999998 0.707665625 0.22523125 0.7079140625 0.21963125 0.7072140625000001 0.212378125 0.7048625000000001 0.2052625 0.7050484375 0.20222812499999998 0.70386875 0.1987890625 0.7025750000000001 0.195084375 0.7019359374999999 0.1920234375 0.6994890625 0.190490625 0.7001234375000001 0.18662812499999998 0.698975 0.18212187500000002 0.6954453125 0.1865046875 0.694215625 0.18356250000000002 0.6938453124999999 0.17905625 0.6882125 0.180615625 0.684915625 0.184828125 0.675528125 0.1896296875 0.6693734375 0.201103125 0.6635500000000001 0.210196875 0.661821875 0.21735312499999998 0.6604828125 0.22094375
0 0.729 0.8725828124999999 0.7304062499999999 0.8752234375000001 0.73369375 0.876465625 0.734684375 0.8751562500000001 0.729296875 0.8659687500000001 0.72829375 0.8670140625 0.72798125 0.869890625 0.729 0.8725828124999999
0 1 0.200771875 0.997478125 0.1943171875 0.9949421875000001 0.19130625 0.9898906249999999 0.19244531250000002 0.985 0.1961953125 0.9842640625 0.2031140625 0.9787390625000001 0.205615625 0.9760453124999999 0.20617812500000002 0.9718656250000001 0.21254374999999998 0.9728 0.22030781250000003 0.9730609375 0.2266453125 0.9688703125 0.2286765625 0.9648109375 0.23107656250000003 0.9631546875 0.24074374999999998 0.9662468750000001 0.245740625 0.9712671875 0.2422125 0.9690953125 0.256253125 0.9695859375 0.2683875 0.9719859375000001 0.2745375 0.9762796874999999 0.26886875 0.9829171875 0.264271875 0.9835859375 0.2616453125 0.98700625 0.2656125 0.9919328125 0.2636015625 0.9965171875 0.2522109375 0.9997375 0.24024843749999997 1 0.23546874999999998 1 0.200771875
0 0.9840640625000001 0.3663109375 0.9817015625 0.366240625 0.9774390625 0.36865625 0.9769171875 0.37544374999999997 0.980603125 0.379909375 0.9839484374999999 0.380940625 0.9869609374999999 0.38190625 0.9931812499999999 0.382746875 0.9955890625 0.3756828125 0.9923859374999999 0.371909375 0.9840640625000001 0.3663109375
0 0.952284375 0.39034375 0.9519734375000001 0.387121875 0.9500390624999999 0.3876953125 0.948978125 0.3907578125 0.9490578125000001 0.3926578125 0.9513640625 0.393953125 0.952284375 0.39034375
0 0.995290625 0.7646468750000001 0.997459375 0.7614890625 0.9987671875 0.7556296875 0.9980874999999999 0.751325 0.99910625 0.7508015625 0.994215625 0.75095 0.992196875 0.75318125 0.9911203125 0.7562171875 0.9919421875 0.759675 0.9932609375 0.7642703125 0.995290625 0.7646468750000001
0 0.8986203125 0.9133281249999999 0.8957499999999999 0.9085640625 0.8954484375 0.911228125 0.8957453125000001 0.9129437499999999 0.8970234375 0.9164687499999999 0.8991015625 0.9155546875 0.8986203125 0.9133281249999999
0 0.936590625 0.9260765624999999 0.9333656250000001 0.9215171874999999 0.9324390625 0.9237640624999999 0.9321453125 0.9266671875 0.933284375 0.9281062500000001 0.9359171875 0.9289390624999999 0.936590625 0.9260765624999999
0 0.9164171874999999 0.9852109375 0.9159625 0.9847484375000001 0.9138624999999999 0.9838125 0.912878125 0.985803125 0.91260625 0.9872328125 0.9153874999999999 0.990690625 0.9171203125 0.9869015624999999 0.9164171874999999 0.9852109375
0 0.73046875 0.390625 0.7265625 0.40078125 0.734375 0.40234375 0.7375 0.39453125 0.73046875 0.390625