0 0.4665796875 0.48156406250000006 0.46565 0.49148437500000003 0.47247031249999993 0.498925 0.4768109375 0.494378125 0.4765 0.48197812500000003 0.47432968750000004 0.4745375 0.4665796875 0.48156406250000006
0 0.49386093750000004 0.41087968750000003 0.49913125 0.4067453125 0.4954109375 0.39930625000000003 0.49293125 0.40178593749999997 0.48735156249999995 0.40343906250000006 0.49386093750000004 0.41087968750000003
0 0.336746875 0.664096875 0.3395359375 0.67443125 0.3333359375 0.677325 0.338296875 0.6901390625 0.3407765625 0.6992328125 0.3364359375 0.7017140625 0.3274453125 0.6975796875 0.317834375 0.705846875 0.306675 0.72238125 0.3014046875 0.7335421875 0.306675 0.753796875 0.311634375 0.7744203125 0.329615625 0.794675 0.34759687499999997 0.8029421875 0.3590671875 0.80955625 0.3751890625 0.810796875 0.3965796875 0.80335625 0.41487187499999995 0.7950890625 0.427271875 0.7917828124999999 0.43037187499999996 0.7773140625 0.43161250000000007 0.76160625 0.4325421875 0.7277109375 0.42572187499999997 0.7140703125 0.4378125 0.7107640625 0.4492828125 0.6987765625 0.4424625 0.6838953125 0.43874218750000005 0.6797609375 0.4384328125 0.672321875 0.435021875 0.6681874999999999 0.42603125000000003 0.64964375 0.4294421875 0.63724375 0.4278921875 0.6326968749999999 0.42293125 0.6335234375 0.417971875 0.6347625 0.4158015625 0.6190562500000001 0.41208125000000007 0.614509375 0.412390625 0.60169375 0.40650000000000003 0.600040625 0.39875 0.600040625 0.3962703125 0.60748125 0.392175 0.6059859375000001 0.3869046875 0.60391875 0.38380468749999996 0.605159375 0.37729375 0.602678125 0.37109375 0.6035046875 0.3689234375 0.6080515625 0.3630328125 0.6068125 0.359003125 0.6076390625 0.35652343750000004 0.6063984375 0.3524921875 0.6121859374999999 0.3451171875 0.6223484375 0.3441875 0.6376421875 0.3389171875 0.6467359375 0.3345765625 0.6578968749999999 0.336746875 0.664096875
0 0.4508328125 0.642203125 0.44773281249999997 0.6442703125 0.4461828125 0.64964375 0.44370312500000003 0.6492312499999999 0.44339375 0.6546046875 0.44556250000000003 0.6591515625000001 0.44556250000000003 0.6624578125 0.44990312499999996 0.663284375 0.45393437499999995 0.662871875 0.46044375000000004 0.6624578125 0.46819531249999996 0.6562578125 0.467884375 0.6488171875 0.46199375 0.647990625 0.460134375 0.6413765625 0.454553125 0.6364171875 0.4520734375 0.638896875 0.45331406249999995 0.6438578125000001 0.4508328125 0.642203125
0 0.4430828125 0.7120609375 0.435021875 0.7120609375 0.4353328125 0.7190890624999999 0.440603125 0.7273562499999999 0.448353125 0.7343828125 0.45889375 0.7314890625 0.4712953125 0.723221875 0.4666453125 0.714128125 0.4517640625 0.705034375 0.4502140625 0.711234375 0.446803125 0.70958125 0.4430828125 0.7120609375
0 0.4207609375 0.6054140625 0.42572187499999997 0.6062406250000001 0.42851249999999996 0.6008671875 0.42851249999999996 0.5963203125 0.42448125000000003 0.5942546875 0.42014218750000004 0.5992140625 0.4207609375 0.6054140625
0 0.3165953125 0.6587375 0.3181453125 0.6636984375 0.3200046875 0.6674187500000001 0.3231046875 0.66783125 0.3243453125 0.6657656249999999 0.3255859375 0.6574984374999999 0.323725 0.6550171875 0.320625 0.653778125 0.318765625 0.6550171875 0.3165953125 0.6587375
0 0.44556250000000003 0.6021078125 0.4430828125 0.60169375 0.4384328125 0.5992140625 0.4365734375 0.60706875 0.44091250000000004 0.6112015625 0.4461828125 0.605828125 0.44556250000000003 0.6021078125
0 0.4254125 0.8192796875000001 0.4204515625 0.8230000000000001 0.42200156250000004 0.8267203125 0.427271875 0.8283734375 0.4313015625 0.8287859375 0.4340921875 0.8234125000000001 0.43037187499999996 0.82051875 0.4254125 0.8192796875000001
0 0.3169046875 0.8705359375 0.317525 0.8668156249999999 0.3165953125 0.8643359374999999 0.3119453125 0.8614421875 0.311634375 0.858134375 0.30946406249999997 0.8668156249999999 0.3110140625 0.8730156250000001 0.314734375 0.8717765625 0.3169046875 0.8705359375
0 0.5329890625 0.8048109374999999 0.5345390625 0.7998515625 0.5317484375 0.7986109375 0.5246187499999999 0.799025 0.5224484375 0.8060515625000001 0.524928125 0.8089453125 0.526478125 0.8093578125 0.5286484375 0.8093578125 0.5311281250000001 0.80811875 0.5329890625 0.8048109374999999
0 0.494546875 0.8527609375 0.49299687499999995 0.8498671874999999 0.4898953125 0.8478015624999999 0.4898953125 0.8511078124999999 0.49175625 0.854828125 0.494546875 0.8527609375
0 0.487415625 0.8754953125 0.48865625 0.8730156250000001 0.4852453125 0.8688828125000001 0.48400625 0.8680562500000001 0.4821453125 0.87466875 0.487415625 0.8754953125
0 0.49795625 0.8647484375 0.5004375 0.8622687499999999 0.48958593749999996 0.8573078125 0.49020625000000007 0.860615625 0.49237656249999995 0.8643359374999999 0.49795625 0.8647484375
0 0.4071203125 0.8585484375 0.3934796875 0.8647484375 0.3906890625 0.867353125 0.3906890625 0.8721890625000001 0.3965796875 0.8738421875 0.40526093750000003 0.8676421875000001 0.4071203125 0.8585484375
0 0.3500765625 0.5770500000000001 0.354728125 0.5741562499999999 0.36588750000000003 0.57374375 0.36898906249999996 0.566303125 0.36402812500000004 0.563409375 0.3606171875 0.5625828125 0.360928125 0.5505953124999999 0.3575171875 0.53778125 0.3550375 0.5233140625 0.35317656249999996 0.5204203125 0.34759687499999997 0.5195937500000001 0.34480625 0.5278609375000001 0.346046875 0.5361281250000001 0.3420171875 0.542740625 0.34356718750000004 0.554315625 0.34170625 0.5534890625 0.334265625 0.5551421875 0.33178593749999996 0.5613421875 0.3314765625 0.56795625 0.335815625 0.57374375 0.3438765625 0.5745703125 0.3500765625 0.5770500000000001
0 0.306675 0.500578125 0.310084375 0.5055390625 0.314734375 0.5030593750000001 0.315975 0.5009921875 0.3181453125 0.49603125 0.3165953125 0.48859062499999995 0.3107046875 0.486525 0.3091546875 0.4861109375 0.306984375 0.491071875 0.306675 0.500578125
0 0.4170421875 0.53158125 0.41363125 0.5229 0.4111515625 0.524553125 0.4083609375 0.5286875 0.40681093749999997 0.53778125 0.40960156249999996 0.540675 0.41487187499999995 0.5410874999999999 0.41828125 0.5353015625 0.4170421875 0.53158125
0 0.38944999999999996 0.551009375 0.391 0.5576218749999999 0.39565 0.5567953125 0.3975109375 0.5539015625 0.3965796875 0.5489421875 0.39323437499999997 0.5461031249999999 0.3916203125 0.5464609375 0.38944999999999996 0.551009375
0 0.5478703125 0.180225 0.5481796875 0.16823749999999998 0.5500406250000001 0.1645171875 0.547559375 0.160384375 0.5432187500000001 0.16286406250000002 0.5413593750000001 0.16245 0.5404296875 0.1674109375 0.53391875 0.1736109375 0.532059375 0.17691874999999999 0.5289578125000001 0.18353124999999998 0.529578125 0.186425 0.5329890625 0.1889046875 0.53701875 0.19097187499999999 0.5466296875000001 0.1901453125 0.5478703125 0.180225
0 0.5298890625 0.226934375 0.5314390625 0.229828125 0.5357796875 0.2306546875 0.5379484375 0.22528125000000002 0.5345390625 0.223628125 0.5363984375 0.21412031250000002 0.53391875 0.21081406249999998 0.5311281250000001 0.212053125 0.52771875 0.22197343749999998 0.5298890625 0.226934375
0 0.4340921875 0.1922125 0.4331625 0.1975859375 0.43440312499999995 0.19965312500000001 0.4353328125 0.200065625 0.437503125 0.1992390625 0.4378125 0.1959328125 0.4381234375 0.1917984375 0.4402921875 0.18683906249999999 0.44091250000000004 0.180225 0.43440312499999995 0.1777453125 0.4340921875 0.1822921875 0.4340921875 0.1922125
0 0.4743953125 0.10623281250000001 0.4669546875 0.1091265625 0.46385468750000003 0.1103671875 0.464475 0.1207015625 0.4697453125 0.1297953125 0.4756359375 0.12938125 0.47873593750000004 0.119875 0.47780468750000005 0.1120203125 0.4743953125 0.10623281250000001
0 0.5497296875 0.130621875 0.5404296875 0.1347546875 0.54011875 0.1405421875 0.5426 0.1434359375 0.544459375 0.145503125 0.5488000000000001 0.139715625 0.5509703125 0.136409375 0.5497296875 0.130621875
0 0.5190375 0.1235953125 0.5137671874999999 0.1297953125 0.5146984375 0.1331015625 0.5159374999999999 0.1343421875 0.5181078125 0.133928125 0.5193484374999999 0.130621875 0.5193484374999999 0.12896875000000002 0.5190375 0.1235953125
0 0.4898953125 0.12028749999999999 0.48679531249999997 0.1235953125 0.4883453125 0.1297953125 0.4898953125 0.12896875000000002 0.49330625 0.12566093750000001 0.494546875 0.1240078125 0.493615625 0.12111406250000001 0.4898953125 0.12028749999999999
0 0.467884375 0.23602812499999998 0.46602499999999997 0.23106875 0.46151406250000004 0.23283749999999998 0.46168437500000004 0.23602812499999998 0.46509375000000003 0.2393359375 0.467884375 0.2393359375 0.467884375 0.23602812499999998
0 0.470984375 0.06655156250000001 0.4743953125 0.0653109375 0.475015625 0.0611765625 0.47346562499999995 0.0595234375 0.471915625 0.0578703125 0.4685046875 0.0661375 0.470984375 0.06655156250000001
0 0.44215312500000004 0.0777109375 0.44153281250000004 0.0698578125 0.4378125 0.0669640625 0.43440312499999995 0.06903125 0.4331625 0.079365625 0.4365734375 0.0834984375 0.43874218750000005 0.082259375 0.44215312500000004 0.0777109375
0 0.35317656249999996 0.0157078125 0.3528671875 0.021907812500000002 0.3544171875 0.0264546875 0.3590671875 0.0260421875 0.3618578125 0.022734375 0.3559671875 0.0095078125 0.35317656249999996 0.0157078125
0 0.40743124999999997 0.0504296875 0.4080515625 0.056629687500000005 0.41146093749999996 0.0562171875 0.4130109375 0.05415 0.41611093749999994 0.0446421875 0.4083609375 0.044229687499999996 0.40743124999999997 0.0504296875
0 0.5970984374999999 0.6795640625 0.5995781250000001 0.6857640625 0.60546875 0.6886578125 0.60546875 0.6783234375 0.603609375 0.66385625 0.6020578125 0.6547625 0.6122890625 0.6436015625 0.6184890625 0.6316140625 0.6197296875 0.6270671875 0.6200390625 0.61631875 0.61631875 0.6068125 0.61476875 0.6014390625 0.6032984375 0.5973046875 0.594928125 0.5968921875000001 0.593378125 0.60433125 0.5927578125 0.6068125 0.5890375 0.6154921875 0.5828375 0.623346875 0.5775671874999999 0.6299609375 0.5775671874999999 0.6365734375 0.5732265625 0.6469078125000001 0.5735359375 0.656828125 0.575396875 0.6609625 0.5803578125 0.6630296875 0.5850078125 0.6593093750000001 0.5930671875 0.6601359375 0.594928125 0.662203125 0.5918281249999999 0.6704703125 0.5912078125 0.67625625 0.5970984374999999 0.6795640625
0 0.57105625 0.716353125 0.570746875 0.703125 0.5735359375 0.69981875 0.5763265625 0.6981640625 0.573846875 0.68535 0.5732265625 0.6754296875 0.575396875 0.6630296875 0.5719859375 0.6551750000000001 0.5642359375 0.656828125 0.563615625 0.6601359375 0.5623765625 0.662615625 0.55555625 0.6634421875000001 0.551215625 0.6696421875 0.5518359375 0.6741890625 0.5533859375 0.6795640625 0.5540046875 0.6857640625 0.5509046875 0.6886578125 0.5478046875 0.6936171875 0.5478046875 0.701884375 0.551525 0.7146984375 0.551525 0.719659375 0.57105625 0.716353125
0 0.6420515625000001 0.6142531250000001 0.6436015625 0.6183859375 0.6454609375 0.6179734375 0.6532125 0.6125984375 0.65538125 0.6080515625 0.6560015625 0.5985453125 0.6547625 0.5956515625 0.6516609375 0.5960640625 0.648871875 0.6014390625 0.6436015625 0.60391875 0.642671875 0.6092921875 0.6420515625000001 0.6142531250000001
0 0.6829734375000001 0.5749828124999999 0.6770828125 0.5762234375 0.676153125 0.5811843750000001 0.67894375 0.584078125 0.684834375 0.581596875 0.6888640625 0.5803578125 0.6907234375 0.578703125 0.6935140625 0.5770500000000001 0.6959953125 0.5729171875 0.6950640625 0.5658890624999999 0.68979375 0.566303125 0.6829734375000001 0.5749828124999999
0 0.6560015625 0.6721234375 0.6532125 0.6708828125 0.6522812499999999 0.6601359375 0.6498015625 0.6605484374999999 0.6470109374999999 0.6646828124999999 0.6420515625000001 0.6692296875 0.642671875 0.677909375 0.6411203125 0.6845234375 0.6423609375 0.686590625 0.6451515624999999 0.686590625 0.6501109375 0.6874171875 0.653521875 0.6861765625 0.6529015625000001 0.6795640625 0.6529015625000001 0.6754296875 0.6556921874999999 0.6741890625 0.6560015625 0.6721234375
0 0.6343 0.578703125 0.6349203125 0.572503125 0.637090625 0.5716765625 0.6380203125 0.56465 0.6361609374999999 0.5576218749999999 0.6327499999999999 0.5539015625 0.623759375 0.545634375 0.6200390625 0.545221875 0.6153890625 0.5464609375 0.6135296875 0.548528125 0.6125984375 0.5534890625 0.6169390625 0.55555625 0.6132187499999999 0.5629953125 0.6110484375 0.56795625 0.60701875 0.5683703125 0.6119796875 0.5778765625 0.617559375 0.5849046875 0.6240703125 0.58573125 0.6312 0.5865578124999999 0.6343 0.578703125
0 0.664371875 0.498925 0.6618921875 0.49727187500000003 0.659721875 0.498925 0.6563125000000001 0.49809843750000005 0.6547625 0.503471875 0.6600328125 0.5067796875 0.664371875 0.5067796875 0.664371875 0.498925
0 0.6482515624999999 0.5278609375000001 0.6513515625 0.5286875 0.6516609375 0.524140625 0.647321875 0.5229 0.6482515624999999 0.5278609375000001
0 0.6916546875 0.5220734375 0.695684375 0.5195937500000001 0.696925 0.5133921875 0.69444375 0.5105000000000001 0.6916546875 0.515459375 0.6916546875 0.5220734375
0 0.6631328125 0.46544375000000004 0.6677828124999999 0.46544375000000004 0.6724328125000001 0.464615625 0.6764640625 0.464615625 0.680803125 0.46502968750000007 0.685453125 0.4633765625 0.68824375 0.458003125 0.6870046875 0.450975 0.6829734375000001 0.44808125 0.6755328125 0.446428125 0.6702625 0.449321875 0.6646828124999999 0.45676249999999996 0.6631328125 0.46544375000000004
0 0.7322671875 0.43526718750000004 0.72730625 0.4360953125 0.7279265625 0.44022812499999997 0.7297859375 0.4443625 0.7328875 0.44477500000000003 0.7344375000000001 0.4427078125 0.7372265625 0.438575 0.7322671875 0.43526718750000004
0 0.586246875 0.35507656249999997 0.5800468750000001 0.364996875 0.581596875 0.3732640625 0.584696875 0.3790515625 0.5918281249999999 0.37698437500000004 0.5948218749999999 0.3650078125 0.5939984375 0.3554890625 0.586246875 0.35507656249999997
0 0.683903125 0.3972390625 0.680803125 0.3910390625 0.67739375 0.380290625 0.679253125 0.3765703125 0.6758437500000001 0.37285 0.673053125 0.3790515625 0.673053125 0.3848375 0.67274375 0.388971875 0.668403125 0.3902109375 0.665921875 0.3931046875 0.6671625 0.398478125 0.6702625 0.40095937499999995 0.6736734375 0.40385312500000003 0.6764640625 0.4005453125 0.6777031250000001 0.3988921875 0.68049375 0.39930625000000003 0.683903125 0.3972390625
0 0.7111859375 0.334821875 0.7080859375 0.3356484375 0.704984375 0.3430890625 0.710565625 0.343915625 0.7130453125 0.33978125000000003 0.712115625 0.33440781249999996 0.7111859375 0.334821875
0 0.6017484375000001 0.3265546875 0.6045390625 0.3129140625 0.6045390625 0.3029921875 0.6017484375000001 0.3025796875 0.5943078125000001 0.30836562500000003 0.5927578125 0.31663437499999997 0.594928125 0.3311015625 0.6017484375000001 0.3265546875
0 0.6191093750000001 0.3236609375 0.6243796875000001 0.32159375 0.626240625 0.3191140625 0.6259296875 0.3129140625 0.62345 0.30753906249999996 0.6228296875 0.30712656250000003 0.62035 0.30381874999999997 0.6150796875 0.3087796875 0.6157 0.3145671875 0.6172500000000001 0.3195265625 0.6191093750000001 0.3236609375
0 0.7350578125 0.33151406250000004 0.7362968750000001 0.329034375 0.7338171874999999 0.32572812500000003 0.7310265625000001 0.32614062499999996 0.7307171875 0.3294484375 0.7350578125 0.33151406250000004
0 0.7145953125 0.3058859375 0.7130453125 0.28521874999999997 0.71180625 0.276125 0.709325 0.27323125 0.704675 0.271578125 0.701575 0.27199062500000004 0.6978546875 0.27695156249999997 0.693825 0.286871875 0.6935140625 0.292659375 0.69444375 0.29431250000000003 0.7006453125000001 0.29100468749999997 0.703125 0.294725 0.7037453124999999 0.29720625 0.705915625 0.3029921875 0.7083953125 0.3116734375 0.7006453125000001 0.317046875 0.703125 0.3269671875 0.7083953125 0.3207671875 0.7127359375 0.3182875 0.7145953125 0.3129140625 0.7145953125 0.3058859375
0 0.6885546875 0.247603125 0.684834375 0.2504953125 0.6842140624999999 0.2587625 0.692584375 0.2604171875 0.6972343750000001 0.25256249999999997 0.692584375 0.24388281250000002 0.6885546875 0.247603125
0 0.7217265625 0.2104 0.718315625 0.2157734375 0.7161453125 0.224040625 0.720796875 0.22776093749999998 0.724515625 0.22817500000000002 0.7248265625 0.2290015625 0.7304062499999999 0.2294140625 0.7313375 0.21990781250000002 0.7294765625 0.214946875 0.7248265625 0.2166 0.72730625 0.212053125 0.7217265625 0.2104
0 0.7390875 0.2728171875 0.7412578125 0.26992343750000003 0.7362968750000001 0.2653765625 0.7338171874999999 0.2724046875 0.7356765625 0.2744703125 0.7390875 0.2728171875
0 0.7803203125 0.2620703125 0.7834203125 0.26165625000000003 0.7859 0.259590625 0.7859 0.250909375 0.7818703124999999 0.2513234375 0.780009375 0.25834999999999997 0.7803203125 0.2620703125
0 0.744046875 0.226934375 0.744978125 0.224040625 0.7452875 0.220734375 0.7452875 0.21908124999999998 0.741878125 0.21949375 0.7400171875 0.22197343749999998 0.7381578125 0.2261078125 0.740946875 0.2285875 0.7428078124999999 0.2290015625 0.744046875 0.226934375
0 0.724515625 0.0925921875 0.72730625 0.1021 0.731646875 0.10292656250000001 0.7325765625 0.09052656249999999 0.7310265625000001 0.0839125 0.7282359375 0.0839125 0.7260671875 0.0851515625 0.724515625 0.0925921875
0 0.7099453125 0.10706093750000001 0.703434375 0.11119375000000001 0.7040546875 0.12111406250000001 0.7071546875 0.1227671875 0.7108749999999999 0.121940625 0.7130453125 0.119046875 0.7127359375 0.1103671875 0.7099453125 0.10706093750000001
0 0.8224828125 0.103753125 0.8212421875 0.09755312499999999 0.8165921875000001 0.0942453125 0.8128718750000001 0.09548593749999999 0.8122515625 0.103753125 0.8144218750000001 0.11119375000000001 0.8203125 0.1087140625 0.8224828125 0.103753125
0 0.7595484375 0.20709375 0.76326875 0.198 0.7576890625 0.1975859375 0.7552078125 0.202546875 0.75706875 0.20709375 0.7595484375 0.20709375
0 0.7421875 0.1438484375 0.7412578125 0.14095625 0.7372265625 0.145503125 0.7387765625 0.14756875 0.7428078124999999 0.145915625 0.7421875 0.1438484375
0 0.7567578125 0.2695109375 0.7595484375 0.2695109375 0.7623390624999999 0.2653765625 0.759859375 0.2633109375 0.7576890625 0.2637234375 0.7567578125 0.2695109375
0 0.6212796875000001 0.01529375 0.6212796875000001 0.025215625000000002 0.6225203125000001 0.030589062500000003 0.6284109375 0.0355484375 0.6315109375 0.035962499999999994 0.6343 0.0351359375 0.635540625 0.0334828125 0.6364703125 0.0293484375 0.63585 0.0248015625 0.6281 0.0173609375 0.62655 0.01529375 0.6212796875000001 0.01529375
0 0.6584828125 0.014467187500000001 0.6615828125000001 0.012401562500000001 0.6631328125 0.0070265625 0.656621875 0.004134375 0.6525921875 0.0024796875 0.648871875 0.0070265625 0.6494921875 0.010334375 0.6529015625000001 0.01529375 0.6584828125 0.014467187500000001
0 0.673053125 0.0260421875 0.6708828125 0.0326546875 0.673053125 0.037203125 0.6770828125 0.037203125 0.6780140625 0.030175 0.67739375 0.028521875000000002 0.6758437500000001 0.025628125 0.673053125 0.0260421875
0 0.830853125 0.1405421875 0.8358140625000001 0.13723593750000002 0.8348828125000001 0.1227671875 0.830853125 0.12111406250000001 0.8249625 0.1326890625 0.830853125 0.1405421875
0 0.830853125 0.1107796875 0.8333328124999999 0.10540624999999999 0.8302328125 0.0942453125 0.8249625 0.0971390625 0.8265125 0.1091265625 0.830853125 0.1107796875
0 0.8045015624999999 0.040921875 0.8060515625000001 0.036375000000000005 0.8060515625000001 0.029762499999999997 0.8026406250000001 0.031828125 0.8001609375 0.035962499999999994 0.8045015624999999 0.040921875
0 0.9334703125000001 0.06324375 0.92726875 0.0686171875 0.9322296874999999 0.073990625 0.936259375 0.076884375 0.9393593750000001 0.0744046875 0.9393593750000001 0.07151093750000001 0.9368796875 0.06489687499999999 0.9334703125000001 0.06324375
0 0.8438734374999999 0.238921875 0.8544140625000001 0.23561562500000002 0.8575156249999999 0.2335484375 0.8603046875 0.22776093749999998 0.8643359374999999 0.221146875 0.8621656249999999 0.2166 0.8643359374999999 0.2083328125 0.859684375 0.2050265625 0.8565843750000001 0.1992390625 0.8559640625 0.1946921875 0.8525546875 0.187665625 0.8379843749999999 0.20089218749999999 0.8389140625 0.20792031249999998 0.8426343749999999 0.2128796875 0.8423234374999999 0.220734375 0.8376734375 0.221146875 0.8345734374999999 0.2182546875 0.8317828125 0.21164062499999997 0.8271328125 0.2157734375 0.8237234375 0.2232140625 0.8218624999999999 0.23478906249999998 0.83209375 0.2393359375 0.8382937500000001 0.24346874999999998 0.8413937499999999 0.2401625 0.8438734374999999 0.238921875
0 0.9012281249999999 0.2484296875 0.902778125 0.23561562500000002 0.8913078125 0.23313437499999998 0.8916171875 0.24057499999999998 0.8931671874999999 0.2513234375 0.9012281249999999 0.2484296875
0 0.88820625 0.20047968749999998 0.8823171875 0.2054390625 0.88510625 0.21370625 0.8928578125 0.20915937499999998 0.88820625 0.20047968749999998
0 0.9691218750000001 0.106646875 0.9629218749999999 0.1025125 0.9548609375 0.10416718750000001 0.9542406250000001 0.11698125 0.952690625 0.1269015625 0.9688125 0.13558125000000001 0.9812125 0.132275 0.9843125 0.12442187499999999 0.9802828124999999 0.11656718749999999 0.9691218750000001 0.106646875
0 1 0.0516703125 0.9895828124999999 0.058284375 0.9880328125 0.070271875 0.9886531250000001 0.08680625 0.994853125 0.09052656249999999 1 0.0818453125 1 0.0744046875 1 0.058696875 1 0.0516703125
0 1 0.1281421875 0.9998140624999999 0.121940625 0.9902031250000001 0.11615468749999999 0.987103125 0.1269015625 0.9824531249999999 0.13558125000000001 0.9818328125000001 0.145915625 0.9759421875 0.1554234375 0.9802828124999999 0.1703046875 0.9840031249999999 0.178984375 0.9970234375 0.1798109375 1 0.1719578125 1 0.1492234375 1 0.1281421875
0 0.9805921874999999 0.3422625 0.9840031249999999 0.3406078125 0.9861734375 0.3368875 0.987103125 0.33316875 0.9836921875 0.3286203125 0.9799734375 0.323246875 0.9771828125 0.3298609375 0.9740828125000001 0.337715625 0.9750125000000001 0.341021875 0.9805921874999999 0.3422625
0 0.8485250000000001 0.3368875 0.8485250000000001 0.3311015625 0.8448046874999999 0.3244875 0.8432546875 0.32738125 0.8413937499999999 0.3253140625 0.83984375 0.323246875 0.83209375 0.3298609375 0.8262031249999999 0.338128125 0.83054375 0.3484625 0.8358140625000001 0.355903125 0.83984375 0.3571421875 0.8448046874999999 0.35507656249999997 0.84759375 0.35135625 0.84759375 0.347221875 0.8479046875 0.341021875 0.8485250000000001 0.3368875
0 0.9157984375 0.396825 0.9170390625 0.391865625 0.91796875 0.38731875 0.92261875 0.38153125 0.9204484374999999 0.3778109375 0.9114578124999999 0.37533125 0.9083578125 0.3807046875 0.91021875 0.389384375 0.91021875 0.39475937499999997 0.9157984375 0.396825
0 0.9095984375 0.449321875 0.9030875 0.44766874999999995 0.898746875 0.452215625 0.9021578124999999 0.4617234375 0.9083578125 0.460896875 0.9151781250000001 0.46420312499999994 0.9157984375 0.47329687500000006 0.9083578125 0.47908437499999995 0.9046375 0.48404375 0.8999874999999999 0.49561875000000005 0.8909968750000001 0.4964453125 0.8900671875 0.5014046875 0.8947171875000001 0.5067796875 0.8962671875 0.5187234375 0.8999874999999999 0.530296875 0.8897562499999999 0.5340171875 0.8844859375 0.52905625 0.8773562500000001 0.5294703125 0.874565625 0.539390625 0.8736359374999999 0.5418703125000001 0.8537953125 0.5439375 0.8544140625000001 0.5526187499999999 0.8494546875 0.5699796874999999 0.8497640625 0.581553125 0.8568953125000001 0.5985015625 0.859065625 0.6013953125 0.87425625 0.6075953125 0.8860359375 0.605528125 0.8953374999999999 0.5918875 0.90866875 0.5790734375000001 0.9216890624999999 0.5608859374999999 0.918278125 0.5439375 0.9207593749999999 0.5315375 0.9356406249999999 0.5294703125 0.9440109375000001 0.5261640625 0.9595109374999999 0.5249234375 0.966021875 0.5191359375 0.9650921875 0.5096296875 0.94928125 0.5112828125 0.94928125 0.49681406250000004 0.9604421875 0.503015625 0.9657125000000001 0.4964015625 0.9548609375 0.491028125 0.9520703125000001 0.491028125 0.95083125 0.4827609375 0.9545515625000001 0.4740796875 0.9598218749999999 0.447996875 0.9688125 0.430221875 0.9750125000000001 0.41823437500000005 0.9784218750000001 0.40914062500000004 0.9790421874999999 0.3839265625 0.9852437500000001 0.3711125 0.9858625 0.363671875 0.9784218750000001 0.365325 0.972221875 0.3665640625 0.96633125 0.362103125 0.9601312500000001 0.3616890625 0.948040625 0.36334374999999997 0.9409109375 0.3641703125 0.9343999999999999 0.37243750000000003 0.93285 0.3885578125 0.9309890624999999 0.3964125 0.928509375 0.40261250000000004 0.9185890625 0.40591875 0.9216890624999999 0.41584062499999996 0.9210687500000001 0.4261734375 0.9198281250000001 0.4389875 0.918278125 0.4456015625 0.9145578125 0.45552187499999997 0.9095984375 0.449321875
0 0.83054375 0.4629625 0.8367437499999999 0.45552187499999997 0.8392234375 0.44022812499999997 0.8376734375 0.42824062500000004 0.8274421875 0.431546875 0.8196921875 0.4360953125 0.8088421875 0.43650781250000004 0.8066718749999999 0.44146875 0.8060515625000001 0.4468421875 0.8107015625 0.449321875 0.8144218750000001 0.4513890625 0.8218624999999999 0.446428125 0.8237234375 0.45841562500000005 0.8119421875 0.4691640625 0.8119421875 0.48073750000000004 0.8122515625 0.485284375 0.8175218750000001 0.48404375 0.8252734374999999 0.4745375 0.8237234375 0.460896875 0.83054375 0.4629625
0 0.8289937500000001 0.500578125 0.8314734375 0.5022328125 0.8364328125 0.5009921875 0.8389140625 0.49603125 0.8423234374999999 0.486525 0.8413937499999999 0.48073750000000004 0.8348828125000001 0.47495000000000004 0.8314734375 0.4811515625 0.8286828125 0.48859062499999995 0.8252734374999999 0.4993390625 0.8289937500000001 0.500578125
0 0.8463546875000001 0.44146875 0.84604375 0.45056250000000003 0.851625 0.44808125 0.8603046875 0.42410781249999996 0.8568953125000001 0.4203875 0.850384375 0.43526718750000004 0.8463546875000001 0.44146875
0 0.922309375 0.61631875 0.933159375 0.6142531250000001 0.9334703125000001 0.61011875 0.9201390625 0.5977187500000001 0.922309375 0.61631875
0 0.8379843749999999 0.6179734375 0.8426343749999999 0.6188 0.8485250000000001 0.607225 0.8382937500000001 0.6080515625 0.8379843749999999 0.6179734375
0 0.8348828125000001 0.6303734375000001 0.8420140625 0.6361609374999999 0.84759375 0.6245859375 0.8367437499999999 0.6241734375 0.8348828125000001 0.6303734375000001
0 0.848834375 0.6828703125 0.84604375 0.683284375 0.8420140625 0.6874171875 0.8426343749999999 0.6911375 0.8479046875 0.69403125 0.84914375 0.6903109374999999 0.84914375 0.6857640625 0.848834375 0.6828703125
0 0.961371875 0.6903109374999999 0.9716015625000001 0.68824375 0.9771828125 0.6783234375 0.985553125 0.6675765625000001 0.9923734375000001 0.656828125 0.9933031250000001 0.64029375 0.9920640625000001 0.6196265624999999 0.9833828125 0.6092921875 0.9685015625 0.602678125 0.9542406250000001 0.6068125 0.9396703125 0.620865625 0.9353296875 0.6295468750000001 0.9254093749999999 0.6365734375 0.9188984375 0.632853125 0.9099078125 0.6349203125 0.9068078125 0.64608125 0.913628125 0.650215625 0.9207593749999999 0.6539359375 0.9188984375 0.6671625 0.92261875 0.6754296875 0.9288187499999999 0.6816296875 0.9402906249999999 0.68783125 0.952690625 0.6886578125 0.961371875 0.6903109374999999
0 0.6153890625 0.763475 0.6178703125 0.757275 0.6135296875 0.749421875 0.605778125 0.7510749999999999 0.605159375 0.7539687500000001 0.6063984375 0.758515625 0.609809375 0.7626484375 0.61166875 0.7688484375 0.6113593749999999 0.7713296875 0.6088796875 0.777115625 0.6104296875 0.7833171875 0.6150796875 0.782490625 0.6191093750000001 0.7804234375 0.6200390625 0.7767031249999999 0.6215890625 0.7717421875 0.616009375 0.7692625 0.6153890625 0.763475
0 0.7818703124999999 0.7940640625000001 0.7728796874999999 0.8031578125 0.781559375 0.81431875 0.790240625 0.7998515625 0.7973703125 0.7936515625 0.8038812500000001 0.7862109375 0.8041921875 0.7767031249999999 0.801090625 0.7688484375 0.796440625 0.77215625 0.7865203125 0.77505 0.782490625 0.7870375000000001 0.7818703124999999 0.7940640625000001
0 0.8172124999999999 0.8469734375 0.819071875 0.8370531250000001 0.8150421874999999 0.827546875 0.80698125 0.8242390625 0.8048109374999999 0.8238265625000001 0.8063609375 0.8312671875 0.8063609375 0.836640625 0.8076015625 0.84449375 0.8172124999999999 0.8469734375
0 0.6569328125 0.8453203125 0.6482515624999999 0.8544140625000001 0.6494921875 0.8713625 0.6572421875 0.8730156250000001 0.662821875 0.8676421875000001 0.662203125 0.8515218750000001 0.6569328125 0.8453203125
0 0.8165921875000001 0.48996093749999997 0.8088421875 0.4796265625 0.7973703125 0.47218593750000004 0.79055 0.4647453125 0.779390625 0.461125 0.7700890625000001 0.4598859375 0.763578125 0.46360625000000005 0.7548984375 0.46525937500000003 0.7462171875 0.4722859375 0.73350625 0.4789 0.724515625 0.4929546875 0.7173859375 0.507009375 0.7102546875 0.52354375 0.7087046875 0.5413171875 0.706225 0.5590921875 0.7102546875 0.581 0.7155265625 0.58430625 0.7068453124999999 0.5900937500000001 0.6935140625 0.6037343749999999 0.6876234375 0.6257843750000001 0.6885546875 0.6336375000000001 0.6826640625 0.637771875 0.67894375 0.6464515625 0.67739375 0.659265625 0.68049375 0.6671203125 0.685453125 0.6753875 0.692584375 0.6791078125000001 0.7056046874999999 0.68489375 0.7173859375 0.6894421875 0.7251359374999999 0.6845234375 0.7533484374999999 0.68535 0.7669890625 0.68245625 0.77505 0.665921875 0.7759796875 0.6431875 0.7837296874999999 0.623759375 0.7939609375 0.6068125 0.7936515625 0.5968921875000001 0.8057421874999999 0.5911046875 0.8196921875 0.5733296875 0.8255828125000001 0.5474171875 0.8296125 0.5296421875 0.829303125 0.5126953125 0.8243421874999999 0.5098015625000001 0.8165921875000001 0.48996093749999997
0 0.0390625 0.7671953125 0.0356515625 0.7576890625 0.022321874999999998 0.7510749999999999 0.017671875 0.7490078125 0.0127109375 0.7767031249999999 0.021390625 0.7816640625 0.029762499999999997 0.7932375 0.043092187500000004 0.7957171875 0.05084375 0.7953046875 0.057353125000000005 0.791584375 0.058284375 0.782903125 0.06510468750000001 0.7783562500000001 0.0579734375 0.773809375 0.0530140625 0.7692625 0.0514640625 0.7667828125 0.0390625 0.7671953125
0 0.0771953125 0.7485953125 0.067584375 0.7477671875 0.067584375 0.75438125 0.070375 0.763475 0.07564531249999999 0.7638890625 0.079675 0.7609953125 0.0830859375 0.7531421875000001 0.0771953125 0.7485953125
0 0.09920625 0.725446875 0.0982765625 0.72379375 0.088975 0.7171796875 0.08680625 0.725859375 0.08835625 0.737846875 0.0939359375 0.7444609375 0.1060265625 0.7531421875000001 0.115946875 0.758515625 0.11966718750000001 0.7581015625 0.12028749999999999 0.749421875 0.1116078125 0.7469406249999999 0.11098749999999999 0.744046875 0.111296875 0.7328875 0.10416718750000001 0.7320609375 0.10478593750000001 0.7246203125 0.09920625 0.725446875
0 0.133928125 0.6220796875 0.1302078125 0.6233187499999999 0.118428125 0.627453125 0.12028749999999999 0.6175328125 0.12028749999999999 0.6105046875 0.11284687499999999 0.609265625 0.105096875 0.6022375 0.100446875 0.5997578125 0.099515625 0.5910765625 0.09548593749999999 0.58694375 0.08463593750000001 0.582809375 0.0731640625 0.5741296874999999 0.05859375 0.5666890625 0.0483625 0.5687562500000001 0.043092187500000004 0.5699953125 0.0365828125 0.576609375 0.030692187500000002 0.5757828125 0.0235609375 0.57785 0.01953125 0.591903125 0.0139515625 0.603478125 0.0170515625 0.6133984375 0.014260937500000001 0.621665625 0.0127109375 0.6357203124999999 0.016740625000000002 0.64729375 0.01643125 0.6555609375 0.0325515625 0.675815625 0.0437125 0.684496875 0.0452625 0.6931765624999999 0.06107343750000001 0.7030968750000001 0.067275 0.7105375 0.075025 0.7113640625000001 0.08060468750000001 0.7068453124999999 0.098896875 0.7027109375 0.1116078125 0.692790625 0.11315781250000001 0.683696875 0.12338750000000001 0.665509375 0.1227671875 0.6340671875 0.1342390625 0.63530625 0.13361875 0.6266265625 0.14167968749999998 0.6249718750000001 0.14012968750000002 0.6158781249999999 0.13516875 0.603890625 0.1326890625 0.6047171875 0.1302078125 0.6096781250000001 0.13516875 0.6158781249999999 0.133928125 0.6220796875
0 0.15625 0.773809375 0.15035937500000002 0.7857968750000001 0.1540796875 0.7957171875 0.1646203125 0.7994375 0.176090625 0.7924109374999999 0.1643109375 0.7729828125 0.15625 0.773809375
0 0.1897640625 0.78745 0.1841515625 0.7928234375 0.1888328125 0.8019187499999999 0.19658437499999998 0.8068781250000001 0.1882140625 0.8139046875 0.19720312499999998 0.8180390624999999 0.1993734375 0.8122515625 0.214565625 0.8134921875 0.2303765625 0.8089453125 0.23719687500000003 0.799025 0.23471562499999998 0.7862109375 0.220765625 0.7783562500000001 0.214875 0.7717421875 0.20092343750000002 0.7638890625 0.19286406250000002 0.7758765624999999 0.1897640625 0.78745
0 0.22510625 0.7502484375 0.234096875 0.7485953125 0.240296875 0.7490078125 0.2461875 0.734953125 0.243396875 0.72999375 0.23440625 0.7233796875 0.23130625 0.725859375 0.22324531250000001 0.7308203125 0.22138593750000002 0.737846875 0.22510625 0.7502484375
0 0.1541109375 0.8329203125 0.16403125000000002 0.8374671875 0.168371875 0.8304390625 0.15783125 0.8221718750000001 0.1541109375 0.8329203125
0 0.1789125 0.869709375 0.186353125 0.8688828125000001 0.1931734375 0.8643359374999999 0.194103125 0.8540015625 0.186353125 0.8519343750000001 0.1841828125 0.8473875 0.1782921875 0.8432546875 0.1689921875 0.8449078125 0.1711625 0.8664015624999999 0.1789125 0.869709375
0 0.22045468750000002 0.830853125 0.22045468750000002 0.8374671875 0.2201453125 0.8424265625 0.2247953125 0.8465609374999999 0.22665625 0.8353999999999999 0.222625 0.830853125 0.22045468750000002 0.830853125
0 0.297340625 0.846146875 0.284009375 0.8424265625 0.28028906249999996 0.8494546875 0.27191875 0.8519343750000001 0.2635484375 0.8523484375000001 0.2654078125 0.861028125 0.2799796875 0.8630953124999999 0.297340625 0.846146875
0 1 0.8079812499999999 0.99785 0.7958546875 0.939153125 0.8057765625 0.9002968750000001 0.8212078125 0.8903765625 0.8289234375 0.8614421875 0.8498671874999999 0.8358140625000001 0.8630953124999999 0.8101859375 0.864196875 0.773809375 0.864196875 0.7490078125 0.87411875 0.7308203125 0.87411875 0.7060187499999999 0.8289234375 0.6886578125 0.8619921875 0.648975 0.8796296874999999 0.6241734375 0.8895500000000001 0.5761703125000001 0.87411875 0.54558125 0.8653000000000001 0.5323546875 0.8829359374999999 0.5025921875 0.8675046875 0.48523125 0.8763234375 0.48192500000000005 0.8763234375 0.46539062500000006 0.8752203125 0.446375 0.8752203125 0.42157343750000004 0.8763234375 0.3909859375 0.88073125 0.3851984375 0.88073125 0.3885046875 0.8300265625 0.3835453125 0.8212078125 0.3554359375 0.8212078125 0.3537828125 0.869709375 0.33476875 0.877425 0.31658125 0.8763234375 0.285165625 0.8708109374999999 0.2636703125 0.8818343750000001 0.2471359375 0.8730156250000001 0.216546875 0.8796296874999999 0.176865625 0.8785265624999999 0.15454375 0.8873453124999999 0.1495828125 0.853175 0.13056874999999998 0.8476625 0.0890078125 0.8498671874999999 0.080740625 0.8344359375 0.0625515625 0.8212078125 0.038578125000000005 0.8476625 0.01625625 0.8564812500000001 0.01046875 0.836640625 0 0.8333328124999999 0 0.91049375 0.014603125 0.9093921875 0.056765625 0.9193125 0.0774328125 0.9160046875000001 0.11215468749999999 0.9171078125 0.1328234375 0.923721875 0.14853125 0.9303343749999999 0.1716796875 0.9281312500000001 0.28659375 0.9314375 0.3254484375 0.935846875 0.38910625 0.939153125 0.41804218750000005 0.9380515624999999 0.45111093750000003 0.9369484375000001 0.5023671875 0.9369484375000001 0.5412234375 0.93474375 0.6454140625 0.9413578125000001 0.727259375 0.9292328124999999 0.769421875 0.9248234375 0.8057968750000001 0.9171078125 0.8372125 0.9138 0.8644953125000001 0.9082890625 0.8768953125 0.9093921875 0.914925 0.9038796874999999 0.9595671875 0.8961640624999999 0.9851953124999999 0.8917546875 1 0.8917546875 1 0.8553796874999999 1 0.8079812499999999
0 0.36953125 0.2625 0.3671875 0.27265625 0.3734375 0.27265625 0.375 0.26484375 0.36953125 0.2625
0 0.30546875 0.315625 0.296875 0.32109375 0.3 0.32890625 0.3078125 0.32265625 0.30546875 0.315625
0 0.32265625 0.371875 0.3203125 0.38046875 0.325 0.38046875 0.32265625 0.371875
0 0.33828125 0.3890625 0.3328125 0.39609375 0.3390625 0.39765625 0.33828125 0.3890625
0 0.38515625 0.346875 0.3828125 0.35546875 0.3875 0.35703125 0.390625 0.34921875 0.38515625 0.346875
0 0.29140625 0.3953125 0.2890625 0.40234375 0.2953125 0.40390625 0.296875 0.39765625 0.29140625 0.3953125
0 0.46328125 0.4234375 0.4609375 0.42890625 0.465625 0.43046875 0.46328125 0.4234375
0 0.38046875 0.36875 0.378125 0.37890625 0.3859375 0.37890625 0.3859375 0.36953125 0.38046875 0.36875
0 0.465625 0.43828125 0.46015625 0.4375 0.4640625 0.44609375 0.465625 0.43828125
0 0.51796875 0.7 0.5109375 0.70234375 0.515625 0.71328125 0.521875 0.70703125 0.51796875 0.7
0 0.53046875 0.7515625 0.5265625 0.75859375 0.5328125 0.76171875 0.5359375 0.75390625 0.53046875 0.7515625
0 0.54453125 0.7890625 0.5421875 0.79296875 0.5484375 0.79609375 0.54453125 0.7890625
0 0.56171875 0.815625 0.559375 0.82265625 0.5640625 0.82265625 0.56171875 0.815625
0 0.52578125 0.8578125 0.525 0.86484375 0.5296875 0.86484375 0.53125 0.85859375 0.52578125 0.8578125
0 0.63203125 0.809375 0.625 0.81328125 0.6296875 0.82109375 0.63203125 0.809375
0 0.57109375 0.8328125 0.5625 0.83671875 0.5671875 0.84296875 0.57109375 0.8328125
0 0.57734375 0.8484375 0.56875 0.85390625 0.5734375 0.86015625 0.57734375 0.8484375
0 0.58515625 0.8453125 0.5828125 0.85390625 0.5890625 0.85390625 0.590625 0.84609375 0.58515625 0.8453125
0 0.60390625 0.7203125 0.5953125 0.72578125 0.6015625 0.73359375 0.6078125 0.72578125 0.60390625 0.7203125
0 0.59765625 0.778125 0.59375 0.78515625 0.603125 0.78828125 0.6046875 0.78046875 0.59765625 0.778125
0 0.65703125 0.7015625 0.6515625 0.70390625 0.65625 0.71328125 0.6609375 0.70703125 0.65703125 0.7015625
0 0.64296875 0.703125 0.634375 0.70859375 0.640625 0.71328125 0.64296875 0.703125
0 0.64140625 0.7265625 0.6390625 0.73359375 0.6453125 0.73515625 0.6484375 0.72890625 0.64140625 0.7265625
0 0.58671875 0.6734375 0.58125 0.67578125 0.5875 0.67890625 0.58671875 0.6734375
0 0.578125 0.64453125 0.57265625 0.640625 0.575 0.64765625 0.578125 0.64453125
0 0.53203125 0.56875 0.528125 0.57734375 0.534375 0.58046875 0.5375 0.57109375 0.53203125 0.56875
0 0.56328125 0.559375 0.5578125 0.56953125 0.5671875 0.57265625 0.571875 0.56328125 0.56328125 0.559375
0 0.6703125 0.69453125 0.67265625 0.7015625 0.678125 0.70078125 0.67578125 0.69375 0.6703125 0.69453125
0 0.99609375 0.0984375 0.990625 0.10703125 0.9984375 0.11015625 0.99609375 0.0984375
0 0.87421875 0.0125 0.8703125 0.02109375 0.8765625 0.02578125 0.88125 0.01796875 0.87421875 0.0125
0 0.82109375 0.046875 0.81875 0.06015625 0.825 0.06484375 0.828125 0.04921875 0.82109375 0.046875
0 0.95546875 0.2265625 0.9515625 0.23671875 0.959375 0.24140625 0.9640625 0.23203125 0.95546875 0.2265625
0 0.86640625 0.26875 0.8609375 0.28359375 0.86875 0.28515625 0.8734375 0.27578125 0.86640625 0.26875
0 0.81796875 0.278125 0.815625 0.28359375 0.8203125 0.28515625 0.8234375 0.28046875 0.81796875 0.278125
0 0.80234375 0.2484375 0.8 0.25546875 0.80625 0.25703125 0.80234375 0.2484375
0 0.79609375 0.278125 0.7890625 0.28203125 0.79375 0.28671875 0.7984375 0.28515625 0.79609375 0.278125
0 0.80703125 0.2703125 0.8046875 0.27578125 0.8109375 0.27734375 0.80703125 0.2703125
0 0.9265625 0.26796875 0.93046875 0.2765625 0.9390625 0.27578125 0.93515625 0.2640625 0.9265625 0.26796875
0 0.95234375 0.315625 0.9515625 0.32265625 0.959375 0.32421875 0.95234375 0.315625
0 0.93203125 0.2015625 0.9296875 0.21328125 0.934375 0.21328125 0.9375 0.20390625 0.93203125 0.2015625
0 0.97421875 0.5484375 0.971875 0.55390625 0.978125 0.55546875 0.97421875 0.5484375
0 0.91328125 0.665625 0.9078125 0.67109375 0.915625 0.67578125 0.91328125 0.665625
0 0.87109375 0.5046875 0.86875 0.51015625 0.8734375 0.51171875 0.87109375 0.5046875
0 0.88515625 0.45 0.8828125 0.45546875 0.8890625 0.45703125 0.88515625 0.45
0 0.84609375 0.5609375 0.8296875 0.56796875 0.84375 0.57109375 0.84609375 0.5609375
0 0.7796875 0.39453125 0.7796875 0.40390625 0.784375 0.40390625 0.78828125 0.3921875 0.7796875 0.39453125
0 0.78984375 0.4328125 0.7859375 0.43984375 0.790625 0.44140625 0.78984375 0.4328125
0 0.97265625 0.465625 0.9703125 0.47421875 0.9765625 0.47578125 0.9796875 0.46640625 0.97265625 0.465625
0 0.91796875 0 0.9078125 0.00078125 0.915625 0.00703125 0.91796875 0
0 0.80078125 0.7359375 0.7953125 0.74609375 0.803125 0.75390625 0.80625 0.73828125 0.80078125 0.7359375
0 0.84140625 0.8203125 0.840625 0.83203125 0.853125 0.83359375 0.8546875 0.82578125 0.84140625 0.8203125
0 0.9515625 0.78515625 0.95625 0.78203125 0.95390625 0.7671875 0.9453125 0.77265625 0.9453125 0.78203125 0.9515625 0.78515625
0 0.80546875 0.7546875 0.7984375 0.75859375 0.8015625 0.76953125 0.80546875 0.7546875
0 0.93984375 0.728125 0.9328125 0.73203125 0.9359375 0.74140625 0.9421875 0.73515625 0.93984375 0.728125
0 0.72421875 0.7359375 0.7203125 0.74453125 0.728125 0.74453125 0.7296875 0.73828125 0.72421875 0.7359375
0 0.05859375 0.159375 0.0578125 0.17265625 0.0640625 0.17265625 0.065625 0.16328125 0.05859375 0.159375
0 0.096875 0.04921875 0.09140625 0.046875 0.0953125 0.05546875 0.096875 0.04921875
0 0.08359375 0.0734375 0.0828125 0.08359375 0.0875 0.08515625 0.0890625 0.07421875 0.08359375 0.0734375
0 0.04140625 0.0875 0.040625 0.09609375 0.0484375 0.09765625 0.05 0.09140625 0.04140625 0.0875
0 0.25546875 0.234375 0.2546875 0.24453125 0.259375 0.24453125 0.2609375 0.23671875 0.25546875 0.234375
0 0.23046875 0.409375 0.228125 0.42109375 0.2390625 0.42578125 0.2390625 0.41640625 0.23046875 0.409375
0 0.08046875 0.409375 0.078125 0.41640625 0.084375 0.42109375 0.0859375 0.41328125 0.08046875 0.409375
0 0.13203125 0.40625 0.1296875 0.41640625 0.1359375 0.41640625 0.13203125 0.40625
0 0.2515625 0.42265625 0.24609375 0.4203125 0.25 0.43046875 0.2515625 0.42265625
0 0.17265625 0.4453125 0.1703125 0.45703125 0.178125 0.45859375 0.1796875 0.45078125 0.17265625 0.4453125
0 0.26796875 0.48125 0.265625 0.49140625 0.2734375 0.49296875 0.275 0.48359375 0.26796875 0.48125
0 0.22265625 0.4921875 0.2171875 0.49453125 0.2265625 0.49921875 0.22265625 0.4921875
0 0.12265625 0.53125 0.11875 0.53984375 0.125 0.54140625 0.12265625 0.53125
0 0.07109375 0.25 0.0671875 0.26015625 0.071875 0.26015625 0.07109375 0.25
0 0.21640625 0.2671875 0.215625 0.27265625 0.221875 0.27421875 0.21640625 0.2671875
0 0.11796875 0.2390625 0.115625 0.24453125 0.121875 0.24609375 0.11796875 0.2390625
0 0.09140625 0.81875 0.0859375 0.82265625 0.090625 0.82890625 0.09140625 0.81875
0 0.0078125 0.45234375 0.00078125 0.45 0.0046875 0.46328125 0.0078125 0.45234375
0 0.02578125 0.7 0.0265625 0.70859375 0.034375 0.71015625 0.02578125 0.7