0 0.42942187499999995 0.4743015625 0.4265875 0.4884734375 0.4195015625 0.49367031250000004 0.4212734375 0.504534375 0.43083906250000004 0.5144562500000001 0.42729531249999997 0.52815625 0.418084375 0.5205968750000001 0.4148953125 0.533825 0.40249375 0.534296875 0.4028484375 0.547525 0.40001406250000004 0.5678375 0.41028906249999997 0.5909859375 0.4159578125 0.5886250000000001 0.42729531249999997 0.5829546875 0.43509062500000006 0.5711453125 0.43650781250000004 0.561696875 0.44501093750000004 0.5376046875 0.44572031250000005 0.5305171875 0.438634375 0.5191796875 0.44146875 0.5144562500000001 0.4513890625 0.50973125 0.460246875 0.5017 0.460246875 0.48563906250000005 0.46060156250000006 0.47524531249999996 0.460246875 0.46815937500000004 0.4577671875 0.45351406250000004 0.46201875000000003 0.4336734375 0.4666234375 0.4171390625 0.4655609375 0.4010765625 0.4655609375 0.3835984375 0.4673328125 0.3779296875 0.4662703125 0.371315625 0.4563484375 0.371315625 0.44430312499999997 0.374621875 0.439696875 0.37651093750000003 0.4343828125 0.39115625 0.43579999999999997 0.4081625 0.4280046875 0.4166671875 0.43083906250000004 0.432728125 0.43083906250000004 0.4473734375 0.4336734375 0.45493125 0.43225625 0.46910468749999995 0.42942187499999995 0.4743015625
0 0.35820625 0.393990625 0.3663546875 0.39965937500000004 0.3720234375 0.396353125 0.3745046875 0.39068437500000003 0.3745046875 0.3788734375 0.3709609375 0.3698984375 0.36777187499999997 0.3670640625 0.3606859375 0.3727328125 0.3599765625 0.371315625 0.3567890625 0.383125 0.35820625 0.393990625
0 0.42552500000000004 0.3949359375 0.4198546875 0.39588125 0.4184375 0.4010765625 0.42198125 0.410053125 0.425878125 0.41241562500000006 0.4290671875 0.396353125 0.42552500000000004 0.3949359375
0 0.3833609375 0.4530421875 0.3755671875 0.4558765625 0.3635203125 0.4639078125 0.358559375 0.46674218749999996 0.351828125 0.47335625 0.35643437499999997 0.47902500000000003 0.361040625 0.48469375000000003 0.3613953125 0.501228125 0.3589140625 0.506896875 0.366709375 0.5102046875 0.3698984375 0.495559375 0.37379531250000003 0.4813875 0.37698437500000004 0.4747734375 0.3869046875 0.47099375 0.3876140625 0.46060156250000006 0.3833609375 0.4530421875
0 0.384425 0.5139828125 0.3840703125 0.505953125 0.3833609375 0.50075625 0.3854875 0.497921875 0.3805265625 0.49272499999999997 0.3755671875 0.497921875 0.37415 0.505953125 0.37415 0.514928125 0.37875625 0.5196515625 0.384425 0.5139828125
0 0.4985125 0.5824828125 0.5009921875 0.5697281249999999 0.49496874999999996 0.5593343749999999 0.48575625 0.54846875 0.4712296875 0.5579171875 0.4666234375 0.574925 0.4595375 0.589096875 0.45599531249999997 0.5961828125 0.44890937500000005 0.5952375 0.4485546875 0.606103125 0.45599531249999997 0.610828125 0.462371875 0.6240546874999999 0.4708765625 0.6268890625 0.475128125 0.625471875 0.48221406250000004 0.6202765625 0.49000781250000003 0.6131890624999999 0.497803125 0.5952375 0.4985125 0.5824828125
0 0.46875 0.48469375000000003 0.46414375 0.4865828125 0.462371875 0.4903625 0.4634359375 0.4946140625 0.4666234375 0.49603125 0.46910468749999995 0.49603125 0.4712296875 0.49319687500000003 0.46875 0.48469375000000003
0 0.2827515625 0.6448890625 0.2795625 0.6647296875 0.2785 0.6770125 0.2774359375 0.698271875 0.288065625 0.7133890625 0.3135765625 0.7143328125 0.33518906249999997 0.6940203125 0.35290468750000004 0.679846875 0.350778125 0.670871875 0.3521953125 0.6614234375 0.35255000000000003 0.651975 0.351840625 0.6363859374999999 0.35715625 0.6278343750000001 0.3606984375 0.61933125 0.3617625 0.60799375 0.3670765625 0.5928765625 0.37593437500000004 0.5777593750000001 0.38054062499999997 0.5531937499999999 0.37379531250000003 0.5224875 0.36743125 0.51134375 0.3585734375 0.5047296875 0.34971562500000003 0.499534375 0.3419203125 0.4938640625 0.324559375 0.4990609375 0.304009375 0.5192281249999999 0.2912546875 0.53906875 0.2873578125 0.5631625 0.285940625 0.5844203125 0.285940625 0.6037890625 0.2894828125 0.6165437500000001 0.2958609375 0.6259921875 0.2827515625 0.6448890625
0 0.2324390625 0.45890624999999996 0.23491875 0.466465625 0.22783281249999998 0.47260625 0.2335015625 0.48205468749999997 0.247675 0.47449531250000004 0.236690625 0.4546546875 0.2324390625 0.45890624999999996
0 0.24519375000000002 0.5170125 0.23846250000000002 0.5316578125 0.24129687500000002 0.5335468750000001 0.2490921875 0.5349640625000001 0.2547609375 0.5335468750000001 0.25795 0.5217375 0.2540515625 0.5170125 0.24519375000000002 0.5170125
0 0.2763734375 0.619053125 0.26432656250000003 0.6332265625 0.26255625 0.6365328124999999 0.26574375 0.6403125000000001 0.2763734375 0.627084375 0.2799171875 0.6261390625 0.2795625 0.6223609375 0.2763734375 0.619053125
0 0.2126484375 0.63228125 0.2052078125 0.6303921875 0.20343593750000002 0.6370046874999999 0.20308125000000002 0.6473984374999999 0.2016640625 0.6554296875000001 0.204853125 0.660153125 0.2176078125 0.6644046875 0.22469375 0.6554296875000001 0.2250484375 0.6473984374999999 0.2278828125 0.6393671875 0.2257078125 0.6370046874999999 0.2179625 0.6308640624999999 0.2126484375 0.63228125
0 0.214065625 0.6835796875 0.19882968750000002 0.6873578124999999 0.1970578125 0.68546875 0.19174375 0.6958609375 0.1878453125 0.7114515625 0.1793421875 0.727040625 0.1719015625 0.73790625 0.17225625 0.75160625 0.186075 0.7582203125 0.1903265625 0.7501890625 0.1970578125 0.743575 0.206625 0.7388515625000001 0.2112296875 0.7289296875 0.21937968749999998 0.7090890625 0.214065625 0.6835796875
0 0.24985 0.7209 0.2455984375 0.7260953125 0.24488906250000003 0.74924375 0.256228125 0.7459374999999999 0.2579984375 0.7308203125 0.2541015625 0.7194828125 0.24985 0.7209
0 0.2455984375 0.660903125 0.23709531250000002 0.675075 0.23745 0.68546875 0.24418125000000002 0.6840515625 0.2477234375 0.6736578125 0.245953125 0.666571875 0.24701562500000002 0.6637375 0.2455984375 0.660903125
0 0.18749218750000002 0.7931781250000001 0.1821765625 0.784203125 0.17615468750000002 0.7804234375 0.17686249999999998 0.7643609375 0.17686249999999998 0.76058125 0.175090625 0.757746875 0.1690671875 0.7558578125000001 0.1669421875 0.765778125 0.15595781250000001 0.776171875 0.16020937500000001 0.78798125 0.1566671875 0.7922328125 0.15631250000000002 0.8026265625000001 0.1577296875 0.818215625 0.1690671875 0.82010625 0.1800515625 0.814909375 0.18288593749999998 0.8082953125 0.18749218750000002 0.7931781250000001
0 0.15454062500000001 0.664209375 0.1492265625 0.6679890625 0.14958125 0.6821625 0.15525 0.68074375 0.1612734375 0.676965625 0.16162656250000002 0.6651546875000001 0.15454062500000001 0.664209375
0 0.15595781250000001 0.75160625 0.15595781250000001 0.7416859375 0.14887187500000001 0.7397953125 0.14143125 0.7473546875 0.1460375 0.7473546875 0.147809375 0.7601093750000001 0.1527703125 0.7558578125000001 0.15595781250000001 0.75160625
0 0.2137109375 0.76058125 0.21016718750000002 0.74924375 0.20768749999999997 0.7478265625 0.20095625 0.751134375 0.1977671875 0.757746875 0.20379062499999998 0.7671953125 0.21052187500000002 0.7695578125 0.2137109375 0.76058125
0 0.248078125 0.3779296875 0.2509125 0.38737656249999997 0.25055937500000003 0.40438437499999996 0.2548109375 0.40155 0.2626046875 0.3897390625 0.25658125 0.3628125 0.253746875 0.35572499999999996 0.243471875 0.35241875 0.2392203125 0.3613953125 0.2385125 0.3708421875 0.2455984375 0.37603906249999997 0.248078125 0.3779296875
0 0.18146875 0.41383281250000004 0.1754453125 0.40532812500000004 0.17119374999999998 0.4006046875 0.1708390625 0.40721875 0.170484375 0.42186250000000003 0.17721718749999998 0.424225 0.18182343750000002 0.418084375 0.18146875 0.41383281250000004
0 0.1587921875 0.415721875 0.1520609375 0.41194218749999995 0.14878750000000002 0.41674375 0.1474546875 0.42989375 0.152415625 0.43697968749999994 0.157375 0.43083906250000004 0.1587921875 0.415721875
0 0.2346140625 0.363284375 0.2392203125 0.3561984375 0.2346140625 0.349584375 0.23603125 0.3448609375 0.23815781249999998 0.3368296875 0.23567812500000002 0.33399531250000003 0.23107187499999998 0.3344671875 0.227175 0.3434421875 0.2278828125 0.3561984375 0.2346140625 0.363284375
0 0.262959375 0.3009265625 0.25339375 0.29761875 0.2512671875 0.30517812499999997 0.2541015625 0.314153125 0.26579375 0.31131875 0.262959375 0.3009265625
0 0.34905624999999996 0.26927500000000004 0.354725 0.2853359375 0.3543703125 0.2957296875 0.3458671875 0.27825 0.3437421875 0.2843921875 0.3409078125 0.296675 0.3455140625 0.306121875 0.3515359375 0.3099015625 0.3579140625 0.3018703125 0.3692515625 0.2900609375 0.36854375 0.2688015625 0.3614578125 0.26927500000000004 0.35826875 0.255575 0.34905624999999996 0.26927500000000004
0 0.44365625 0.18234999999999998 0.4422390625 0.19038125 0.440821875 0.205971875 0.44153125 0.22061562499999998 0.45145156249999996 0.2295921875 0.4596 0.22297812499999997 0.46066406249999997 0.2078609375 0.460309375 0.19982968750000002 0.4585375 0.192271875 0.46243437500000006 0.179515625 0.45286875000000004 0.1757375 0.45180625 0.1832953125 0.44365625 0.18234999999999998
0 0.436215625 0.1799890625 0.42594062499999996 0.1743203125 0.42168906249999993 0.1832953125 0.42346093749999997 0.1889640625 0.43019375000000004 0.193215625 0.4383421875 0.1965234375 0.44188593750000005 0.187546875 0.436215625 0.1799890625
0 0.45995468749999996 0.2404578125 0.46469375 0.2579359375 0.467528125 0.2650234375 0.46788281249999997 0.2801390625 0.4746140625 0.278721875 0.4838265625 0.2763609375 0.48736875 0.27352656249999996 0.48099218749999995 0.25699218749999997 0.479575 0.248015625 0.475321875 0.23431562499999997 0.47284218750000007 0.2121125 0.46540156250000003 0.2130578125 0.463984375 0.22061562499999998 0.4597328125 0.2295921875 0.45995468749999996 0.2404578125
0 0.48240937500000003 0.1280234375 0.4817 0.11952031249999999 0.4785109375 0.1147953125 0.4700078125 0.11621250000000001 0.46859062500000004 0.12282656249999999 0.471425 0.127078125 0.473196875 0.1393609375 0.477803125 0.1360546875 0.48240937500000003 0.1280234375
0 0.43989218750000003 0.1587296875 0.44520625 0.1577859375 0.449103125 0.1483375 0.4512296875 0.1417234375 0.45016718750000007 0.135109375 0.4476859375 0.132746875 0.441309375 0.13463750000000002 0.43953749999999997 0.14597500000000002 0.43989218750000003 0.1587296875
0 0.5100453125 0.19038125 0.5103984374999999 0.179515625 0.5111078124999999 0.16959531249999998 0.5135875000000001 0.1587296875 0.5043765625 0.156840625 0.5001234375 0.154478125 0.4916203125 0.15164375000000002 0.48453437499999996 0.153534375 0.475321875 0.154478125 0.471425 0.162509375 0.4700078125 0.16959531249999998 0.4682359375 0.18234999999999998 0.4746140625 0.1969953125 0.477803125 0.2121125 0.48134531249999996 0.214946875 0.48205468749999997 0.225340625 0.4848890625 0.225340625 0.489140625 0.2182546875 0.49055781249999997 0.2102234375 0.49622656249999997 0.20644374999999998 0.5047296875 0.2111671875 0.508628125 0.20408125 0.5100453125 0.19038125
0 0.5291781249999999 0.0921203125 0.5227999999999999 0.0897578125 0.5242171875 0.07983749999999999 0.5139421875 0.079365625 0.515359375 0.0873953125 0.515359375 0.09684374999999999 0.5217375 0.10015156249999999 0.5274062500000001 0.102040625 0.5291781249999999 0.0921203125
0 0.726990625 0.29998125 0.7216750000000001 0.2980921875 0.7174234375 0.3037609375 0.713171875 0.3009265625 0.7060859374999999 0.296675 0.7050234375 0.3018703125 0.702896875 0.296675 0.705378125 0.28061250000000004 0.7004171875 0.27825 0.6986453125 0.2933671875 0.6951031249999999 0.291478125 0.6968734375000001 0.281084375 0.6965203125 0.27258125 0.6869531249999999 0.267384375 0.6854281249999999 0.27494375 0.6812843749999999 0.2834296875 0.6741984375000001 0.3368125 0.688725 0.35476406250000003 0.7106921875000001 0.3731875 0.7152984375 0.356653125 0.709275 0.3212390625 0.732659375 0.3212390625 0.7340765625000001 0.3150984375 0.728053125 0.310846875 0.7443515625 0.3127359375 0.7443515625 0.30517812499999997 0.72521875 0.3047046875 0.726990625 0.29998125
0 0.680221875 0.38547031249999997 0.6865984375 0.3935015625 0.6862453125 0.36515624999999996 0.6834109374999999 0.36610156250000003 0.676678125 0.37555 0.680221875 0.38547031249999997
0 0.7507296875 0.22815781249999997 0.7461234375 0.24847031249999998 0.7415171875000001 0.29665625 0.7539171875 0.30563281249999996 0.7581687500000001 0.2749265625 0.7687984375 0.23854999999999998 0.7610046875 0.2390234375 0.7507296875 0.22815781249999997
0 0.72628125 0.2758703125 0.72628125 0.2980734375 0.73195 0.30043593749999997 0.738328125 0.265478125 0.7401 0.2503609375 0.738328125 0.24044062500000002 0.7305328125 0.2475265625 0.72628125 0.2555578125 0.725928125 0.266421875 0.72628125 0.2758703125
0 0.6936859375 0.22579531249999998 0.6965203125 0.2291015625 0.700771875 0.20689843749999998 0.6947484375 0.210678125 0.6940390625 0.21681875 0.6936859375 0.22579531249999998
0 0.8052921874999999 0.2575453125 0.8035203125000001 0.25234843749999997 0.7996234375 0.25565625000000003 0.8091906249999999 0.272190625 0.812025 0.2684109375 0.8052921874999999 0.2575453125
0 0.8357984374999999 0.3335859375 0.8382796875 0.337365625 0.8404046875000001 0.331696875 0.842884375 0.3279171875 0.8471359375 0.3283890625 0.8265515625000001 0.2934484375 0.8251687499999999 0.2967375 0.8365078125000001 0.3151625 0.8375703124999999 0.3222484375 0.8357984374999999 0.3335859375
0 0.8655609375 0.4134234375 0.8588281249999999 0.4082265625 0.8542234375 0.40680937500000003 0.8499703125 0.40869999999999995 0.8485531249999999 0.42050937499999996 0.8499703125 0.43090312500000005 0.8513890625 0.43704375000000006 0.8588281249999999 0.4408234375 0.8648515625 0.44365781249999997 0.8669781249999999 0.4441296875 0.8722921875 0.44365781249999997 0.87441875 0.4323203125 0.8751265625 0.42523437499999994 0.8694578125 0.417675 0.8655609375 0.4134234375
0 0.8177296875 0.42192656250000005 0.8163125000000001 0.41436875000000006 0.81276875 0.41011718750000004 0.8067453125 0.397834375 0.800721875 0.3907484375 0.7978875000000001 0.39216562499999996 0.804265625 0.40869999999999995 0.808871875 0.41578593750000004 0.8085171875 0.42381718749999997 0.814540625 0.4299578125 0.8152484375 0.434209375 0.8248156249999999 0.4441296875 0.825878125 0.4549953125 0.8329640625 0.45830312500000003 0.8393421875 0.4564125 0.8354437499999999 0.44602031249999996 0.8301296875 0.4427125 0.8177296875 0.42192656250000005
0 0.8871734375000001 0.3916921875 0.852096875 0.33311406250000003 0.8489078125 0.33264062499999997 0.8513890625 0.34208906250000004 0.869103125 0.3713796875 0.8960312500000001 0.41673125000000005 0.8995749999999999 0.41484062499999996 0.8871734375000001 0.3916921875
0 0.9332328125 0.49367031250000004 0.9350046875 0.48422187499999997 0.9339421874999999 0.4813875 0.9332328125 0.47760781249999995 0.9346515625 0.4719390625 0.9236671875000001 0.45351406250000004 0.908078125 0.42705937499999996 0.9041796874999999 0.42233593750000004 0.8992203125 0.41619375 0.8974484374999999 0.41855624999999996 0.9059515625 0.43745312500000005 0.8928421875 0.44265 0.8733546875 0.446428125 0.8648515625 0.4497359375 0.861309375 0.473828125 0.8680406250000001 0.4828046875 0.8680406250000001 0.49414218749999994 0.8758359375 0.5102046875 0.8783156249999999 0.50973125 0.8776078125 0.5031171875 0.872646875 0.49981093750000005 0.877253125 0.4993390625 0.8811500000000001 0.497921875 0.8882359375 0.49981093750000005 0.9031171875 0.5031171875 0.9123296875 0.5040625000000001 0.9247296875 0.506425 0.9293359375 0.505953125 0.9303984375000001 0.4993390625 0.9332328125 0.49367031250000004
0 0.9070140625 0.5210703125 0.9009921875 0.5196515625 0.8946140625 0.5168171874999999 0.887528125 0.5144562500000001 0.8783156249999999 0.5130390625000001 0.9197703125000001 0.5872078125 0.9218953125 0.5824828125 0.9226046875 0.573034375 0.924021875 0.5593343749999999 0.924021875 0.551303125 0.9282734375 0.547996875 0.928628125 0.539965625 0.9293359375 0.53476875 0.9321703125 0.531934375 0.9293359375 0.5267390625 0.9236671875000001 0.520125 0.9144546874999999 0.5196515625 0.9098484375 0.517290625 0.9070140625 0.5210703125
0 0.8903625 0.602796875 0.8924875 0.614134375 0.9034718749999999 0.62830625 0.9197703125000001 0.6202765625 0.926146875 0.6207484375 0.9303984375000001 0.6349203125 0.9339421874999999 0.6259453125000001 0.9335875 0.614134375 0.9279187500000001 0.6018515625 0.9165812499999999 0.5801203125 0.9009921875 0.5546109375 0.8620171875 0.488 0.858475 0.481859375 0.852096875 0.47099375 0.8478453125 0.4662703125 0.8411140625 0.47524531249999996 0.8485531249999999 0.47571874999999997 0.8482 0.4828046875 0.8581203125 0.5021734375 0.86414375 0.51209375 0.8705203125000001 0.518234375 0.8666234375 0.5333515625 0.8694578125 0.5366593749999999 0.8765437500000001 0.5357140625000001 0.8967390625 0.572090625 0.908078125 0.5933484375 0.8903625 0.602796875
0 0.8333187499999999 0.5205968750000001 0.840759375 0.5352421875 0.8439484374999999 0.5324078125 0.8471359375 0.5267390625 0.845365625 0.5215421874999999 0.8357984374999999 0.520125 0.8333187499999999 0.5205968750000001
0 0.8609546874999999 0.5853171875000001 0.86875 0.5777593750000001 0.8648515625 0.56925625 0.862371875 0.56925625 0.8549312499999999 0.5744515625 0.8609546874999999 0.5853171875000001
0 0.75989375 0.54954375 0.73934375 0.5429296875 0.7407609374999999 0.5367890625 0.7361546875 0.5297031249999999 0.7304859375 0.543875 0.7148953125 0.5400953125 0.71064375 0.5339546875 0.7014328125 0.537734375 0.6911578125 0.527340625 0.679465625 0.51316875 0.6734421875 0.51553125 0.67769375 0.4985234375 0.6752140625 0.4876578125 0.6808828124999999 0.480571875 0.676984375 0.472540625 0.671315625 0.46309374999999997 0.675921875 0.46214843749999995 0.67663125 0.4527 0.6716703125000001 0.4512828125 0.6730875000000001 0.44797656249999995 0.6791109375 0.43049687499999995 0.6737968750000001 0.42624531250000003 0.6649390625 0.43285937499999994 0.6613953125 0.45411718749999996 0.6691906249999999 0.4602578125 0.66635625 0.47443125 0.663875 0.4904921875 0.6674187500000001 0.5122234375 0.65820625 0.512515625 0.6500578124999999 0.536609375 0.645096875 0.545584375 0.629153125 0.5658984375 0.6125015625 0.5744015625000001 0.6071859374999999 0.5573953125 0.5887625 0.5871578125 0.5799046875 0.60558125 0.5816765625 0.6098328125 0.53065625 0.6679390625 0.492415625 0.701690625 0.48462187500000004 0.7111390625 0.46088281249999996 0.7309796875 0.4523796875 0.756490625 0.43891562500000003 0.7739703125 0.42686875 0.79003125 0.40950781249999996 0.798534375 0.40844531249999994 0.7890875 0.40313125000000005 0.7796390625 0.3971078125 0.7881421875 0.4027765625 0.8018421874999999 0.3811640625 0.820265625 0.3684078125 0.8519171875 0.3418359375 0.8259343749999999 0.3269546875 0.8382171875 0.323765625 0.8779 0.2915234375 0.8892374999999999 0.2881046875 0.8773781250000001 0.2788921875 0.885409375 0.277475 0.9038328124999999 0.2622390625 0.909975 0.2477125 0.9454046875 0.2179515625 0.9501296874999999 0.20307031250000002 0.95674375 0.187834375 0.9671359374999999 0.17295312499999999 0.9761124999999999 0.1648046875 0.9723328125 0.1584265625 0.96571875 0.1531125 0.9836703124999999 0.130790625 0.984615625 0.1208703125 0.9746953125 0.10740625 0.9737500000000001 0.1056359375 1 0.1609078125 0.999259375 0.2338953125 1 0.33915937500000004 0.9186249999999999 0.36644062499999996 0.8935875 0.38521875 0.8789421875000001 0.41604374999999993 0.852959375 0.4404921875 0.830284375 0.4528921875 0.8146953124999999 0.4670640625 0.8057187499999999 0.471315625 0.80005 0.507075 0.7680578125 0.5230187500000001 0.7505796874999999 0.5478203125000001 0.727903125 0.5694343749999999 0.7042828125 0.6465984375 0.6164140625 0.653684375 0.6131078125 0.6561640625 0.6022421875 0.665021875 0.6121624999999999 0.6838 0.6272796875 0.6951390625 0.632003125 0.7011609375 0.6235 0.7125 0.6286968749999999 0.7326953125 0.6324765625000001 0.7610390625 0.6438140625 0.842884375 0.6707421874999999 0.88575625 0.6830234374999999 0.9197703125000001 0.6915281249999999 0.9318156249999999 0.6363375 0.9314625 0.6320859375000001 0.9274796875 0.6284375 0.9157875000000001 0.623240625 0.9040953125 0.628909375 0.8860250000000001 0.612375 0.8870875 0.5963125 0.8831906249999999 0.5915890625 0.8661843749999999 0.6005640624999999 0.8541375 0.576471875 0.842090625 0.557103125 0.8261468750000001 0.5566296875 0.8201234375 0.5448203125 0.7921328125 0.54056875 0.75989375 0.54954375
0 0 1 0.031001562500000003 0.9788359375000001 0.028521875000000002 0.956790625 0.03306875 0.9336421874999999 0.029762499999999997 0.912146875 0.0173609375 0.8989203124999999 0.034309374999999996 0.887896875 0.0384421875 0.8702593750000001 0.0334828125 0.858134375 0.0248015625 0.8515218750000001 0.0057875 0.8322312500000001 0.0070265625 0.8167984374999999 0 0.8217593750000001 0 0.8597890625 0 0.92261875 0 0.9738749999999999 0 1
0 0.04505625 0.8928578125 0.046709375 0.8989203124999999 0.057043750000000004 0.896715625 0.0661375 0.8796296874999999 0.0562171875 0.869709375 0.048776562499999995 0.8785265624999999 0.04505625 0.8928578125
0 0.041749999999999995 0.8895500000000001 0.034309374999999996 0.8901015624999999 0.033895312500000004 0.902778125 0.040509375 0.8961640624999999 0.041749999999999995 0.8895500000000001
0 0.0400953125 0.8035718749999999 0.037203125 0.8107359375 0.028521875000000002 0.8217593750000001 0.0355484375 0.8371906250000001 0.046709375 0.8289234375 0.067378125 0.8096343750000001 0.06448437500000001 0.8052250000000001 0.058696875 0.8063265625 0.04795 0.8035718749999999 0.0400953125 0.8035718749999999
0 0.22966250000000002 0.8399468750000001 0.2271828125 0.8425921875 0.23263906250000002 0.8511906249999999 0.24007968750000003 0.8425921875 0.2395828125 0.8346562499999999 0.23511875 0.8339953124999999 0.23263906250000002 0.828703125 0.23412656250000002 0.8214281250000001 0.230159375 0.8194437499999999 0.22271875 0.8240734375000001 0.2271828125 0.832671875 0.22966250000000002 0.8399468750000001
0 0.1577375 0.9179890625 0.15575468750000002 0.9093921875 0.15228124999999998 0.9113749999999999 0.1438484375 0.9259265624999999 0.15128906250000002 0.9292328124999999 0.15724218750000002 0.9199734375 0.1577375 0.9179890625
0 0.0337296875 0.6534390625000001 0.04761875 0.644840625 0.039185937500000004 0.6203703125 0.0327375 0.619709375 0.028273437499999998 0.638228125 0.0337296875 0.6534390625000001
0 0.054564062499999996 0.5489421875 0.0560515625 0.54034375 0.04761875 0.5363749999999999 0.0446421875 0.5469578125 0.0500984375 0.5515875 0.054564062499999996 0.5489421875
0 0.0674609375 0.2671953125 0.0724203125 0.2638890625 0.0709328125 0.25330625 0.06795625 0.255290625 0.0620046875 0.266534375 0.0674609375 0.2671953125
0 0.06448437500000001 0.2916671875 0.0580359375 0.295634375 0.0615078125 0.31283125 0.0734125 0.31283125 0.073909375 0.3015875 0.0704359375 0.292328125 0.06448437500000001 0.2916671875
0 0.0674609375 0.33465625 0.0625 0.3406078125 0.060515624999999997 0.3558203125 0.068453125 0.35648124999999997 0.0704359375 0.338625 0.0674609375 0.33465625
0 0.097221875 0 0.097221875 0.0099203125 0.10615156249999999 0.0099203125 0.10615156249999999 0 0.097221875 0
0 0.09765625 0.1046875 0.0953125 0.11015625 0.1015625 0.11328125 0.103125 0.10703125 0.09765625 0.1046875
0 0.13359375 0.1296875 0.13125 0.13828125 0.1390625 0.14609375 0.1453125 0.13359375 0.13359375 0.1296875
0 0.14140625 0.1328125 0.1375 0.14140625 0.1453125 0.14609375 0.146875 0.13515625 0.14140625 0.1328125
0 0.159375 0.11484375 0.16328125 0.1234375 0.171875 0.12265625 0.16953125 0.1125 0.159375 0.11484375
0 0.22734375 0.2078125 0.2265625 0.21484375 0.2328125 0.21640625 0.234375 0.21015625 0.22734375 0.2078125
0 0.24296875 0.1828125 0.240625 0.19296875 0.2484375 0.19765625 0.2484375 0.18515625 0.24296875 0.1828125
0 0.07265625 0.425 0.0703125 0.43046875 0.0765625 0.43203125 0.07265625 0.425
0 0.02109375 0.775 0.0109375 0.78046875 0.0203125 0.78515625 0.02109375 0.775
0 0.12109375 0.828125 0.115625 0.83828125 0.125 0.84140625 0.128125 0.83203125 0.12109375 0.828125
0 0.21953125 0.8515625 0.2140625 0.86015625 0.221875 0.86171875 0.225 0.85546875 0.21953125 0.8515625
0 0.21484375 0.7984375 0.2078125 0.80390625 0.2125 0.81171875 0.21875 0.80546875 0.21484375 0.7984375
0 0.14921875 0.8671875 0.140625 0.87421875 0.146875 0.87890625 0.14921875 0.8671875
0 0.39921875 0.596875 0.396875 0.60546875 0.4015625 0.60546875 0.39921875 0.596875
0 0.39765625 0.6 0.3953125 0.61796875 0.4015625 0.61953125 0.4046875 0.61171875 0.39765625 0.6
0 0.41328125 0.653125 0.4078125 0.65546875 0.409375 0.66328125 0.41328125 0.653125
0 0.38515625 0.7328125 0.3703125 0.78203125 0.3765625 0.78671875 0.390625 0.75546875 0.38515625 0.7328125
0 0.38515625 0.725 0.38125 0.73828125 0.3875 0.74296875 0.38515625 0.725
0 0.32578125 0.75 0.31875 0.75390625 0.3234375 0.76171875 0.32578125 0.75
0 0.54609375 0.590625 0.540625 0.60234375 0.546875 0.60546875 0.54609375 0.590625
0 0.53359375 0.559375 0.53125 0.56484375 0.5359375 0.56640625 0.53359375 0.559375
0 0.51015625 0.5546875 0.5078125 0.56484375 0.5125 0.56640625 0.51015625 0.5546875
0 0.39453125 0.559375 0.3828125 0.56171875 0.3859375 0.57265625 0.396875 0.56796875 0.39453125 0.559375
0 0.49765625 0.4796875 0.4953125 0.49765625 0.5 0.49921875 0.49765625 0.4796875
0 0.4625 0.47265625 0.4625 0.48046875 0.4671875 0.48046875 0.46796875 0.46875 0.4625 0.47265625
0 0.29453125 0.490625 0.2890625 0.49609375 0.296875 0.50078125 0.29453125 0.490625
0 0.26171875 0.4109375 0.2546875 0.41484375 0.2578125 0.42109375 0.26171875 0.4109375
0 0.27890625 0.3953125 0.2765625 0.40078125 0.28125 0.40234375 0.27890625 0.3953125
0 0.62421875 0.3484375 0.61875 0.36015625 0.625 0.36171875 0.62421875 0.3484375
0 0.46015625 0.3453125 0.4578125 0.35390625 0.4640625 0.35390625 0.46015625 0.3453125
0 0.61171875 0.1765625 0.60625 0.18515625 0.6109375 0.19609375 0.61171875 0.1765625
0 0.59609375 0.2328125 0.5921875 0.24296875 0.596875 0.24453125 0.59609375 0.2328125
0 0.66171875 0.296875 0.659375 0.31015625 0.6640625 0.31015625 0.66171875 0.296875
0 0.62578125 0.478125 0.6203125 0.48984375 0.625 0.49921875 0.62578125 0.478125
0 0.56171875 0.3671875 0.55625 0.37578125 0.559375 0.38359375 0.56171875 0.3671875
0 0.56640625 0.5078125 0.5640625 0.52265625 0.56875 0.52265625 0.571875 0.51171875 0.56640625 0.5078125
0 0.6078125 0.42734375 0.609375 0.43984375 0.615625 0.43984375 0.61796875 0.4234375 0.6078125 0.42734375
0 0.48203125 0.6328125 0.4734375 0.63984375 0.4734375 0.66640625 0.48125 0.65859375 0.48203125 0.6328125
0 0.42890625 0.7640625 0.41875 0.76796875 0.428125 0.77265625 0.42890625 0.7640625
0 0.6875 0.01015625 0.6859375 0.02109375 0.6921875 0.02109375 0.69609375 0.009375 0.6875 0.01015625
0 0.69765625 0 0.690625 0.00234375 0.6953125 0.00703125 0.69765625 0
0 0.62734375 0.034375 0.6234375 0.04453125 0.628125 0.04609375 0.62734375 0.034375
0 0.38671875 0.0296875 0.384375 0.04140625 0.3890625 0.04140625 0.3921875 0.03203125 0.38671875 0.0296875
0 0.64609375 0.009375 0.6453125 0.02265625 0.65 0.02265625 0.6515625 0.01328125 0.64609375 0.009375
0 0.67265625 0.0203125 0.6703125 0.03203125 0.675 0.03203125 0.678125 0.02421875 0.67265625 0.0203125
0 0.68515625 0.1484375 0.6828125 0.16484375 0.6875 0.16484375 0.68515625 0.1484375
0 0.69921875 0.046875 0.696875 0.05546875 0.703125 0.05703125 0.69921875 0.046875
0 0.73515625 0 0.7203125 0.00234375 0.728125 0.01015625 0.73515625 0
0 0.60390625 0 0.603125 0.00703125 0.609375 0.00859375 0.6109375 0.00078125 0.60390625 0
0 0.4765625 0.00078125 0.46640625 0 0.471875 0.00703125 0.4765625 0.00078125
0 0.40546875 0.0140625 0.403125 0.02109375 0.409375 0.02265625 0.40546875 0.0140625
0 0.57734375 0.3 0.5765625 0.30703125 0.5828125 0.30859375 0.5828125 0.30078125 0.57734375 0.3
0 0.55859375 0.246875 0.55625 0.25859375 0.5609375 0.25859375 0.55859375 0.246875
0 0.66328125 0.2625 0.6609375 0.26953125 0.665625 0.27109375 0.66328125 0.2625
0 0.6765625 0.41015625 0.684375 0.39765625 0.68203125 0.390625 0.6703125 0.39296875 0.66875 0.40546875 0.6765625 0.41015625
0 0.43359375 0.271875 0.4296875 0.27890625 0.4375 0.28359375 0.4390625 0.27421875 0.43359375 0.271875
0 0.39453125 0.2875 0.3921875 0.29609375 0.3984375 0.29609375 0.39453125 0.2875
0 0.30234375 0.0734375 0.3 0.08203125 0.3078125 0.08671875 0.309375 0.07734375 0.30234375 0.0734375
0 0.31796875 0.1828125 0.315625 0.18984375 0.321875 0.19140625 0.31796875 0.1828125
0 0.33046875 0.1828125 0.325 0.18671875 0.3296875 0.19296875 0.33046875 0.1828125
0 0.31015625 0.321875 0.3078125 0.32890625 0.3140625 0.33046875 0.31015625 0.321875
0 0.33359375 0.203125 0.3328125 0.21640625 0.3390625 0.21640625 0.33359375 0.203125