0 0.5819156249999999 0.479403125 0.5851046875 0.46617499999999995 0.59750625 0.465703125 0.5971515625 0.452475 0.5999859375 0.4321625 0.5897109375 0.4090140625 0.5840421874999999 0.41137499999999994 0.5727046875 0.4170453125 0.5649093749999999 0.4288546875 0.5634921875 0.438303125 0.5549890625 0.4623953125 0.5542796875 0.4694828125 0.561365625 0.4808203125 0.5585312499999999 0.48554375 0.5486109375 0.49026875 0.5397531250000001 0.49829999999999997 0.5397531250000001 0.5143609375 0.5393984374999999 0.5247546875 0.5397531250000001 0.531840625 0.5422328125 0.5464859375 0.53798125 0.5663265625 0.5333765625 0.5828609375 0.5344390625 0.5989234375 0.5344390625 0.6164015625 0.5326671875 0.6220703125 0.5337296874999999 0.628684375 0.5436515625 0.628684375 0.555696875 0.625378125 0.560303125 0.6234890625 0.5656171875 0.60884375 0.5642 0.5918375 0.5719953125 0.5833328125 0.5691609375 0.567271875 0.5691609375 0.5526265625 0.5663265625 0.54506875 0.56774375 0.5308953125 0.570578125 0.5256984375 0.5734125 0.5115265625000001 0.5804984375 0.5063296875 0.5787265625 0.495465625 0.5691609375 0.48554375 0.5727046875 0.47184375 0.5819156249999999 0.479403125
0 0.6322281249999999 0.6329359375 0.6393140625 0.6272671875 0.6400234375 0.628684375 0.6432109374999999 0.6168750000000001 0.6417937499999999 0.606009375 0.6336453125 0.6003406250000001 0.6279765625 0.603646875 0.6254953125 0.609315625 0.6254953125 0.6211265625 0.6290390625 0.6301015624999999 0.6322281249999999 0.6329359375
0 0.574475 0.6050640625 0.5801453125 0.60411875 0.5815625 0.5989234375 0.57801875 0.589946875 0.574121875 0.5875843749999999 0.5709328124999999 0.603646875 0.574475 0.6050640625
0 0.638959375 0.51530625 0.6386046875 0.498771875 0.6410859375 0.49310312500000003 0.633290625 0.48979531249999997 0.6301015624999999 0.504440625 0.6262046875 0.5186124999999999 0.6230156250000001 0.5252265625 0.6130953124999999 0.52900625 0.6123859375 0.5393984374999999 0.6166390625 0.5469578125 0.6244328125 0.5441234374999999 0.6364796875 0.5360921875 0.641440625 0.5332578125 0.648171875 0.5266437500000001 0.643565625 0.520975 0.638959375 0.51530625
0 0.62585 0.494046875 0.62585 0.48507187500000004 0.62124375 0.4803484375 0.615575 0.4860171875 0.6159296875 0.494046875 0.6166390625 0.49924375000000004 0.6145125 0.5020781249999999 0.6194734375000001 0.507275 0.6244328125 0.5020781249999999 0.62585 0.494046875
0 0.5404625000000001 0.41090312500000004 0.5440046875 0.40381718749999995 0.551090625 0.4047625 0.5514453125000001 0.393896875 0.5440046875 0.389171875 0.537628125 0.37594531249999996 0.5291234375 0.3731109375 0.524871875 0.374528125 0.5177859375 0.3797234375 0.5099921875 0.3868109375 0.502196875 0.4047625 0.5014875 0.4175171875 0.49900781250000004 0.430271875 0.50503125 0.440665625 0.51424375 0.45153125000000005 0.5287703125000001 0.4420828125 0.5333765625 0.425075 0.5404625000000001 0.41090312500000004
0 0.5287703125000001 0.506803125 0.53125 0.51530625 0.5358562499999999 0.5134171875 0.537628125 0.5096375 0.5365640625 0.5053859375 0.5333765625 0.5039687500000001 0.5308953125 0.5039687500000001 0.5287703125000001 0.506803125
0 0.6648109375 0.3059796875 0.6470953125000001 0.320153125 0.6492218750000001 0.329128125 0.6478046875000001 0.3385765625 0.64745 0.348025 0.648159375 0.3636140625 0.64284375 0.372165625 0.6393015625 0.38066875 0.6382375 0.39200625 0.6329234375 0.4071234375 0.624065625 0.422240625 0.619459375 0.44680625 0.6262046875 0.4775125 0.63256875 0.48865625 0.6414265625 0.49527031250000003 0.650284375 0.500465625 0.6580796875 0.5061359375000001 0.675440625 0.5009390625 0.6959906250000001 0.480771875 0.7087453125 0.46093124999999996 0.7126421875 0.43683750000000005 0.7140593749999999 0.4155796875 0.7140593749999999 0.39621093749999997 0.7105171875 0.38345625 0.7041390625 0.37400781250000004 0.7172484375 0.3551109375 0.7204375 0.3352703125 0.7215 0.3229875 0.7225640624999999 0.301728125 0.711934375 0.2866109375 0.6864234375 0.2856671875 0.6648109375 0.3059796875
0 0.7675609375 0.54109375 0.7650812499999999 0.533534375 0.7721671875 0.52739375 0.7664984375 0.5179453125 0.752325 0.5255046875 0.763309375 0.5453453125000001 0.7675609375 0.54109375
0 0.7459484375 0.4829875 0.75480625 0.4829875 0.7615375 0.46834218749999995 0.758703125 0.46645312499999997 0.7509078125 0.4650359375 0.7452390624999999 0.46645312499999997 0.74205 0.47826250000000003 0.7459484375 0.4829875
0 0.7204375 0.3776390625 0.7236265625 0.380946875 0.7356734375 0.3667734375 0.73744375 0.3634671875 0.7342562499999999 0.3596875 0.7236265625 0.372915625 0.7200828125000001 0.3738609375 0.7204375 0.3776390625
0 0.7823921875 0.3355953125 0.7753062500000001 0.34457031250000003 0.7749515625 0.35260156249999997 0.7721171874999999 0.3606328125 0.7742921875000001 0.3629953125 0.7820375 0.3691359375 0.7873515624999999 0.36771875 0.7947921874999999 0.3696078125 0.7965640625 0.3629953125 0.79691875 0.35260156249999997 0.7983359375 0.34457031250000003 0.795146875 0.339846875 0.7823921875 0.3355953125
0 0.8280984374999999 0.26209375 0.82774375 0.24839375000000002 0.813925 0.2417796875 0.8096734375000001 0.2498109375 0.8029421875 0.256425 0.7933749999999999 0.2611484375 0.7887703125 0.2710703125 0.7806203125 0.29091093749999997 0.785934375 0.31642031249999997 0.8011703125 0.3126421875 0.8029421875 0.31453125000000004 0.80825625 0.3041390625 0.8121546875 0.2885484375 0.8206578125 0.272959375 0.8280984374999999 0.26209375
0 0.75015 0.2791 0.7544015625 0.2739046875 0.7551109375 0.25075625 0.743771875 0.25406249999999997 0.7420015624999999 0.2691796875 0.7458984375 0.2805171875 0.75015 0.2791
0 0.752984375 0.3362625 0.7544015625 0.33909687499999996 0.7629046875000001 0.324925 0.76255 0.31453125000000004 0.75581875 0.3159484375 0.7522765625 0.3263421875 0.754046875 0.333428125 0.752984375 0.3362625
0 0.8309328125000001 0.2441421875 0.8330578125000001 0.23422187499999997 0.8440421875 0.223828125 0.839790625 0.21201875 0.8433328124999999 0.2077671875 0.8436875 0.1973734375 0.8422703125 0.181784375 0.8309328125000001 0.17989375000000002 0.8199484375000001 0.185090625 0.8171140625 0.1917046875 0.8125078125 0.20682187500000002 0.8178234375000001 0.21579687500000003 0.8238453124999999 0.2195765625 0.8231375 0.2356390625 0.8231375 0.23941875 0.8249093750000001 0.242253125 0.8309328125000001 0.2441421875
0 0.8454593750000001 0.335790625 0.8507734375 0.3320109375 0.85041875 0.3178375 0.84475 0.31925625 0.8387265625 0.323034375 0.8383734374999999 0.3348453125 0.8454593750000001 0.335790625
0 0.8472296874999999 0.2441421875 0.8440421875 0.24839375000000002 0.8440421875 0.2583140625 0.851128125 0.26020468750000003 0.8585687500000001 0.2526453125 0.8539625 0.2526453125 0.8521906250000001 0.239890625 0.8472296874999999 0.2441421875
0 0.789478125 0.2304421875 0.7862890625000001 0.23941875 0.7898328125 0.25075625 0.7923125 0.2521734375 0.7990437499999999 0.248865625 0.8022328125 0.242253125 0.796209375 0.2328046875 0.789478125 0.2304421875
0 0.746253125 0.644275 0.756528125 0.64758125 0.7607796875 0.6386046875 0.7614875 0.6291578125 0.7544015625 0.6239609374999999 0.7519218750000001 0.6220703125 0.7490875 0.6126234375 0.749440625 0.595615625 0.7451890624999999 0.5984499999999999 0.7373953125 0.6102609375 0.74341875 0.6371875 0.746253125 0.644275
0 0.8181765625 0.5819156249999999 0.81853125 0.5861671875 0.8245546875 0.594671875 0.8288062500000001 0.5993953125 0.8291609375 0.59278125 0.829515625 0.5781375 0.8227828125000001 0.5757749999999999 0.8181765625 0.5819156249999999
0 0.8412078125000001 0.584278125 0.8479390625000001 0.5880578125 0.8512124999999999 0.58325625 0.8525453125 0.57010625 0.847584375 0.5630203125000001 0.842625 0.5691609375 0.8412078125000001 0.584278125
0 0.768928125 0.6655328125 0.772825 0.6565578125 0.7721171874999999 0.6438015625 0.7653859375 0.636715625 0.7607796875 0.6438015625 0.7653859375 0.650415625 0.76396875 0.6551390625 0.7618421875 0.6631703124999999 0.764321875 0.6660046875 0.768928125 0.6655328125
0 0.7466062499999999 0.70238125 0.7487328125 0.6948218749999999 0.7458984375 0.685846875 0.73420625 0.6886812499999999 0.737040625 0.6990734375 0.7466062499999999 0.70238125
0 0.6544859375 0.693878125 0.6484640625 0.6900984375 0.6420859375 0.6981296875 0.6307484375 0.7099390624999999 0.63145625 0.7311984375 0.6385421874999999 0.730725 0.6417312500000001 0.744425 0.6509437499999999 0.730725 0.645275 0.7146640625 0.6456296874999999 0.7042703125 0.6541328125 0.72175 0.6562578125 0.7156078124999999 0.6590921875 0.703325 0.6544859375 0.693878125
0 0.5393359375 0.7921390625 0.539690625 0.8001703125 0.5414625 0.807728125 0.5375656249999999 0.820484375 0.54713125 0.8242625 0.54819375 0.8167046875 0.55634375 0.8176500000000001 0.5577609375 0.8096187499999999 0.5591781250000001 0.794028125 0.5584687500000001 0.779384375 0.5485484375 0.7704078125 0.5404 0.777021875 0.5393359375 0.7921390625
0 0.5581140625 0.812453125 0.563784375 0.8200109375 0.574059375 0.8256796874999999 0.5783109375000001 0.8167046875 0.5765390625 0.8110359375 0.56980625 0.806784375 0.5616578125 0.8034765625 0.5581140625 0.812453125
0 0.51263125 0.7264734374999999 0.5190078125 0.7430078124999999 0.520425 0.7519843749999999 0.524678125 0.765684375 0.5271578124999999 0.7878875 0.5345984374999999 0.7869421875 0.536015625 0.779384375 0.5402671875 0.7704078125 0.5400453125 0.7595421875 0.53530625 0.7420640625 0.5324718749999999 0.7349765625 0.5321171875 0.7198609375 0.5253859375000001 0.721278125 0.5161734375 0.7236390625 0.51263125 0.7264734374999999
0 0.526803125 0.8606390625 0.522196875 0.8639453125 0.517590625 0.8719765625000001 0.5183 0.8804796874999999 0.5214890624999999 0.8852046874999999 0.5299921875 0.8837875000000001 0.531409375 0.8771734375 0.528575 0.872921875 0.526803125 0.8606390625
0 0.558690625 0.8653625 0.5604625000000001 0.854025 0.5601078125 0.8412703125000001 0.55479375 0.8422140625000001 0.5508968750000001 0.8516625 0.5487703125000001 0.8582765625000001 0.5498328124999999 0.8648906249999999 0.5523140625 0.8672531250000001 0.558690625 0.8653625
0 0.5083796875 0.8483562499999999 0.515465625 0.8464656250000001 0.524678125 0.845521875 0.528575 0.837490625 0.5299921875 0.8304046875 0.5317640625 0.8176500000000001 0.5253859375000001 0.8030046875 0.522196875 0.7878875 0.5186546875 0.785053125 0.5179453125 0.7746593749999999 0.5151109375 0.7746593749999999 0.510859375 0.7817453125 0.5094421875 0.7897765625 0.5037734375 0.79355625 0.49527031250000003 0.7888328125 0.491371875 0.79591875 0.48995468750000004 0.8096187499999999 0.48960156250000003 0.820484375 0.4888921875 0.8304046875 0.48641249999999997 0.8412703125000001 0.49562343750000004 0.8431593749999999 0.4998765625 0.845521875 0.5083796875 0.8483562499999999
0 0.47826250000000003 0.8998484375 0.47259375 0.8979593749999999 0.47082187500000006 0.9078796875 0.4772 0.9102421875 0.4757828125 0.9201625 0.4860578125 0.920634375 0.48464062500000005 0.9126046875 0.48464062500000005 0.90315625 0.47826250000000003 0.8998484375
0 0.29710312499999997 0.703325 0.294621875 0.7193875000000001 0.2995828125 0.72175 0.3013546875 0.7066328125 0.30489687499999996 0.708521875 0.30312656250000003 0.718915625 0.3034796875 0.72741875 0.313046875 0.732615625 0.314571875 0.72505625 0.318715625 0.7165703125 0.32580156250000003 0.6631875 0.311275 0.6452359375000001 0.28930781250000004 0.6268125 0.2847015625 0.643346875 0.290725 0.6787609375 0.267340625 0.6787609375 0.2659234375 0.6849015625 0.271946875 0.689153125 0.2556484375 0.6872640624999999 0.2556484375 0.6948218749999999 0.27478125000000003 0.6952953125 0.273009375 0.70001875 0.278325 0.7019078125 0.28257656249999996 0.6962390625 0.286828125 0.6990734375 0.29391406249999996 0.703325 0.2949765625 0.6981296875 0.29710312499999997 0.703325
0 0.3134015625 0.6064984375 0.3137546875 0.63484375 0.31658906249999996 0.6338984375 0.323321875 0.6244500000000001 0.31977812499999997 0.6145296874999999 0.3134015625 0.6064984375
0 0.2389953125 0.7609765625 0.24927031249999998 0.7718421875 0.2538765625 0.7515296874999999 0.2584828125 0.7033437499999999 0.2460828125 0.6943671874999999 0.24183125 0.7250734375000001 0.23120156249999999 0.76145 0.2389953125 0.7609765625
0 0.2694671875 0.7524734375000001 0.27371875 0.7444421875 0.274071875 0.733578125 0.27371875 0.7241296875 0.27371875 0.7019265625 0.26805 0.6995640625 0.261671875 0.734521875 0.2599 0.7496390625 0.261671875 0.759559375 0.2694671875 0.7524734375000001
0 0.3034796875 0.7708984375 0.299228125 0.7931015625 0.30525156249999996 0.789321875 0.3059609375 0.7831812499999999 0.3063140625 0.7742046874999999 0.3034796875 0.7708984375
0 0.1964796875 0.7476515625 0.20037656250000002 0.74434375 0.190809375 0.727809375 0.187975 0.7315890625 0.1947078125 0.7424546875 0.1964796875 0.7476515625
0 0.17483125 0.7032625 0.1634921875 0.6848375 0.1624296875 0.6777515625 0.1642015625 0.6664140625 0.16172031250000002 0.662634375 0.1595953125 0.668303125 0.157115625 0.6720828125 0.1528640625 0.6716109375 0.1734484375 0.7065515625 0.17483125 0.7032625
0 0.1486109375 0.5629562499999999 0.141171875 0.5591765625 0.1351484375 0.5563421875000001 0.133021875 0.5558703125 0.12770781250000002 0.5563421875000001 0.12558125 0.5676796875 0.12487343749999999 0.5747656250000001 0.1305421875 0.582325 0.13443906249999998 0.5865765625 0.141171875 0.5917734375 0.14577656249999998 0.593190625 0.1500296875 0.5913 0.151446875 0.579490625 0.1500296875 0.569096875 0.1486109375 0.5629562499999999
0 0.195734375 0.5913 0.191128125 0.5842140625 0.19148281250000002 0.5761828125 0.185459375 0.5700421875 0.1847515625 0.565790625 0.175184375 0.5558703125 0.174121875 0.5450046875 0.1670359375 0.541696875 0.1606578125 0.5435875 0.16455625000000002 0.5539796875 0.1698703125 0.5572874999999999 0.1822703125 0.5780734375 0.1836875 0.5856312499999999 0.18723125000000002 0.5898828125 0.19325468750000002 0.602165625 0.199278125 0.6092515625 0.2021125 0.607834375 0.195734375 0.5913
0 0.10042500000000001 0.585159375 0.1128265625 0.6083078125 0.147903125 0.6668859375 0.1510921875 0.667359375 0.1486109375 0.6579109375 0.130896875 0.6286203125000001 0.10396875000000001 0.58326875 0.10042500000000001 0.585159375
0 0.091921875 0.572940625 0.0958203125 0.5776640625 0.10077968749999999 0.5838062500000001 0.1025515625 0.58144375 0.0940484375 0.562546875 0.1071578125 0.55735 0.1266453125 0.553571875 0.1351484375 0.5502640624999999 0.138690625 0.526171875 0.131959375 0.5171953125 0.131959375 0.5058578125000001 0.1241640625 0.48979531249999997 0.121684375 0.49026875 0.1223921875 0.4968828125 0.127353125 0.5001890625 0.122746875 0.5006609375 0.11884999999999998 0.5020781249999999 0.1117640625 0.5001890625 0.0968828125 0.4968828125 0.0876703125 0.4959375 0.0752703125 0.493575 0.0706640625 0.494046875 0.0696015625 0.5006609375 0.0667671875 0.5063296875 0.0649953125 0.515778125 0.06605781250000001 0.5186124999999999 0.0667671875 0.5223921875 0.0653484375 0.5280609375 0.0763328125 0.5464859375 0.091921875 0.572940625
0 0.0781046875 0.4175171875 0.07739531250000001 0.42696562499999996 0.075978125 0.440665625 0.075978125 0.448696875 0.07172656250000001 0.45200312499999995 0.071371875 0.46003437500000005 0.0706640625 0.46523125 0.0678296875 0.46806562500000004 0.0706640625 0.4732609375 0.0763328125 0.479875 0.0855453125 0.4803484375 0.0901515625 0.48270937500000005 0.0929859375 0.4789296875 0.0990078125 0.4803484375 0.1053859375 0.48318281250000006 0.112471875 0.48554375 0.121684375 0.48696093749999997 0.08022968750000001 0.4127921875 0.0781046875 0.4175171875
0 0.06605781250000001 0.37405468750000004 0.0664125 0.385865625 0.07208125 0.3981484375 0.08341875 0.41987968750000004 0.0990078125 0.4453890625 0.1379828125 0.512 0.14152499999999998 0.518140625 0.147903125 0.52900625 0.1521546875 0.5337296874999999 0.1588859375 0.5247546875 0.151446875 0.52428125 0.1518 0.5171953125 0.1418796875 0.49782656249999996 0.13585624999999998 0.48790625 0.1294796875 0.481765625 0.13337656250000002 0.46664843749999996 0.1305421875 0.463340625 0.12345625 0.46428593749999997 0.10326093750000001 0.42790937500000004 0.091921875 0.4066515625 0.10963750000000001 0.397203125 0.10751250000000001 0.385865625 0.09652812499999999 0.37169375 0.08022968750000001 0.3797234375 0.07385312499999999 0.37925156250000003 0.0696015625 0.3650796875 0.06605781250000001 0.37405468750000004
0 0.16668125 0.479403125 0.159240625 0.4647578125 0.15605156250000002 0.46759218750000003 0.1528640625 0.4732609375 0.154634375 0.4784578125 0.1642015625 0.479875 0.16668125 0.479403125
0 0.13125 0.422240625 0.1351484375 0.43074375 0.137628125 0.43074375 0.14506875 0.4255484375 0.13904531250000002 0.4146828125 0.13125 0.422240625
0 0.28935625 0.46604531250000003 0.2985671875 0.462265625 0.3088421875 0.472659375 0.320534375 0.48683125 0.32655781250000004 0.48446875 0.32230625 0.5014765625 0.3247859375 0.5123421875 0.3191171875 0.519428125 0.323015625 0.5274593750000001 0.32868437500000003 0.53690625 0.324078125 0.5378515625 0.32336875 0.5473 0.3283296875 0.5487171875 0.3269125 0.5520234375 0.3208890625 0.569503125 0.32620312500000004 0.5737546874999999 0.3350609375 0.5671406250000001 0.3386046875 0.5458828125 0.33080937499999996 0.5397421875 0.33364375 0.5255687499999999 0.336125 0.5095078125 0.33258125 0.4877765625 0.34179375 0.487484375 0.3499421875 0.463390625 0.354903125 0.45441562500000005 0.370846875 0.4341015625 0.3874984375 0.4255984375 0.3928140625 0.4426046875 0.41123750000000003 0.4128421875 0.4200953125 0.39441875 0.41832343749999995 0.3901671875 0.46934375 0.3320609375 0.507584375 0.298309375 0.515378125 0.2888609375 0.5391171875 0.2690203125 0.5476203125 0.243509375 0.561084375 0.2260296875 0.57313125 0.20996874999999998 0.5904921875 0.20146562499999998 0.5915546875000001 0.2109125 0.59686875 0.22036093750000002 0.6028921875 0.2118578125 0.5972234375000001 0.1981578125 0.6188359375 0.179734375 0.6315921875 0.1480828125 0.6581640625 0.174065625 0.6730453125 0.16178281249999998 0.676234375 0.12210000000000001 0.7084765625 0.11076250000000001 0.7118953125 0.12262187499999999 0.7211078125 0.11459062499999999 0.722525 0.0961671875 0.7377609374999999 0.090025 0.7522875 0.05459531250000001 0.7820484375000001 0.0498703125 0.7969296875 0.04325625 0.8121656249999999 0.0328640625 0.827046875 0.0238875 0.8351953125 0.027667187500000003 0.8415734374999999 0.03428125 0.8468875 0.016329687500000002 0.869209375 0.015384375 0.8791296875000001 0.0253046875 0.89259375 0.026250000000000002 0.8943640625 0 0.8390921875 0.000740625 0.7661046875 0 0.660840625 0.081375 0.633559375 0.1064125 0.61478125 0.1210578125 0.5839562500000001 0.14704062499999998 0.5595078124999999 0.16971562499999998 0.5471078125 0.1853046875 0.5329359375 0.19428125000000002 0.528684375 0.19995000000000002 0.49292499999999995 0.2319421875 0.47698124999999997 0.2494203125 0.4521796875 0.272096875 0.430565625 0.2957171875 0.3534015625 0.38358593750000003 0.346315625 0.3868921875 0.3438359375 0.3977578125 0.334978125 0.3878375 0.3162 0.3727203125 0.3048609375 0.367996875 0.29883906250000003 0.3765 0.2875 0.37130312499999996 0.26730468749999997 0.3675234375 0.2389609375 0.3561859375 0.157115625 0.32925781249999997 0.11424375 0.3169765625 0.08022968750000001 0.308471875 0.06818437499999999 0.3636625 0.0685375 0.3679140625 0.07252031249999999 0.3715625 0.0842125 0.376759375 0.0959046875 0.371090625 0.113975 0.387625 0.1129125 0.40368750000000003 0.116809375 0.40841093749999996 0.133815625 0.3994359375 0.1458625 0.423528125 0.157909375 0.442896875 0.173853125 0.44337031250000003 0.1798765625 0.4551796875 0.2078671875 0.45943125 0.24010625000000002 0.45045624999999995 0.26065625 0.45707031249999996 0.2592390625 0.4632109375 0.2638453125 0.470296875 0.2695140625 0.456125 0.2851046875 0.4599046875 0.28935625 0.46604531250000003
0 1 0 0.9689984375 0.0211640625 0.971478125 0.043209375 0.96693125 0.0663578125 0.9702375 0.087853125 0.9826390625 0.1010796875 0.965690625 0.112103125 0.9615578125 0.129740625 0.9665171875 0.141865625 0.9751984374999999 0.148478125 0.9942125 0.16776875 0.9929734375000001 0.1832015625 1 0.17824062499999999 1 0.1402109375 1 0.07738125 1 0.026125 1 0
0 0.95494375 0.1071421875 0.953290625 0.1010796875 0.9429562499999999 0.10328437500000001 0.9338625 0.1203703125 0.9437828125 0.130290625 0.9512234375 0.12147343749999999 0.95494375 0.1071421875
0 0.9661046875 0.097221875 0.9594906249999999 0.1038359375 0.9582499999999999 0.11045 0.965690625 0.10989843749999999 0.9661046875 0.097221875
0 0.9355156250000001 0.194775 0.9413031249999999 0.1936734375 0.9520500000000001 0.196428125 0.9599046875000001 0.196428125 0.9627968750000001 0.1892640625 0.971478125 0.17824062499999999 0.9644515625000001 0.16280937499999998 0.953290625 0.1710765625 0.932621875 0.190365625 0.9355156250000001 0.194775
0 0.7673609375 0.171296875 0.7658734375 0.178571875 0.769840625 0.18055625 0.7772812499999999 0.1759265625 0.7728171875000001 0.167328125 0.7703375 0.160053125 0.7728171875000001 0.1574078125 0.7673609375 0.148809375 0.7599203125 0.1574078125 0.7604171875 0.16534374999999998 0.76488125 0.1660046875 0.7673609375 0.171296875
0 0.8422625 0.0820109375 0.8442453125 0.0906078125 0.84771875 0.088625 0.8561515625 0.07407343749999999 0.8487109374999999 0.0707671875 0.8427578125 0.0800265625 0.8422625 0.0820109375
0 0.95238125 0.355159375 0.9608140625000001 0.3796296875 0.9672625 0.380290625 0.9717265625 0.36177187499999997 0.9662703125000001 0.3465609375 0.95238125 0.355159375
0 0.9439484374999999 0.45965625 0.95238125 0.46362500000000006 0.9553578125 0.4530421875 0.9499015625 0.4484125 0.9454359374999999 0.45105781250000004 0.9439484374999999 0.45965625
0 0.9275796875 0.7361109375 0.9290671875 0.74669375 0.9320437500000001 0.744709375 0.9379953125 0.733465625 0.9325390625000001 0.7328046875 0.9275796875 0.7361109375
0 0.9355156250000001 0.7083328125 0.9419640625 0.704365625 0.9384921875 0.68716875 0.9265874999999999 0.68716875 0.926090625 0.6984125 0.9295640625000001 0.7076718750000001 0.9355156250000001 0.7083328125
0 0.9375 0.6593921875000001 0.9394843749999999 0.6441796875 0.9315468750000001 0.6435187499999999 0.9295640625000001 0.6613749999999999 0.9325390625000001 0.66534375 0.9375 0.6593921875000001
0 0.902778125 1 0.902778125 0.9900796875 0.8938484375 0.9900796875 0.8938484375 1 0.902778125 1
0 0.8984375 0.88671875 0.896875 0.89296875 0.90234375 0.8953125 0.9046875 0.88984375 0.8984375 0.88671875
0 0.8609375 0.85390625 0.8546875 0.86640625 0.86640625 0.8703125 0.86875 0.86171875 0.8609375 0.85390625
0 0.8546875 0.85390625 0.853125 0.86484375 0.85859375 0.8671875 0.8625 0.85859375 0.8546875 0.85390625
0 0.828125 0.87734375 0.83046875 0.8875 0.840625 0.88515625 0.83671875 0.8765625 0.828125 0.87734375
0 0.7671875 0.78359375 0.765625 0.78984375 0.77265625 0.7921875 0.7734375 0.78515625 0.7671875 0.78359375
0 0.7515625 0.80234375 0.7515625 0.81484375 0.75703125 0.8171875 0.759375 0.80703125 0.7515625 0.80234375
0 0.92734375 0.575 0.9296875 0.56953125 0.9234375 0.56796875 0.92734375 0.575
0 0.97890625 0.225 0.9890625 0.21953125 0.9796875 0.21484375 0.97890625 0.225
0 0.875 0.15859375 0.871875 0.16796875 0.87890625 0.171875 0.884375 0.16171875 0.875 0.15859375
0 0.778125 0.13828125 0.775 0.14453125 0.78046875 0.1484375 0.7859375 0.13984375 0.778125 0.13828125
0 0.7875 0.18828125 0.78125 0.19453125 0.78515625 0.2015625 0.7921875 0.19609375 0.7875 0.18828125
0 0.85078125 0.1328125 0.859375 0.12578125 0.853125 0.12109375 0.85078125 0.1328125
0 0.60078125 0.403125 0.603125 0.39453125 0.5984375 0.39453125 0.60078125 0.403125
0 0.5984375 0.38046875 0.5953125 0.38828125 0.60234375 0.4 0.6046875 0.38203125 0.5984375 0.38046875
0 0.58671875 0.346875 0.5921875 0.34453125 0.590625 0.33671875 0.58671875 0.346875
0 0.6234375 0.21328125 0.609375 0.24453125 0.61484375 0.2671875 0.6296875 0.21796875 0.6234375 0.21328125
0 0.61484375 0.275 0.61875 0.26171875 0.6125 0.25703125 0.61484375 0.275
0 0.67421875 0.25 0.68125 0.24609375 0.6765625 0.23828125 0.67421875 0.25
0 0.45390625 0.409375 0.459375 0.39765625 0.453125 0.39453125 0.45390625 0.409375
0 0.46640625 0.440625 0.46875 0.43515625 0.4640625 0.43359375 0.46640625 0.440625
0 0.48984375 0.4453125 0.4921875 0.43515625 0.4875 0.43359375 0.48984375 0.4453125
0 0.6140625 0.42734375 0.603125 0.43203125 0.60546875 0.440625 0.6171875 0.43828125 0.6140625 0.42734375
0 0.50234375 0.5203125 0.5046875 0.50234375 0.5 0.50078125 0.50234375 0.5203125
0 0.5328125 0.51953125 0.53203125 0.53125 0.5375 0.52734375 0.5375 0.51953125 0.5328125 0.51953125
0 0.70546875 0.509375 0.7109375 0.50390625 0.703125 0.49921875 0.70546875 0.509375
0 0.73828125 0.5890625 0.7453125 0.58515625 0.7421875 0.57890625 0.73828125 0.5890625
0 0.72109375 0.6046875 0.7234375 0.59921875 0.71875 0.59765625 0.72109375 0.6046875
0 0.37578125 0.6515625 0.38125 0.63984375 0.375 0.63828125 0.37578125 0.6515625
0 0.53984375 0.6546875 0.5421875 0.64609375 0.5359375 0.64609375 0.53984375 0.6546875
0 0.38828125 0.8234375 0.39375 0.81484375 0.3890625 0.80390625 0.38828125 0.8234375
0 0.40390625 0.7671875 0.4078125 0.75703125 0.403125 0.75546875 0.40390625 0.7671875
0 0.33828125 0.703125 0.340625 0.68984375 0.3359375 0.68984375 0.33828125 0.703125
0 0.37421875 0.521875 0.3796875 0.51015625 0.375 0.50078125 0.37421875 0.521875
0 0.43828125 0.6328125 0.44375 0.62421875 0.440625 0.61640625 0.43828125 0.6328125
0 0.43125 0.47734375 0.428125 0.48828125 0.43359375 0.4921875 0.4359375 0.47734375 0.43125 0.47734375
0 0.384375 0.56015625 0.38203125 0.5765625 0.3921875 0.57265625 0.390625 0.56015625 0.384375 0.56015625
0 0.5265625 0.33359375 0.51875 0.34140625 0.51796875 0.3671875 0.5265625 0.36015625 0.5265625 0.33359375
0 0.57109375 0.2359375 0.58125 0.23203125 0.571875 0.22734375 0.57109375 0.2359375
0 0.3078125 0.97890625 0.30390625 0.990625 0.3125 0.98984375 0.3140625 0.97890625 0.3078125 0.97890625
0 0.30234375 1 0.309375 0.99765625 0.3046875 0.99296875 0.30234375 1
0 0.37265625 0.965625 0.3765625 0.95546875 0.371875 0.95390625 0.37265625 0.965625
0 0.6109375 0.95859375 0.6078125 0.96796875 0.61328125 0.9703125 0.615625 0.95859375 0.6109375 0.95859375
0 0.35 0.97734375 0.3484375 0.98671875 0.35390625 0.990625 0.3546875 0.97734375 0.35 0.97734375
0 0.325 0.96796875 0.321875 0.97578125 0.32734375 0.9796875 0.3296875 0.96796875 0.325 0.96796875
0 0.31484375 0.8515625 0.3171875 0.83515625 0.3125 0.83515625 0.31484375 0.8515625
0 0.30078125 0.953125 0.303125 0.94453125 0.296875 0.94296875 0.30078125 0.953125
0 0.26484375 1 0.2796875 0.99765625 0.271875 0.98984375 0.26484375 1
0 0.390625 0.99140625 0.3890625 0.99921875 0.39609375 1 0.396875 0.99296875 0.390625 0.99140625
0 0.5234375 0.99921875 0.53359375 1 0.528125 0.99296875 0.5234375 0.99921875
0 0.59453125 0.9859375 0.596875 0.97890625 0.590625 0.97734375 0.59453125 0.9859375
0 0.4171875 0.69140625 0.4171875 0.69921875 0.42265625 0.7 0.4234375 0.69296875 0.4171875 0.69140625
0 0.44140625 0.753125 0.44375 0.74140625 0.4390625 0.74140625 0.44140625 0.753125
0 0.33671875 0.7375 0.3390625 0.73046875 0.334375 0.72890625 0.33671875 0.7375
0 0.315625 0.60234375 0.31796875 0.609375 0.3296875 0.60703125 0.33125 0.59453125 0.3234375 0.58984375 0.315625 0.60234375
0 0.5625 0.71640625 0.5609375 0.72578125 0.56640625 0.728125 0.5703125 0.72109375 0.5625 0.71640625
0 0.60546875 0.7125 0.6078125 0.70390625 0.6015625 0.70390625 0.60546875 0.7125
0 0.6921875 0.91328125 0.690625 0.92265625 0.69765625 0.9265625 0.7 0.91796875 0.6921875 0.91328125
0 0.68203125 0.8171875 0.684375 0.81015625 0.678125 0.80859375 0.68203125 0.8171875
0 0.66953125 0.8171875 0.675 0.81328125 0.6703125 0.80703125 0.66953125 0.8171875
0 0.68984375 0.678125 0.6921875 0.67109375 0.6859375 0.66953125 0.68984375 0.678125
0 0.66640625 0.796875 0.6671875 0.78359375 0.6609375 0.78359375 0.66640625 0.796875