0 0.3151640625 0.5421390625 0.3151640625 0.5340140625 0.3155921875 0.5106390625 0.315596875 0.49915000000000004 0.32075624999999997 0.4972125 0.32114375 0.4805515625 0.31315468750000003 0.440653125 0.31225 0.4238046875 0.307696875 0.4255890625 0.29969999999999997 0.43481875 0.3059953125 0.4415703125 0.30169687500000003 0.452259375 0.29764218750000004 0.4607875 0.2965421875 0.46507343749999996 0.294921875 0.4761875 0.3020046875 0.47569062500000003 0.308615625 0.4758859375 0.30003437499999996 0.48323124999999995 0.2968203125 0.48807968749999997 0.298771875 0.5009515625 0.2976671875 0.526984375 0.29515156249999996 0.5389140625 0.294303125 0.54475625 0.305209375 0.548203125 0.3077046875 0.5492640625 0.2977484375 0.556834375 0.29579218749999997 0.5586515624999999 0.297378125 0.5641468749999999 0.299934375 0.56540625 0.3094015625 0.5582703125 0.3080515625 0.5653140624999999 0.3002265625 0.569390625 0.3008 0.579359375 0.3040375 0.5838875 0.308775 0.577825 0.312125 0.5751578125 0.3163890625 0.5694796875 0.3151640625 0.5421390625
0 0.28846875 0.046212500000000004 0.2895265625 0.052054687499999995 0.289546875 0.05741875 0.2888421875 0.062271875 0.2920625 0.06716093749999999 0.2944453125 0.0642578125 0.299034375 0.0607359375 0.30133125 0.06397968750000001 0.3052859375 0.062565625 0.301615625 0.001334375 0.27078125000000003 0 0.271634375 0.0056296875 0.28085 0.00285 0.283640625 0.00369375 0.28705625 0.0043828125 0.2887640625 0.005028125 0.2925875 0.0020218750000000002 0.29315 0.01855625 0.2915625 0.030209375 0.2952375 0.037509375 0.30121875 0.0355921875 0.3023453125 0.0422125 0.28846875 0.046212500000000004
0 0.28283125 0.065653125 0.278496875 0.0579640625 0.27654531250000003 0.0554171875 0.2777734375 0.046475 0.2758375 0.041145312499999996 0.275346875 0.0336734375 0.2814125 0.0325140625 0.27679062499999996 0.026182812500000003 0.27343125 0.019840625 0.272840625 0.0525984375 0.2717171875 0.06898593750000001 0.2717171875 0.09434843750000001 0.2735296875 0.10120625000000001 0.2714578125 0.114009375 0.270578125 0.13131718750000002 0.27320625 0.1382234375 0.27816874999999996 0.12560312499999998 0.28159375 0.1114359375 0.282684375 0.1021921875 0.2799640625 0.093096875 0.27820625 0.0828046875 0.28042968749999997 0.0738359375 0.28283125 0.065653125
0 0.176115625 0.0022265625000000002 0.16304687499999998 0.0030890625000000002 0.1576546875 0.008465625000000001 0.1589546875 0.013756250000000001 0.16137812499999998 0.0209390625 0.1664265625 0.0224015625 0.16857968750000002 0.0164234375 0.175875 0.0128578125 0.176115625 0.0022265625000000002
0 0.1420640625 0.01285625 0.1354328125 0.0138625 0.1382625 0.021281249999999998 0.141384375 0.0195 0.1420640625 0.01285625
0 0.1446578125 0.0399640625 0.1402640625 0.041140625 0.14280781250000002 0.0476875 0.1458171875 0.0438515625 0.1446578125 0.0399640625
0 0.17927500000000002 0.192971875 0.174203125 0.185621875 0.1695171875 0.175125 0.16751093749999998 0.166059375 0.169640625 0.15635 0.16930625 0.147365625 0.1616671875 0.1387421875 0.158365625 0.134634375 0.1534015625 0.13721875 0.152615625 0.161703125 0.146321875 0.17874375 0.1449734375 0.1805015625 0.1635234375 0.189146875 0.17927500000000002 0.192971875
0 0.10710781250000001 0.2100265625 0.0970984375 0.2145109375 0.1316640625 0.2265171875 0.1359421875 0.234678125 0.1454 0.23295781249999997 0.1594125 0.2294640625 0.15601875 0.22698593749999998 0.15160625 0.22244843749999998 0.153084375 0.21602187499999997 0.1607296875 0.21531875 0.164065625 0.215628125 0.1675375 0.21637656249999998 0.1686796875 0.2150640625 0.1689671875 0.20944531249999998 0.1634890625 0.206453125 0.1530625 0.2069015625 0.13893906250000002 0.20626093750000002 0.13074375 0.20728749999999999 0.1198328125 0.2087328125 0.10710781250000001 0.2100265625
0 0.28402343750000003 0.18896875 0.2798921875 0.188334375 0.279425 0.1802890625 0.28447187500000004 0.1744484375 0.28630625 0.168778125 0.2835859375 0.16002031249999998 0.2825546875 0.1566921875 0.28458125 0.14523124999999998 0.27836875 0.148440625 0.2755953125 0.1600484375 0.27648125 0.167309375 0.2759875 0.1720203125 0.2738984375 0.1778921875 0.27183437499999996 0.1820359375 0.273125 0.185971875 0.27563593750000004 0.18944375 0.2768609375 0.19267812499999998 0.2749109375 0.19667812499999998 0.274015625 0.1989296875 0.2754671875 0.20639531249999998 0.272925 0.215715625 0.2721671875 0.229490625 0.301925 0.240540625 0.3026046875 0.236840625 0.30355625 0.23137500000000003 0.3025421875 0.22275 0.30076875 0.2183390625 0.2974484375 0.219240625 0.292440625 0.22497656250000003 0.290484375 0.226525 0.284959375 0.226525 0.281721875 0.2245734375 0.2856171875 0.22039843750000002 0.285621875 0.2157484375 0.283575 0.2111671875 0.2832890625 0.208009375 0.2868203125 0.20523750000000002 0.2841390625 0.194978125 0.2837140625 0.19141406249999998 0.2888515625 0.193128125 0.2911140625 0.187696875 0.2902609375 0.184778125 0.28601875 0.18610625 0.28402343750000003 0.18896875
0 0.4004046875 0.272559375 0.398909375 0.2676296875 0.395175 0.266890625 0.392615625 0.2706765625 0.39150625 0.271103125 0.390759375 0.2664125 0.3898546875 0.263953125 0.38401406250000003 0.2644296875 0.3809546875 0.2698796875 0.426928125 0.2866359375 0.42935937500000004 0.28606875 0.432440625 0.2809375 0.43182968749999995 0.27757187499999997 0.4287515625 0.2749171875 0.423046875 0.274703125 0.41281093750000003 0.2750765625 0.41072968750000005 0.275046875 0.40948124999999996 0.2704609375 0.40862187499999997 0.265628125 0.4040734375 0.2659078125 0.4027359375 0.2732765625 0.4004046875 0.272559375
0 0.392909375 0.3243484375 0.411390625 0.3202390625 0.417228125 0.31793125 0.41919218750000004 0.322384375 0.4246734375 0.3278390625 0.43197343750000006 0.31795 0.4355296875 0.31158593749999997 0.43736406250000004 0.30628125 0.4308875 0.29927031249999997 0.38235625 0.2985234375 0.3639 0.29188125 0.3640921875 0.3056734375 0.362634375 0.309228125 0.3677796875 0.3262625 0.3701828125 0.3397796875 0.37141250000000003 0.349228125 0.37823125 0.361509375 0.38639531250000003 0.3539890625 0.38610781250000004 0.348453125 0.386115625 0.34407187499999997 0.3918203125 0.3343 0.392909375 0.3243484375
0 0.40981562499999996 0.3597765625 0.40897656250000003 0.35820625 0.3977125 0.36773125 0.39500156249999996 0.37151093749999997 0.40160937499999994 0.3738828125 0.407065625 0.369790625 0.4101 0.364053125 0.40981562499999996 0.3597765625
0 0.42737968750000005 0.3870015625 0.4329734375 0.3810765625 0.43250781250000003 0.3702375 0.4241171875 0.37179375000000003 0.4241171875 0.3659203125 0.43050156250000005 0.3606890625 0.43041875 0.35074218749999997 0.426509375 0.347228125 0.42214062500000005 0.3369171875 0.42320156249999996 0.51154375 0.41847812500000003 0.515275 0.412875 0.5194140625 0.41462187500000003 0.5241890625 0.4191234375 0.52523125 0.4230625 0.5264796875 0.4238015625 0.53716875 0.4141203125 0.5368062499999999 0.419234375 0.546621875 0.4114671875 0.5461921875 0.41233906249999996 0.5598015625 0.4133234375 0.6483187499999999 0.4081328125 0.6542625 0.4125328125 0.6616500000000001 0.4185078125 0.66325625 0.4245140625 0.7159140625 0.4284921875 0.7964421875000001 0.4569328125 0.810915625 0.465303125 0.8030375 0.4816515625 0.8024812499999999 0.49002656250000004 0.7986234375000001 0.4869890625 0.7915609375 0.48364375 0.7882015625000001 0.482721875 0.781921875 0.4854625 0.7753 0.48846249999999997 0.7598671875 0.4784625 0.7592078124999999 0.46367812500000005 0.7600015625000001 0.4706578125 0.746690625 0.47288125000000003 0.7394406250000001 0.46749999999999997 0.726809375 0.464446875 0.720803125 0.4594578125 0.7137578125 0.45810625 0.712603125 0.462815625 0.7564296875000001 0.45086562499999994 0.754253125 0.44465000000000005 0.7474265625000001 0.442440625 0.7317796875 0.44264843750000005 0.7221640625 0.439603125 0.70700625 0.4443921875 0.6900375000000001 0.4490125 0.7021875 0.451371875 0.70523125 0.453759375 0.673340625 0.45150781249999994 0.6556953125 0.45361406249999997 0.632271875 0.44964843749999994 0.5898953125 0.4507875 0.5765421875000001 0.4496125 0.5698265625000001 0.4405359375 0.5703859375 0.4395203125 0.5619328125 0.4412484375 0.55034375 0.4396234375 0.54129375 0.4363859375 0.540784375 0.4354234375 0.5151890625 0.44013749999999996 0.5033890624999999 0.44032499999999997 0.492003125 0.43842499999999995 0.48722656249999996 0.43614687500000004 0.47184218749999995 0.4365328125 0.4630078125 0.43812187500000005 0.44990625 0.43812187500000005 0.44471249999999996 0.4386453125 0.4316578125 0.44071875 0.41622812500000006 0.43270937500000006 0.4082328125 0.42825781249999995 0.407365625 0.431234375 0.392434375 0.42737968750000005 0.3870015625
0 0.3861203125 0.3783875 0.3895578125 0.38396093750000004 0.392678125 0.3789984375 0.39299375 0.3726140625 0.38895 0.37183125 0.38689062500000004 0.3735625 0.3861203125 0.3783875
0 0.3769234375 0.49180624999999994 0.38423124999999997 0.48995468750000004 0.3825703125 0.4814984375 0.3828765625 0.4575 0.3782203125 0.43556875 0.37681875 0.4014171875 0.3719515625 0.39280624999999997 0.35848125 0.3910546875 0.3434015625 0.3858796875 0.3466421875 0.476821875 0.349046875 0.4997328125 0.3471421875 0.5075765624999999 0.35114531250000003 0.524534375 0.3486390625 0.5312015625 0.34855 0.5397109375 0.35945312500000004 0.9997921875 0.38024843750000004 0.9975234374999999 0.3789078125 0.9072390625000001 0.3733140625 0.7958578125 0.3776796875 0.756271875 0.37737031249999997 0.733278125 0.3746828125 0.7205203124999999 0.37868124999999997 0.7105796875 0.38051875 0.7194859375 0.3848796875 0.6997328125 0.38138125 0.6694421875 0.39143125 0.6729140625000001 0.390215625 0.681365625 0.388125 0.6840499999999999 0.38869375 0.6907609375 0.38937343750000003 0.6953390625 0.39157031249999996 0.70514375 0.39401406250000004 0.7089859374999999 0.40121874999999996 0.701378125 0.402146875 0.7008171875 0.406990625 0.69465625 0.40835625000000003 0.6812109375000001 0.4049515625 0.677321875 0.395378125 0.6776890625 0.40148906249999994 0.6707453125 0.3988453125 0.668115625 0.3897234375 0.6699140625 0.38161093749999997 0.6588093749999999 0.3780234375 0.653440625 0.3876515625 0.6424390625 0.395390625 0.6429953125 0.39923593749999997 0.64776875 0.40009843749999996 0.6520671874999999 0.40371875 0.6528390625 0.40698437500000006 0.6459296875 0.40570781250000004 0.6391234375 0.40561875000000003 0.5826578125 0.4016671875 0.5681234374999999 0.383278125 0.5703515625 0.38194531249999997 0.5678390624999999 0.395190625 0.5661375 0.400203125 0.561175 0.3973640625 0.5565984375 0.3900796875 0.563484375 0.381859375 0.56268125 0.3818875 0.5535734375 0.3818875 0.5512640625 0.3879734375 0.5531515625 0.39306718749999997 0.55173125 0.395378125 0.54826875 0.38996875000000003 0.544771875 0.3828921875 0.5421890625 0.38111562499999996 0.5410359375 0.37950625 0.5023718749999999 0.3948796875 0.49679375 0.394521875 0.49365156250000003 0.38640625 0.49365156250000003 0.3848484375 0.49908125 0.37975625 0.49862343750000004 0.3769234375 0.49180624999999994
0 0.3709703125 0.38232499999999997 0.368353125 0.3917 0.3746390625 0.3920703125 0.380346875 0.385159375 0.3709703125 0.38232499999999997
0 0.40733125000000003 0.4399375 0.405296875 0.440853125 0.4059609375 0.4474453125 0.411140625 0.44680625 0.4107078125 0.44032031250000003 0.40733125000000003 0.4399375
0 0.3941203125 0.42431718749999997 0.387365625 0.423009375 0.38535624999999996 0.42221093749999994 0.38801874999999997 0.43393750000000003 0.3922984375 0.4352828125 0.3947890625 0.4291390625 0.3941203125 0.42431718749999997
0 0.196934375 0.6172828124999999 0.196434375 0.5953125 0.1962515625 0.57284375 0.1943015625 0.566690625 0.1937390625 0.52565 0.1864984375 0.5268546875 0.18472968750000002 0.5159515625 0.1903125 0.5167328125 0.1911359375 0.5124671875 0.1911953125 0.49838750000000004 0.1859703125 0.49785625 0.18563281250000002 0.5135500000000001 0.182603125 0.5149578125 0.1771484375 0.5206609375 0.18049375 0.5254140625 0.17499375 0.5294375 0.1693375 0.5389578125 0.172709375 0.5484671875 0.1771171875 0.549671875 0.1804875 0.552625 0.175890625 0.5570921875 0.1707296875 0.558303125 0.17004999999999998 0.555709375 0.16291875 0.5537625 0.16291875 0.5575625 0.1670734375 0.5624671875 0.1651703125 0.5650984375 0.1643265625 0.571446875 0.172996875 0.5707 0.17077031250000002 0.5641671875000001 0.1716203125 0.56146875 0.178078125 0.567684375 0.18156250000000002 0.566765625 0.1854015625 0.56540625 0.1830625 0.573196875 0.1778515625 0.580765625 0.17893281249999998 0.586978125 0.181103125 0.5951046875 0.1828078125 0.5994515625 0.18116875 0.6051390624999999 0.1808515625 0.6106390625 0.18601406250000002 0.6165328125 0.1877625 0.62518125 0.1877625 0.632378125 0.184796875 0.6301671875 0.17960156249999998 0.64006875 0.180590625 0.6494765625000001 0.18956562500000002 0.6534515625 0.19226875000000002 0.663534375 0.1895984375 0.6647406250000001 0.1846640625 0.6661328125 0.1824 0.6688500000000001 0.187784375 0.6720921875 0.183390625 0.6731296875 0.1822140625 0.6741984375000001 0.181646875 0.6756921874999999 0.18326718749999998 0.6829562499999999 0.1901484375 0.6910390625 0.185978125 0.698390625 0.1855484375 0.7026328125 0.18725468750000002 0.7048578125 0.188378125 0.7090015625 0.184284375 0.7108187499999999 0.1845046875 0.7165046875 0.1885796875 0.717896875 0.1910046875 0.719321875 0.1892359375 0.72508125 0.181475 0.7275765625 0.180903125 0.73338125 0.1918390625 0.7358421875000001 0.1916703125 0.73978125 0.1893609375 0.7454171875 0.1852375 0.75158125 0.1872296875 0.7580312499999999 0.1860515625 0.7596953125 0.18599375 0.76685625 0.1906171875 0.7728312500000001 0.1928578125 0.7847625 0.1926078125 0.78843125 0.18468437499999998 0.795359375 0.1843203125 0.801403125 0.1918234375 0.8068046875 0.19805937499999998 0.8117453125 0.1981265625 0.8157875000000001 0.19553125 0.8245734375 0.20309531249999999 0.8270359375 0.2074859375 0.8241296874999999 0.20130468750000002 0.73160625 0.20033281249999998 0.651734375 0.197315625 0.6311718749999999 0.196934375 0.6172828124999999
0 0.31192031249999996 0.606165625 0.30987343749999996 0.608971875 0.30987343749999996 0.59721875 0.31091406250000003 0.5951828124999999 0.3175234375 0.5918203125 0.3147875 0.5878328125000001 0.3079015625 0.5882562499999999 0.3036296875 0.589265625 0.3014953125 0.5907796875 0.3012109375 0.602953125 0.3010796875 0.6075578125 0.30171875 0.61953125 0.30477656249999996 0.6233640625 0.3145046875 0.6217312500000001 0.31606875 0.6162625 0.3172015625 0.6088609375 0.31529375000000004 0.6043109375 0.31192031249999996 0.606165625
0 0.3070421875 0.627365625 0.30475625 0.627178125 0.303625 0.62891875 0.3050140625 0.6339171875 0.3074578125 0.6335437500000001 0.308996875 0.631659375 0.3070421875 0.627365625
0 0.3036984375 0.668878125 0.308678125 0.667959375 0.31472812499999997 0.6730515625 0.31911875 0.6371140625 0.31487656249999996 0.6374296875 0.310446875 0.6425625 0.3074296875 0.644771875 0.3024328125 0.6452453125 0.3010953125 0.6470546875000001 0.3036984375 0.668878125
0 0.32861250000000003 0.8725468749999999 0.3276328125 0.8462296874999999 0.32913749999999997 0.834953125 0.328815625 0.811990625 0.328246875 0.8048578125000001 0.324125 0.796915625 0.32363906249999996 0.7831234375 0.323321875 0.7699453125 0.32503906250000003 0.74835625 0.321353125 0.7048421874999999 0.317803125 0.7017703125 0.3140921875 0.70525 0.3113859375 0.718578125 0.3068578125 0.724215625 0.308478125 0.7277796875 0.30903281250000003 0.7406531249999999 0.307153125 0.7457453125 0.305634375 0.7509406249999999 0.305890625 0.7628390625 0.305890625 0.7686421875 0.31216875 0.772228125 0.31472968749999997 0.7756546875 0.31472968749999997 0.7837015625 0.3122390625 0.79120625 0.30884375 0.78696875 0.305315625 0.7873421875 0.3029609375 0.791553125 0.306784375 0.8012234375 0.3129 0.8004328125000001 0.315709375 0.802825 0.30704375 0.807 0.3076078125 0.8093765625 0.309790625 0.8152156250000001 0.316603125 0.8136156250000001 0.3163546875 0.818059375 0.306284375 0.8224890625000001 0.306634375 0.8295171874999999 0.30638437500000004 0.8345437499999999 0.306421875 0.8464625 0.308425 0.85440625 0.31001875 0.8595 0.310965625 0.86554375 0.31585625 0.8783265625000001 0.3076828125 0.8914890625 0.3027 0.9037609375000001 0.306603125 0.9166140625000001 0.308409375 0.9250984375 0.309040625 0.9321406250000001 0.3087234375 0.9374703125 0.3087234375 0.9437859375000001 0.3079765625 0.94836875 0.30731406250000004 0.9526140625 0.3111125 0.9564171874999999 0.3124828125 0.9630703125 0.3088828125 0.9698421875 0.31133125 0.9740171875 0.307934375 0.9826765625 0.313503125 0.9873203125 0.31853750000000003 0.9825437499999999 0.318784375 0.9985781250000001 0.33020312500000004 1 0.3298875 0.953440625 0.3299484375 0.9450171875000001 0.33108593750000004 0.9239578125 0.327925 0.9059953125 0.3305515625 0.902296875 0.32861250000000003 0.8725468749999999
0 0.19851093749999998 0.8314234375 0.1977875 0.8319656249999999 0.1988625 0.8368890625000001 0.20253749999999998 0.8344515625 0.201678125 0.8304421874999999 0.19851093749999998 0.8314234375
0 0.1859609375 0.8321921874999999 0.1901515625 0.8323734375 0.184890625 0.8351921875 0.18661875 0.8373171875000001 0.19236718749999998 0.8368578125000001 0.1932953125 0.8348218749999999 0.1915625 0.8320062500000001 0.1859609375 0.8321921874999999
0 0.20694531249999998 0.907071875 0.2085515625 0.9041625 0.2071796875 0.8432499999999999 0.1966875 0.8471171875 0.1923125 0.84780625 0.1860953125 0.8481359375 0.1841171875 0.8536718750000001 0.18288125 0.8560703125 0.1820859375 0.8571734375 0.178525 0.8613843749999999 0.17753593750000002 0.8667890625 0.175625 0.871715625 0.1781171875 0.8778703125 0.18422812500000002 0.87705 0.18837500000000001 0.872415625 0.1902109375 0.8649093750000001 0.1902109375 0.8597828125 0.1918859375 0.8588156250000001 0.19267812499999998 0.86094375 0.197159375 0.8613156249999999 0.20005625 0.8630734375 0.2015265625 0.8672375000000001 0.199525 0.8737390625 0.19878125 0.8766953125000001 0.2005484375 0.8843390624999999 0.2021796875 0.8885937500000001 0.2032203125 0.8896062499999999 0.20541874999999998 0.8969531249999999 0.2013765625 0.903109375 0.2044109375 0.9076531250000001 0.20694531249999998 0.907071875
0 0.17985625 0.9849765625 0.1793265625 1 0.18914375 0.999259375 0.1864 0.9920953125 0.1810703125 0.99085 0.1810703125 0.9896953125 0.18643437499999999 0.9889468750000001 0.1847703125 0.9846359375 0.17985625 0.9849765625
0 0.20702812499999998 0.9546640625 0.20559687499999998 0.9549562500000001 0.20361875000000002 0.9591828124999999 0.20276718749999997 0.9622109375000001 0.20480468749999997 0.96413125 0.206275 0.962925 0.2084734375 0.958625 0.20702812499999998 0.9546640625
0 0.20228281250000002 0.9353734375 0.20389062500000002 0.9392171875 0.20463749999999997 0.9405703125 0.2056109375 0.9424187500000001 0.209915625 0.93434375 0.2096 0.9297578124999999 0.2073953125 0.9286875 0.2036515625 0.9282796875000001 0.20228281250000002 0.9353734375
0 0.012503125 0.1773265625 0.0196109375 0.178440625 0.025834375 0.17772656250000002 0.037307812499999995 0.17545 0.0310765625 0.169828125 0.020676562500000002 0.17079687500000001 0.0124125 0.171846875 0.009125 0.17245468749999998 0.0098546875 0.173259375 0.012503125 0.1773265625
0 0.3421875 0.09921875 0.33671875 0.096875 0.3390625 0.11015625 0.3421875 0.09921875
0 0.4046875 0.81953125 0.4078125 0.82421875 0.4140625 0.82265625 0.41171875 0.815625 0.4046875 0.81953125
0 0.4453125 0.85859375 0.45 0.82890625 0.44609375 0.8140625 0.42734375 0.8203125 0.4234375 0.82734375 0.4296875 0.86171875 0.4453125 0.85859375
0 0.459375 0.99921875 0.45859375 0.9703125 0.4546875 0.99921875 0.459375 0.99921875
0 0.4515625 0.99921875 0.44140625 0.9921875 0.43125 0.99921875 0.4515625 0.99921875
0 0.39375 0.71015625 0.3953125 0.73203125 0.4125 0.72734375 0.40859375 0.7125 0.39375 0.71015625
0 0.2984375 0.40546875 0.3015625 0.41171875 0.3109375 0.41015625 0.30859375 0.4015625 0.2984375 0.40546875
0 0.4515625 0.47421875 0.44609375 0.4625 0.4453125 0.48359375 0.4515625 0.47421875