0 0.6992 0.579359375 0.6997734375 0.569390625 0.6919484375 0.5653140624999999 0.6905984375 0.5582703125 0.7000656249999999 0.56540625 0.702621875 0.5641468749999999 0.7042078125 0.5586515624999999 0.7022515625 0.556834375 0.6922953125 0.5492640625 0.694790625 0.548203125 0.705696875 0.54475625 0.7048484375 0.5389140625 0.7023328125 0.526984375 0.701228125 0.5009515625 0.7031796875 0.48807968749999997 0.699965625 0.48323124999999995 0.6913843749999999 0.4758859375 0.6979953125 0.47569062500000003 0.705078125 0.4761875 0.7034578125000001 0.46507343749999996 0.7023578125000001 0.4607875 0.698303125 0.452259375 0.6940046875 0.4415703125 0.7003 0.43481875 0.692303125 0.4255890625 0.6877500000000001 0.4238046875 0.6868453125 0.440653125 0.67885625 0.4805515625 0.67924375 0.4972125 0.684403125 0.49915000000000004 0.6844078125 0.5106390625 0.6848359375 0.5340140625 0.6848359375 0.5421390625 0.6836109375 0.5694796875 0.687875 0.5751578125 0.691225 0.577825 0.6959625 0.5838875 0.6992 0.579359375
0 0.70685 0.01855625 0.7074125 0.0020218750000000002 0.7112359374999999 0.005028125 0.71294375 0.0043828125 0.716359375 0.00369375 0.71915 0.00285 0.728365625 0.0056296875 0.72921875 0 0.6983843750000001 0.001334375 0.6947140625 0.062565625 0.6986687500000001 0.06397968750000001 0.700965625 0.0607359375 0.7055546875 0.0642578125 0.7079375 0.06716093749999999 0.7111578125 0.062271875 0.710453125 0.05741875 0.7104734374999999 0.052054687499999995 0.71153125 0.046212500000000004 0.6976546875 0.0422125 0.69878125 0.0355921875 0.7047625 0.037509375 0.7084374999999999 0.030209375 0.70685 0.01855625
0 0.7184062499999999 0.1114359375 0.7218312499999999 0.12560312499999998 0.72679375 0.1382234375 0.729421875 0.13131718750000002 0.7285421875 0.114009375 0.7264703124999999 0.10120625000000001 0.7282828125 0.09434843750000001 0.7282828125 0.06898593750000001 0.727159375 0.0525984375 0.72656875 0.019840625 0.7232093749999999 0.026182812500000003 0.7185875 0.0325140625 0.724653125 0.0336734375 0.7241625 0.041145312499999996 0.7222265625000001 0.046475 0.7234546875000001 0.0554171875 0.721503125 0.0579640625 0.71716875 0.065653125 0.7195703124999999 0.0738359375 0.72179375 0.0828046875 0.7200359375 0.093096875 0.717315625 0.1021921875 0.7184062499999999 0.1114359375
0 0.8410453125 0.013756250000000001 0.8423453125 0.008465625000000001 0.836953125 0.0030890625000000002 0.8238843749999999 0.0022265625000000002 0.8241250000000001 0.0128578125 0.8314203125 0.0164234375 0.8335734374999999 0.0224015625 0.838621875 0.0209390625 0.8410453125 0.013756250000000001
0 0.858615625 0.0195 0.8617374999999999 0.021281249999999998 0.8645671875 0.0138625 0.8579359375 0.01285625 0.858615625 0.0195
0 0.8541828125 0.0438515625 0.8571921874999999 0.0476875 0.8597359375 0.041140625 0.8553421875 0.0399640625 0.8541828125 0.0438515625
0 0.8465984375 0.13721875 0.8416343749999999 0.134634375 0.8383328125 0.1387421875 0.83069375 0.147365625 0.8303593749999999 0.15635 0.8324890625 0.166059375 0.8304828125 0.175125 0.825796875 0.185621875 0.820725 0.192971875 0.8364765625 0.189146875 0.8550265625 0.1805015625 0.8536781250000001 0.17874375 0.8473843750000001 0.161703125 0.8465984375 0.13721875
0 0.8365109374999999 0.206453125 0.8310328124999999 0.20944531249999998 0.8313203124999999 0.2150640625 0.8324624999999999 0.21637656249999998 0.8359343750000001 0.215628125 0.8392703125000001 0.21531875 0.846915625 0.21602187499999997 0.84839375 0.22244843749999998 0.84398125 0.22698593749999998 0.8405875 0.2294640625 0.8545999999999999 0.23295781249999997 0.8640578124999999 0.234678125 0.8683359375 0.2265171875 0.9029015625 0.2145109375 0.8928921875 0.2100265625 0.8801671875 0.2087328125 0.86925625 0.20728749999999999 0.8610609374999999 0.20626093750000002 0.8469374999999999 0.2069015625 0.8365109374999999 0.206453125
0 0.7162859375 0.19141406249999998 0.7158609375 0.194978125 0.7131796875 0.20523750000000002 0.7167109375 0.208009375 0.716425 0.2111671875 0.714378125 0.2157484375 0.7143828125 0.22039843750000002 0.718278125 0.2245734375 0.715040625 0.226525 0.709515625 0.226525 0.707559375 0.22497656250000003 0.7025515625 0.219240625 0.69923125 0.2183390625 0.6974578124999999 0.22275 0.69644375 0.23137500000000003 0.6973953125000001 0.236840625 0.698075 0.240540625 0.7278328125 0.229490625 0.7270749999999999 0.215715625 0.7245328125 0.20639531249999998 0.725984375 0.1989296875 0.7250890625 0.19667812499999998 0.7231390625 0.19267812499999998 0.7243640625000001 0.18944375 0.7268749999999999 0.185971875 0.728165625 0.1820359375 0.7261015625 0.1778921875 0.7240125 0.1720203125 0.72351875 0.167309375 0.7244046875000001 0.1600484375 0.72163125 0.148440625 0.71541875 0.14523124999999998 0.7174453125 0.1566921875 0.7164140625 0.16002031249999998 0.71369375 0.168778125 0.715528125 0.1744484375 0.720575 0.1802890625 0.7201078125 0.188334375 0.7159765625000001 0.18896875 0.71398125 0.18610625 0.7097390625 0.184778125 0.7088859375000001 0.187696875 0.7111484375 0.193128125 0.7162859375 0.19141406249999998
0 0.5892703125 0.275046875 0.5871890625 0.2750765625 0.576953125 0.274703125 0.5712484375 0.2749171875 0.5681703125 0.27757187499999997 0.567559375 0.2809375 0.570640625 0.28606875 0.573071875 0.2866359375 0.6190453125000001 0.2698796875 0.6159859375 0.2644296875 0.6101453125 0.263953125 0.609240625 0.2664125 0.6084937499999999 0.271103125 0.607384375 0.2706765625 0.6048250000000001 0.266890625 0.601090625 0.2676296875 0.5995953125 0.272559375 0.5972640625000001 0.2732765625 0.5959265625 0.2659078125 0.5913781250000001 0.265628125 0.59051875 0.2704609375 0.5892703125 0.275046875
0 0.62176875 0.361509375 0.6285875 0.349228125 0.6298171875 0.3397796875 0.6322203125 0.3262625 0.6373656249999999 0.309228125 0.6359078125 0.3056734375 0.6361 0.29188125 0.6176437499999999 0.2985234375 0.5691125 0.29927031249999997 0.5626359375 0.30628125 0.5644703125 0.31158593749999997 0.5680265624999999 0.31795 0.5753265625 0.3278390625 0.5808078125 0.322384375 0.5827718749999999 0.31793125 0.588609375 0.3202390625 0.607090625 0.3243484375 0.6081796875000001 0.3343 0.613884375 0.34407187499999997 0.6138921875000001 0.348453125 0.6136046875 0.3539890625 0.62176875 0.361509375
0 0.6022875 0.36773125 0.5910234375 0.35820625 0.590184375 0.3597765625 0.5899 0.364053125 0.592934375 0.369790625 0.5983906250000001 0.3738828125 0.6049984375 0.37151093749999997 0.6022875 0.36773125
0 0.5613546875 0.4316578125 0.561878125 0.44471249999999996 0.561878125 0.44990625 0.5634671875 0.4630078125 0.563853125 0.47184218749999995 0.561575 0.48722656249999996 0.559675 0.492003125 0.5598625 0.5033890624999999 0.5645765625 0.5151890625 0.5636140625 0.540784375 0.5603765625 0.54129375 0.5587515625 0.55034375 0.5604796875 0.5619328125 0.5594640625 0.5703859375 0.5503875 0.5698265625000001 0.5492125 0.5765421875000001 0.5503515625000001 0.5898953125 0.5463859375 0.632271875 0.5484921875000001 0.6556953125 0.546240625 0.673340625 0.548628125 0.70523125 0.5509875 0.7021875 0.5556078125 0.6900375000000001 0.560396875 0.70700625 0.5573515625 0.7221640625 0.5575593750000001 0.7317796875 0.55535 0.7474265625000001 0.5491343750000001 0.754253125 0.537184375 0.7564296875000001 0.5418937500000001 0.712603125 0.5405421875 0.7137578125 0.5355531250000001 0.720803125 0.5325 0.726809375 0.52711875 0.7394406250000001 0.5293421875 0.746690625 0.536321875 0.7600015625000001 0.5215375 0.7592078124999999 0.5115375 0.7598671875 0.5145375 0.7753 0.517278125 0.781921875 0.5163562500000001 0.7882015625000001 0.5130109375 0.7915609375 0.5099734375 0.7986234375000001 0.5183484375 0.8024812499999999 0.5346968750000001 0.8030375 0.5430671874999999 0.810915625 0.5715078124999999 0.7964421875000001 0.5754859375 0.7159140625 0.5814921875 0.66325625 0.5874671874999999 0.6616500000000001 0.5918671875 0.6542625 0.5866765625 0.6483187499999999 0.5876609375 0.5598015625 0.5885328125 0.5461921875 0.580765625 0.546621875 0.5858796875000001 0.5368062499999999 0.5761984375 0.53716875 0.5769375 0.5264796875 0.5808765625000001 0.52523125 0.585378125 0.5241890625 0.587125 0.5194140625 0.581521875 0.515275 0.5767984375 0.51154375 0.577859375 0.3369171875 0.573490625 0.347228125 0.5695812499999999 0.35074218749999997 0.5694984375 0.3606890625 0.5758828125 0.3659203125 0.5758828125 0.37179375000000003 0.5674921875 0.3702375 0.5670265624999999 0.3810765625 0.5726203125 0.3870015625 0.5687656249999999 0.392434375 0.5717421875 0.407365625 0.5672906249999999 0.4082328125 0.55928125 0.41622812500000006 0.5613546875 0.4316578125
0 0.6104421875 0.38396093750000004 0.6138796875 0.3783875 0.613109375 0.3735625 0.61105 0.37183125 0.60700625 0.3726140625 0.607321875 0.3789984375 0.6104421875 0.38396093750000004
0 0.6051203125 0.49679375 0.62049375 0.5023718749999999 0.618884375 0.5410359375 0.6171078125 0.5421890625 0.61003125 0.544771875 0.6046218750000001 0.54826875 0.6069328125 0.55173125 0.6120265625 0.5531515625 0.6181125 0.5512640625 0.6181125 0.5535734375 0.618140625 0.56268125 0.6099203125 0.563484375 0.6026359375 0.5565984375 0.599796875 0.561175 0.604809375 0.5661375 0.6180546875 0.5678390624999999 0.616721875 0.5703515625 0.5983328125 0.5681234374999999 0.59438125 0.5826578125 0.5942921875 0.6391234375 0.5930156249999999 0.6459296875 0.59628125 0.6528390625 0.5999015625 0.6520671874999999 0.6007640624999999 0.64776875 0.604609375 0.6429953125 0.6123484375 0.6424390625 0.6219765625 0.653440625 0.6183890625 0.6588093749999999 0.6102765625 0.6699140625 0.6011546875 0.668115625 0.5985109375000001 0.6707453125 0.6046218750000001 0.6776890625 0.5950484375 0.677321875 0.59164375 0.6812109375000001 0.5930093750000001 0.69465625 0.597853125 0.7008171875 0.59878125 0.701378125 0.6059859375000001 0.7089859374999999 0.6084296874999999 0.70514375 0.6106265625 0.6953390625 0.6113062499999999 0.6907609375 0.6118750000000001 0.6840499999999999 0.609784375 0.681365625 0.60856875 0.6729140625000001 0.61861875 0.6694421875 0.6151203125 0.6997328125 0.61948125 0.7194859375 0.62131875 0.7105796875 0.6253171875 0.7205203124999999 0.6226296875 0.733278125 0.6223203125000001 0.756271875 0.6266859375 0.7958578125 0.6210921875000001 0.9072390625000001 0.6197515625000001 0.9975234374999999 0.640546875 0.9997921875 0.65145 0.5397109375 0.6513609375 0.5312015625 0.6488546875 0.524534375 0.6528578125 0.5075765624999999 0.650953125 0.4997328125 0.6533578125 0.476821875 0.6565984375 0.3858796875 0.64151875 0.3910546875 0.6280484375000001 0.39280624999999997 0.62318125 0.4014171875 0.6217796875 0.43556875 0.6171234375 0.4575 0.6174296874999999 0.4814984375 0.61576875 0.48995468750000004 0.6230765625 0.49180624999999994 0.62024375 0.49862343750000004 0.6151515625 0.49908125 0.6135937499999999 0.49365156250000003 0.605478125 0.49365156250000003 0.6051203125 0.49679375
0 0.6196531249999999 0.385159375 0.6253609375 0.3920703125 0.631646875 0.3917 0.6290296875 0.38232499999999997 0.6196531249999999 0.385159375
0 0.59266875 0.4399375 0.5892921875 0.44032031250000003 0.588859375 0.44680625 0.5940390625 0.4474453125 0.594703125 0.440853125 0.59266875 0.4399375
0 0.6126343750000001 0.423009375 0.6058796875 0.42431718749999997 0.6052109375 0.4291390625 0.6077015625 0.4352828125 0.61198125 0.43393750000000003 0.61464375 0.42221093749999994 0.6126343750000001 0.423009375
0 0.7969046875 0.8270359375 0.8044687500000001 0.8245734375 0.8018734375 0.8157875000000001 0.801940625 0.8117453125 0.8081765624999999 0.8068046875 0.8156796875 0.801403125 0.815315625 0.795359375 0.8073921875 0.78843125 0.8071421875 0.7847625 0.8093828125 0.7728312500000001 0.81400625 0.76685625 0.8139484375 0.7596953125 0.8127703125 0.7580312499999999 0.8147625 0.75158125 0.8106390625 0.7454171875 0.8083296875 0.73978125 0.8081609375 0.7358421875000001 0.819096875 0.73338125 0.818525 0.7275765625 0.8107640625 0.72508125 0.8089953124999999 0.719321875 0.8114203124999999 0.717896875 0.8154953125000001 0.7165046875 0.8157156249999999 0.7108187499999999 0.8116218749999999 0.7090015625 0.8127453125 0.7048578125 0.8144515625000001 0.7026328125 0.8140218750000001 0.698390625 0.8098515624999999 0.6910390625 0.8167328125 0.6829562499999999 0.818353125 0.6756921874999999 0.8177859375000001 0.6741984375000001 0.816609375 0.6731296875 0.812215625 0.6720921875 0.8176 0.6688500000000001 0.8153359375000001 0.6661328125 0.8104015625000001 0.6647406250000001 0.80773125 0.663534375 0.810434375 0.6534515625 0.819409375 0.6494765625000001 0.8203984375 0.64006875 0.815203125 0.6301671875 0.8122375 0.632378125 0.8122375 0.62518125 0.8139859375 0.6165328125 0.8191484375 0.6106390625 0.81883125 0.6051390624999999 0.8171921875000001 0.5994515625 0.8188968750000001 0.5951046875 0.8210671875 0.586978125 0.8221484374999999 0.580765625 0.8169375000000001 0.573196875 0.8145984374999999 0.56540625 0.8184374999999999 0.566765625 0.8219218749999999 0.567684375 0.8283796875 0.56146875 0.8292296875 0.5641671875000001 0.8270031250000001 0.5707 0.8356734375 0.571446875 0.8348296875000001 0.5650984375 0.8329265625 0.5624671875 0.83708125 0.5575625 0.83708125 0.5537625 0.82995 0.555709375 0.8292703124999999 0.558303125 0.8241093749999999 0.5570921875 0.8195125000000001 0.552625 0.8228828125 0.549671875 0.8272906250000001 0.5484671875 0.8306625000000001 0.5389578125 0.82500625 0.5294375 0.8195062500000001 0.5254140625 0.8228515625 0.5206609375 0.817396875 0.5149578125 0.8143671875 0.5135500000000001 0.8140296875 0.49785625 0.8088046875 0.49838750000000004 0.8088640625 0.5124671875 0.8096875000000001 0.5167328125 0.8152703125 0.5159515625 0.8135015624999999 0.5268546875 0.8062609374999999 0.52565 0.8056984375 0.566690625 0.8037484375 0.57284375 0.8035656250000001 0.5953125 0.803065625 0.6172828124999999 0.8026843749999999 0.6311718749999999 0.7996671875 0.651734375 0.7986953125 0.73160625 0.7925140625 0.8241296874999999 0.7969046875 0.8270359375
0 0.6952234374999999 0.6233640625 0.69828125 0.61953125 0.6989203125000001 0.6075578125 0.6987890625000001 0.602953125 0.6985046875 0.5907796875 0.6963703125 0.589265625 0.6920984375 0.5882562499999999 0.6852125 0.5878328125000001 0.6824765625 0.5918203125 0.6890859375 0.5951828124999999 0.6901265624999999 0.59721875 0.6901265624999999 0.608971875 0.6880796874999999 0.606165625 0.68470625 0.6043109375 0.6827984375 0.6088609375 0.68393125 0.6162625 0.6854953125 0.6217312500000001 0.6952234374999999 0.6233640625
0 0.69524375 0.627178125 0.6929578125 0.627365625 0.691003125 0.631659375 0.6925421875 0.6335437500000001 0.6949859375 0.6339171875 0.696375 0.62891875 0.69524375 0.627178125
0 0.6851234374999999 0.6374296875 0.68088125 0.6371140625 0.685271875 0.6730515625 0.6913218750000001 0.667959375 0.6963015625 0.668878125 0.6989046875 0.6470546875000001 0.6975671875 0.6452453125 0.6925703125 0.644771875 0.689553125 0.6425625 0.6851234374999999 0.6374296875
0 0.6701125 0.953440625 0.6697968750000001 1 0.681215625 0.9985781250000001 0.6814625000000001 0.9825437499999999 0.686496875 0.9873203125 0.692065625 0.9826765625 0.6886687499999999 0.9740171875 0.6911171875 0.9698421875 0.6875171875 0.9630703125 0.6888875 0.9564171874999999 0.6926859375000001 0.9526140625 0.6920234375 0.94836875 0.6912765624999999 0.9437859375000001 0.6912765624999999 0.9374703125 0.690959375 0.9321406250000001 0.691590625 0.9250984375 0.693396875 0.9166140625000001 0.6973 0.9037609375000001 0.6923171875 0.8914890625 0.6841437499999999 0.8783265625000001 0.6890343750000001 0.86554375 0.68998125 0.8595 0.691575 0.85440625 0.6935781249999999 0.8464625 0.693615625 0.8345437499999999 0.693365625 0.8295171874999999 0.6937156250000001 0.8224890625000001 0.6836453125 0.818059375 0.683396875 0.8136156250000001 0.690209375 0.8152156250000001 0.6923921875 0.8093765625 0.69295625 0.807 0.684290625 0.802825 0.6871 0.8004328125000001 0.693215625 0.8012234375 0.6970390625 0.791553125 0.694684375 0.7873421875 0.6911562499999999 0.78696875 0.6877609375 0.79120625 0.6852703124999999 0.7837015625 0.6852703124999999 0.7756546875 0.68783125 0.772228125 0.694109375 0.7686421875 0.694109375 0.7628390625 0.694365625 0.7509406249999999 0.6928468750000001 0.7457453125 0.6909671875 0.7406531249999999 0.6915218750000001 0.7277796875 0.6931421875 0.724215625 0.6886140625 0.718578125 0.6859078125 0.70525 0.682196875 0.7017703125 0.678646875 0.7048421874999999 0.6749609375000001 0.74835625 0.676678125 0.7699453125 0.6763609374999999 0.7831234375 0.675875 0.796915625 0.6717531250000001 0.8048578125000001 0.6711843749999999 0.811990625 0.6708624999999999 0.834953125 0.6723671875 0.8462296874999999 0.6713875 0.8725468749999999 0.6694484375 0.902296875 0.672075 0.9059953125 0.6689140625000001 0.9239578125 0.6700515625000001 0.9450171875000001 0.6701125 0.953440625
0 0.8014890625 0.8314234375 0.798321875 0.8304421874999999 0.7974625 0.8344515625 0.8011375 0.8368890625000001 0.8022125000000001 0.8319656249999999 0.8014890625 0.8314234375
0 0.8151093749999999 0.8351921875 0.8098484375 0.8323734375 0.8140390625 0.8321921874999999 0.8084374999999999 0.8320062500000001 0.8067046875000001 0.8348218749999999 0.8076328125 0.8368578125000001 0.81338125 0.8373171875000001 0.8151093749999999 0.8351921875
0 0.7978203125000001 0.8885937500000001 0.7994515625 0.8843390624999999 0.80121875 0.8766953125000001 0.8004749999999999 0.8737390625 0.7984734375 0.8672375000000001 0.79994375 0.8630734375 0.802840625 0.8613156249999999 0.8073218750000001 0.86094375 0.8081140625 0.8588156250000001 0.8097890624999999 0.8597828125 0.8097890624999999 0.8649093750000001 0.811625 0.872415625 0.815771875 0.87705 0.8218828125 0.8778703125 0.8243750000000001 0.871715625 0.8224640624999999 0.8667890625 0.8214750000000001 0.8613843749999999 0.8179140625000001 0.8571734375 0.81711875 0.8560703125 0.8158828124999999 0.8536718750000001 0.8139046875 0.8481359375 0.8076874999999999 0.84780625 0.8033125 0.8471171875 0.7928203125 0.8432499999999999 0.7914484374999999 0.9041625 0.7930546875 0.907071875 0.7955890625 0.9076531250000001 0.7986234375000001 0.903109375 0.79458125 0.8969531249999999 0.7967796875000001 0.8896062499999999 0.7978203125000001 0.8885937500000001
0 0.8135999999999999 0.9920953125 0.81085625 0.999259375 0.8206734375 1 0.8201437500000001 0.9849765625 0.8152296874999999 0.9846359375 0.8135656250000001 0.9889468750000001 0.8189296875000001 0.9896953125 0.8189296875000001 0.99085 0.8135999999999999 0.9920953125
0 0.79638125 0.9591828124999999 0.794403125 0.9549562500000001 0.792971875 0.9546640625 0.7915265625 0.958625 0.793725 0.962925 0.7951953125 0.96413125 0.7972328125 0.9622109375000001 0.79638125 0.9591828124999999
0 0.7943890625 0.9424187500000001 0.7953625 0.9405703125 0.796109375 0.9392171875 0.7977171875 0.9353734375 0.7963484375000001 0.9282796875000001 0.7926046875 0.9286875 0.7904 0.9297578124999999 0.790084375 0.93434375 0.7943890625 0.9424187500000001
0 0.9689234375 0.169828125 0.9626921875000001 0.17545 0.974165625 0.17772656250000002 0.9803890624999999 0.178440625 0.987496875 0.1773265625 0.9901453124999999 0.173259375 0.990875 0.17245468749999998 0.9875875000000001 0.171846875 0.9793234375000001 0.17079687500000001 0.9689234375 0.169828125
0 0.66328125 0.096875 0.6578125 0.09921875 0.6609375 0.11015625 0.66328125 0.096875
0 0.58828125 0.815625 0.5859375 0.82265625 0.5921875 0.82421875 0.5953125 0.81953125 0.58828125 0.815625
0 0.55 0.82890625 0.5546875 0.85859375 0.5703125 0.86171875 0.5765625 0.82734375 0.57265625 0.8203125 0.55390625 0.8140625 0.55 0.82890625
0 0.54140625 0.9703125 0.540625 0.99921875 0.5453125 0.99921875 0.54140625 0.9703125
0 0.55859375 0.9921875 0.5484375 0.99921875 0.56875 0.99921875 0.55859375 0.9921875
0 0.59140625 0.7125 0.5875 0.72734375 0.6046875 0.73203125 0.60625 0.71015625 0.59140625 0.7125
0 0.69140625 0.4015625 0.6890625 0.41015625 0.6984375 0.41171875 0.7015625 0.40546875 0.69140625 0.4015625
0 0.55390625 0.4625 0.5484375 0.47421875 0.5546875 0.48359375 0.55390625 0.4625