0 0.6848359375 0.4578609375 0.6848359375 0.4659859375 0.6844078125 0.4893609375 0.684403125 0.50085 0.67924375 0.5027874999999999 0.67885625 0.5194484375 0.6868453125 0.559346875 0.6877500000000001 0.5761953125 0.692303125 0.5744109374999999 0.7003 0.56518125 0.6940046875 0.5584296875 0.698303125 0.547740625 0.7023578125000001 0.5392125 0.7034578125000001 0.5349265625 0.705078125 0.5238125 0.6979953125 0.524309375 0.6913843749999999 0.5241140625 0.699965625 0.51676875 0.7031796875 0.5119203125 0.701228125 0.49904843750000005 0.7023328125 0.47301562500000005 0.7048484375 0.46108593750000004 0.705696875 0.45524375 0.694790625 0.451796875 0.6922953125 0.4507359375 0.7022515625 0.44316562499999995 0.7042078125 0.4413484375 0.702621875 0.43585312500000006 0.7000656249999999 0.43459375 0.6905984375 0.44172968749999997 0.6919484375 0.4346859375 0.6997734375 0.43060937499999996 0.6992 0.420640625 0.6959625 0.4161125 0.691225 0.422175 0.687875 0.4248421875 0.6836109375 0.4305203125 0.6848359375 0.4578609375
0 0.71153125 0.9537875 0.7104734374999999 0.9479453124999999 0.710453125 0.9425812499999999 0.7111578125 0.9377281249999999 0.7079375 0.9328390625 0.7055546875 0.9357421875 0.700965625 0.9392640625 0.6986687500000001 0.9360203125 0.6947140625 0.9374343749999999 0.6983843750000001 0.9986656249999999 0.72921875 1 0.728365625 0.9943703125000001 0.71915 0.9971500000000001 0.716359375 0.99630625 0.71294375 0.9956171875000001 0.7112359374999999 0.9949718750000001 0.7074125 0.997978125 0.70685 0.9814437500000001 0.7084374999999999 0.9697906250000001 0.7047625 0.962490625 0.69878125 0.9644078125 0.6976546875 0.9577875 0.71153125 0.9537875
0 0.71716875 0.9343468749999999 0.721503125 0.9420359375 0.7234546875000001 0.9445828125 0.7222265625000001 0.953525 0.7241625 0.9588546875 0.724653125 0.9663265624999999 0.7185875 0.9674859375 0.7232093749999999 0.9738171875000001 0.72656875 0.980159375 0.727159375 0.9474015625 0.7282828125 0.9310140625000001 0.7282828125 0.9056515624999999 0.7264703124999999 0.89879375 0.7285421875 0.885990625 0.729421875 0.8686828125 0.72679375 0.8617765625 0.7218312499999999 0.8743968750000001 0.7184062499999999 0.8885640625000001 0.717315625 0.8978078125 0.7200359375 0.906903125 0.72179375 0.9171953125 0.7195703124999999 0.9261640625 0.71716875 0.9343468749999999
0 0.8238843749999999 0.9977734375 0.836953125 0.9969109375 0.8423453125 0.991534375 0.8410453125 0.9862437500000001 0.838621875 0.9790609375000001 0.8335734374999999 0.9775984375 0.8314203125 0.9835765625 0.8241250000000001 0.9871421874999999 0.8238843749999999 0.9977734375
0 0.8579359375 0.9871437500000001 0.8645671875 0.9861375000000001 0.8617374999999999 0.97871875 0.858615625 0.9804999999999999 0.8579359375 0.9871437500000001
0 0.8553421875 0.9600359375 0.8597359375 0.958859375 0.8571921874999999 0.9523125 0.8541828125 0.9561484374999999 0.8553421875 0.9600359375
0 0.820725 0.8070281250000001 0.825796875 0.814378125 0.8304828125 0.8248749999999999 0.8324890625 0.833940625 0.8303593749999999 0.84365 0.83069375 0.852634375 0.8383328125 0.8612578125000001 0.8416343749999999 0.8653656249999999 0.8465984375 0.8627812499999999 0.8473843750000001 0.8382968749999999 0.8536781250000001 0.82125625 0.8550265625 0.8194984375000001 0.8364765625 0.8108531250000001 0.820725 0.8070281250000001
0 0.8928921875 0.7899734375 0.9029015625 0.7854890625000001 0.8683359375 0.7734828125 0.8640578124999999 0.7653218749999999 0.8545999999999999 0.7670421875 0.8405875 0.7705359374999999 0.84398125 0.7730140624999999 0.84839375 0.7775515625 0.846915625 0.783978125 0.8392703125000001 0.78468125 0.8359343750000001 0.7843718749999999 0.8324624999999999 0.7836234375 0.8313203124999999 0.7849359375 0.8310328124999999 0.7905546875 0.8365109374999999 0.793546875 0.8469374999999999 0.7930984375000001 0.8610609374999999 0.7937390625 0.86925625 0.7927125 0.8801671875 0.7912671875 0.8928921875 0.7899734375
0 0.7159765625000001 0.8110312499999999 0.7201078125 0.8116656250000001 0.720575 0.8197109375 0.715528125 0.8255515625 0.71369375 0.831221875 0.7164140625 0.8399796875 0.7174453125 0.8433078125 0.71541875 0.8547687500000001 0.72163125 0.8515593750000001 0.7244046875000001 0.8399515624999999 0.72351875 0.832690625 0.7240125 0.8279796875000001 0.7261015625 0.8221078125 0.728165625 0.8179640625 0.7268749999999999 0.8140281249999999 0.7243640625000001 0.81055625 0.7231390625 0.8073218750000001 0.7250890625 0.803321875 0.725984375 0.8010703124999999 0.7245328125 0.7936046875 0.7270749999999999 0.784284375 0.7278328125 0.7705093749999999 0.698075 0.7594593749999999 0.6973953125000001 0.7631593750000001 0.69644375 0.768625 0.6974578124999999 0.77725 0.69923125 0.7816609375 0.7025515625 0.7807593749999999 0.707559375 0.7750234375 0.709515625 0.773475 0.715040625 0.773475 0.718278125 0.7754265625000001 0.7143828125 0.7796015625 0.714378125 0.7842515624999999 0.716425 0.7888328125 0.7167109375 0.7919906250000001 0.7131796875 0.7947625 0.7158609375 0.8050218750000001 0.7162859375 0.8085859375 0.7111484375 0.806871875 0.7088859375000001 0.812303125 0.7097390625 0.815221875 0.71398125 0.8138937500000001 0.7159765625000001 0.8110312499999999
0 0.5995953125 0.7274406250000001 0.601090625 0.7323703125 0.6048250000000001 0.733109375 0.607384375 0.7293234375 0.6084937499999999 0.728896875 0.609240625 0.7335875 0.6101453125 0.736046875 0.6159859375 0.7355703124999999 0.6190453125000001 0.7301203125 0.573071875 0.7133640625 0.570640625 0.71393125 0.567559375 0.7190624999999999 0.5681703125 0.722428125 0.5712484375 0.7250828125 0.576953125 0.725296875 0.5871890625 0.7249234375 0.5892703125 0.7249531250000001 0.59051875 0.7295390625 0.5913781250000001 0.734371875 0.5959265625 0.7340921875 0.5972640625000001 0.7267234375 0.5995953125 0.7274406250000001
0 0.607090625 0.6756515624999999 0.588609375 0.6797609375 0.5827718749999999 0.68206875 0.5808078125 0.6776156249999999 0.5753265625 0.6721609374999999 0.5680265624999999 0.68205 0.5644703125 0.6884140624999999 0.5626359375 0.69371875 0.5691125 0.7007296875 0.6176437499999999 0.7014765625 0.6361 0.70811875 0.6359078125 0.6943265625 0.6373656249999999 0.690771875 0.6322203125 0.6737375 0.6298171875 0.6602203125 0.6285875 0.650771875 0.62176875 0.638490625 0.6136046875 0.6460109375 0.6138921875000001 0.651546875 0.613884375 0.655928125 0.6081796875000001 0.6657 0.607090625 0.6756515624999999
0 0.590184375 0.6402234375 0.5910234375 0.6417937499999999 0.6022875 0.6322687499999999 0.6049984375 0.6284890625 0.5983906250000001 0.6261171875 0.592934375 0.630209375 0.5899 0.6359468749999999 0.590184375 0.6402234375
0 0.5726203125 0.6129984375 0.5670265624999999 0.6189234375 0.5674921875 0.6297625 0.5758828125 0.6282062500000001 0.5758828125 0.6340796875 0.5694984375 0.6393109375 0.5695812499999999 0.6492578124999999 0.573490625 0.652771875 0.577859375 0.6630828125 0.5767984375 0.48845625000000004 0.581521875 0.48472499999999996 0.587125 0.4805859375 0.585378125 0.47581093750000003 0.5808765625000001 0.47476874999999996 0.5769375 0.4735203125 0.5761984375 0.46283124999999997 0.5858796875000001 0.46319375 0.580765625 0.45337812499999997 0.5885328125 0.4538078125 0.5876609375 0.4401984375 0.5866765625 0.35168125 0.5918671875 0.3457375 0.5874671874999999 0.33835000000000004 0.5814921875 0.33674375 0.5754859375 0.2840859375 0.5715078124999999 0.2035578125 0.5430671874999999 0.189084375 0.5346968750000001 0.19696249999999998 0.5183484375 0.19751875000000002 0.5099734375 0.2013765625 0.5130109375 0.20843906250000002 0.5163562500000001 0.2117984375 0.517278125 0.21807812499999998 0.5145375 0.22469999999999998 0.5115375 0.24013281250000001 0.5215375 0.2407921875 0.536321875 0.2399984375 0.5293421875 0.253309375 0.52711875 0.26055937500000004 0.5325 0.273190625 0.5355531250000001 0.279196875 0.5405421875 0.28624218749999997 0.5418937500000001 0.287396875 0.537184375 0.2435703125 0.5491343750000001 0.24574687499999998 0.55535 0.2525734375 0.5575593750000001 0.2682203125 0.5573515625 0.2778359375 0.560396875 0.29299375 0.5556078125 0.30996250000000003 0.5509875 0.2978125 0.548628125 0.29476874999999997 0.546240625 0.32665937500000003 0.5484921875000001 0.3443046875 0.5463859375 0.367728125 0.5503515625000001 0.41010468749999995 0.5492125 0.4234578125 0.5503875 0.4301734375 0.5594640625 0.42961406249999995 0.5604796875 0.4380671875 0.5587515625 0.44965625 0.5603765625 0.45870625 0.5636140625 0.459215625 0.5645765625 0.4848109375 0.5598625 0.4966109375 0.559675 0.507996875 0.561575 0.5127734375 0.563853125 0.5281578125 0.5634671875 0.5369921875 0.561878125 0.55009375 0.561878125 0.5552875 0.5613546875 0.5683421875 0.55928125 0.5837718749999999 0.5672906249999999 0.5917671875 0.5717421875 0.592634375 0.5687656249999999 0.607565625 0.5726203125 0.6129984375
0 0.6138796875 0.6216125 0.6104421875 0.6160390625 0.607321875 0.6210015624999999 0.60700625 0.6273859374999999 0.61105 0.62816875 0.613109375 0.6264375 0.6138796875 0.6216125
0 0.6230765625 0.50819375 0.61576875 0.5100453125 0.6174296874999999 0.5185015625 0.6171234375 0.5425 0.6217796875 0.5644312499999999 0.62318125 0.5985828125 0.6280484375000001 0.60719375 0.64151875 0.6089453125000001 0.6565984375 0.6141203125 0.6533578125 0.523178125 0.650953125 0.5002671875 0.6528578125 0.4924234375 0.6488546875 0.475465625 0.6513609375 0.4687984375 0.65145 0.46028906249999996 0.640546875 0.00020781250000000002 0.6197515625000001 0.0024765625 0.6210921875000001 0.0927609375 0.6266859375 0.20414218750000002 0.6223203125000001 0.243728125 0.6226296875 0.266721875 0.6253171875 0.27947968749999996 0.62131875 0.2894203125 0.61948125 0.2805140625 0.6151203125 0.3002671875 0.61861875 0.3305578125 0.60856875 0.32708593750000003 0.609784375 0.31863437499999997 0.6118750000000001 0.31595 0.6113062499999999 0.3092390625 0.6106265625 0.3046609375 0.6084296874999999 0.29485625 0.6059859375000001 0.2910140625 0.59878125 0.298621875 0.597853125 0.2991828125 0.5930093750000001 0.30534374999999997 0.59164375 0.3187890625 0.5950484375 0.32267812500000004 0.6046218750000001 0.3223109375 0.5985109375000001 0.32925468750000003 0.6011546875 0.331884375 0.6102765625 0.3300859375 0.6183890625 0.34119062499999997 0.6219765625 0.346559375 0.6123484375 0.3575609375 0.604609375 0.35700468750000003 0.6007640624999999 0.35223125 0.5999015625 0.34793281249999997 0.59628125 0.3471609375 0.5930156249999999 0.3540703125 0.5942921875 0.3608765625 0.59438125 0.41734218749999996 0.5983328125 0.4318765625 0.616721875 0.42964843750000004 0.6180546875 0.43216093750000006 0.604809375 0.43386250000000004 0.599796875 0.438825 0.6026359375 0.44340156249999996 0.6099203125 0.436515625 0.618140625 0.43731875000000003 0.6181125 0.4464265625 0.6181125 0.44873593749999996 0.6120265625 0.44684843750000003 0.6069328125 0.44826875 0.6046218750000001 0.45173125000000003 0.61003125 0.455228125 0.6171078125 0.4578109375 0.618884375 0.45896406250000005 0.62049375 0.49762812500000003 0.6051203125 0.5032062500000001 0.605478125 0.5063484375 0.6135937499999999 0.5063484375 0.6151515625 0.5009187500000001 0.62024375 0.5013765625 0.6230765625 0.50819375
0 0.6290296875 0.617675 0.631646875 0.6083000000000001 0.6253609375 0.6079296875 0.6196531249999999 0.614840625 0.6290296875 0.617675
0 0.59266875 0.5600625 0.594703125 0.5591468749999999 0.5940390625 0.5525546875 0.588859375 0.5531937499999999 0.5892921875 0.5596796875 0.59266875 0.5600625
0 0.6058796875 0.5756828125 0.6126343750000001 0.576990625 0.61464375 0.5777890625000001 0.61198125 0.5660624999999999 0.6077015625 0.5647171875 0.6052109375 0.5708609375 0.6058796875 0.5756828125
0 0.803065625 0.3827171875 0.8035656250000001 0.4046875 0.8037484375 0.42715625 0.8056984375 0.433309375 0.8062609374999999 0.47435 0.8135015624999999 0.47314531249999997 0.8152703125 0.4840484375 0.8096875000000001 0.4832671875 0.8088640625 0.4875328125 0.8088046875 0.5016125 0.8140296875 0.50214375 0.8143671875 0.48644999999999994 0.817396875 0.48504218750000005 0.8228515625 0.47933906249999997 0.8195062500000001 0.4745859375 0.82500625 0.47056250000000005 0.8306625000000001 0.46104218750000003 0.8272906250000001 0.4515328125 0.8228828125 0.45032812499999997 0.8195125000000001 0.44737499999999997 0.8241093749999999 0.4429078125 0.8292703124999999 0.441696875 0.82995 0.444290625 0.83708125 0.44623749999999995 0.83708125 0.44243750000000004 0.8329265625 0.43753281250000003 0.8348296875000001 0.4349015625 0.8356734375 0.428553125 0.8270031250000001 0.4293 0.8292296875 0.4358328125 0.8283796875 0.43853125000000004 0.8219218749999999 0.43231562500000004 0.8184374999999999 0.43323437499999995 0.8145984374999999 0.43459375 0.8169375000000001 0.426803125 0.8221484374999999 0.419234375 0.8210671875 0.413021875 0.8188968750000001 0.4048953125 0.8171921875000001 0.4005484375 0.81883125 0.3948609375 0.8191484375 0.3893609375 0.8139859375 0.38346718750000003 0.8122375 0.37481875 0.8122375 0.367621875 0.815203125 0.3698328125 0.8203984375 0.35993125 0.819409375 0.35052343750000003 0.810434375 0.3465484375 0.80773125 0.336465625 0.8104015625000001 0.335259375 0.8153359375000001 0.3338671875 0.8176 0.33115 0.812215625 0.3279078125 0.816609375 0.3268703125 0.8177859375000001 0.32580156250000003 0.818353125 0.32430781249999996 0.8167328125 0.31704374999999996 0.8098515624999999 0.30896093750000003 0.8140218750000001 0.301609375 0.8144515625000001 0.2973671875 0.8127453125 0.2951421875 0.8116218749999999 0.2909984375 0.8157156249999999 0.28918125 0.8154953125000001 0.28349531250000004 0.8114203124999999 0.282103125 0.8089953124999999 0.280678125 0.8107640625 0.27491875 0.818525 0.2724234375 0.819096875 0.26661875 0.8081609375 0.26415781250000003 0.8083296875 0.26021875 0.8106390625 0.2545828125 0.8147625 0.24841875 0.8127703125 0.24196875 0.8139484375 0.24030468749999997 0.81400625 0.23314374999999998 0.8093828125 0.22716875 0.8071421875 0.21523750000000003 0.8073921875 0.21156875 0.815315625 0.204640625 0.8156796875 0.198596875 0.8081765624999999 0.1931953125 0.801940625 0.18825468750000002 0.8018734375 0.1842125 0.8044687500000001 0.1754265625 0.7969046875 0.17296406250000002 0.7925140625 0.17587031250000001 0.7986953125 0.26839375 0.7996671875 0.34826562499999997 0.8026843749999999 0.368828125 0.803065625 0.3827171875
0 0.6880796874999999 0.393834375 0.6901265624999999 0.391028125 0.6901265624999999 0.40278125 0.6890859375 0.40481718750000006 0.6824765625 0.4081796875 0.6852125 0.4121671875 0.6920984375 0.41174375 0.6963703125 0.410734375 0.6985046875 0.4092203125 0.6987890625000001 0.397046875 0.6989203125000001 0.39244218750000004 0.69828125 0.38046875 0.6952234374999999 0.3766359375 0.6854953125 0.37826875000000004 0.68393125 0.3837375 0.6827984375 0.3911390625 0.68470625 0.3956890625 0.6880796874999999 0.393834375
0 0.6929578125 0.37263437499999996 0.69524375 0.37282187499999997 0.696375 0.37108125 0.6949859375 0.3660828125 0.6925421875 0.36645625000000004 0.691003125 0.368340625 0.6929578125 0.37263437499999996
0 0.6963015625 0.331121875 0.6913218750000001 0.332040625 0.685271875 0.3269484375 0.68088125 0.36288593750000003 0.6851234374999999 0.3625703125 0.689553125 0.35743749999999996 0.6925703125 0.355228125 0.6975671875 0.3547546875 0.6989046875 0.3529453125 0.6963015625 0.331121875
0 0.6713875 0.127453125 0.6723671875 0.1537703125 0.6708624999999999 0.16504687499999998 0.6711843749999999 0.18800937499999998 0.6717531250000001 0.1951421875 0.675875 0.20308437499999998 0.6763609374999999 0.21687656249999998 0.676678125 0.23005468750000002 0.6749609375000001 0.25164375 0.678646875 0.2951578125 0.682196875 0.2982296875 0.6859078125 0.29474999999999996 0.6886140625 0.28142187500000004 0.6931421875 0.275784375 0.6915218750000001 0.2722203125 0.6909671875 0.259346875 0.6928468750000001 0.2542546875 0.694365625 0.249059375 0.694109375 0.23716093749999997 0.694109375 0.23135781249999998 0.68783125 0.227771875 0.6852703124999999 0.22434531249999998 0.6852703124999999 0.21629843750000002 0.6877609375 0.20879374999999997 0.6911562499999999 0.21303125 0.694684375 0.2126578125 0.6970390625 0.208446875 0.693215625 0.1987765625 0.6871 0.1995671875 0.684290625 0.197175 0.69295625 0.193 0.6923921875 0.1906234375 0.690209375 0.184784375 0.683396875 0.186384375 0.6836453125 0.181940625 0.6937156250000001 0.1775109375 0.693365625 0.1704828125 0.693615625 0.16545625 0.6935781249999999 0.1535375 0.691575 0.14559375000000002 0.68998125 0.1405 0.6890343750000001 0.13445625 0.6841437499999999 0.1216734375 0.6923171875 0.1085109375 0.6973 0.0962390625 0.693396875 0.08338593749999999 0.691590625 0.07490156249999999 0.690959375 0.067859375 0.6912765624999999 0.0625296875 0.6912765624999999 0.056214062499999995 0.6920234375 0.05163125 0.6926859375000001 0.0473859375 0.6888875 0.0435828125 0.6875171875 0.0369296875 0.6911171875 0.0301578125 0.6886687499999999 0.0259828125 0.692065625 0.0173234375 0.686496875 0.0126796875 0.6814625000000001 0.01745625 0.681215625 0.001421875 0.6697968750000001 0 0.6701125 0.046559375 0.6700515625000001 0.0549828125 0.6689140625000001 0.0760421875 0.672075 0.09400468749999999 0.6694484375 0.097703125 0.6713875 0.127453125
0 0.8014890625 0.1685765625 0.8022125000000001 0.168034375 0.8011375 0.1631109375 0.7974625 0.16554843749999998 0.798321875 0.1695578125 0.8014890625 0.1685765625
0 0.8140390625 0.16780781250000001 0.8098484375 0.16762656250000002 0.8151093749999999 0.1648078125 0.81338125 0.1626828125 0.8076328125 0.1631421875 0.8067046875000001 0.165178125 0.8084374999999999 0.16799375 0.8140390625 0.16780781250000001
0 0.7930546875 0.092928125 0.7914484374999999 0.09583749999999999 0.7928203125 0.15675 0.8033125 0.1528828125 0.8076874999999999 0.15219375 0.8139046875 0.1518640625 0.8158828124999999 0.146328125 0.81711875 0.1439296875 0.8179140625000001 0.1428265625 0.8214750000000001 0.138615625 0.8224640624999999 0.1332109375 0.8243750000000001 0.128284375 0.8218828125 0.1221296875 0.815771875 0.12295 0.811625 0.127584375 0.8097890624999999 0.135090625 0.8097890624999999 0.1402171875 0.8081140625 0.141184375 0.8073218750000001 0.13905625 0.802840625 0.138684375 0.79994375 0.1369265625 0.7984734375 0.1327625 0.8004749999999999 0.1262609375 0.80121875 0.12330468750000001 0.7994515625 0.11566093749999999 0.7978203125000001 0.11140625 0.7967796875000001 0.11039375 0.79458125 0.10304687500000001 0.7986234375000001 0.096890625 0.7955890625 0.092346875 0.7930546875 0.092928125
0 0.8201437500000001 0.0150234375 0.8206734375 0 0.81085625 0.000740625 0.8135999999999999 0.0079046875 0.8189296875000001 0.00915 0.8189296875000001 0.0103046875 0.8135656250000001 0.011053125 0.8152296874999999 0.015364062500000001 0.8201437500000001 0.0150234375
0 0.792971875 0.0453359375 0.794403125 0.04504375 0.79638125 0.040817187500000005 0.7972328125 0.0377890625 0.7951953125 0.03586875 0.793725 0.037075000000000004 0.7915265625 0.041375 0.792971875 0.0453359375
0 0.7977171875 0.0646265625 0.796109375 0.060782812500000005 0.7953625 0.059429687499999995 0.7943890625 0.057581249999999994 0.790084375 0.06565625 0.7904 0.0702421875 0.7926046875 0.0713125 0.7963484375000001 0.07172031250000001 0.7977171875 0.0646265625
0 0.987496875 0.8226734375 0.9803890624999999 0.821559375 0.974165625 0.8222734375 0.9626921875000001 0.82455 0.9689234375 0.8301718749999999 0.9793234375000001 0.829203125 0.9875875000000001 0.828153125 0.990875 0.8275453125000001 0.9901453124999999 0.826740625 0.987496875 0.8226734375
0 0.6578125 0.90078125 0.66328125 0.903125 0.6609375 0.88984375 0.6578125 0.90078125
0 0.5953125 0.18046875 0.5921875 0.17578125 0.5859375 0.17734375 0.58828125 0.184375 0.5953125 0.18046875
0 0.5546875 0.14140625 0.55 0.17109375 0.55390625 0.1859375 0.57265625 0.1796875 0.5765625 0.17265625 0.5703125 0.13828125 0.5546875 0.14140625
0 0.540625 0.00078125 0.54140625 0.0296875 0.5453125 0.00078125 0.540625 0.00078125
0 0.5484375 0.00078125 0.55859375 0.0078125 0.56875 0.00078125 0.5484375 0.00078125
0 0.60625 0.28984375 0.6046875 0.26796875 0.5875 0.27265625 0.59140625 0.2875 0.60625 0.28984375
0 0.7015625 0.59453125 0.6984375 0.58828125 0.6890625 0.58984375 0.69140625 0.5984375 0.7015625 0.59453125
0 0.5484375 0.52578125 0.55390625 0.5375 0.5546875 0.51640625 0.5484375 0.52578125