0 0.7220046875 0 0.7220046875 0.0009671875 0.705540625 0.33088281249999996 0.7091828125 0.3324859375 0.7302390625 0.33985468750000003 0.7404765624999999 0.36338125 0.73716875 0.38632343750000003 0.7215390625 0.42153906250000006 0.713975 0.43283125 0.687675 0.45488125 0.6863 0.3677265625 0.6814296875 0.36707812500000003 0.6708828125 0.37878124999999996 0.66386875 0.40515156250000006 0.6759265625 0.434803125 0.6284109375 0.445959375 0.6318984375000001 0.456175 0.6275765625 0.486590625 0.6392218749999999 0.5062 0.6405140625 0.52123125 0.6274031250000001 0.5145796875 0.6214859374999999 0.5353171875 0.6644953124999999 0.54543125 0.6898453124999999 0.5701453125 0.753709375 0.5416234375 0.7702125 0.371428125 0.7831546875 0.3043578125 0.804378125 0.3018765625 0.8206359375 0.3488015625 0.8417031250000001 0.359559375 0.8482015625000001 0.33241875 0.8498421875 0.2579890625 0.83754375 0.2513140625 0.8174515625 0.28452500000000003 0.795659375 0.28308125 0.79458125 0.24919375000000002 0.8066203125 0.2382703125 0.8554999999999999 0.196871875 0.8639796875 0.167584375 0.880928125 0.1690140625 0.8633984375000001 0.189096875 0.8798046875000001 0.21280937500000002 0.8599234375 0.25625624999999996 0.87156875 0.2652265625 0.8607640625 0.3607703125 0.891196875 0.3552203125 0.8931609375 0.451859375 0.8529937500000001 0.9835046875 0.9163343749999999 1 0.93206875 0.8788234375 0.934509375 0.8388562500000001 0.9445781249999999 0.8032953125000001 0.9365046875 0.7618734375 0.9837828125 0.002290625 0.8891171874999999 0 0.8861328125 0.011803125000000001 0.8312796875 0.0043921875 0.8272484375 0.1402296875 0.8274953125 0.1708921875 0.8200921875 0.187653125 0.8057874999999999 0.1933875 0.81565 0 0.7220046875 0
0 0.7251609375 0.6504749999999999 0.7291609375 0.6516656249999999 0.7308874999999999 0.6551984375 0.7339015625 0.6605171875 0.7446578125000001 0.6609546875000001 0.743328125 0.656996875 0.744246875 0.6504218749999999 0.7505921875 0.6391312499999999 0.75031875 0.6336453125 0.7498265625 0.627509375 0.7468343749999999 0.6209953125000001 0.7422484375 0.615259375 0.74093125 0.6109140625 0.7441828125 0.6015843750000001 0.7485421875 0.5959328125 0.7520515624999999 0.5873171875 0.75164375 0.5821390625 0.7509703125 0.5752859375 0.742221875 0.5789093750000001 0.7416 0.5851656249999999 0.7378859375 0.5947953125 0.7356515625 0.6018734375 0.72836875 0.603878125 0.7254890625 0.6092859374999999 0.7281640625 0.6157015625 0.73456875 0.6235625 0.7314359375 0.625696875 0.7293671875000001 0.6314031250000001 0.7297921875 0.640884375 0.724790625 0.6446859375 0.7148296875 0.646459375 0.7094203125 0.6490453125 0.7105625 0.659284375 0.71854375 0.656246875 0.7251609375 0.6504749999999999
0 0.7022296875 0.591225 0.697940625 0.5905750000000001 0.694565625 0.5951359375 0.6999140625 0.6028 0.704109375 0.6008703125 0.704365625 0.5927578125 0.7022296875 0.591225
0 0.8216374999999999 0.3783046875 0.82469375 0.3828109375 0.814565625 0.39102031249999997 0.8142015625000001 0.3982421875 0.8175734374999999 0.4015671875 0.8385171874999999 0.394003125 0.8449953125 0.3914890625 0.8537640625 0.386740625 0.8511921875 0.3810265625 0.8448390625 0.37508906249999996 0.8335874999999999 0.373346875 0.825584375 0.3734484375 0.821228125 0.37524375 0.82244375 0.3773046875 0.8216374999999999 0.3783046875
0 0.7760921875 0.372075 0.7760812500000001 0.376746875 0.7826390625 0.3762109375 0.7791828125 0.36954375 0.7760921875 0.372075
0 0.8703218749999999 0.9975890625 0.8698656250000001 0.98771875 0.8559984375 0.9875140625000001 0.8563124999999999 1 0.8703218749999999 0.9975890625
0 0.8101968749999999 0.8737375000000001 0.809234375 0.875075 0.807853125 0.8805999999999999 0.8148640625000001 0.8840312499999999 0.817978125 0.8784875 0.8130296875 0.8739296875000001 0.8101968749999999 0.8737375000000001
0 0.68740625 0.9224937499999999 0.6849375 0.9185156250000001 0.6813484375 0.9187875 0.6792015625000001 0.9199609375 0.67869375 0.9256046874999999 0.6810109375 0.927059375 0.685465625 0.9267453124999999 0.68740625 0.9224937499999999
0 0.6882671874999999 0.9556828124999999 0.6844078125 0.9537234375000001 0.6793453125 0.9537140624999999 0.677678125 0.9591062499999999 0.684315625 0.9614968749999999 0.6912499999999999 0.9571953125 0.6882671874999999 0.9556828124999999
0 0.72175 0.9779312499999999 0.7166125 0.967946875 0.7170124999999999 0.9641859374999999 0.7325140625000001 0.9511484375 0.7323078125 0.9479265625 0.727990625 0.9452984375 0.7203890625 0.9441906250000001 0.714590625 0.9482625 0.7075015625 0.9583046875000001 0.709484375 0.9672296875 0.71184375 0.9752375000000001 0.7105 0.9850171874999999 0.708746875 0.9976312500000001 0.729221875 1 0.7277812499999999 0.9960171875 0.7239015625 0.9863062499999999 0.72175 0.9779312499999999
0 0.82421875 0.4296875 0.8234375 0.43515625 0.83125 0.43828125 0.834375 0.43203125 0.82421875 0.4296875
0 0.790625 0.58828125 0.79296875 0.5953125 0.803125 0.59453125 0.80234375 0.584375 0.790625 0.58828125