0 0.5930375 0.5444875 0.5970671875 0.545346875 0.601278125 0.5443875 0.60213125 0.5424359375 0.601665625 0.5415203125 0.6003093749999999 0.5410359375 0.60118125 0.5399484375 0.60410625 0.5375140625 0.6035734374999999 0.536425 0.6035734374999999 0.5345921875 0.60238125 0.53101875 0.5996390625 0.530428125 0.593025 0.5294078125 0.5923671875000001 0.53093125 0.5919218749999999 0.5327171875000001 0.5919218749999999 0.5329859375 0.5891031250000001 0.5348499999999999 0.5896375 0.536915625 0.589825 0.5386515625 0.5896015625000001 0.539446875 0.5866234375 0.5387015625 0.5851328125 0.539725 0.58910625 0.5433421875 0.5905859375 0.5438625 0.5930375 0.5444875
0 0.6156125 0.49151249999999996 0.6162421874999999 0.48821875 0.618490625 0.4857359375 0.61551875 0.48310624999999996 0.6139718750000001 0.482465625 0.6156171875 0.48032812500000005 0.6215703125 0.47735625 0.6230765625 0.47580625000000004 0.625965625 0.4741328125 0.623803125 0.47332656249999994 0.6211562500000001 0.4732578125 0.6199453125 0.4725625 0.61811875 0.47040468750000003 0.6186140625000001 0.4665515625 0.624009375 0.46427500000000005 0.6240703125 0.4612578125 0.6230953125 0.45901875 0.62566875 0.4559125 0.6256328124999999 0.45537031250000004 0.6204734375000001 0.45596718750000004 0.614996875 0.4558484375 0.6134921875 0.45658125 0.6115234375 0.4588234375 0.60990625 0.4606265625 0.6090453124999999 0.46336093749999996 0.6094031249999999 0.4662453125 0.609525 0.468078125 0.6091859375 0.47062499999999996 0.6088125 0.47306875000000004 0.609375 0.4753796875 0.60726875 0.47800000000000004 0.608425 0.48034375 0.6068749999999999 0.482759375 0.6048218750000001 0.48315937499999995 0.5998890625 0.4826921875 0.5963812500000001 0.48242812500000004 0.5846765625 0.4779890625 0.584353125 0.4856515625 0.5820328124999999 0.48945 0.581115625 0.48993125 0.5844750000000001 0.497440625 0.58638125 0.49853593749999997 0.5881984375 0.49981093750000005 0.5875421875 0.5020374999999999 0.58833125 0.5052 0.590553125 0.5079296875 0.5925359375 0.5096953125 0.5941453125 0.5110546874999999 0.5957140625 0.5140484375 0.5953171875 0.515903125 0.5947734375 0.5180984375000001 0.593121875 0.518778125 0.5904281250000001 0.5194687499999999 0.59028125 0.5208999999999999 0.593828125 0.521725 0.59446875 0.5229546875 0.59476875 0.52470625 0.595834375 0.5261218750000001 0.60066875 0.526721875 0.6015015625 0.528575 0.6052109375 0.5291265625 0.60671875 0.52803125 0.6069656250000001 0.5276078125 0.60821875 0.5251796875 0.6065437499999999 0.5244171875 0.607175 0.5211234375 0.607525 0.5201890625 0.609425 0.518153125 0.608428125 0.5157406250000001 0.60874375 0.51314375 0.6094296875 0.5112421875 0.6112546875 0.5091453125000001 0.6124015625 0.507159375 0.61370625 0.5048843749999999 0.614078125 0.5026609375 0.613128125 0.5018281250000001 0.612809375 0.498934375 0.613509375 0.49512812500000003 0.6156125 0.49151249999999996
0 0.5975609375000001 0.466315625 0.5984499999999999 0.46517187499999996 0.5969046875 0.464946875 0.5962265625 0.464625 0.5951390625 0.4642515625 0.59330625 0.464384375 0.59330625 0.4647203125 0.5939125 0.465696875 0.59506875 0.4663375 0.59704375 0.466815625 0.5975609375000001 0.466315625
0 0.59596875 0.4549671875 0.5971453125 0.4561296875 0.599353125 0.456090625 0.5999234375 0.4554296875 0.6003625 0.45380000000000004 0.5988125 0.45297656249999996 0.5972734375 0.45233125 0.5961203125 0.45189843749999997 0.594265625 0.451965625 0.5948703125 0.45338124999999996 0.59596875 0.4549671875
0 0.584096875 0.46291093749999995 0.5847609375 0.462996875 0.5855546875 0.4625 0.5861421874999999 0.4604796875 0.5858625 0.4589078125 0.58525625 0.4571109375 0.5845140625 0.45647187499999997 0.5841640625 0.461603125 0.584096875 0.46291093749999995
0 0.618703125 0.4449203125 0.6188859375 0.44541250000000004 0.6198734375 0.44545 0.6206515625 0.44545 0.6220890625 0.44545 0.622784375 0.44486875000000003 0.62214375 0.44423593749999996 0.6206625 0.44416093749999996 0.6195968749999999 0.4443984375 0.618703125 0.4449203125
0 0.5935453125000001 0.3927109375 0.5929890624999999 0.391740625 0.5927484375 0.3915953125 0.5922468750000001 0.3964609375 0.5926828125 0.39700625 0.5936640625 0.396225 0.5938109375 0.395409375 0.5936109375 0.3935375 0.5935453125000001 0.3927109375
0 0.6212375 0.3945984375 0.6210546875 0.39298125 0.6202390624999999 0.39263750000000003 0.6194359375 0.39228125 0.6184484375 0.3922953125 0.6172234375000001 0.392884375 0.616809375 0.3938546875 0.6171390625 0.3950453125 0.6177734375 0.3955203125 0.6181656249999999 0.395965625 0.61869375 0.3961125 0.620071875 0.39621249999999997 0.620628125 0.396075 0.6211656249999999 0.39566875 0.6212375 0.3945984375
0 0.6209578125 0.3868375 0.6210125 0.38563125 0.6205015625 0.384515625 0.61960625 0.3840984375 0.6182890624999999 0.3838296875 0.6173390624999999 0.38475625 0.6183984375 0.3856765625 0.6175484375 0.3862578125 0.6170375 0.38732812499999997 0.6176 0.38816875 0.6184093749999999 0.3887 0.6195484375 0.38902187499999996 0.619759375 0.3888484375 0.6197859375 0.38672968750000003 0.6209578125 0.3868375
0 0.6195468749999999 0.3799203125 0.619103125 0.3808921875 0.619428125 0.381634375 0.6204765625 0.3820171875 0.621259375 0.381565625 0.6212109375 0.38060625 0.620765625 0.3797234375 0.6195468749999999 0.3799203125
0 0.6377765625 0.336534375 0.6380984375 0.335409375 0.6377875000000001 0.33213125 0.63825 0.329825 0.6385421874999999 0.32884531250000004 0.640846875 0.3271984375 0.6415765625 0.32560781250000004 0.6413562500000001 0.32289218750000004 0.6405406250000001 0.322053125 0.641340625 0.31909062499999996 0.6433093750000001 0.3156046875 0.6433390625000001 0.3143234375 0.6435359375 0.311296875 0.6439796875 0.309484375 0.6443859375 0.3084921875 0.6445640625 0.306778125 0.6457046875 0.30526875000000003 0.644846875 0.3006640625 0.6446562499999999 0.298203125 0.645421875 0.295203125 0.646675 0.2919484375 0.645984375 0.28905 0.6483796875000001 0.28510625 0.6483984375 0.282046875 0.6481234375 0.2799328125 0.6471875 0.2760296875 0.646809375 0.27468593750000003 0.6493515624999999 0.27059687499999996 0.651865625 0.2604734375 0.6527499999999999 0.2559890625 0.65396875 0.25177031250000004 0.654090625 0.24946562499999997 0.6528031249999999 0.2480625 0.6528640625000001 0.2470703125 0.6550515625 0.242653125 0.6569906249999999 0.231278125 0.657578125 0.22897343750000002 0.6571312500000001 0.226375 0.6568375 0.224196875 0.6567515625 0.21950625 0.65825 0.213753125 0.6620609375 0.1914109375 0.6629109375 0.18720625 0.664878125 0.17782343750000001 0.66540625 0.17451250000000001 0.6655765625 0.17198906249999998 0.6656796875000001 0.16758125 0.6661374999999999 0.164896875 0.6699140625 0.16355312500000002 0.673015625 0.1499265625 0.6727484375 0.1467390625 0.6704828125 0.14211875000000002 0.669965625 0.1397796875 0.6716796875 0.1355296875 0.6711421875 0.1317046875 0.672009375 0.1282640625 0.6735078125 0.12451874999999998 0.6735562500000001 0.12144218749999999 0.6731609375 0.12003749999999999 0.6750921875 0.11409218750000001 0.67653125 0.1108953125 0.6770359375 0.10805781249999999 0.6760546875 0.10663125 0.6761046875 0.104459375 0.6776718749999999 0.10327968750000001 0.6777359374999999 0.09979218749999999 0.6765171875 0.09506875000000001 0.6795671875 0.0839265625 0.6824546875 0.06779062500000001 0.6845171875 0.054070312499999995 0.6876078125 0.034853125 0.6887796875000001 0.03143125 0.6877421874999999 0.028865625 0.686284375 0.027360937499999998 0.6816796875 0.028115624999999998 0.6771015625000001 0.0334890625 0.677025 0.036165625 0.6786749999999999 0.039375 0.6780390625 0.043834374999999995 0.677121875 0.049840625 0.6766156249999999 0.0525578125 0.6760421875 0.054871875 0.6736765625000001 0.057320312500000005 0.67265625 0.061375 0.6704171875 0.06572343750000001 0.6741953125 0.070396875 0.6735515624999999 0.0764765625 0.6723203125 0.079053125 0.6707890625 0.08139375 0.6700265625 0.08363437500000001 0.6700265625 0.08552499999999999 0.6706984375 0.093053125 0.6696484375 0.0961578125 0.6690875000000001 0.09969375 0.6689765624999999 0.10210156249999999 0.668975 0.10460624999999998 0.6685671875 0.1062546875 0.6667796874999999 0.1096359375 0.6654484375 0.1193453125 0.6652578124999999 0.12252031249999999 0.6643671875 0.1279078125 0.662525 0.1314796875 0.6619625 0.139503125 0.658965625 0.15016875000000002 0.659840625 0.1576375 0.65893125 0.1609890625 0.6588875 0.16520625 0.6581984375000001 0.1694953125 0.6574546875 0.17274687500000002 0.6569671875 0.1727046875 0.655040625 0.1720828125 0.651921875 0.171984375 0.6508859375 0.1730234375 0.649671875 0.1755171875 0.6493609375 0.17795 0.6504203125 0.1792609375 0.65329375 0.17960625 0.657496875 0.1777484375 0.6566562499999999 0.179215625 0.6562359375 0.181590625 0.6560640624999999 0.18345781249999998 0.654315625 0.18434375 0.64700625 0.181984375 0.645615625 0.1817640625 0.6413859375000001 0.18214687499999999 0.639253125 0.1830359375 0.6388859375 0.1853734375 0.6403203125 0.1861078125 0.6470046875000001 0.187925 0.6460640625 0.191809375 0.6460140625 0.1991734375 0.6457921875 0.20317968749999998 0.645046875 0.205309375 0.6423203125 0.20852656249999998 0.6396359375 0.2181390625 0.6391171875 0.22371875000000002 0.6400703125 0.226925 0.6414375 0.23459375 0.6414765625000001 0.2390640625 0.6420281250000001 0.2419421875 0.6415328125 0.24467500000000003 0.6408671874999999 0.24702656250000002 0.63939375 0.24869375 0.63764375 0.2508859375 0.637221875 0.25268437499999996 0.6387953125 0.2564046875 0.63848125 0.25871093749999996 0.6388499999999999 0.260309375 0.6415 0.2619265625 0.642021875 0.263571875 0.641990625 0.26378124999999997 0.638003125 0.2628640625 0.6361015625 0.264603125 0.6363375 0.26798125 0.636609375 0.26997499999999997 0.63621875 0.27105625 0.6407875 0.2707546875 0.6419640625 0.2717546875 0.6418484375 0.273490625 0.6408546875 0.275084375 0.640871875 0.27678437499999997 0.640671875 0.2786953125 0.6404203125000001 0.28175625000000004 0.638653125 0.287865625 0.63895625 0.2897515625 0.6382921875 0.2911578125 0.6375 0.2923015625 0.637809375 0.294878125 0.6374734375 0.296725 0.6374734375 0.297740625 0.6374734375 0.2994015625 0.636784375 0.30089375 0.6364796875 0.3030140625 0.635471875 0.30569375 0.636484375 0.308140625 0.6360609375 0.3095296875 0.6342140625 0.3099390625 0.6327140625000001 0.308790625 0.6292140625 0.309853125 0.6292500000000001 0.3115421875 0.6307640625000001 0.31420781249999996 0.6315453125 0.3162265625 0.631821875 0.3185015625 0.6290109375 0.31953437500000004 0.629709375 0.3217921875 0.630825 0.3254578125 0.6314546875 0.32696562500000004 0.632340625 0.33154374999999997 0.631515625 0.3346953125 0.6296078125 0.3386296875 0.6273171875 0.3454234375 0.6273703125 0.34733593749999997 0.6262171875 0.349296875 0.6251328125 0.3513546875 0.6238765625 0.35354375 0.6218421875 0.35430937500000004 0.6173453125 0.3553140625 0.61514375 0.35689375 0.6151046874999999 0.35876874999999997 0.6156203125 0.360496875 0.6170828125 0.3620546875 0.6179734375 0.3636421875 0.618184375 0.3666140625 0.61731875 0.36796875 0.6176203124999999 0.3694875 0.618675 0.3706859375 0.6195125 0.3709984375 0.621053125 0.37253125 0.62135 0.373309375 0.6204125 0.375465625 0.619765625 0.3775296875 0.621046875 0.37829375 0.6215953125 0.3782296875 0.622778125 0.3771453125 0.62365 0.377634375 0.626359375 0.3777796875 0.627546875 0.37667656250000003 0.6276546875 0.3729359375 0.6279765625 0.370934375 0.626475 0.3688859375 0.6291515624999999 0.36918281249999996 0.63035 0.3678625 0.630471875 0.36484375 0.6307578125 0.36346406249999996 0.6314375 0.3610484375 0.63210625 0.3589078125 0.6330828125 0.3565390625 0.632671875 0.3541625 0.632253125 0.3511015625 0.63595 0.345796875 0.6348203125 0.3431984375 0.63508125 0.34093125 0.635521875 0.3384859375 0.6361765625 0.3376546875 0.6377765625 0.336534375
0 0.6162640625 0.3255484375 0.6154484375 0.3266015625 0.6164984375 0.32798906250000004 0.6181328125000001 0.32925781249999997 0.61869375 0.32965 0.6198890625 0.33013593750000003 0.6207046875 0.3300484375 0.6212078125 0.329125 0.6211218749999999 0.327396875 0.620384375 0.32574375 0.6181656249999999 0.32490312499999996 0.6162640625 0.3255484375
0 0.65315625 0.07031875 0.6535546875 0.0669796875 0.6537453125 0.0638828125 0.6527796875 0.06071875 0.6493234375 0.059137499999999996 0.6474296875000001 0.0586109375 0.644371875 0.058062499999999996 0.6425296875 0.058848437499999996 0.642340625 0.0607859375 0.6423296875 0.06360312500000001 0.644465625 0.06597031249999999 0.645203125 0.067615625 0.6461078125 0.0714296875 0.64761875 0.07300625 0.6487953125 0.0745421875 0.6508296875 0.074421875 0.6513687499999999 0.0742859375 0.6527953125 0.07232187500000001 0.65315625 0.07031875
0 0.69954375 0.05415156249999999 0.6997359375000001 0.054615625 0.7040484375 0.055142187499999995 0.707159375 0.0528921875 0.708484375 0.0509953125 0.7056234375 0.049809375 0.70534375 0.049859375 0.7016125 0.05178125 0.7009234375 0.053559375 0.69954375 0.05415156249999999
0 0.6412609375 0.0902421875 0.6423671875 0.093903125 0.6437515625 0.09617187499999999 0.6442765625 0.0999765625 0.64553125 0.10023750000000001 0.6466046875 0.0992171875 0.6466234375 0.09726718749999999 0.64725 0.09507656249999999 0.6491687500000001 0.0937875 0.6484859375 0.0906890625 0.647971875 0.0879734375 0.6472390625 0.08605625 0.6446 0.08591875 0.6414671875 0.088165625 0.6412609375 0.0902421875
0 0.6386046875 0.153703125 0.6379703125 0.1532734375 0.636728125 0.153190625 0.6355453125 0.1540828125 0.6355921875 0.15498281249999998 0.636290625 0.15545625000000002 0.6380609374999999 0.15581875 0.63908125 0.15557656250000002 0.6386046875 0.153703125
0 0.57730625 0.5341234375 0.57695 0.5319640625 0.57725 0.5297828124999999 0.5761140625000001 0.5282203125 0.5751921875 0.53400625 0.5766421875 0.5346359374999999 0.57730625 0.5341234375
0 0.5710890625 0.5835390625 0.5713671875 0.5823296874999999 0.570234375 0.579271875 0.5700000000000001 0.5875515625000001 0.5704328125 0.5875874999999999 0.5708921874999999 0.5867328125 0.5711234375 0.5848609375 0.5710890625 0.5835390625
0 0.63470625 0.618725 0.6345375 0.6194437500000001 0.6333828125000001 0.6212734375 0.634578125 0.62090625 0.63483125 0.622725 0.6357 0.6226453125 0.63518125 0.620409375 0.63470625 0.618725
0 0.6339203125 0.615240625 0.6329125 0.6131875 0.6320125 0.6143640625 0.63191875 0.61483125 0.6339203125 0.615240625
0 0.62510625 0.604965625 0.6237765625 0.605878125 0.6249296875 0.606290625 0.6261281249999999 0.606325 0.6277796875 0.6060578125 0.626934375 0.6050515625 0.62510625 0.604965625
0 0.6231015625 0.5848125 0.62365625 0.5841953125 0.62166875 0.5848546875 0.6206484375 0.585675 0.6214296874999999 0.586603125 0.62076875 0.5892546875 0.6222609375 0.5923171875000001 0.6240890625 0.592784375 0.6243828125 0.59195625 0.62395625 0.5880421874999999 0.624515625 0.5864453125 0.623890625 0.5854015625 0.624246875 0.584803125 0.6231015625 0.5848125
0 0.5711031249999999 0.6652640625 0.5723796875 0.6662125 0.573215625 0.667059375 0.574515625 0.66750625 0.5763625 0.6674578125 0.5768875 0.665328125 0.5768515625 0.6642421875 0.575034375 0.6631875 0.5725671875 0.6631875 0.5709296875 0.6627671875 0.5690203125 0.66273125 0.5689124999999999 0.663553125 0.5711031249999999 0.6652640625
0 0.570646875 0.682178125 0.56929375 0.6829171875 0.5688390625 0.6843296875 0.569609375 0.6852859375 0.571271875 0.6861578125000001 0.5715453125 0.6861578125000001 0.573859375 0.68555625 0.574025 0.6846328125000001 0.5742 0.683778125 0.5742484375 0.683109375 0.5733421875 0.68179375 0.5726875 0.6816375 0.5711265625 0.681815625 0.570646875 0.682178125
0 0.5661562499999999 0.6784625 0.5666359375 0.67985 0.5676812499999999 0.6805015625 0.5706078125 0.6813953125000001 0.5724546875 0.6816453124999999 0.5747578125 0.68150625 0.57546875 0.6803953125 0.5749953125 0.67929375 0.573421875 0.6784656250000001 0.570796875 0.6785203125 0.5698546875 0.6783015625 0.5678578125 0.677871875 0.5670124999999999 0.677871875 0.5661562499999999 0.6784625
0 0.5682890625 0.6758890625 0.5686265625 0.67564375 0.5685703125 0.6749640625 0.5678124999999999 0.6744203125 0.5666484374999999 0.6741921875 0.566053125 0.674415625 0.5663546875 0.6752953125000001 0.5666171875 0.675534375 0.5677828125 0.6759031249999999 0.5682890625 0.6758890625
0 0.5628124999999999 0.733290625 0.562859375 0.734034375 0.56316875 0.7347234375 0.5637078125 0.7348625 0.564321875 0.7341890624999999 0.5654390625 0.7325625 0.566015625 0.7311546875 0.5657921875 0.7305125 0.5664859375 0.7300703125 0.5672484375 0.729203125 0.5674265625 0.728315625 0.5663265625 0.7279171875 0.5646609375 0.7287890625 0.5638046875 0.7296781250000001 0.5640859375 0.7303109375 0.5640765625 0.731140625 0.5637125000000001 0.73180625 0.562846875 0.732696875 0.5628124999999999 0.733290625
0 0.5605984375 0.736890625 0.5592796875 0.7363703125 0.55821875 0.7358921875 0.5579953125 0.7365171875 0.5587171875 0.7373109375 0.5591406250000001 0.7378218750000001 0.560265625 0.7377328125 0.5606328125 0.737571875 0.5605984375 0.736890625
0 0.5502453125 0.8136374999999999 0.5504359375 0.8187390625000001 0.5495453125 0.819725 0.5494265625 0.821471875 0.5494953125 0.8230203125 0.549696875 0.8252656249999999 0.5500484375 0.8262484375 0.5502796875 0.8315093750000001 0.55106875 0.831415625 0.551834375 0.8286109375 0.5518953125 0.8264312500000001 0.552109375 0.8236015625 0.5523984375000001 0.8199171875 0.5515859375 0.81425 0.5502453125 0.8136374999999999
0 0.543890625 0.8452734375000001 0.5434578125 0.8459984374999999 0.5437671875000001 0.8469328125000001 0.5441921875 0.84746875 0.543025 0.8487781249999999 0.5430734375 0.848946875 0.5426484375 0.850096875 0.5423109375 0.8512968750000001 0.54234375 0.8521578125 0.54289375 0.8534843750000001 0.544321875 0.8540093750000001 0.54400625 0.854628125 0.54548125 0.8530484375 0.5442703125 0.8515265624999999 0.5462609375 0.8520390624999999 0.549221875 0.84055625 0.5490062499999999 0.8393109375 0.5473375 0.8384984375 0.5472546875 0.83918125 0.546615625 0.8405109375 0.5458265625000001 0.8424328125 0.54551875 0.8436078124999999 0.544540625 0.84498125 0.543890625 0.8452734375000001
0 0.543071875 0.8745687500000001 0.5419968749999999 0.8735406250000001 0.5409265624999999 0.8732671875 0.5401390625 0.8738984375 0.540065625 0.8754156249999999 0.540253125 0.8764203125 0.5402750000000001 0.8765437500000001 0.5408234375000001 0.87744375 0.5416109375 0.8779875 0.542584375 0.8779875 0.5432453125000001 0.8771140624999999 0.5434234375 0.8758671874999999 0.543071875 0.8745687500000001
0 0.5407765625 0.9032890625000001 0.5404671875 0.9025109375 0.539490625 0.90243125 0.5390265624999999 0.9027890624999999 0.5388765624999999 0.9032656250000001 0.539071875 0.9036859375 0.5399484375 0.9039984375 0.5407765625 0.9032890625000001
0 0.20567031249999998 0.9102203125000001 0.20473906249999999 0.9078890625 0.20317500000000002 0.9066562499999999 0.20284531249999999 0.9073921875 0.202734375 0.908825 0.2015546875 0.9118562499999999 0.201553125 0.9146640625 0.200978125 0.9162578124999999 0.20073124999999997 0.9185625 0.20160781249999998 0.9209781250000001 0.20296875 0.9221484375 0.2048421875 0.9201874999999999 0.2050890625 0.9164 0.20550312499999998 0.9128796875 0.20567031249999998 0.9102203125000001
0 0.2042484375 0.9003375 0.2027421875 0.9002546875 0.20116874999999998 0.9010265625 0.20071406249999998 0.9021609375 0.20218906250000002 0.9037468750000001 0.203453125 0.9036843749999999 0.2041296875 0.90321875 0.20440624999999998 0.9013765625 0.2042484375 0.9003375
0 0.20495468749999998 0.894834375 0.20387343750000003 0.8927687499999999 0.20310156250000003 0.8927453125 0.2020703125 0.8949546875 0.2010109375 0.8959859375000001 0.20179062499999997 0.898678125 0.2033859375 0.8982421875 0.2045109375 0.89686875 0.20495468749999998 0.894834375
0 0.2346828125 0.8604484375 0.2292296875 0.8597890625 0.22271875 0.8615515625000001 0.209365625 0.8623703125000001 0.20670000000000002 0.8655671875 0.26627812500000003 0.8591578125 0.2708328125 0.85989375 0.2747078125 0.8600218749999999 0.2751234375 0.8524203124999999 0.2710265625 0.8524984375000001 0.2708234375 0.8493187499999999 0.26856562500000003 0.8493437500000001 0.267934375 0.852865625 0.206578125 0.8585796875 0.20734218750000002 0.8606812500000001 0.2308796875 0.8585859375 0.2479953125 0.8563515625000001 0.251303125 0.8567234375 0.2553046875 0.855253125 0.26702499999999996 0.8544203125 0.26408437500000004 0.856903125 0.253853125 0.8576296875 0.24145468750000001 0.8594515625 0.23685625 0.8581015624999999 0.2346828125 0.8604484375
0 0.012309375000000001 0.959315625 0.015364062500000001 0.960384375 0.017353125 0.9608265625 0.01859375 0.9594078125 0.0181390625 0.9581 0.016712499999999998 0.9573796874999999 0.0151484375 0.9570390625 0.012860937499999999 0.9577609375 0.0130546875 0.9591484375 0.012309375000000001 0.959315625
0 0.057009374999999994 0.9683828125 0.0592515625 0.9669125 0.0574265625 0.9652421875 0.0563375 0.9652421875 0.0519875 0.965715625 0.0516875 0.9665109375000001 0.053115625 0.967071875 0.0546109375 0.9674906249999999 0.057201562500000004 0.9685015625 0.057009374999999994 0.9683828125
0 0.025660937499999998 0.9580890625 0.021976562499999998 0.957665625 0.021396875000000003 0.961640625 0.023356250000000002 0.9623671874999999 0.026421875 0.962121875 0.026854687500000002 0.961409375 0.027384375 0.95870625 0.025660937499999998 0.9580890625
0 0.0692109375 0.956934375 0.0695046875 0.9593578125000001 0.0704015625 0.96100625 0.0724203125 0.961246875 0.072815625 0.9598671875000001 0.07225000000000001 0.9581593749999999 0.0712609375 0.957209375 0.07101093750000001 0.9559625 0.0719546875 0.9539578125 0.07045 0.952553125 0.0691734375 0.954996875 0.0692109375 0.956934375