0 0.47093749999999995 0.53255 0.47192187499999994 0.5325859375 0.4733390625 0.52661875 0.4734984375 0.523075 0.474496875 0.5201515624999999 0.4799171875 0.52164375 0.4891609375 0.5241671875 0.493246875 0.525425 0.5050984374999999 0.531996875 0.5078203125 0.5328390625 0.5149984375 0.5355890624999999 0.519028125 0.533121875 0.52306875 0.5307359375 0.529371875 0.5269421875 0.5314546874999999 0.5234921875 0.52916875 0.518803125 0.526396875 0.515284375 0.5255375 0.5088734374999999 0.5215421874999999 0.5047125 0.5212953125 0.5033546875 0.5171265625 0.5021171875 0.5139859375 0.5018640624999999 0.5095078125 0.5025359375 0.50419375 0.504071875 0.4934359375 0.5045296875 0.48854375 0.50410625 0.48121093750000005 0.5034625 0.4741625 0.500853125 0.470515625 0.50133125 0.470903125 0.5044890625 0.4695265625 0.5163296875000001 0.47093749999999995 0.53255
0 0.5158265625 0.5522437499999999 0.5213390625 0.5568859374999999 0.52225 0.5521890625 0.5194078125 0.5508171875000001 0.5175 0.5507500000000001 0.5158265625 0.5522437499999999
0 0.47719218750000003 0.48491875 0.481534375 0.48170156249999996 0.4815515625 0.4766265625 0.4802625 0.47523593750000004 0.4737359375 0.47467499999999996 0.4721390625 0.4720140625 0.470840625 0.47650781249999996 0.47016875 0.48171093750000005 0.47112187499999997 0.48630781250000005 0.47335937499999997 0.48828125 0.47534687499999995 0.48664218750000005 0.47719218750000003 0.48491875
0 0.47716875 0.452225 0.48020312499999995 0.4491296875 0.4790828125 0.4429 0.47366093749999993 0.44075 0.47396874999999994 0.439509375 0.47708125 0.4370453125 0.4788234375 0.4344265625 0.48375781250000005 0.4355765625 0.4841828125 0.43344375 0.4785796875 0.4312171875 0.4766453125 0.42857812500000003 0.4747640625 0.4223125 0.4721453125 0.41491718750000006 0.47414843749999996 0.4119453125 0.47477187499999995 0.40919999999999995 0.472659375 0.40650624999999996 0.4704 0.4019109375 0.470775 0.3993125 0.4717140625 0.3953921875 0.47090468750000003 0.3912390625 0.47170781249999993 0.38911562499999997 0.4727390625 0.3857890625 0.4726515625 0.38243125 0.473421875 0.3801359375 0.47233125 0.37687499999999996 0.47340625000000003 0.373259375 0.4728703125 0.3643875 0.47147656250000003 0.35979375 0.469890625 0.353775 0.4700484375 0.34884218749999996 0.469803125 0.3457578125 0.4685796875 0.3419765625 0.46845781249999996 0.340003125 0.47022343749999995 0.33601875 0.47022343749999995 0.33259375 0.4689421875 0.330115625 0.4685859375 0.32746875000000003 0.4685890625 0.324096875 0.46811718750000003 0.3195015625 0.4682421875 0.31489218750000003 0.4673265625 0.30891875 0.461921875 0.3074765625 0.46515000000000006 0.3573359375 0.4661765625 0.41363281250000006 0.466459375 0.41854218750000005 0.46820781250000004 0.4242515625 0.46723125000000004 0.43221718750000004 0.469375 0.43902343750000006 0.47081249999999997 0.44168124999999997 0.46895781249999996 0.44496562500000003 0.4670203125 0.448846875 0.46771406249999997 0.456425 0.4682359375 0.45808906250000003 0.47189375 0.4619859375 0.47312031250000003 0.46077812500000004 0.47411875 0.4602578125 0.474640625 0.4570484375 0.474328125 0.45022812500000003 0.47716875 0.452225
0 0.49062968749999997 0.4380671875 0.49010625 0.4361859375 0.48895 0.4355875 0.48591249999999997 0.436028125 0.4847765625 0.437115625 0.48558124999999996 0.44127343750000003 0.486871875 0.4433953125 0.48865 0.4471640625 0.49003125000000003 0.44756406249999997 0.49191874999999996 0.4458390625 0.4915859375 0.4436484375 0.49119375 0.44233593750000005 0.4901484375 0.44009375000000006 0.49062968749999997 0.4380671875
0 0.51700625 0.294046875 0.5169796875 0.2964265625 0.5193531250000001 0.298928125 0.5219359375 0.2991796875 0.523475 0.2959203125 0.5231359375 0.2954796875 0.5207828125 0.2942734375 0.51700625 0.294046875
0 0.5214203125 0.30223125 0.5201390625 0.3020453125 0.5172796875000001 0.3024875 0.5152062500000001 0.303140625 0.5108953125 0.3053078125 0.5137359375 0.307259375 0.5162265625 0.3081015625 0.51815 0.30840625 0.5224265625 0.30806093749999997 0.5249843750000001 0.3066625 0.5246140625 0.3045390625 0.523053125 0.3023125 0.5214203125 0.30223125
0 0.5229703125 0.3241640625 0.5229703125 0.3228359375 0.5232187500000001 0.32160781250000003 0.5249515625 0.31950625 0.5270453125000001 0.31750625 0.525490625 0.31594687499999996 0.52234375 0.31455937500000003 0.5185140625 0.3136578125 0.5165062500000001 0.3134203125 0.51199375 0.3129109375 0.5087953125 0.3140234375 0.5067546875 0.3132640625 0.5023593749999999 0.31275 0.5012359375 0.3126328125 0.5009796875 0.316403125 0.5037546875000001 0.3186453125 0.509209375 0.3215796875 0.5098546875000001 0.32268281249999997 0.5103875 0.3248890625 0.5123562500000001 0.32656874999999996 0.5180640624999999 0.3286015625 0.5216640625 0.3285453125 0.52364375 0.3261171875 0.5229703125 0.3241640625
0 0.521578125 0.344215625 0.5211375 0.34318593750000004 0.5185921875 0.342790625 0.5163359375 0.3434953125 0.514175 0.3472484375 0.51495625 0.3490125 0.5162703125 0.351525 0.5178546875000001 0.3529015625 0.5219078125000001 0.35303125 0.52466875 0.351709375 0.5247921875 0.3494890625 0.5242078125 0.347128125 0.5234453125 0.3451078125 0.521578125 0.344215625
0 0.40678281250000003 0.370675 0.407303125 0.37017968749999997 0.41035937499999997 0.36886406250000003 0.41385625 0.3665625 0.413465625 0.36519843750000003 0.4126125 0.36385 0.410815625 0.3625953125 0.40768750000000004 0.3607734375 0.40689062500000006 0.3595078125 0.40588125 0.357078125 0.40583749999999996 0.35531562499999997 0.40406250000000005 0.354665625 0.40077187500000006 0.35655000000000003 0.40018750000000003 0.357178125 0.398765625 0.3604921875 0.4003078125 0.3646046875 0.3998125 0.36584374999999997 0.399321875 0.36898437500000003 0.4007703125 0.37051249999999997 0.406646875 0.3746640625 0.4090234375 0.373984375 0.4092203125 0.3726109375 0.40678281250000003 0.370675
0 0.35624218750000003 0.4148171875 0.3542515625 0.4149 0.35345312500000003 0.4170828125 0.35238281250000003 0.4208671875 0.350515625 0.4212515625 0.34922343749999996 0.4237296875 0.34912187499999997 0.42609062499999995 0.351478125 0.4285609375 0.3559625 0.4286125 0.35931250000000003 0.4276265625 0.3569265625 0.4245640625 0.35583437500000004 0.4212328125 0.35624218750000003 0.418259375 0.35624218750000003 0.4148171875
0 0.5253671875 0.6179718750000001 0.5228703125 0.6210109375 0.5231328125 0.6229984375 0.5259343750000001 0.62718125 0.52871875 0.6277015625 0.529375 0.624478125 0.5295703125 0.6197250000000001 0.5290625 0.617521875 0.5281281250000001 0.6172734375 0.5266265625 0.6169796875 0.5253671875 0.6179718750000001
0 0.5205265625 0.6352109375 0.5219875 0.6361203125 0.5257 0.6363125000000001 0.5284828125 0.6341484375 0.5280796875 0.6317046875 0.5262109374999999 0.6308125 0.52360625 0.6305171875 0.5207703125 0.631103125 0.5197453125 0.6326140625 0.5205265625 0.6352109375
0 0.5197109375 0.640909375 0.5196562499999999 0.642709375 0.521071875 0.6461921875 0.5237875 0.646659375 0.52719375 0.64558125 0.529253125 0.6426624999999999 0.5295015624999999 0.6406578125 0.5292546875 0.6398296875 0.528090625 0.6397015625 0.5240125 0.639490625 0.5197109375 0.640909375
0 0.47589218750000006 0.63086875 0.4733703125 0.6299515625 0.4733703125 0.6313765625000001 0.47368750000000004 0.6347375000000001 0.47470625 0.6360625 0.47640312500000004 0.637190625 0.47661875 0.6374453124999999 0.47888281250000003 0.640703125 0.47969687499999997 0.640915625 0.4806609375 0.6375796874999999 0.479403125 0.6352828125000001 0.47736718749999996 0.632621875 0.47589218750000006 0.63086875
0 0.47683593750000003 0.464821875 0.4747109375 0.46251718750000004 0.4733921875 0.4617375 0.4718453125 0.46325625 0.4718453125 0.4651921875 0.473125 0.468478125 0.4755109375 0.4679578125 0.47683593750000003 0.464821875
0 0.4854046875 0.46249375 0.48796249999999997 0.46276093749999997 0.4890875 0.45957187499999996 0.48753906249999995 0.4586234375 0.486790625 0.45762187499999996 0.4826921875 0.457503125 0.4814 0.4605765625 0.48194218749999995 0.46154375 0.4854046875 0.46249375
0 0.49563750000000006 0.4543921875 0.4974265625 0.453603125 0.49633281250000005 0.45709218749999997 0.49788750000000004 0.45835781249999996 0.50351875 0.4589125 0.501659375 0.45430312500000003 0.500346875 0.4517921875 0.497471875 0.44955156250000006 0.492559375 0.44814218749999996 0.49265781249999996 0.4511546875 0.493840625 0.454015625 0.49563750000000006 0.4543921875
0 0.50768125 0.4298984375 0.50714375 0.43075625000000006 0.5034078125 0.42903906249999996 0.500715625 0.42897187499999995 0.4991515625 0.4306109375 0.5004875 0.43223124999999996 0.5075484375 0.433071875 0.50781875 0.43280312500000007 0.5104656249999999 0.43207968750000003 0.513228125 0.435678125 0.5165453125 0.435440625 0.517540625 0.43456406249999996 0.5190953125 0.4310609375 0.519221875 0.4290046875 0.5197203125 0.42505156250000004 0.519284375 0.4263375 0.5198859375 0.4215328125 0.519121875 0.4200046875 0.5151140625 0.42065937499999995 0.5136953125 0.4215328125 0.5145234375000001 0.423715625 0.5154515625 0.4246671875 0.516146875 0.4253890625 0.5134000000000001 0.42699218749999995 0.5122984374999999 0.42768281249999995 0.5096703125000001 0.4245109375 0.5086468749999999 0.42538125000000004 0.50768125 0.4298984375
0 0.5072546874999999 0.42048593749999996 0.509834375 0.4224375 0.5113859374999999 0.41930468750000005 0.5121109374999999 0.41678437500000004 0.5110765625 0.41576874999999996 0.5088250000000001 0.4152125 0.5075859375 0.41556249999999995 0.5064734375 0.4192625 0.5072546874999999 0.42048593749999996
0 0.5249640624999999 0.5878859375000001 0.5261421875 0.585396875 0.5248406250000001 0.5849171875 0.517059375 0.5844031249999999 0.5159296875 0.584840625 0.515140625 0.5872859375 0.5172343749999999 0.5895265625 0.5226671875 0.5903328125 0.5249640624999999 0.5878859375000001
0 0.5188140625 0.706971875 0.5206140625 0.7092890625 0.5217234375 0.7092906250000001 0.52509375 0.707834375 0.5256484375 0.7059609375 0.524334375 0.7040796874999999 0.521896875 0.702959375 0.5197828125 0.7024953125 0.5178625 0.7036781249999999 0.5178625 0.70406875 0.5188140625 0.706971875
0 0.595653125 0.9281625 0.594271875 0.9289265625 0.5915421875 0.9291812500000001 0.589990625 0.9327390624999999 0.58931875 0.9348703125 0.585315625 0.93635625 0.58381875 0.9404984375 0.5823 0.942840625 0.5809109375 0.94513125 0.5849640625 0.9470671875000001 0.5840734375000001 0.9514125 0.58174375 0.9557343749999999 0.5831937500000001 0.9585437499999999 0.5807421875000001 0.9570000000000001 0.5778140625 0.9561234375 0.5742203124999999 0.959590625 0.5745796875 0.9614750000000001 0.5721640625 0.959940625 0.5700421875 0.9589812500000001 0.5673890625 0.9596421875000001 0.5607656249999999 0.9583 0.558065625 0.9558203125 0.5566640625 0.9537109375 0.5518578125 0.9514765625000001 0.5487046875 0.95226875 0.551884375 0.9549171875000001 0.554578125 0.955553125 0.5595703125 0.95985625 0.5636328125000001 0.9621812500000001 0.5694203124999999 0.9630859375 0.571015625 0.9655734375 0.576209375 0.9686078124999999 0.5828562500000001 0.9673624999999999 0.586071875 0.9630953124999999 0.58669375 0.9596171874999999 0.58536875 0.9567453125000001 0.58460625 0.9522984375 0.5853890625 0.9523781250000001 0.5916234375 0.9535953125000001 0.5907 0.949834375 0.59208125 0.9509874999999999 0.5941984375 0.9570812500000001 0.5959421875 0.9609765625 0.5997671875 0.9616250000000001 0.60023125 0.9596046875 0.5992765624999999 0.9564484375 0.5982875 0.9531171875 0.5981640625 0.9498921875 0.5956328125 0.9480968750000001 0.592259375 0.9469515625 0.58764375 0.9448375 0.5880734375000001 0.942496875 0.5912078125 0.9404625 0.5932671875 0.938665625 0.5950890625 0.9355859375 0.5950078125 0.9325374999999999 0.59869375 0.9330984375 0.600834375 0.9304859375 0.6025609375000001 0.9266937499999999 0.6024375 0.9243484375 0.601065625 0.9227578125000001 0.6017109375 0.9207703125 0.6033859374999999 0.9180484375000001 0.6017328125 0.9171203125 0.6006390625 0.9182750000000001 0.5986234375 0.9176453125 0.5975312500000001 0.9152453125 0.5947218750000001 0.9151734375 0.593275 0.9176343749999999 0.5956859375 0.9200703125 0.5979281249999999 0.9232453125 0.595653125 0.9281625
0 0.61538125 0.9434125 0.6171640625 0.9448640625 0.6232984375 0.9452328124999999 0.6242265625 0.9430328125 0.6246343750000001 0.9394218750000001 0.6207125 0.9377703125 0.6168640625 0.9368109375 0.614971875 0.9368109375 0.61448125 0.9400859374999999 0.61538125 0.9434125
0 0.6467765625 0.9471796875 0.650465625 0.9486062499999999 0.657915625 0.9497703124999999 0.6585609375 0.9492484375 0.6578328124999999 0.9471515625 0.6557125 0.9451203125 0.6505109375 0.9419281249999999 0.6474203125 0.9410921875 0.64480625 0.9413390625 0.64265625 0.9420343750000001 0.6395921875 0.941359375 0.639096875 0.93956875 0.6376375000000001 0.9388343750000001 0.6348421875 0.9384484375 0.6336296875 0.93838125 0.6345296874999999 0.9402828124999999 0.6375640625 0.9429578125000001 0.6378359375 0.9433468749999999 0.6444671875 0.9461515625000001 0.6467765625 0.9471796875
0 0.6218781250000001 0.8945296875000001 0.6233484375 0.8941171875 0.624740625 0.8933312499999999 0.6252171875 0.8901015624999999 0.6230546875 0.8903703125 0.6213328125 0.891134375 0.6198734375 0.8924921875 0.6198406249999999 0.8939515625000001 0.6218781250000001 0.8945296875000001
0 0.598246875 0.8989515625 0.6025968749999999 0.9016624999999999 0.603978125 0.9064 0.60576875 0.9087046875 0.6091624999999999 0.9072390625000001 0.6130671875 0.9048796875 0.6120921874999999 0.9024515624999999 0.6086015625 0.8993328125 0.6108640624999999 0.89633125 0.6119515625 0.8933609375 0.6108546875 0.8884828125 0.6117203124999999 0.8842593750000001 0.6091249999999999 0.884540625 0.60721875 0.883840625 0.6026 0.882446875 0.6022640625 0.8837703125 0.6036234375 0.8878125000000001 0.6038812499999999 0.8920765625 0.5993421875 0.8904125 0.60033125 0.89388125 0.5974171875 0.8924468750000001 0.592878125 0.8907187499999999 0.5930375 0.891534375 0.5962765625 0.8965765625 0.598246875 0.8989515625
0 0.5951140625 0.9740015625 0.59455 0.9764625 0.595840625 0.9786953125 0.598284375 0.9796203125 0.6003234375 0.9800453125 0.6046218750000001 0.9803765625 0.6065921875 0.977778125 0.6054015625 0.9762015625 0.6021375 0.9744578125000001 0.599884375 0.973715625 0.597228125 0.973559375 0.5951140625 0.9740015625
0 0.584828125 0.9728015624999999 0.5831875 0.9724828125 0.5819609375 0.9728984374999999 0.5815453125000001 0.9755453125000001 0.5828359375 0.975690625 0.5851890625 0.9763187500000001 0.585846875 0.9771421874999999 0.5878625000000001 0.9798765625 0.5890390625 0.9792156249999999 0.5883875 0.9764328125 0.58701875 0.974325 0.58508125 0.9731078125 0.584828125 0.9728015624999999
0 0.62025625 0.9471203125000001 0.6191828125 0.94725625 0.6185765625 0.94796875 0.6180359375 0.9503296875 0.618840625 0.951584375 0.619678125 0.9530109375 0.6224609375 0.9538171875 0.6229250000000001 0.951946875 0.62276875 0.949709375 0.6221656249999999 0.9474203125 0.62180625 0.9476000000000001 0.62025625 0.9471203125000001
0 0.627184375 0.984225 0.62829375 0.9822609375000001 0.627190625 0.98178125 0.6242171875 0.98136875 0.6227437499999999 0.9809984375 0.6221375 0.9809984375 0.62209375 0.9830687499999999 0.6238812499999999 0.9843671875 0.627184375 0.984225
0 0.6216375000000001 0.9597906249999999 0.6183296875 0.9584609374999999 0.6178328125 0.9593703124999999 0.6179234375 0.9607453125 0.6187484375000001 0.9613640625000001 0.6211015625 0.961553125 0.6219046875 0.9600593749999999 0.6216375000000001 0.9597906249999999
0 0.53791875 0.9180718750000001 0.5337921875 0.9260734375 0.5298546875000001 0.933253125 0.527546875 0.9391953125000001 0.5293046875 0.9471187499999999 0.53025625 0.9501687499999999 0.5343046874999999 0.9575796875 0.5381078125000001 0.9588296875 0.5400625 0.9557984375 0.5411718750000001 0.9488640625 0.5414625 0.9424953125 0.539925 0.9358890625 0.540440625 0.9287453125 0.53791875 0.9180718750000001
0 0.5269578125 0.93724375 0.516975 0.9366734375 0.5176515625 0.9397546875 0.5193546875 0.9419328124999999 0.5220890625 0.9435578124999999 0.5238578125 0.9429984375 0.527475 0.939471875 0.5269578125 0.93724375
0 0.47827343750000006 0.9023328125000001 0.4774015625 0.9043921875 0.47751875000000005 0.9081187500000001 0.47751875000000005 0.9111140625 0.47888281250000003 0.913775 0.47854843750000003 0.9148531249999999 0.4782046875 0.9180234374999999 0.48092187500000005 0.922725 0.48177812500000006 0.921703125 0.48179999999999995 0.9171687500000001 0.481409375 0.9108828125 0.4808203125 0.9026125 0.47827343750000006 0.9023328125000001