0 0.28479375 0.25329999999999997 0.2910453125 0.25553750000000003 0.2965921875 0.2524109375 0.29615625 0.246659375 0.2937828125 0.24329843750000002 0.28873906250000003 0.2379625 0.2902046875 0.23270156250000001 0.28995000000000004 0.22688281250000003 0.288796875 0.2213875 0.288796875 0.21860624999999997 0.28997812500000003 0.21255937500000002 0.290225 0.20698124999999998 0.2902796875 0.20277812499999998 0.29174375 0.19578125 0.2906375 0.1882171875 0.29036875 0.1884484375 0.288659375 0.1841953125 0.2844609375 0.1813921875 0.2772015625 0.1798453125 0.2738640625 0.1856953125 0.27265625 0.1901828125 0.2702765625 0.1992921875 0.272871875 0.209653125 0.2755578125 0.22414687500000002 0.2779203125 0.2299296875 0.278896875 0.23913281249999999 0.27918125 0.245021875 0.28479375 0.25329999999999997
0 0.5484421875 0.16346875 0.5512640625 0.15992656249999998 0.5467875 0.15655312500000002 0.5352875 0.1552 0.527240625 0.15611250000000002 0.516159375 0.1564828125 0.5109140625 0.1581859375 0.5075093749999999 0.162190625 0.5089 0.1651484375 0.5074453125 0.1661796875 0.50989375 0.165159375 0.5126046875 0.16505468750000002 0.52105625 0.16378125 0.5232390625 0.16494375 0.5254421875 0.16924843750000002 0.5326421875 0.16937968750000001 0.5327828125 0.1683359375 0.532540625 0.16261562499999999 0.5335828125 0.1614328125 0.5359046875 0.16051875 0.5457124999999999 0.16260468749999998 0.5484421875 0.16346875
0 0.541790625 0.189428125 0.541984375 0.187096875 0.5425125000000001 0.1836890625 0.5419375 0.179271875 0.5397265625000001 0.18262499999999998 0.53724375 0.185596875 0.535690625 0.1867703125 0.5345390625 0.19165625 0.5350328125 0.1964890625 0.535775 0.20201406249999998 0.5397546875 0.20691406250000002 0.5394078125 0.20400625 0.5394078125 0.2009203125 0.5404984374999999 0.196596875 0.5423640625 0.1943546875 0.5412625 0.1915734375 0.541790625 0.189428125
0 0.1978328125 0.2101546875 0.1964609375 0.21156875 0.1954234375 0.21400468749999998 0.198375 0.2177625 0.201225 0.2150953125 0.200625 0.21250468749999998 0.19956875000000002 0.2108796875 0.1978328125 0.2101546875
0 0.1882625 0.23341875 0.1920625 0.233815625 0.19491562499999998 0.23134843749999998 0.196553125 0.2261171875 0.198753125 0.22265312499999998 0.197809375 0.2214640625 0.19389375 0.2216421875 0.191765625 0.224125 0.18915625 0.22842968749999998 0.1882625 0.23341875
0 0.1589421875 0.22849375 0.15652656250000002 0.2285375 0.15350625 0.2301078125 0.150221875 0.24101093750000002 0.14938281250000002 0.2638828125 0.1499640625 0.26963906249999997 0.1505109375 0.2756328125 0.1525203125 0.282603125 0.1536296875 0.2870109375 0.157765625 0.2899546875 0.1616578125 0.29303124999999997 0.1692265625 0.2930875 0.1792953125 0.2914765625 0.183590625 0.28823125 0.18143125 0.28495625 0.174540625 0.2825265625 0.1712046875 0.277971875 0.1720328125 0.2735046875 0.1747796875 0.26971875 0.1783359375 0.265140625 0.1812265625 0.2582453125 0.1806859375 0.253171875 0.1763703125 0.24419062500000002 0.1763296875 0.2425703125 0.170725 0.241025 0.1651296875 0.24299062500000002 0.1631046875 0.24391406249999997 0.16037656250000001 0.24841875 0.15748125 0.261078125 0.155746875 0.26294062500000004 0.15385312499999998 0.25039687499999996 0.1513859375 0.242353125 0.15362343750000002 0.23524531249999997 0.1566890625 0.2377421875 0.1571109375 0.233465625 0.1589421875 0.22849375
0 0.20311718750000002 0.36965 0.2035578125 0.3645640625 0.2043328125 0.35851875 0.20567031249999998 0.356896875 0.207484375 0.3540671875 0.20061718750000002 0.34115937500000004 0.199740625 0.3448109375 0.20044218749999998 0.36886406250000003 0.2029765625 0.37179531250000003 0.20311718750000002 0.36965
0 0.207684375 0.41631406249999997 0.208546875 0.414209375 0.20846562500000002 0.4105609375 0.2069796875 0.4074109375 0.20678749999999999 0.4059734375 0.20698124999999998 0.4009984375 0.2049671875 0.3990703125 0.203746875 0.3965546875 0.203746875 0.39371875 0.2053859375 0.3866265625 0.2031890625 0.384425 0.20215156250000002 0.40332187499999994 0.2023375 0.4144640625 0.203553125 0.424390625 0.203615625 0.443034375 0.20553906249999998 0.4454765625 0.20640156250000002 0.4400640625 0.20640156250000002 0.4375828125 0.20737031250000001 0.43354218749999995 0.20548125 0.4266328125 0.207153125 0.42382656250000006 0.20801562499999998 0.42110312499999997 0.207684375 0.418771875 0.207684375 0.41631406249999997
0 0.2480015625 0.5509234375000001 0.24780937500000003 0.5479093749999999 0.24529062499999998 0.5476203125 0.24473281249999998 0.5476203125 0.2430484375 0.5482828125 0.2421921875 0.5505546875 0.24286249999999998 0.55154375 0.2465234375 0.5523781249999999 0.2480015625 0.5509234375000001
0 0.29407031250000004 0.7948000000000001 0.293546875 0.796515625 0.294496875 0.7983359375 0.2975234375 0.7984218750000001 0.2984921875 0.7953921875 0.2954140625 0.7928234375 0.29407031250000004 0.7948000000000001
0 0.42184687500000007 0.9028953124999999 0.41997343750000005 0.901675 0.4159 0.9027406250000001 0.4171078125 0.90660625 0.4225875 0.9056140625 0.42184687500000007 0.9028953124999999
0 0.455309375 0.9585625 0.4556140625 0.9548609375 0.4536109375 0.9549312499999999 0.453 0.9554328125 0.45090312499999996 0.9579546875 0.44978281249999996 0.96151875 0.4526328125 0.962496875 0.455309375 0.9585625
0 0.4835421875 0.9556640625 0.4862921875 0.9480140625000001 0.4819859375 0.9477109374999999 0.47974843749999996 0.9484234375 0.47772500000000007 0.9504171875 0.4764125 0.9541921875 0.477996875 0.9565812499999999 0.4835421875 0.9556640625
0 0.518803125 0.921215625 0.5218890625 0.920303125 0.524653125 0.9186796875000001 0.526053125 0.91435 0.525859375 0.90859375 0.5228671874999999 0.909065625 0.5203859375000001 0.912321875 0.5175703125 0.9142734375 0.5156703125 0.9159328125 0.514190625 0.9194796875 0.513503125 0.922684375 0.518803125 0.921215625
0 0.5321171875 0.915678125 0.5344703125 0.9184828125 0.5351859375 0.9206859375 0.5380906249999999 0.92149375 0.5399125 0.9204109375 0.54518125 0.91796875 0.5475234375 0.914496875 0.5484328125 0.9119359375 0.5454765625 0.9115 0.5422374999999999 0.912703125 0.539475 0.9133796875 0.5347953125 0.9126937500000001 0.533703125 0.9123374999999999 0.5314 0.9139843750000001 0.5321171875 0.915678125
0 0.46727968750000004 0.9847890625 0.4663046875 0.98489375 0.4608734375 0.9866640625 0.4564953125 0.99143125 0.45707812499999995 0.9943359375 0.46943906249999995 0.9876515625 0.46727968750000004 0.9847890625
0 0.5285124999999999 0.9526953125000001 0.5282625000000001 0.9501875 0.5267671875 0.949975 0.5245140625 0.9510734375000001 0.52324375 0.9528968750000001 0.5244109375 0.9551234375 0.5285124999999999 0.9526953125000001
0 0.5014015625 0.9415265625 0.49958437499999997 0.940328125 0.49835312500000006 0.9416203124999999 0.4994859375 0.9436125000000001 0.501371875 0.943690625 0.5014015625 0.9415265625
0 0.90661875 0.7394999999999999 0.9072390625000001 0.7419359375 0.9099187499999999 0.7425328125 0.9108828125 0.741140625 0.9108203125 0.7383031250000001 0.9103625 0.7369109375 0.908828125 0.7356515625 0.9076000000000001 0.7353859375 0.904225 0.7369515625 0.9026015624999999 0.7384953125 0.9063281249999999 0.7385890625 0.90661875 0.7394999999999999
0 0.9747718750000001 0.7033968749999999 0.9738187500000001 0.70501875 0.9725250000000001 0.70591875 0.9727750000000001 0.7074234374999999 0.9736328125 0.7079875 0.976615625 0.7090375 0.9782671875 0.7104625 0.9806687500000001 0.71095 0.9826890625000001 0.709503125 0.9834406250000001 0.7075390625 0.983296875 0.7049296875 0.9829437499999999 0.70318125 0.981609375 0.7028390625000001 0.9785890625 0.7027015624999999 0.9747718750000001 0.7033968749999999
0 0.9236796875 0.24813437500000002 0.92588125 0.249115625 0.9284609375 0.24997031249999999 0.9313062499999999 0.248940625 0.931 0.24592968750000002 0.9312078125 0.24577187500000003 0.9340703124999999 0.24580000000000002 0.9324187500000001 0.24383906249999998 0.9280062499999999 0.2435296875 0.9249171875 0.244209375 0.9219781250000001 0.24494218750000002 0.9216875 0.24620156249999997 0.9236796875 0.24813437500000002