0 0.8354843750000001 0.3897015625 0.8337031250000001 0.3953921875 0.84178125 0.400775 0.8480593750000001 0.404821875 0.854184375 0.4140546875 0.85898125 0.418246875 0.870409375 0.4224203125 0.87384375 0.41895156250000004 0.8721015624999999 0.41381562499999996 0.8668906249999999 0.40565468750000006 0.862521875 0.3996046875 0.8499171875 0.39097031250000003 0.8465093749999999 0.3900421875 0.8433187500000001 0.389425 0.8354843750000001 0.3897015625
0 0.6190921875 0.5167984375 0.61989375 0.5202046874999999 0.61884375 0.5237499999999999 0.615865625 0.529009375 0.61635625 0.535653125 0.615475 0.5461734375 0.6162984375 0.553296875 0.6217484375 0.5490453125 0.628865625 0.5429968749999999 0.6341140625 0.5346796875 0.6374703125 0.5292640625 0.6385578125 0.5190640625 0.6365828125 0.514075 0.6343109375 0.511778125 0.6281328125 0.5108640624999999 0.62424375 0.508778125 0.6201671875 0.508959375 0.6190921875 0.5167984375
0 0.6503203125 0.537496875 0.6521328125 0.534146875 0.6526265625 0.531103125 0.6531046875000001 0.5286859374999999 0.6555093750000001 0.5250890625 0.6518765625 0.52434375 0.64774375 0.522721875 0.6424671875 0.525259375 0.638590625 0.5301828125 0.6401953125000001 0.5350734375 0.646728125 0.5383625000000001 0.6503203125 0.537496875
0 0.662334375 0.532921875 0.66404375 0.5357734375 0.6691874999999999 0.54109375 0.6759921875 0.5415046875 0.678703125 0.5417953125 0.68944375 0.543878125 0.6751078125000001 0.53288125 0.662478125 0.5252421875 0.662334375 0.532921875
0 0.649 0.5922531249999999 0.653425 0.6003671875000001 0.663209375 0.6028640625 0.6700078125 0.5985515625 0.6706765625 0.5950140625 0.66950625 0.5891124999999999 0.671796875 0.5828 0.6698265625000001 0.5784281250000001 0.6686203125 0.576753125 0.6632625 0.5756 0.6576203125 0.5814390625 0.6503296875 0.5866296875 0.649 0.5922531249999999
0 0.662521875 0.5681890625 0.6661140624999999 0.5715421875 0.6698999999999999 0.5673468749999999 0.6661515625 0.5644578124999999 0.6648671875 0.5649546875 0.662521875 0.5681890625
0 0.6186703125 0.5809234375 0.6150609375 0.5852296875 0.6134234375000001 0.5887515624999999 0.61595625 0.5945890625 0.619584375 0.5990171875 0.62298125 0.600734375 0.6312640625 0.597209375 0.6366078125 0.5951359375 0.6403671875 0.5884015625 0.6438734375 0.58216875 0.6446625 0.5723125 0.6438531249999999 0.571640625 0.6374578125 0.5687031250000001 0.632315625 0.5726453125 0.6266640625 0.577271875 0.6186703125 0.5809234375
0 0.7075421875 0.5591359375 0.7094625 0.5618828125 0.7146390625000001 0.565315625 0.7202015625 0.5650046875 0.6973843750000001 0.5490265625 0.70018125 0.55435625 0.70164375 0.5583421875 0.7075421875 0.5591359375
0 0.7997515625 0.69078125 0.8003234375 0.6832546875000001 0.8003203125 0.6770515625 0.798540625 0.6703718750000001 0.78825625 0.6734515625 0.77564375 0.6756421875 0.764765625 0.6757375 0.758078125 0.66325625 0.75229375 0.65429375 0.74726875 0.6462749999999999 0.748315625 0.6440828125 0.7614421874999999 0.647178125 0.7690015625 0.6531781249999999 0.775290625 0.66356875 0.7851796875 0.6687765625 0.7926078125 0.667678125 0.7952265625 0.6598640625 0.7936421874999999 0.6513109375 0.7914046875 0.6433375 0.78511875 0.6415062500000001 0.787009375 0.63609375 0.789528125 0.6368 0.7869984375 0.6294953125 0.7696531249999999 0.62559375 0.763625 0.6294171875 0.7558046875 0.6319796875 0.747196875 0.6319625 0.739840625 0.628909375 0.7356874999999999 0.629090625 0.7322703125000001 0.6353125000000001 0.7307203125 0.6407203124999999 0.7303328125 0.6491046875 0.72999375 0.6534890625 0.72965 0.662575 0.7301921874999999 0.6703203125 0.732221875 0.6794125 0.7300359375000001 0.686646875 0.7449656250000001 0.6948015625 0.7584765625000001 0.6917390625000001 0.7850343750000001 0.6910953125 0.7997515625 0.69078125
0 0.63435 0.62101875 0.6165984375 0.59299375 0.6132421875 0.5925671875 0.607190625 0.5984546875000001 0.6100859375 0.6062609375 0.613215625 0.6138046875 0.618875 0.6205328125 0.6237781250000001 0.623421875 0.629659375 0.6226953125 0.6326375 0.6222203125 0.63435 0.62101875
0 0.5276375 0.6003437500000001 0.527884375 0.6044625 0.531515625 0.6108796875 0.5403749999999999 0.6184109375 0.549796875 0.6200484375 0.5538109375 0.6148046875000001 0.5555218749999999 0.6092078125 0.554753125 0.604690625 0.5529359375 0.5983265624999999 0.5501406249999999 0.5962296874999999 0.5456937500000001 0.5943453125 0.5414015625 0.590609375 0.5381 0.5918625 0.533228125 0.593315625 0.5276375 0.6003437500000001
0 0.6962125 0.8288953125 0.7076984375 0.8394406249999999 0.7127171875 0.8452093749999999 0.71769375 0.84995625 0.7296796875 0.8564875000000001 0.74266875 0.8572015625 0.7508375 0.8590109375000001 0.7548734375 0.85611875 0.7673171875 0.8556015625000001 0.7606453125 0.86053125 0.7605796875 0.8694843750000001 0.7615375 0.8759109374999999 0.744253125 0.8785437500000001 0.7392375 0.8896703125000001 0.78325625 0.9025343749999999 0.7947859375 0.9093921875 0.8020125 0.8992359375 0.802446875 0.8907046875000001 0.7990453125 0.8847171875000001 0.7777171875 0.8411078125 0.7618765625 0.8177359375 0.735796875 0.7834421875 0.707625 0.733853125 0.6511750000000001 0.647565625 0.6484593750000001 0.6426359374999999 0.6444124999999999 0.6410109375 0.6403640625 0.6402453125 0.6360640625 0.6407406250000001 0.6573640625 0.6777578125 0.6665203125 0.6907156249999999 0.6768953125 0.7093796875 0.6891171875000001 0.7307453125000001 0.698459375 0.74543125 0.7074578125000001 0.76535 0.7175906249999999 0.7800546875000001 0.74281875 0.8162546875000001 0.7310328125 0.810728125 0.717665625 0.8048734375000001 0.7080171875 0.79915625 0.7000796874999999 0.7959203125000001 0.69905625 0.79910625 0.6985796875 0.8081875000000001 0.6979453125 0.8137484374999999 0.6915843749999999 0.8169765625000001 0.6842125 0.8175281249999999 0.6962125 0.8288953125
0 0.782396875 0.7174234375 0.7844218749999999 0.7099203125 0.781590625 0.70230625 0.7800703125 0.6985203125 0.773771875 0.696178125 0.7653625 0.69380625 0.75686875 0.6933578125000001 0.74976875 0.6983515625 0.751896875 0.7018609375 0.75408125 0.706165625 0.755528125 0.7156234375 0.7531234375 0.7219390625 0.7484031250000001 0.725559375 0.7402828125 0.73051875 0.73118125 0.7340093750000001 0.7124484375 0.734040625 0.7087140625 0.7335328125 0.705803125 0.7365546875 0.706278125 0.73845625 0.775984375 0.83698125 0.7996140625 0.8869546875 0.8005156250000001 0.8940875 0.7942625 0.9017375 0.771746875 0.905828125 0.7679703124999999 0.9091421875 0.7665015625 0.9091437499999999 0.7438796875 0.9069453125000001 0.7435734375 0.9102453125000001 0.7531234375 0.9197703125000001 0.7449749999999999 0.9227140625000001 0.735659375 0.9235609374999999 0.730575 0.9245921875 0.7228234375 0.92693125 0.7117953124999999 0.928028125 0.6979062500000001 0.9228578125 0.6989468750000001 0.913178125 0.70199375 0.91146875 0.7142078125 0.9089 0.72251875 0.9016609375 0.7208125 0.8960000000000001 0.71365625 0.898909375 0.7046703125 0.90405 0.6957421874999999 0.9030109375 0.69404375 0.8979109375000001 0.69129375 0.8922625 0.68474375 0.886515625 0.6777296875000001 0.8818906249999999 0.666034375 0.8741328125000001 0.6629796875 0.8690843750000001 0.655640625 0.8655687500000001 0.642709375 0.8631484374999999 0.632778125 0.8629515624999999 0.6287609375 0.8596015625 0.626525 0.855609375 0.620640625 0.8526765624999999 0.607909375 0.853875 0.600565625 0.8448687500000001 0.6137734375 0.84183125 0.6160796875 0.8383671874999999 0.613334375 0.8300000000000001 0.6063453125 0.824746875 0.5981546875 0.8210140625 0.592615625 0.819178125 0.58109375 0.8206609374999999 0.57555625 0.8282031249999999 0.5910984375 0.8388500000000001 0.5868875 0.838665625 0.5808390625000001 0.8501843750000001 0.581315625 0.8594843750000001 0.584365625 0.8673015625 0.5876453125000001 0.8776078125 0.5866671875 0.8797062499999999 0.579725 0.8840921875 0.5836765625 0.8894015625 0.5882421875 0.891203125 0.59088125 0.8864078125000001 0.59338125 0.8828921875000001 0.5953171875 0.8821859375000001 0.60303125 0.886809375 0.6127390625 0.889378125 0.61335625 0.8821484375 0.61680625 0.8840375 0.6184734375 0.88835625 0.6277250000000001 0.8912015625 0.6394171875 0.8895500000000001 0.6400859375 0.89036875 0.6494140625 0.89855 0.6555203125 0.8970312500000001 0.660875 0.8964890625 0.65815 0.90148125 0.653640625 0.8998234374999999 0.6506140625 0.904696875 0.6540703125 0.9117374999999999 0.6589625 0.9162000000000001 0.6713078125 0.9162000000000001 0.6788328124999999 0.9201140625 0.6743203125 0.9264796875 0.6680578125000001 0.9277124999999999 0.664715625 0.92565625 0.6569734375 0.9244406250000001 0.6528546875 0.9284421875 0.645615625 0.9287812499999999 0.6459859375 0.924690625 0.64333125 0.9211453125 0.6289906249999999 0.9241828125 0.6249234375 0.9196359375000001 0.617896875 0.91614375 0.602790625 0.9155640625 0.5892921875 0.92450625 0.5841890624999999 0.9185921875 0.58200625 0.9154187500000001 0.5790328125 0.90729375 0.5728984374999999 0.9044296875000001 0.5609765624999999 0.9004578125 0.5476765625 0.9061656250000001 0.54051875 0.9052749999999999 0.5352265625 0.9032937499999999 0.51221875 0.9021015625000001 0.4920078125 0.9002375 0.4850546875 0.90171875 0.48337812500000005 0.894075 0.47185156250000004 0.8922265625 0.462596875 0.8912015625 0.455903125 0.8930093749999999 0.45226249999999996 0.8997703125 0.44537343749999997 0.8963953124999999 0.42973437499999995 0.8910312499999999 0.4262578125 0.8951515625 0.4182 0.8989171875 0.41740000000000005 0.8930781250000001 0.41016718750000003 0.8909874999999999 0.39864375 0.8920703124999999 0.39063906249999997 0.8956796875 0.372 0.8940093750000001 0.3635484375 0.896625 0.3521328125 0.8996375000000001 0.3401328125 0.8963749999999999 0.337178125 0.8947140625 0.337371875 0.8907359375 0.334803125 0.8860765625000001 0.32375937499999996 0.887609375 0.3135875 0.891984375 0.3077046875 0.8956546875000001 0.30125156249999996 0.8959609374999999 0.2821828125 0.8935000000000001 0.27316875 0.8943203125 0.26677343750000004 0.90434375 0.295703125 0.9062203125 0.330284375 0.9063171875 0.369003125 0.9120687500000001 0.4004078125 0.9150390625 0.43015468749999997 0.9150390625 0.45151250000000004 0.9176296875000001 0.4691140625 0.9188765625 0.5302265625 0.9250171875 0.575584375 0.9259578125000001 0.6073999999999999 0.9321531249999999 0.6284640625 0.93248125 0.780971875 0.9477265625 0.8222781250000001 0.9509203125000001 0.8411890625 0.9526999999999999 0.857128125 0.9491046875 0.864946875 0.93975625 0.8619734375 0.9210437499999999 0.8497765625 0.9115109374999999 0.8331468750000001 0.9026796875 0.8457671875000001 0.8796140625 0.8322890624999999 0.869228125 0.8413078125 0.8728546875 0.8450453124999999 0.8759218750000001 0.8477421875 0.8795140625 0.8478515625 0.8895265625000001 0.8486453125000001 0.8955203125000001 0.8525625 0.9033484375 0.8604203125 0.91035 0.8422734374999999 0.83801875 0.83625 0.818840625 0.8293781250000001 0.7826296875 0.8293781250000001 0.7750234375 0.82290625 0.7570406249999999 0.8044062500000001 0.761125 0.7976468750000001 0.75709375 0.79130625 0.7478374999999999 0.7839937499999999 0.741259375 0.7533203125 0.7254984375 0.772996875 0.720984375 0.782396875 0.7174234375
0 0.6075203124999999 0.8117281249999999 0.615146875 0.8126875 0.6204109375 0.8074312499999999 0.622696875 0.8012124999999999 0.6295171875000001 0.7972734375 0.6347484375 0.7964265625 0.639340625 0.7942875 0.6345734375000001 0.7831796875 0.6334796875 0.7797703125 0.62605 0.7861453125 0.625803125 0.78816875 0.6045859375 0.790790625 0.6091562500000001 0.7904234375 0.6046968749999999 0.7998062499999999 0.603721875 0.8055 0.6075203124999999 0.8117281249999999
0 0.6457296875 0.824203125 0.6523109375 0.8301000000000001 0.660821875 0.8305671875 0.6693421875000001 0.827446875 0.6742359375 0.823265625 0.6734703125 0.8184531249999999 0.6727921875 0.8174609374999999 0.669840625 0.812784375 0.6647421875 0.8069593749999999 0.6537875 0.8077109374999999 0.6459046875000001 0.8150812500000001 0.6457296875 0.824203125
0 0.71095625 0.853525 0.7051093749999999 0.8541171875 0.703540625 0.8592421874999999 0.6988046875 0.864940625 0.699359375 0.869803125 0.7196109374999999 0.8683 0.727953125 0.8675750000000001 0.7328046875 0.876184375 0.7402484375 0.879325 0.7522046875 0.8757531249999999 0.7571140625 0.87019375 0.7511171875 0.8644296875 0.738640625 0.8607890625 0.7317421875 0.8585296874999999 0.7195890625 0.8524906250000001 0.716984375 0.85338125 0.71095625 0.853525
0 0.6843609374999999 0.8307890625000001 0.6823812499999999 0.8294359375000001 0.6768046875 0.833840625 0.6691234374999999 0.840834375 0.6745171875 0.8463312500000001 0.6763984375 0.845415625 0.679621875 0.8406499999999999 0.6842359375 0.8335781250000001 0.6843609374999999 0.8307890625000001
0 0.7103531249999999 0.8513 0.7106421875 0.8444437499999999 0.7072765624999999 0.8409968750000001 0.7050046875 0.8390953124999999 0.6991890625 0.8410500000000001 0.6981078125 0.8461765625 0.6941640625 0.8510109375000001 0.690746875 0.8556078125000001 0.6921265625 0.8576015625 0.700546875 0.85519375 0.702196875 0.852434375 0.7103531249999999 0.8513
0 0.6710281250000001 0.7065375 0.6580703125 0.7003125 0.6545765625 0.6991609375000001 0.6583734375 0.7031890625 0.6573156250000001 0.7087328125 0.6611796875 0.7131859375 0.6682984375000001 0.7143796874999999 0.6710281250000001 0.7065375
0 0.5735296875 0.696375 0.5712296875 0.6939421875 0.5667718749999999 0.692334375 0.5645484374999999 0.6944203124999999 0.5656625 0.69811875 0.5708546875 0.6982609375 0.5735296875 0.696375
0 0.7110734375 0.7732953124999999 0.70600625 0.7701796875 0.7017187500000001 0.7682515624999999 0.6938359375 0.766375 0.6926296875 0.7616125 0.6915125 0.7594890624999999 0.689359375 0.757665625 0.686265625 0.7583015625 0.685834375 0.762525 0.6882906249999999 0.7665 0.6832328125 0.768665625 0.6848375 0.7728515625 0.6877234375 0.772209375 0.6956484374999999 0.7733625 0.698396875 0.774103125 0.703665625 0.7765109375 0.7082171875000001 0.7834671875 0.711121875 0.784721875 0.7115437499999999 0.7844078125 0.7097328125 0.7798765624999999 0.7111578125 0.7765734375 0.7110734375 0.7732953124999999
0 0.44070937499999996 0.74580625 0.4363984375 0.7461218749999999 0.42870468749999996 0.750853125 0.4263859375 0.7559484375000001 0.4289390625 0.7590265625 0.4423390625 0.7584265625 0.44594843749999996 0.753221875 0.44456875 0.7452421874999999 0.44070937499999996 0.74580625
0 0.40949843750000003 0.80190625 0.405765625 0.8061984375 0.4006421875 0.8101109375 0.3980359375 0.81565625 0.3953765625 0.820621875 0.3970125 0.828615625 0.394909375 0.8293375 0.396853125 0.838175 0.401790625 0.8467671875 0.41086875 0.8541546875 0.42192187499999995 0.8577125000000001 0.43582968749999995 0.8604968749999999 0.45733125 0.8626531249999999 0.47490625 0.8604843750000001 0.49024687499999997 0.85603125 0.5109203124999999 0.8430921874999999 0.5176640625 0.8314468749999999 0.519609375 0.826059375 0.5160437499999999 0.8144656250000001 0.5146484375 0.8083015625 0.50730625 0.8017 0.49781718750000004 0.7973390625000001 0.49245 0.79438125 0.4913796875 0.8067640624999999 0.49377343749999997 0.8127265625 0.4916421875 0.8203437499999999 0.487925 0.8279609375 0.48579375 0.8230999999999999 0.48648749999999996 0.8185328125 0.486290625 0.8161968749999999 0.4821 0.814371875 0.47618593750000004 0.8125671875 0.45996718750000004 0.8166734375000001 0.4558140625 0.8166734375000001 0.44623749999999995 0.8151781250000001 0.44173437499999996 0.814928125 0.44027656249999997 0.8171875 0.44350625 0.821284375 0.4441125 0.8246437500000001 0.44122500000000003 0.8280171875000001 0.44153125 0.8325890625 0.44061562500000007 0.8340249999999999 0.4301734375 0.8309296875 0.424446875 0.8301999999999999 0.42173437500000005 0.83090625 0.4166265625 0.8260828124999999 0.41392968750000003 0.8141328124999999 0.4193296875 0.8034156250000001 0.4186515625 0.7973390625000001 0.40949843750000003 0.80190625
0 0.5302140625 0.8407796875000001 0.5185671875 0.8390703125 0.5121578125 0.844465625 0.50340625 0.8502656249999999 0.489228125 0.8570390625 0.47676406250000003 0.8619796875000001 0.47058906250000004 0.8662328125000001 0.49605468750000004 0.8687796875 0.5064484375 0.8724453125 0.5207796874999999 0.875728125 0.5340765625 0.8774203125 0.5481390625 0.8806312500000001 0.5701203125000001 0.8836765625 0.5789203125 0.8767421875 0.5796703125 0.86490625 0.5720078125 0.8608328125 0.5599734375 0.857415625 0.54945625 0.8486874999999999 0.5459078125 0.8446562500000001 0.5302140625 0.8407796875000001
0 0.4909109375 0.758540625 0.49030625 0.7675640625 0.4949 0.7682703125 0.5097984375 0.7628 0.50636875 0.752646875 0.503375 0.752065625 0.4976625 0.7531 0.49138593750000004 0.7539734375 0.4909109375 0.758540625
0 0.5887015625 0.7419734375 0.6052875 0.749609375 0.6084562499999999 0.746484375 0.608559375 0.742609375 0.6034515625 0.7404109375 0.5971968750000001 0.7380359375000001 0.5957734375 0.738684375 0.5919265625000001 0.737503125 0.591653125 0.734903125 0.5840359375 0.733509375 0.5843796875 0.738915625 0.5887015625 0.7419734375
0 0.5889203125 0.6580203124999999 0.5918890625000001 0.6657765625 0.5991765625000001 0.6678953125 0.6005703125 0.6595156249999999 0.59698125 0.6498390625 0.593128125 0.6486875000000001 0.5896 0.651196875 0.5889203125 0.6580203124999999
0 0.33816562499999997 0.5654874999999999 0.3344484375 0.5687625 0.3303640625 0.5739921875 0.33010625 0.580315625 0.334965625 0.5797015625 0.3394875 0.5758453125 0.343115625 0.5706625 0.34318125 0.5652 0.33816562499999997 0.5654874999999999
0 0.31633125 0.5965984375 0.31835625 0.5927640625 0.3217359375 0.5899046875 0.327809375 0.5866953125000001 0.3269546875 0.5843078125 0.32501250000000004 0.5779953124999999 0.32253906250000003 0.5769124999999999 0.3199140625 0.5791968749999999 0.3061953125 0.5968921875000001 0.3061265625 0.5972875 0.3136375 0.597675 0.31633125 0.5965984375
0 0.2802859375 0.654340625 0.29470625 0.6441625 0.2961765625 0.6358718750000001 0.28933749999999997 0.632746875 0.2840328125 0.624371875 0.2802609375 0.626784375 0.241603125 0.6706703125 0.228934375 0.6854250000000001 0.228778125 0.6878015625 0.23374062499999998 0.6901578125000001 0.23440937499999998 0.6878265625 0.2390921875 0.6851234374999999 0.2432828125 0.6866421875000001 0.2449203125 0.682884375 0.24858125000000003 0.6808375 0.2535453125 0.6782359375 0.25365625 0.6737375 0.2538546875 0.670603125 0.26059375 0.6601671875 0.2646890625 0.6631078125000001 0.276859375 0.6644296875 0.2802859375 0.654340625
0 0.2721234375 0.5909859375 0.277446875 0.592453125 0.281378125 0.5947171875 0.28314374999999997 0.5974578125 0.284053125 0.6005765625 0.2881125 0.6093046875 0.2900203125 0.6151765625000001 0.2999 0.600875 0.2886984375 0.5940296875 0.284365625 0.5906734375 0.27779375 0.5817484375 0.27409062500000003 0.58050625 0.26665937500000003 0.5799484374999999 0.2612390625 0.58145625 0.2601078125 0.5840375 0.263528125 0.5903140625 0.2721234375 0.5909859375
0 0.1646984375 0.736765625 0.157753125 0.7345046875000001 0.152553125 0.7380046874999999 0.152453125 0.7440249999999999 0.16222187500000002 0.7442765625 0.1796265625 0.7450046875 0.1823203125 0.743059375 0.18506562499999998 0.746440625 0.1827 0.7503234375 0.1740375 0.7498296875 0.17011875 0.754384375 0.16783125000000002 0.7605875 0.1628234375 0.76774375 0.15435625 0.7755390625 0.1571765625 0.7766765625 0.1710484375 0.7757328125 0.17594375 0.771465625 0.182421875 0.7683828125 0.188071875 0.7648343750000001 0.19176875 0.76015625 0.192490625 0.7550296875 0.198609375 0.751571875 0.21138125 0.7413203125 0.2166296875 0.73513125 0.21323124999999998 0.7294515625 0.2052453125 0.7279203125 0.222628125 0.70869375 0.23097656249999998 0.69799375 0.22186093750000002 0.692559375 0.22190781249999997 0.693175 0.217678125 0.6988546875 0.2080453125 0.694553125 0.1991078125 0.6923250000000001 0.192775 0.6953359375 0.1856546875 0.6989796875 0.17943125 0.7035218750000001 0.1865421875 0.713065625 0.1873515625 0.7129218749999999 0.1942171875 0.7126796875 0.203621875 0.716078125 0.18218125000000002 0.7403640625000001 0.17739375 0.7379203125 0.172125 0.7346625 0.1733625 0.7295140625000001 0.165465625 0.730375 0.1646984375 0.736765625
0 0.27306875 0.8008609375000001 0.275640625 0.793153125 0.27345625 0.789671875 0.264203125 0.7855109375 0.25592031249999997 0.7865203125 0.246071875 0.7898921875 0.2374515625 0.7962281250000001 0.2428015625 0.80454375 0.2528328125 0.805990625 0.26406874999999996 0.805453125 0.27306875 0.8008609375000001
0 0.3060890625 0.7778796875 0.309159375 0.7811343749999999 0.308096875 0.7810109375 0.3099703125 0.78450625 0.31423125 0.7890296875 0.3143703125 0.7922374999999999 0.3190828125 0.79209375 0.3209453125 0.7834640625 0.31872656250000003 0.779371875 0.30977343749999997 0.7779375 0.3060890625 0.7778796875
0 0.20653749999999998 0.776109375 0.2028328125 0.7792656250000001 0.1954703125 0.7809171874999999 0.1910421875 0.7830453125 0.1787984375 0.79235 0.1911890625 0.7919968749999999 0.20105937499999998 0.79166875 0.21515937499999999 0.7909937499999999 0.21924375000000002 0.7884859375 0.221234375 0.781440625 0.2222765625 0.7755468750000001 0.2205984375 0.7725984375 0.2214953125 0.77165625 0.2149421875 0.7721328125 0.20653749999999998 0.776109375
0 0.375903125 0.8016109374999999 0.36479531249999997 0.8063890625000001 0.35831875 0.810325 0.35271718750000003 0.8147515625 0.34460625 0.8179609375 0.3374390625 0.8198140625000001 0.3278203125 0.821696875 0.3221859375 0.826765625 0.3102 0.835128125 0.30574218750000004 0.833384375 0.320396875 0.8224203125 0.32770625 0.8175593750000001 0.33429375 0.8162375000000001 0.3374125 0.8083671875 0.337375 0.8022406249999999 0.3556375 0.7996515625 0.36844375 0.7958046875 0.36486874999999996 0.7879125 0.348415625 0.7857921875 0.3435 0.79240625 0.33943124999999996 0.79800625 0.3225828125 0.8000562499999999 0.3135984375 0.8034390625000001 0.2985578125 0.8071703125 0.28261250000000004 0.8111937499999999 0.2578984375 0.8099046875000001 0.2504 0.8134593750000001 0.248496875 0.8191625 0.24388281250000002 0.823040625 0.23317656250000002 0.8266890625000001 0.22835156250000002 0.8275546874999999 0.2176421875 0.8195390625 0.20382656250000003 0.8196187500000001 0.17821875 0.8174312499999999 0.17055 0.8176875000000001 0.1768578125 0.82388125 0.17520156250000002 0.83321875 0.185159375 0.838553125 0.194828125 0.8332703125 0.2004734375 0.8251109375000001 0.20929375 0.8246343749999999 0.21665937500000002 0.8269421875 0.21901406250000002 0.829 0.22411093750000002 0.8332578125 0.2237890625 0.8386515625 0.19946406249999998 0.8422499999999999 0.1828890625 0.840478125 0.17665 0.8410296875000001 0.1686015625 0.8471046875000001 0.1587015625 0.8510828125 0.1560953125 0.854434375 0.15063593749999998 0.860259375 0.14243125 0.8645609375 0.1389109375 0.8686562500000001 0.143815625 0.8726484375 0.14437187499999998 0.8736921875 0.1328875 0.8728453125 0.1337453125 0.879796875 0.1284984375 0.8831984374999999 0.12165 0.8812296875 0.13016250000000001 0.8734765624999999 0.12253750000000001 0.86775625 0.107640625 0.8625562499999999 0.0937875 0.864778125 0.08693125 0.8666265624999999 0.0826375 0.8666265624999999 0.0676203125 0.8634437500000001 0.060378125000000005 0.8588984375000001 0.059878125000000004 0.85505 0.0735328125 0.8420359375 0.080221875 0.8324796875 0.0789 0.8304984375 0.09293749999999999 0.8285578125 0.10840000000000001 0.8199875000000001 0.112840625 0.8199203125000001 0.10593125 0.8234562499999999 0.0996328125 0.8281375000000001 0.09116250000000001 0.8315875 0.0893296875 0.8344687499999999 0.09049531250000001 0.8393062499999999 0.0854578125 0.846515625 0.0823046875 0.8509671875 0.07749843749999999 0.8543703125000001 0.07934375 0.861628125 0.09063750000000001 0.8633593749999999 0.101165625 0.8587328125000001 0.11199531250000001 0.851946875 0.1178796875 0.8439734375000001 0.124953125 0.8481578125 0.128084375 0.8526890625 0.1377640625 0.8531062500000001 0.13818125 0.8531062500000001 0.147915625 0.8450390625 0.1520734375 0.8421859375 0.1579515625 0.8354640625 0.1602234375 0.8363140625 0.1675671875 0.837009375 0.1714953125 0.8318875 0.17124843750000002 0.8298015624999999 0.16018593750000001 0.832521875 0.156521875 0.8316609375 0.1525078125 0.8269984375 0.1494375 0.8225312499999999 0.14325156249999998 0.8166453125 0.135584375 0.8189953125 0.132909375 0.8223125 0.131146875 0.8163390625 0.1385390625 0.8097093750000001 0.14104375 0.80899375 0.149496875 0.8101375000000001 0.14965937499999998 0.8009109375 0.14752343750000002 0.7958921875 0.16286562499999999 0.800309375 0.17189375 0.7968625 0.1732609375 0.789496875 0.17511875 0.78255 0.161259375 0.781421875 0.1522109375 0.7808671875 0.1443390625 0.7828625 0.1388109375 0.78425 0.13747343750000002 0.783959375 0.1382796875 0.7816468750000001 0.14881093750000002 0.775196875 0.14575 0.773203125 0.134371875 0.7761984375 0.1284921875 0.77716875 0.12086875 0.7788609375 0.1121 0.7800546875000001 0.110690625 0.780196875 0.12155 0.7761546874999999 0.11614374999999999 0.7676000000000001 0.1174046875 0.76595 0.12173125 0.7695796875 0.1263796875 0.7699421875 0.1288578125 0.753371875 0.1260421875 0.7541156250000001 0.112125 0.7688312500000001 0.107071875 0.7765515625 0.100925 0.7849828125 0.0831875 0.806721875 0.068596875 0.8257375 0.05515 0.8416406249999999 0.051821874999999996 0.8488734375 0.046156249999999996 0.85520625 0.0429515625 0.85945625 0.0410859375 0.8641109374999999 0.0393234375 0.8730062500000001 0.045496875 0.880153125 0.0558359375 0.8863421875 0.066734375 0.88920625 0.0758484375 0.8935109375 0.08720625 0.8908390624999999 0.0990328125 0.8911031250000001 0.17046875 0.8967046875 0.2665578125 0.9039671874999999 0.27239843750000003 0.893584375 0.266515625 0.8946640625000001 0.2597703125 0.8939484375 0.270653125 0.8913625 0.2698109375 0.8851812499999999 0.2648234375 0.8766765624999999 0.2608375 0.8771390625000001 0.25112812500000004 0.881159375 0.2466375 0.8850625000000001 0.2323015625 0.8874921875 0.22962500000000002 0.887740625 0.22524843749999998 0.8781437499999999 0.2231953125 0.8760406250000001 0.23913125000000002 0.8680937500000001 0.24277500000000002 0.869471875 0.2563734375 0.8734718750000001 0.2643203125 0.8664265625 0.2675609375 0.8632421875 0.256475 0.8550171875 0.2583953125 0.8453015625000001 0.2625296875 0.8451359374999999 0.2639296875 0.8530984374999999 0.2667328125 0.8589546875 0.2736328125 0.8644984375 0.2877390625 0.8643562499999999 0.2781515625 0.866346875 0.2710078125 0.867840625 0.280709375 0.8722843749999999 0.3000625 0.875028125 0.3133796875 0.8733234375000001 0.3217390625 0.8712734375 0.3203421875 0.86554375 0.33245 0.8684203125 0.3254796875 0.8716609375000001 0.3242484375 0.8757203125 0.3369203125 0.87845 0.337915625 0.875465625 0.3417515625 0.8736546875 0.35224375 0.8767265625 0.36431718750000003 0.876971875 0.370659375 0.8745265625 0.384040625 0.8742609375000001 0.3913125 0.8784203125 0.394309375 0.8811296875 0.40050625 0.879065625 0.401578125 0.8726203124999999 0.40393125 0.8701078125 0.40620312500000005 0.8634281250000001 0.40697343750000003 0.8532609375 0.4000484375 0.8522437500000001 0.3938640625 0.8547781249999999 0.3943703125 0.847753125 0.3952546875 0.8400140625000001 0.3939859375 0.8284078125000001 0.3948296875 0.8165078125 0.39070625 0.8088734375 0.3857234375 0.8048203125000001 0.37727499999999997 0.802178125 0.375903125 0.8016109374999999
0 0.1346703125 0.8580453125 0.1317515625 0.8589718749999999 0.123409375 0.8642296875 0.123715625 0.86864375 0.1273078125 0.86831875 0.136040625 0.8657859374999999 0.13801406249999998 0.863421875 0.13865 0.860328125 0.1346703125 0.8580453125
0 0.3040125 0.7095687500000001 0.3019171875 0.7076015625000001 0.2989953125 0.7066515625 0.29757968749999997 0.7117953124999999 0.301659375 0.712709375 0.3040125 0.7095687500000001
0 0.33866874999999996 0.6946078124999999 0.33790156250000003 0.69121875 0.335553125 0.6919796875 0.3341921875 0.69296875 0.33328437499999997 0.6956078125 0.336415625 0.697115625 0.33866874999999996 0.6946078124999999
0 0.3258125 0.7039890625 0.3299875 0.703078125 0.33006875 0.7009515625 0.32584375 0.7005703125 0.32450625 0.7009640625 0.32177812499999997 0.7034453125 0.3217203125 0.7043625 0.3258125 0.7039890625
0 0.2619734375 0.7419718750000001 0.2627484375 0.747384375 0.268865625 0.7502 0.2712421875 0.7493484375 0.271721875 0.7453624999999999 0.267121875 0.74211875 0.2685359375 0.740915625 0.26992656249999997 0.7395015625 0.27494687500000003 0.7361140625 0.273084375 0.7354078125 0.26723281249999997 0.73746875 0.2619734375 0.7419718750000001
0 0.2513046875 0.7238203125 0.251028125 0.7229875 0.24991406249999998 0.7233031249999999 0.2487828125 0.726934375 0.2532375 0.72896875 0.25571875 0.728365625 0.2562484375 0.7266625 0.2527921875 0.722828125 0.2513046875 0.7238203125
0 0.23569218749999998 0.7639875 0.23122812499999998 0.7655062499999999 0.23270624999999998 0.7661125 0.23475000000000001 0.7707843750000001 0.2387296875 0.7727671875000001 0.24056093750000002 0.7716515625 0.24067031249999998 0.7682687500000001 0.2386578125 0.7645890625 0.23569218749999998 0.7639875
0 0.323546875 0.6650125 0.3243765625 0.6680234375 0.32731875 0.6702859375 0.32911562499999997 0.66295 0.3272359375 0.6611953125000001 0.323546875 0.6650125
0 0.29998125 0.6816546875 0.29874999999999996 0.6822171875 0.29869218750000004 0.6844828125 0.3024203125 0.68504375 0.3033625 0.6832078125 0.30288750000000003 0.6816234375 0.29998125 0.6816546875
0 0.305265625 0.60813125 0.3082765625 0.6106265625 0.3115671875 0.61025 0.3099546875 0.6050625000000001 0.3064171875 0.6042500000000001 0.305265625 0.60813125