0 0.358590625 0.401303125 0.36107187500000004 0.40421562499999997 0.363528125 0.39973125 0.36436562499999997 0.3965328125 0.3653328125 0.39311093750000003 0.3642140625 0.3888796875 0.3608625 0.3849203125 0.3584390625 0.38676093749999996 0.3566203125 0.391853125 0.35675 0.39556718750000003 0.358590625 0.401303125
0 0.37485625 0.41039062499999995 0.3787421875 0.41025625000000004 0.37941875 0.406534375 0.37687499999999996 0.40134375 0.3747 0.4059234375 0.37485625 0.41039062499999995
0 0.513140625 0.40926718749999996 0.5141375 0.398478125 0.5107640625000001 0.3973015625 0.5097968749999999 0.399125 0.509134375 0.4040375 0.510384375 0.4094875 0.5130109375 0.4130375 0.513140625 0.40926718749999996
0 0.5673843749999999 0.4454640625 0.5682 0.44029999999999997 0.5645265625 0.43628906250000005 0.5605578125 0.4362875 0.5585312499999999 0.43716875 0.555203125 0.43783125 0.554334375 0.440625 0.5565953125 0.444490625 0.5625578124999999 0.44727187500000004 0.5673843749999999 0.4454640625
0 0.5258984375 0.439753125 0.520096875 0.43906875 0.5172234375 0.44006875 0.5197375 0.4465609375 0.5225953125 0.4476765625 0.52739375 0.4455046875 0.5276015625 0.44189375000000003 0.5258984375 0.439753125
0 0.6274796874999999 0.43650781250000004 0.619634375 0.43706562499999996 0.6133375 0.438575 0.6063734375000001 0.441709375 0.5985140624999999 0.4491515625 0.5953984375 0.45786249999999995 0.5921578125 0.4682734375 0.5972671875 0.4681109375 0.6080703125 0.4552609375 0.6181062500000001 0.45388124999999996 0.622821875 0.4487 0.6236953125 0.44410625000000004 0.623990625 0.43976718750000005 0.6243796875000001 0.43834062500000004 0.6274796874999999 0.43650781250000004
0 0.61690625 0.3917921875 0.6208750000000001 0.39137656249999997 0.622515625 0.39644843750000003 0.6214906250000001 0.39914218749999997 0.6197843749999999 0.40165937500000004 0.6204625 0.406825 0.6232562500000001 0.4139390625 0.62348125 0.411740625 0.6269515625000001 0.40547500000000003 0.6309328125 0.4019015625 0.635615625 0.397671875 0.637778125 0.39234843750000004 0.637721875 0.3864078125 0.6349609375 0.381953125 0.6291984375 0.3732421875 0.6277765625 0.37201093749999997 0.6255859375 0.3702859375 0.6243000000000001 0.367915625 0.6250015624999999 0.363546875 0.621509375 0.363396875 0.619103125 0.368275 0.61625625 0.3751 0.617609375 0.38004375 0.6172203125 0.3841640625 0.614575 0.3827953125 0.61275625 0.382646875 0.613671875 0.3860375 0.61690625 0.3917921875
0 0.6259890625 0.35438125 0.6239890625 0.3497828125 0.6219484375000001 0.349065625 0.619896875 0.350015625 0.6189078125 0.3540703125 0.6200359375 0.357746875 0.6221859375000001 0.358890625 0.6259890625 0.35438125
0 0.6911296874999999 0.42602343749999994 0.6918375 0.4308328125 0.6923078125 0.433590625 0.6922125 0.4370984375 0.740709375 0.4377859375 0.8320125 0.43762968750000003 0.8407546874999999 0.43748437500000004 0.8407953125000001 0.431084375 0.8390375000000001 0.420246875 0.8397421875 0.413625 0.8364515625 0.4101078125 0.8345968750000001 0.40723906249999997 0.8339187499999999 0.40608281249999995 0.8315187500000001 0.40297499999999997 0.8301281250000001 0.398728125 0.82983125 0.39492812499999996 0.8307046874999999 0.391 0.831684375 0.387578125 0.834571875 0.384709375 0.8369156249999999 0.3834109375 0.8422859375 0.38020624999999997 0.850975 0.381546875 0.8552234375 0.3847578125 0.8589249999999999 0.38976875 0.8607312500000001 0.39428125 0.8606 0.3989859375 0.8603390624999999 0.40210156250000006 0.8639265625 0.41879999999999995 0.86680625 0.436884375 0.87145 0.43517343750000004 0.8745515625 0.43070624999999996 0.875871875 0.42582812499999995 0.87613125 0.420728125 0.8772718749999999 0.377003125 0.8766921875 0.3617421875 0.8756812500000001 0.35762499999999997 0.87448125 0.3541078125 0.871746875 0.3511125 0.8686578125000001 0.3498921875 0.86461875 0.3487984375 0.8309468750000001 0.3495375 0.7394140625000001 0.3484171875 0.726040625 0.34879375 0.715528125 0.3495453125 0.716696875 0.3551671875 0.7138453124999999 0.3584703125 0.7099953125 0.3605 0.7078578125 0.3618671875 0.7055046875000001 0.3646328125 0.703225 0.3665484375 0.7017984375 0.3677421875 0.7008593750000001 0.3739984375 0.7011421875 0.3744125 0.6992171875000001 0.380659375 0.6995125 0.383675 0.69840625 0.3879015625 0.6964109374999999 0.39261875 0.6949484375 0.3976578125 0.6931437500000001 0.4026609375 0.6903625 0.40514687499999996 0.6896859375 0.407296875 0.6891984375 0.4109421875 0.689103125 0.4155203125 0.687653125 0.4196109375 0.6878765625 0.4229078125 0.6893140625 0.425725 0.6911296874999999 0.42602343749999994
0 0.8367265625 0.51033125 0.83863125 0.5122 0.8385421875000001 0.505290625 0.8366328125000001 0.503490625 0.835396875 0.506009375 0.8367265625 0.51033125
0 0.8034234375 0.717996875 0.8070875 0.7209749999999999 0.8102953125000001 0.7232859375 0.808584375 0.72918125 0.8109859374999999 0.73463125 0.8106687499999999 0.7368328125 0.8056296875 0.7394796875 0.8040640625 0.7445484375 0.8057624999999999 0.7457859375 0.8122031249999999 0.7417453125 0.81194375 0.7442796875 0.8137140625000001 0.7491453124999999 0.8172124999999999 0.6590609374999999 0.8142875 0.6663390625 0.8131328124999999 0.6701718750000001 0.814384375 0.678521875 0.810615625 0.6832281250000001 0.8102296875 0.6887890624999999 0.8141031249999999 0.6925125000000001 0.8135953125000001 0.6960921875 0.810465625 0.6919484375 0.8104671874999999 0.698603125 0.8107640625 0.7038640625 0.81168125 0.7121171875 0.8050171875000001 0.7118187500000001 0.8034234375 0.717996875
0 0.2332765625 0.3768859375 0.22323750000000003 0.3751625 0.220375 0.379075 0.21909062499999998 0.3812140625 0.2099625 0.384078125 0.2090109375 0.3900671875 0.2148546875 0.3903296875 0.2231875 0.3907109375 0.2269921875 0.3919953125 0.23350468750000003 0.39095 0.2344421875 0.3847390625 0.23379374999999997 0.3808625 0.2332765625 0.3768859375
0 0.24647968750000002 0.385140625 0.24467500000000003 0.38015781249999997 0.2389859375 0.3770296875 0.2389859375 0.380134375 0.24046093750000003 0.384096875 0.243146875 0.3882 0.2472 0.3905953125 0.24647968750000002 0.385140625
0 0.0834703125 0.408571875 0.063740625 0.4084 0.0668609375 0.41567031249999997 0.06967812500000001 0.4207109375 0.07179687500000001 0.42761875 0.07458125 0.439746875 0.0761625 0.4351 0.076946875 0.43066562499999994 0.0774703125 0.4251796875 0.0778265625 0.42184218749999997 0.07857499999999999 0.41960312499999997 0.0802140625 0.41626562500000003 0.0814734375 0.41345937499999996 0.0817 0.41031562499999996 0.0834703125 0.408571875
0 0.05128437500000001 0.3852625 0.0550859375 0.385090625 0.06165 0.386678125 0.06590312499999999 0.386678125 0.0747921875 0.3861890625 0.0751375 0.383378125 0.0741765625 0.38089531249999997 0.06434375 0.380915625 0.0503203125 0.380834375 0.039434375 0.38260625 0.0454625 0.38568437499999997 0.05128437500000001 0.3852625
0 0.08038125 0.9973359374999999 0.0840625 0.9966359375 0.0839125 0.9915125 0.0801765625 0.9906859375 0.07937187500000001 0.9946453125 0.08038125 0.9973359374999999
0 0.5306109375 0.123846875 0.53039375 0.12648593749999998 0.53039375 0.13086875 0.5333234375 0.13335 0.5364703125 0.1292359375 0.5344734375 0.1223546875 0.5306109375 0.123846875