0 0.05023593750000001 0.1654875 0.0493828125 0.148484375 0.036078125 0.1391609375 0.0214953125 0.1314484375 0.015396874999999999 0.143375 0.018646875 0.1556109375 0.028703125000000003 0.16398593749999998 0.038209375000000004 0.166896875 0.05023593750000001 0.1654875
0 0.09204375000000001 0.2927078125 0.1000453125 0.30334062500000003 0.11184687499999998 0.30660937499999996 0.1167546875 0.296015625 0.1176265625 0.28140624999999997 0.11676093750000001 0.2679921875 0.1126734375 0.2549 0.1126734375 0.23997031249999998 0.110315625 0.23052812500000003 0.1050328125 0.21206874999999997 0.09709375 0.194125 0.0927671875 0.1781796875 0.085978125 0.1587296875 0.07572187500000001 0.1556984375 0.0753609375 0.17416875 0.07860937500000001 0.1846265625 0.0810765625 0.20304843749999998 0.0737 0.20625468749999998 0.05124375 0.21589062499999997 0.052509375000000004 0.22444531250000002 0.08006250000000001 0.226415625 0.0806953125 0.22736562500000002 0.0889375 0.24625312500000002 0.0883171875 0.2624078125 0.0905390625 0.27714375 0.09204375000000001 0.2927078125
0 0.49195 0.6937031250000001 0.476196875 0.6953796875 0.44053125 0.7014437499999999 0.381803125 0.7110203125 0.35252500000000003 0.7191 0.31277187500000003 0.7218953124999999 0.2854640625 0.7245109375000001 0.244709375 0.7353671875 0.2878796875 0.75543125 0.2917609375 0.7607796875 0.3061765625 0.7709374999999999 0.3220984375 0.7807359375 0.338025 0.78596875 0.366378125 0.7861515625 0.3876015625 0.7856828124999999 0.43292343750000006 0.7848203125000001 0.46707031250000003 0.7735531250000001 0.4679421875 0.76201875 0.47586093749999997 0.74610625 0.48323124999999995 0.7313468750000001 0.49195 0.6937031250000001
0 0.527240625 0.7419453125000001 0.5208265625 0.738559375 0.50760625 0.7341265625 0.4959734375 0.7505875 0.48923750000000005 0.7646546875 0.4965484375 0.7767015625 0.5196640625 0.7690328125 0.5301140625 0.7556109375 0.527240625 0.7419453125000001
0 0.0248859375 0.8228453124999999 0.0475421875 0.8217359375 0.0668734375 0.8173625 0.0683921875 0.798596875 0.055570312499999996 0.7883265625 0.0502171875 0.7865593750000001 0.041698437500000005 0.7801796875 0.027184375 0.783090625 0.0137890625 0.803890625 0.0248859375 0.8228453124999999
0 0.5469265625 0.771590625 0.5637187499999999 0.7790171875 0.5693453125 0.792971875 0.5845484375 0.7973703125 0.590175 0.7885500000000001 0.58050625 0.7705828125 0.56541875 0.7599218750000001 0.5553359375 0.7552609375 0.549025 0.75638125 0.545028125 0.762678125 0.5469265625 0.771590625
0 0.6158734375 0 0.653903125 0.0140421875 0.65730625 0 0.6158734375 0
0 0.5377234375 0.8052171875 0.5443109374999999 0.8023484375000001 0.545 0.7959328125 0.5423671875 0.7938390625 0.5401281250000001 0.792575 0.53815 0.7927796875 0.53545625 0.796159375 0.53250625 0.7965203125 0.529890625 0.7964171875 0.5235109375 0.7978765625 0.5263609375 0.8057703125 0.5377234375 0.8052171875
0 0.5588734375 0.8266125000000001 0.5401374999999999 0.8148921874999999 0.5380328125 0.8180406250000001 0.539265625 0.8225031250000001 0.541803125 0.8292187500000001 0.5470906249999999 0.830184375 0.5500406250000001 0.82774375 0.5588734375 0.8266125000000001
0 0.6222000000000001 0.8090859375000001 0.635484375 0.8153265624999999 0.6494671875 0.8113531249999999 0.6557359375 0.8063015625000001 0.6630171875 0.8019046875000001 0.6687015625 0.800953125 0.665071875 0.7946390625 0.6636453125 0.7942671875 0.6563359375 0.7990468749999999 0.651346875 0.7992781250000001 0.647321875 0.7998515625 0.6247281250000001 0.805115625 0.6222000000000001 0.8090859375000001
0 0.17483593749999998 0.7824296875 0.170134375 0.7826953125 0.1600625 0.7811046875 0.16780781250000001 0.7752484374999999 0.1743796875 0.76595625 0.171434375 0.762996875 0.1617765625 0.763346875 0.1599421875 0.7676375 0.1529765625 0.7714828125000001 0.1482515625 0.7725 0.1420640625 0.7747859375 0.1419125 0.7812015625 0.146 0.788225 0.1476921875 0.7906671875 0.164596875 0.7918109375 0.174821875 0.79234375 0.1800734375 0.7862843749999999 0.17483593749999998 0.7824296875
0 0.1718953125 0.82150625 0.17441562500000002 0.8163 0.17272343750000002 0.8148500000000001 0.1717796875 0.8148109375000001 0.166946875 0.8162890624999999 0.16319999999999998 0.8199875000000001 0.16515312499999998 0.8220859375 0.1718953125 0.82150625
0 0.14839843749999998 0.8170546875 0.15033593750000002 0.8173859374999999 0.15597031249999999 0.8162062499999999 0.1609515625 0.8128890625 0.1586765625 0.8114125 0.154759375 0.8112031249999999 0.15283125 0.8113484375000001 0.146603125 0.8164734375 0.14839843749999998 0.8170546875
0 0.17936875000000002 0.5798734375000001 0.18262499999999998 0.5779625 0.1905140625 0.57319375 0.1902421875 0.5702843750000001 0.18861250000000002 0.5712609375000001 0.18282343750000002 0.572859375 0.17995 0.5751703125 0.171759375 0.5778265625000001 0.1674109375 0.5795046875 0.1626390625 0.5813937499999999 0.15630312500000001 0.5824765625 0.154953125 0.58385 0.155621875 0.58608125 0.1653015625 0.5851921875 0.17202656249999998 0.583590625 0.17936875000000002 0.5798734375000001
0 0.0983828125 0.384521875 0.10880625 0.3864140625 0.11373437500000001 0.3833859375 0.11285 0.381096875 0.10839375 0.3787109375 0.10510468749999999 0.37846250000000003 0.10580624999999999 0.37939687499999997 0.0949140625 0.3811140625 0.096446875 0.38365 0.0983828125 0.384521875
0 0.13420625 0.3829578125 0.1404375 0.38521875 0.14230937500000002 0.38253906249999997 0.14205937500000002 0.37955625 0.13967968749999998 0.37839375 0.13543750000000002 0.37978125 0.13420625 0.3829578125
0 0.0664484375 0.327415625 0.0664484375 0.32876249999999996 0.0676640625 0.33470468750000004 0.0703609375 0.3407015625 0.07066093749999999 0.34431875 0.0741453125 0.345321875 0.0768203125 0.34394843750000004 0.0776296875 0.34130781250000003 0.0776296875 0.33787500000000004 0.0760046875 0.3342015625 0.0743796875 0.33044843749999997 0.0707390625 0.3271359375 0.0664484375 0.327415625
0 0.0008171875 0.0376359375 0.0041859374999999996 0.04921875 0.012617187499999998 0.0479078125 0.001653125 0.03038125 0.0008171875 0.0376359375