0 0.4744546875 0.4900796875 0.47321406250000003 0.4973546875 0.47891874999999995 0.49702343750000005 0.4796625 0.4933859375 0.47891874999999995 0.4900796875 0.4779265625 0.4877640625 0.47569375 0.48809531249999993 0.4744546875 0.4900796875
0 0.4997515625 0.491071875 0.49603125 0.4877640625 0.494046875 0.4890875 0.49454374999999995 0.49239375 0.49652812500000004 0.49470937499999995 0.498015625 0.49503906249999996 0.49925625 0.49305625 0.4997515625 0.491071875
0 0.428571875 0.44279062500000005 0.4310515625 0.44212968750000003 0.43253906249999996 0.44146875 0.43353125 0.439484375 0.43328437500000005 0.4348546875 0.427828125 0.428571875 0.4270828125 0.43220937499999995 0.4270828125 0.443121875 0.4275796875 0.443121875 0.428571875 0.44279062500000005
0 0.6453375 0.453703125 0.6453375 0.45568749999999997 0.6438484375 0.45568749999999997 0.6386406250000001 0.4566796875 0.6421125 0.4583328125 0.648065625 0.45701093750000005 0.653521875 0.45535781249999996 0.648065625 0.454034375 0.6453375 0.453703125
0 0.383928125 0.5254624999999999 0.37599218749999996 0.5224875 0.3720234375 0.5175265625 0.365575 0.5178578125 0.362103125 0.5188484375 0.3568953125 0.5261250000000001 0.355159375 0.5300921875 0.35441406249999996 0.5343921875000001 0.3563984375 0.5396828124999999 0.36036718749999996 0.538359375 0.3685515625 0.5363749999999999 0.376240625 0.5343921875000001 0.384671875 0.5300921875 0.390625 0.5287703125000001 0.39608125 0.527115625 0.394840625 0.5224875 0.3963296875 0.5158734375 0.391865625 0.5158734375 0.38963281250000004 0.5171953125 0.38665625000000003 0.5254624999999999 0.383928125 0.5254624999999999
0 0.3147328125 0.5 0.323909375 0.5046296875 0.3251484375 0.49669375000000004 0.3149796875 0.49537031249999997 0.3147328125 0.5
0 0.315228125 0.535384375 0.30704375 0.5439812500000001 0.30853125000000003 0.545965625 0.31646874999999997 0.546296875 0.3196921875 0.545965625 0.3196921875 0.5423281249999999 0.31795625 0.5380296875 0.315228125 0.535384375
0 0.2810015625 0.51124375 0.28323437500000004 0.509590625 0.28224218749999996 0.5042984374999999 0.2807546875 0.5066140625 0.280009375 0.5102515624999999 0.2810015625 0.51124375
0 0.2844734375 0.435846875 0.28199375 0.4375 0.28323437500000004 0.435515625 0.2817453125 0.43650781250000004 0.28025781250000004 0.4398140625 0.27926562499999996 0.443453125 0.2775296875 0.4474203125 0.2782734375 0.4530421875 0.28025781250000004 0.4533734375 0.2829859375 0.4527109375 0.283978125 0.4484125 0.2859625 0.44874375000000005 0.28621093750000004 0.4454359375 0.2857140625 0.4398140625 0.2844734375 0.435846875
0 0.238590625 0.704365625 0.255953125 0.697090625 0.258184375 0.6921296875 0.259671875 0.6861765625 0.25545625 0.6851859375 0.248015625 0.6848546875 0.24007968750000003 0.6845234375 0.2328875 0.689153125 0.23040625 0.6941140625 0.22867031249999997 0.704365625 0.22867031249999997 0.7089953125 0.238590625 0.704365625
0 0.234375 0.8872359375000001 0.2368546875 0.8981484375000001 0.23983125 0.895503125 0.2415671875 0.8845906250000001 0.24057499999999998 0.87896875 0.23908749999999998 0.8736765625 0.23908749999999998 0.8743390625 0.23115156250000002 0.87103125 0.232390625 0.8812828125 0.234375 0.8872359375000001
0 0.2197421875 0.8515218750000001 0.2353671875 0.8571421875 0.2358625 0.8597890625 0.2237109375 0.855159375 0.21999062500000002 0.854496875 0.22346249999999998 0.8597890625 0.232390625 0.8654093749999999 0.23983125 0.8660718749999999 0.245784375 0.862103125 0.245784375 0.8561515625 0.240328125 0.8511906249999999 0.2232140625 0.8462296874999999 0.2197421875 0.8515218750000001
0 0.27058593750000004 0.8320109375 0.2681046875 0.834325 0.2591765625 0.8412703125000001 0.2604171875 0.843915625 0.264384375 0.8429234375 0.2700890625 0.8382937500000001 0.27058593750000004 0.8320109375
0 0.6074328125 0.193453125 0.6099125 0.193728125 0.6119796875 0.19510624999999998 0.6119796875 0.1912484375 0.611153125 0.1871140625 0.6076390625 0.181603125 0.6063984375 0.1827046875 0.6063984375 0.1862875 0.607225 0.1912484375 0.6074328125 0.193453125
0 0.6316140625 0.20089218749999999 0.6285140625000001 0.19565625 0.62520625 0.194003125 0.620865625 0.1942796875 0.620659375 0.197034375 0.6210734375 0.199790625 0.623346875 0.20144375 0.6243796875000001 0.202821875 0.6297531249999999 0.20337343749999998 0.6316140625 0.20089218749999999
0 0.6380203125 0.19565625 0.6338874999999999 0.192075 0.6320265625 0.1962078125 0.6318203125 0.2003421875 0.6367812500000001 0.20447500000000002 0.6380203125 0.19565625