0 0.5537703125 0.48812812499999997 0.560284375 0.4838359375 0.566603125 0.47834062499999996 0.5709593749999999 0.47454375000000004 0.57124375 0.47043125 0.569690625 0.4684234375 0.5613171875 0.46409687499999996 0.562346875 0.462578125 0.5683484375 0.4573625 0.5720125 0.45297656249999996 0.5724484375000001 0.44999062500000003 0.56941875 0.4440734375 0.566903125 0.43994218749999997 0.56621875 0.4347984375 0.555728125 0.43093906249999997 0.5313718749999999 0.4288125 0.5282250000000001 0.4297046875 0.514415625 0.4355640625 0.5047046875000001 0.439503125 0.493690625 0.44356093750000003 0.48174687499999996 0.44607343750000006 0.46864062500000003 0.4529109375 0.4671234375 0.45612343749999995 0.46573593750000003 0.46345937499999995 0.467896875 0.46675468750000004 0.4710515625 0.47561093750000005 0.477375 0.4837671875 0.4838609375 0.49189999999999995 0.49770312499999997 0.49812812500000003 0.50783125 0.50315625 0.5247921875 0.50385 0.533725 0.5016828125 0.5426984375 0.49719375 0.5471140625 0.49199374999999995 0.5537703125 0.48812812499999997
0 0.5438375 0.409578125 0.5409953125 0.3994171875 0.5387078125 0.396840625 0.534153125 0.39263750000000003 0.5156703125 0.3902421875 0.5126968749999999 0.390659375 0.5096625 0.40212343749999996 0.5069828125 0.409965625 0.5051 0.411659375 0.5028609375 0.4174515625 0.504403125 0.423440625 0.508621875 0.421571875 0.5193156250000001 0.4190203125 0.5243625 0.415984375 0.5251781249999999 0.410525 0.5231078124999999 0.40859218750000004 0.523390625 0.4058171875 0.5276109375 0.401103125 0.534359375 0.404053125 0.5439546875 0.4102984375 0.5438375 0.409578125
0 0.38227812499999997 0.4035296875 0.38725312500000003 0.40926406249999997 0.395553125 0.414271875 0.40428593749999997 0.4172140625 0.418271875 0.41892500000000005 0.4284140625 0.41725781250000005 0.4376796875 0.41491249999999996 0.4452625 0.4098890625 0.44654999999999995 0.4030359375 0.44436406249999993 0.39525625 0.43526718750000004 0.389075 0.43087968749999994 0.3847265625 0.420025 0.38020468749999997 0.4108921875 0.3758609375 0.40902656249999997 0.373971875 0.4004984375 0.372021875 0.399296875 0.3656390625 0.392628125 0.36317343750000003 0.3800046875 0.36529375000000003 0.376028125 0.3805046875 0.375325 0.3899546875 0.3758796875 0.395034375 0.37920937499999996 0.40073749999999997 0.38227812499999997 0.4035296875
0 0.3793890625 0.4837234375 0.3839171875 0.48127812499999995 0.38801718749999997 0.47990625 0.391853125 0.47720312500000006 0.403209375 0.4802234375 0.4001328125 0.47495000000000004 0.395640625 0.4714578125 0.3928921875 0.47117812499999995 0.3828046875 0.47354062499999994 0.3793890625 0.4837234375
0 0.415903125 0.48394843749999994 0.4130109375 0.48648749999999996 0.414659375 0.4892953125 0.416759375 0.488896875 0.42048281249999997 0.4857234375 0.417709375 0.48444062499999996 0.415903125 0.48394843749999994
0 0.4129609375 0.5975390625 0.4110359375 0.594321875 0.404859375 0.5928765625 0.3980328125 0.5923296875 0.3949 0.595078125 0.3943890625 0.6010234375 0.3959078125 0.6044343750000001 0.39875937499999997 0.6048828125 0.41022968750000005 0.600765625 0.4129609375 0.5975390625
0 0.3676015625 0.269003125 0.370096875 0.27259687499999996 0.382284375 0.2748890625 0.3896921875 0.2719296875 0.38942031250000003 0.2661171875 0.38568281249999997 0.262990625 0.38319843750000004 0.2635328125 0.3685046875 0.259765625 0.36732343749999996 0.2628828125 0.3676015625 0.269003125
0 0.3556625 0.26934843750000004 0.3526375 0.26609375 0.3489859375 0.266221875 0.3470828125 0.26833125 0.347084375 0.2712703125 0.34916562500000003 0.274153125 0.35316562500000004 0.2741734375 0.3556625 0.26934843750000004
0 0.40933125 0.2712921875 0.408153125 0.2740546875 0.40837031250000005 0.2769375 0.41381562499999996 0.27681093749999997 0.41654843750000003 0.27273437500000003 0.41046562499999995 0.269096875 0.40933125 0.2712921875
0 0.4382671875 0.289453125 0.4366171875 0.2912203125 0.436934375 0.29413125 0.44231875 0.29384062499999997 0.44594218750000003 0.289871875 0.4398140625 0.2873890625 0.4382671875 0.289453125
0 0.31272812499999997 0.08933125 0.3166296875 0.0937296875 0.319784375 0.0991078125 0.3181265625 0.10855624999999999 0.31915781249999997 0.1136671875 0.32429375 0.1188515625 0.3304921875 0.1143 0.328228125 0.111021875 0.3292015625 0.102565625 0.3356234375 0.0995546875 0.3324453125 0.0958875 0.330246875 0.092046875 0.3269578125 0.088225 0.3268671875 0.0864953125 0.32354531249999996 0.0809 0.324596875 0.07065468750000001 0.32027031250000004 0.06836875 0.317575 0.064846875 0.31767500000000004 0.061340625 0.3169109375 0.056143750000000006 0.31439374999999997 0.05619062500000001 0.3088375 0.060082812500000006 0.31520000000000004 0.06948750000000001 0.3151703125 0.07777500000000001 0.31424375000000004 0.085796875 0.31272812499999997 0.08933125
0 0.50025625 0.66365 0.5078203125 0.66415625 0.5109281250000001 0.660403125 0.5075828125 0.6559359375 0.5058640624999999 0.6558484375 0.499675 0.6564687499999999 0.49779999999999996 0.6596171875 0.498571875 0.6613328125 0.50025625 0.66365
0 0.395528125 0.688578125 0.395625 0.694475 0.399146875 0.6981640625 0.41323125000000005 0.7015015625000001 0.4202796875 0.7030765625 0.42633906250000003 0.701459375 0.42772812499999996 0.6978171875 0.41925468749999995 0.6955171874999999 0.42212812499999997 0.6942078125 0.42012343750000003 0.6896796875 0.404015625 0.6849937500000001 0.3976515625 0.682353125 0.395528125 0.688578125
0 0.44433749999999994 0.70705 0.438575 0.7056046874999999 0.43693125000000005 0.7077578124999999 0.4366203125 0.711128125 0.4374921875 0.7137718750000001 0.44232187500000003 0.7148578125 0.44610625 0.7100421875 0.44433749999999994 0.70705
0 0.5161171875 0.8492671875 0.5162765625 0.8540796875 0.5202218750000001 0.860465625 0.531715625 0.8675109375 0.54564375 0.87581875 0.5540671875000001 0.8855625 0.568075 0.8897125000000001 0.581884375 0.8940859375000001 0.600459375 0.898484375 0.621428125 0.90016875 0.6383875 0.8987812500000001 0.6549859375 0.8955921874999999 0.670571875 0.8905421875 0.685346875 0.8842874999999999 0.6966218750000001 0.875240625 0.7032984375 0.8668875 0.708015625 0.8575953125 0.7109093750000001 0.8500578125 0.7109125 0.83931875 0.7099875 0.8319421874999999 0.7033328125 0.821296875 0.6984671875 0.8104359375 0.6846390625 0.7989531249999999 0.6763078124999999 0.79286875 0.6664671875 0.7880375 0.6599062499999999 0.784778125 0.652815625 0.7775921875 0.649265625 0.7737859375 0.6366953125 0.7697109375 0.637034375 0.7727703125 0.6408406249999999 0.778140625 0.6455765625 0.7837875000000001 0.6453015625 0.7904687499999999 0.645796875 0.79445 0.6465953125 0.8041671875 0.643996875 0.81141875 0.6352203125 0.8163656250000001 0.6252796875 0.8200359374999999 0.6170796875 0.8226812499999999 0.6046859375 0.8232453124999999 0.5938703125 0.821284375 0.58531875 0.8171859375 0.5803171875 0.8138781249999999 0.575875 0.8074421875000001 0.571234375 0.79936875 0.5711765625 0.7905890624999999 0.571928125 0.7851 0.5781265624999999 0.7802921875 0.5741562499999999 0.773809375 0.5683890625 0.7764078125 0.564340625 0.7800765625 0.5605875 0.7856765625000001 0.5530484375 0.7940828125 0.550021875 0.7951671874999999 0.545384375 0.7994890625 0.541196875 0.804659375 0.537490625 0.811553125 0.5308109375 0.81826875 0.52898125 0.8210312500000001 0.524884375 0.8328546875 0.521303125 0.8412625 0.5161171875 0.8492671875
0 0.5113046875 0.9031671875 0.4909484375 0.8910484375 0.4785453125 0.8870156250000001 0.47798125 0.8767890625 0.46659375000000003 0.869771875 0.447065625 0.859684375 0.4440140625 0.8596 0.44144531249999996 0.8644421875000001 0.44553125 0.8726546875000001 0.44798125000000005 0.8796078125 0.4554984375 0.883640625 0.46484375 0.89274375 0.47800312500000003 0.898428125 0.49014375 0.9019578125000001 0.5081671875 0.906553125 0.5213062500000001 0.9125187499999999 0.537696875 0.9136109375 0.5300125 0.911075 0.5113046875 0.9031671875
0 0.687121875 0.9558609375 0.6939765625 0.9550234375000001 0.7005343749999999 0.9467703125 0.705940625 0.9402984375000001 0.7117046874999999 0.9325796875 0.7160640625 0.9205765625 0.7170156249999999 0.9071859375000001 0.7146171875 0.9069828125000001 0.7016140625 0.9227015625 0.691496875 0.93446875 0.6521765625 0.9496874999999999 0.61774375 0.947178125 0.5980749999999999 0.9369484375000001 0.583746875 0.9280968749999999 0.5678156249999999 0.9211562499999999 0.555715625 0.9233859375 0.5497671875 0.929003125 0.5501453125 0.9341421875 0.5563359375 0.9425421875 0.5704015625000001 0.951278125 0.580184375 0.95498125 0.59336875 0.9591984374999999 0.6117890625 0.965940625 0.6199484375 0.968825 0.6379374999999999 0.9737203125 0.6485562500000001 0.9722156249999999 0.6646453125 0.9696718750000001 0.673634375 0.96480625 0.687121875 0.9558609375
0 0.8823671875000001 0.7046640625 0.8789046875000001 0.7076125 0.8734578125000001 0.7117421875 0.8684468750000001 0.7152406250000001 0.8592984375 0.720353125 0.857734375 0.7256078125000001 0.8549390625 0.732021875 0.8483625 0.73774375 0.8408749999999999 0.742940625 0.8353875000000001 0.74854375 0.8359 0.755671875 0.8333234375 0.761796875 0.828740625 0.770009375 0.815746875 0.776228125 0.8094765625000001 0.7875234375 0.805890625 0.7922281250000001 0.7936859375 0.79985 0.786584375 0.805759375 0.7861484375 0.814915625 0.7840640624999999 0.8236156250000001 0.7756859375 0.8291906250000001 0.7685953125 0.8363296874999999 0.7655609375 0.8452453125 0.7596390625 0.8526734375 0.754071875 0.8600031250000001 0.7460921875000001 0.867278125 0.7412578125 0.8745671875 0.734325 0.8826640625 0.726125 0.8884734375000001 0.72566875 0.8905625 0.7343203125 0.9053234375000001 0.74301875 0.905065625 0.75008125 0.8926609375 0.7619765625 0.8729484375000001 0.775525 0.8610203125 0.7823781249999999 0.8501484375 0.7919765625 0.8412124999999999 0.8104578124999999 0.816234375 0.8603484375000001 0.7527265625 0.8804609375 0.7297078124999999 0.8936984375 0.7123781250000001 0.895884375 0.7030796875 0.89310625 0.7006875 0.8823671875000001 0.7046640625
0 0.715075 0.666540625 0.7201921875 0.67565 0.727221875 0.679453125 0.741490625 0.6823734375 0.7498328125 0.6776484375 0.755121875 0.6656546875 0.7573921875 0.6573875 0.743746875 0.6425875 0.7377984375 0.6414625 0.72585 0.6465234375 0.7227671875 0.64659375 0.7155171874999999 0.6555593749999999 0.715075 0.666540625
0 1 0.5660609375 0.9899015625 0.56123125 0.963003125 0.5542421875 0.9386734375 0.5469359375 0.9366015624999999 0.553353125 0.9502062499999999 0.5637640625 0.955828125 0.5721812500000001 0.9572687500000001 0.5807265625 0.9562171875000001 0.5890718749999999 0.94305 0.5976796875 0.932459375 0.60905 0.9090578125000001 0.612678125 0.9347609374999999 0.629040625 0.9231796875 0.6235484375 0.9078046875 0.6196843750000001 0.8951609375 0.61964375 0.8840296875 0.620734375 0.8745062499999999 0.623996875 0.8592609375 0.6287281250000001 0.848684375 0.6301875 0.8380109375 0.633859375 0.8271953125 0.6370015625 0.8083640624999999 0.6410671875 0.8031359374999999 0.6488078125000001 0.808534375 0.6603875 0.8257218749999999 0.667109375 0.8373796875 0.6738234375000001 0.8451234375000001 0.6826515625 0.8614124999999999 0.6907609375 0.8764078124999999 0.6959921875 0.8924796875000001 0.6993796875 0.8934171875000001 0.7049109375 0.90044375 0.7036875 0.9169578125 0.6862859375 0.94930625 0.6453984375 1 0.582846875 1 0.5660609375
0 0.9197359374999999 0.6051234375 0.9358968750000001 0.60059375 0.950375 0.5941046875 0.9563171875 0.58498125 0.95524375 0.5753546875 0.9513125 0.56391875 0.9383578124999999 0.5560171875 0.937809375 0.551490625 0.938028125 0.5451484375 0.934728125 0.541478125 0.9313687500000001 0.5378609375 0.9261453124999999 0.5319109375 0.911503125 0.5262 0.911503125 0.5279828125 0.9112890625000001 0.5322890625000001 0.9143203124999999 0.5369234374999999 0.9116859375 0.539315625 0.9069234375 0.5416921875 0.8971453125 0.5445453125 0.8851171875 0.5459890625 0.8720000000000001 0.541128125 0.8652765625000001 0.5379671874999999 0.8640359375 0.5319984375 0.863921875 0.5248640625000001 0.8554109375 0.5269796875 0.8473750000000001 0.5321359375 0.8411109375000001 0.5384203125 0.837246875 0.5458046875 0.8310703125 0.5528 0.8209296875 0.558815625 0.8154625 0.5669703125 0.8153453125000001 0.5807296875 0.8305796875 0.5908671875 0.849975 0.5996265625 0.8687265625 0.6037656250000001 0.8962734375 0.606625 0.9197359374999999 0.6051234375
0 0.7042296875 0.556378125 0.701771875 0.562275 0.70320625 0.565040625 0.7069515625 0.568990625 0.708540625 0.5670015625 0.7097390625 0.5567953125 0.7042296875 0.556378125
0 0.325753125 0.8098953124999999 0.33595625 0.8058328124999999 0.335746875 0.7991578125000001 0.3328921875 0.7945390625 0.32641875 0.793775 0.318703125 0.7951578125000001 0.3173921875 0.79985 0.3203671875 0.8070281250000001 0.325753125 0.8098953124999999
0 0.2894734375 0.7997078125 0.29903749999999996 0.804903125 0.307915625 0.809234375 0.3207125 0.8118093749999999 0.316478125 0.8094625000000001 0.30610468750000003 0.797446875 0.299965625 0.7946484375 0.2841859375 0.7877609375 0.28411718750000003 0.7898984375 0.28421875 0.794384375 0.2894734375 0.7997078125
0 0.2640875 0.775259375 0.26984375 0.77288125 0.263003125 0.77158125 0.2488109375 0.76739375 0.24715781250000002 0.7671140624999999 0.243634375 0.7712749999999999 0.24498906250000002 0.7746625 0.24883281249999997 0.777753125 0.2543375 0.7793296875 0.266484375 0.7800359375 0.2719109375 0.776359375 0.2671515625 0.7755953124999999 0.2640875 0.775259375
0 0.19269843749999999 0.7470953125 0.202090625 0.753840625 0.211328125 0.7603375 0.2168171875 0.7627015625 0.22362968749999998 0.7636859375 0.22695625000000003 0.7628734374999999 0.236065625 0.761340625 0.2348390625 0.7568953125 0.2318953125 0.7567578125 0.23712499999999997 0.7562203125 0.2328875 0.7533765625 0.22726562499999997 0.750378125 0.224384375 0.7487046875 0.20683125000000002 0.743121875 0.20264375 0.7419234375 0.19796562499999998 0.7393203125000001 0.19629375 0.7357125 0.19341875 0.731746875 0.186821875 0.7307125 0.18430156250000002 0.7323593749999999 0.18286875 0.7392828125 0.19269843749999999 0.7470953125
0 0.13527187499999999 0.6263625 0.13396406249999998 0.6306484375 0.133746875 0.6373296875000001 0.13231874999999998 0.6448328125 0.13265312499999998 0.6538921875 0.13463750000000002 0.6566421874999999 0.137296875 0.661578125 0.1473609375 0.664978125 0.1572203125 0.6686062500000001 0.1501484375 0.673303125 0.1403265625 0.6765609375 0.1333359375 0.679728125 0.13210468749999998 0.6858984375 0.137521875 0.692821875 0.1412328125 0.695278125 0.1625890625 0.6983984375000001 0.169259375 0.6979375 0.18438749999999998 0.6967328125 0.1989203125 0.6936828125 0.20941875 0.6908140625 0.220353125 0.6858640625 0.2295015625 0.6811843750000001 0.2426046875 0.6758328125 0.2548265625 0.6615593750000001 0.2532390625 0.652765625 0.24973125000000002 0.6479828125 0.23573750000000002 0.6486921875 0.23152187500000002 0.6471 0.2302921875 0.632178125 0.22723906249999998 0.622553125 0.22482031249999998 0.61515625 0.22232500000000002 0.6096625 0.21594843749999998 0.6076265624999999 0.20905625 0.6061546875 0.2061265625 0.6051 0.20181093749999998 0.6065078125000001 0.204975 0.6122734375000001 0.20550312499999998 0.615103125 0.2043140625 0.6201234375 0.20074843750000002 0.6251781249999999 0.1934421875 0.6297937499999999 0.17669531249999998 0.6327953125 0.1646328125 0.6336515625 0.152903125 0.6315078125 0.14941875 0.6282859375000001 0.14604999999999999 0.6210953124999999 0.14620625 0.6178874999999999 0.1395515625 0.619421875 0.1357671875 0.6222234375 0.13527187499999999 0.6263625
0 0.5534921875000001 0.311640625 0.561228125 0.303475 0.562496875 0.2955984375 0.555184375 0.289315625 0.5479984375 0.28794375 0.53413125 0.2876953125 0.5112921874999999 0.29188593749999997 0.4909515625 0.2982421875 0.4893859375 0.30358125 0.4912078125 0.307359375 0.49501249999999997 0.3117921875 0.49781718750000004 0.3142875 0.5034609375 0.3169640625 0.5156359375 0.3175046875 0.5195046875 0.3224703125 0.5261671875 0.32717968750000004 0.53568125 0.3270375 0.5370765625 0.321878125 0.5376328125 0.3165703125 0.5466015625 0.3144921875 0.5534921875000001 0.311640625
0 0.352778125 0.316978125 0.3536015625 0.32080312499999997 0.35575625 0.32365468750000004 0.3591625 0.323825 0.35884218749999997 0.320628125 0.355159375 0.3154765625 0.352778125 0.316978125