0 1 0.01839375 0.9244937500000001 0.0462046875 0.8581156249999999 0.0631890625 0.8083609375 0.07881875 0.7421328125 0.11390937500000001 0.7037125 0.1645046875 0.67868125 0.16330625000000001 0.6287140625000001 0.1230734375 0.5243265625 0.15776874999999999 0.4182984375 0.1877890625 0.340859375 0.22424062500000003 0.267403125 0.2420453125 0.1752296875 0.273465625 0.0937984375 0.30762812500000003 0.0013171875 0.34048124999999996 0 0.49793125 0.0211703125 0.47195625 0.094965625 0.430828125 0.1212484375 0.42103437499999996 0.17383593749999998 0.4014734375 0.2179359375 0.370478125 0.2341875 0.3547109375 0.2634921875 0.36755312500000004 0.295628125 0.3923171875 0.30934531249999997 0.32599999999999996 0.3469890625 0.29502812500000003 0.3813796875 0.34204218750000004 0.4002203125 0.3403953125 0.41647968750000003 0.3073171875 0.43923125 0.3147359375 0.4781171875 0.2783421875 0.4975203125 0.28834375 0.5210640625 0.288934375 0.545671875 0.276328125 0.5713843749999999 0.258725 0.6122171875 0.2655015625 0.621609375 0.2455734375 0.6848468750000001 0.25558125 0.7384890625 0.2703265625 0.7341796875 0.1657046875 0.7582 0.1685625 0.7630140625 0.2710328125 0.73911875 0.33221875 0.7250156249999999 0.3705359375 0.726078125 0.306359375 0.696365625 0.2901390625 0.6803281250000001 0.33524375 0.6847218749999999 0.3027328125 0.6481453125 0.2805859375 0.5995578125 0.29975 0.58121875 0.31074375 0.5521484375 0.30891250000000003 0.5290640625 0.3180296875 0.4912875 0.3360171875 0.47283125000000004 0.3197 0.4459140625 0.33718906249999997 0.444153125 0.3604953125 0.4201671875 0.3707375 0.3895671875 0.390009375 0.383415625 0.43226250000000005 0.393746875 0.44964843749999994 0.41911250000000005 0.4476796875 0.45646875 0.4110046875 0.45792656249999997 0.39144375 0.47386875 0.3699109375 0.5092531250000001 0.3631515625 0.5959953125 0.3374640625 0.6573109374999999 0.34308125 0.669365625 0.3562140625 0.6804265625 0.392109375 0.69933125 0.43384687499999997 0.7316812500000001 0.3967859375 0.76899375 0.38134531250000003 0.76793125 0.21699375 0.802071875 0.22014375 0.8211234375 0.19994218749999998 0.8299328125000001 0.15756874999999998 0.8985156249999999 0.1487671875 0.9545890625 0.1455875 1 0.1206296875 1 0.01839375
0 0.3736921875 1 0.38695625 0.9960984375 0.41443125 0.9297812499999999 0.43430156249999996 0.919178125 0.4566484375 0.8828578125 0.46985312500000004 0.8345640624999999 0.4620796875 0.8113953125 0.4420515625 0.8058296875 0.40835625000000003 0.8427109375 0.4100921875 0.860728125 0.394415625 0.9276765625 0.3728390625 0.9702671875 0.3568703125 1 0.3736921875 1
0 0.053125 0.77578125 0.03359375 0.7609375 0.0171875 0.76171875 0.0015625 0.77265625 0.00078125 0.83125 0.02421875 0.8203125 0.053125 0.78203125 0.053125 0.77578125
0 0.0265625 0.65859375 0.0421875 0.58671875 0.03828125 0.571875 0.0015625 0.57265625 0.00078125 0.6953125 0.0265625 0.65859375
0 0.2 0.69609375 0.196875 0.64921875 0.1921875 0.64765625 0.16875 0.65859375 0.1578125 0.70078125 0.16328125 0.7203125 0.18359375 0.7171875 0.2 0.69609375
0 0.3140625 0.90390625 0.3234375 0.91796875 0.3203125 0.93046875 0.33515625 0.9390625 0.34296875 0.9375 0.3671875 0.90859375 0.3734375 0.88828125 0.36015625 0.86875 0.3390625 0.86796875 0.3203125 0.88671875 0.3140625 0.90390625
0 0.25 0.75546875 0.234375 0.78359375 0.24765625 0.7921875 0.26015625 0.7890625 0.2703125 0.77578125 0.2625 0.75703125 0.25 0.75546875
0 0.80625 0.63203125 0.7921875 0.64921875 0.79921875 0.671875 0.81484375 0.6703125 0.821875 0.65859375 0.81875 0.63671875 0.80625 0.63203125
0 0.87734375 0.8828125 0.8875 0.86953125 0.88125 0.85546875 0.8734375 0.85390625 0.865625 0.87109375 0.87734375 0.8828125
0 0.975 0.28203125 0.99609375 0.2875 1 0.25859375 0.9875 0.25859375 0.9765625 0.26796875 0.975 0.28203125
0 0.98671875 0.19375 0.99609375 0.19375 1 0.16796875 0.9890625 0.16484375 0.984375 0.18828125 0.98671875 0.19375
0 0.996875 0.44453125 0.9890625 0.45390625 0.9890625 0.48515625 0.99921875 0.496875 0.996875 0.44453125
0 0.38046875 0.5828125 0.390625 0.57421875 0.3921875 0.55859375 0.378125 0.53359375 0.375 0.55078125 0.38046875 0.5828125
0 0.3828125 0.66171875 0.38046875 0.7015625 0.3921875 0.68828125 0.3828125 0.66171875
0 0.49921875 0.7578125 0.5140625 0.74921875 0.5140625 0.73828125 0.503125 0.73515625 0.496875 0.73984375 0.49921875 0.7578125
0 0.609375 0.74609375 0.6078125 0.73359375 0.5953125 0.72734375 0.584375 0.74453125 0.584375 0.75703125 0.58984375 0.7609375 0.59921875 0.7609375 0.609375 0.74609375
0 0.13984375 1 0.153125 0.98515625 0.153125 0.97578125 0.1421875 0.96953125 0.1375 0.95546875 0.1265625 0.95234375 0.1046875 0.98046875 0.10078125 1 0.13984375 1
0 0.0796875 0.93203125 0.0671875 0.94921875 0.06953125 0.9640625 0.08125 0.95859375 0.0875 0.94453125 0.0859375 0.93203125 0.0796875 0.93203125
0 0.0140625 0.86796875 0 0.88515625 0.00234375 0.90625 0.01796875 0.9046875 0.0296875 0.88203125 0.02421875 0.86875 0.0140625 0.86796875
0 0.0453125 0.95078125 0.0359375 0.95546875 0.04140625 0.96875 0.0546875 0.96015625 0.0453125 0.95078125
0 0.0375 0.89296875 0.03125 0.89921875 0.0296875 0.92421875 0.0328125 0.94765625 0.04296875 0.95 0.046875 0.89609375 0.0375 0.89296875
0 0.1828125 0.43046875 0.1734375 0.43671875 0.17265625 0.46875 0.18125 0.46328125 0.190625 0.43984375 0.190625 0.43203125 0.1828125 0.43046875
0 0.0890625 0.43671875 0.0796875 0.45078125 0.08203125 0.4609375 0.0984375 0.44609375 0.0890625 0.43671875
0 0.2578125 0.63359375 0.2484375 0.64765625 0.25390625 0.6703125 0.26171875 0.6703125 0.2703125 0.65390625 0.2640625 0.63515625 0.2578125 0.63359375
0 0.221875 0.64765625 0.2203125 0.67421875 0.22734375 0.675 0.23125 0.65234375 0.221875 0.64765625
0 0.5265625 0.81484375 0.53671875 0.8234375 0.5453125 0.80703125 0.534375 0.80078125 0.5265625 0.80546875 0.5265625 0.81484375
0 0.109375 0.78515625 0.1140625 0.76484375 0.1109375 0.73515625 0.10703125 0.728125 0.0953125 0.72578125 0.0875 0.74296875 0.103125 0.77421875 0.09296875 0.7984375 0.109375 0.78515625
0 0.05 0.82265625 0.0515625 0.84609375 0.0453125 0.84609375 0.053125 0.86171875 0.06796875 0.8671875 0.07890625 0.8796875 0.0875 0.85390625 0.0765625 0.84921875 0.0734375 0.83359375 0.090625 0.81328125 0.084375 0.80546875 0.05 0.82265625
0 0.2359375 0.38984375 0.2328125 0.40234375 0.23984375 0.4046875 0.24375 0.39140625 0.2359375 0.38984375
0 0.5875 0.62578125 0.5671875 0.64609375 0.58046875 0.6703125 0.61171875 0.6625 0.621875 0.65078125 0.60703125 0.63125 0.5875 0.62578125
0 0.81015625 0.7203125 0.81953125 0.7203125 0.834375 0.70859375 0.8203125 0.69296875 0.8078125 0.70859375 0.81015625 0.7203125
0 0.9296875 0.89921875 0.9234375 0.91015625 0.93515625 0.9203125 0.9390625 0.90234375 0.9296875 0.89921875
0 0.96875 0.83359375 0.9640625 0.85390625 0.97578125 0.8578125 0.9796875 0.84140625 0.96875 0.83359375
0 0.97890625 0.971875 0.9875 0.95546875 0.98046875 0.946875 0.96875 0.94765625 0.9671875 0.96640625 0.97890625 0.971875
0 0.3078125 0.97109375 0.3 0.97734375 0.2984375 0.98984375 0.31484375 0.9953125 0.3234375 0.98671875 0.3234375 0.97734375 0.3078125 0.97109375
0 0.203125 0.99140625 0.19609375 1 0.225 0.99921875 0.22265625 0.9921875 0.203125 0.99140625
0 0.334375 0.42265625 0.33125 0.43515625 0.33984375 0.4375 0.3421875 0.42421875 0.334375 0.42265625
0 0.0421875 0.48046875 0.0359375 0.48828125 0.04609375 0.4984375 0.0484375 0.48515625 0.0421875 0.48046875
0 0.0609375 0.47890625 0.05625 0.49453125 0.06640625 0.4984375 0.071875 0.48671875 0.0609375 0.47890625
0 0.11484375 0.5 0.12109375 0.5 0.125 0.49140625 0.11875 0.48359375 0.1109375 0.48984375 0.11484375 0.5