0 0 0.12734375 0.0359375 0.13203125 0.0609375 0.12734375 0.05625 0.11796875 0.06875 0.10859375 0.065625 0.09921875 0.02421875 0.08125 0.00078125 0.090625 0 0.12734375
0 0.1640625 0.05390625 0.1828125 0.06015625 0.22265625 0.0453125 0.2234375 0.03359375 0.19140625 0.015625 0.16484375 0.0234375 0.1578125 0.03515625 0.1640625 0.05390625
0 0.0484375 0.04609375 0.05625 0.05546875 0.06484375 0.05625 0.075 0.04296875 0.06484375 0.021875 0.046875 0.02578125 0.0484375 0.04609375
0 0.82265625 0.1734375 0.896875 0.19140625 0.90546875 0.1921875 0.9171875 0.18203125 0.93984375 0.14375 0.90234375 0.1359375 0.84609375 0.134375 0.79609375 0.115625 0.7640625 0.12734375 0.7625 0.15078125 0.79921875 0.1734375 0.82265625 0.1734375
0 0.5296875 0.30390625 0.5671875 0.34296875 0.6015625 0.31953125 0.603125 0.30390625 0.59609375 0.290625 0.58359375 0.2859375 0.54453125 0.2875 0.5296875 0.30390625
0 0.6390625 0.22890625 0.6609375 0.24453125 0.67109375 0.2453125 0.6828125 0.22734375 0.68125 0.21328125 0.67109375 0.20625 0.64765625 0.209375 0.6390625 0.22109375 0.6390625 0.22890625
0 0.35 0.13984375 0.359375 0.15859375 0.371875 0.15390625 0.36875 0.12265625 0.39140625 0.121875 0.4 0.11484375 0.39921875 0.090625 0.37109375 0.0875 0.35 0.09609375 0.35 0.13984375
0 0.465625 0.42578125 0.5078125 0.43984375 0.52421875 0.440625 0.5390625 0.43203125 0.534375 0.39765625 0.51640625 0.390625 0.47578125 0.3890625 0.471875 0.39296875 0.478125 0.40546875 0.465625 0.42578125
0 0.34765625 0.4546875 0.3953125 0.46328125 0.421875 0.45546875 0.41875 0.44296875 0.40078125 0.425 0.38203125 0.41875 0.3546875 0.42421875 0.3453125 0.44453125 0.34765625 0.4546875
0 0.2125 0.29140625 0.2421875 0.30546875 0.25859375 0.303125 0.2609375 0.29765625 0.2546875 0.27109375 0.23671875 0.2640625 0.2140625 0.27578125 0.2125 0.29140625
0 0.77578125 0.5453125 0.80625 0.55546875 0.81796875 0.55625 0.84296875 0.5421875 0.8484375 0.52578125 0.81171875 0.5046875 0.78671875 0.5046875 0.7609375 0.51484375 0.77578125 0.5453125
0 0.56796875 0.6015625 0.6015625 0.61171875 0.61484375 0.609375 0.63125 0.59296875 0.6328125 0.58359375 0.62265625 0.571875 0.57578125 0.56875 0.559375 0.57734375 0.56796875 0.6015625
0 0.6453125 0.55859375 0.6671875 0.57421875 0.6859375 0.56953125 0.675 0.54921875 0.64921875 0.5484375 0.6453125 0.55859375
0 0.41015625 0.290625 0.4359375 0.29765625 0.4484375 0.29140625 0.44140625 0.2796875 0.41328125 0.275 0.4078125 0.28046875 0.41015625 0.290625
0 0.8234375 0.61328125 0.8328125 0.62578125 0.86015625 0.6234375 0.875 0.61015625 0.86171875 0.6 0.83046875 0.6046875 0.8234375 0.61328125
0 0.9546875 0.58359375 0.975 0.59453125 0.996875 0.58671875 0.98203125 0.565625 0.9546875 0.58359375
0 0 0.28203125 0.0171875 0.28984375 0.034375 0.28046875 0.03515625 0.2703125 0 0.27109375 0 0.28203125
0 0.00234375 0.590625 0 0.62734375 0.0203125 0.61640625 0.01875 0.60546875 0.00234375 0.590625
0 0.00078125 0.953125 0.003125 0.98515625 0.03359375 0.978125 0.0390625 0.97265625 0.0375 0.96171875 0.00078125 0.953125
0 0.3515625 0.95390625 0.35625 0.96484375 0.37109375 0.9625 0.3796875 0.95390625 0.37734375 0.9390625 0.3578125 0.93984375 0.3515625 0.95390625
0 0.1328125 0.71796875 0.140625 0.72265625 0.153125 0.71796875 0.15234375 0.70625 0.1328125 0.70859375 0.1328125 0.71796875
0 0.2265625 0.91953125 0.2296875 0.92890625 0.24921875 0.9265625 0.2515625 0.91015625 0.23828125 0.9078125 0.2265625 0.91953125
0 0.1671875 0.86328125 0.1828125 0.87734375 0.19453125 0.875 0.2046875 0.85703125 0.19453125 0.8375 0.17578125 0.8359375 0.1671875 0.86328125
0 0.1296875 0.86953125 0.14375 0.87578125 0.1515625 0.86953125 0.15 0.86015625 0.13203125 0.8578125 0.1296875 0.86953125
0 0.4078125 0.96796875 0.4171875 0.97421875 0.428125 0.97109375 0.4296875 0.94453125 0.42109375 0.9328125 0.41171875 0.9328125 0.3984375 0.94453125 0.4078125 0.96796875
0 0.509375 0.96953125 0.521875 0.97890625 0.54453125 0.9765625 0.553125 0.95703125 0.5515625 0.94140625 0.52890625 0.928125 0.51328125 0.9296875 0.5 0.94140625 0.509375 0.96953125
0 0.7640625 0.77109375 0.8203125 0.79765625 0.83984375 0.796875 0.84375 0.78046875 0.81484375 0.7703125 0.8 0.75390625 0.8125 0.74296875 0.80625 0.72890625 0.79609375 0.71875 0.78046875 0.71875 0.7671875 0.73046875 0.7640625 0.77109375
0 0.38515625 0.765625 0.4140625 0.77421875 0.48203125 0.7703125 0.51796875 0.753125 0.55546875 0.7578125 0.56875 0.75234375 0.5734375 0.73984375 0.56171875 0.725 0.53984375 0.7203125 0.50703125 0.740625 0.45703125 0.73125 0.39296875 0.7421875 0.3828125 0.75078125 0.38515625 0.765625
0 0.3609375 0.84765625 0.378125 0.85234375 0.40703125 0.8515625 0.415625 0.84609375 0.40703125 0.815625 0.36953125 0.809375 0.3546875 0.82109375 0.353125 0.83203125 0.3609375 0.84765625
0 0.7359375 0.87265625 0.7453125 0.89140625 0.7625 0.88828125 0.7609375 0.86796875 0.771875 0.86015625 0.7734375 0.84609375 0.75703125 0.8234375 0.73046875 0.8203125 0.7109375 0.83671875 0.7109375 0.85390625 0.7359375 0.87265625
0 0.94375 0.85390625 0.9671875 0.86953125 0.99921875 0.8671875 1 0.84296875 0.98046875 0.840625 0.97109375 0.8328125 0.94609375 0.8390625 0.940625 0.84609375 0.94375 0.85390625
0 0.9796875 0.80078125 0.9875 0.81171875 1 0.81171875 0.99609375 0.790625 0.98359375 0.79375 0.9796875 0.80078125
0 0.9484375 0.71953125 0.9546875 0.72421875 0.9671875 0.71484375 0.96015625 0.7015625 0.9484375 0.70703125 0.9484375 0.71953125
0 0.6859375 0.89765625 0.7 0.90703125 0.715625 0.89921875 0.715625 0.89140625 0.69765625 0.8828125 0.6859375 0.88828125 0.6859375 0.89765625
0 0.640625 0.87578125 0.6546875 0.88671875 0.67890625 0.8859375 0.6953125 0.86796875 0.68203125 0.859375 0.65234375 0.8578125 0.640625 0.86796875 0.640625 0.87578125
0 0.32578125 0.8953125 0.3515625 0.90078125 0.37578125 0.8984375 0.390625 0.88359375 0.36328125 0.8703125 0.315625 0.88203125 0.32578125 0.8953125
0 0.834375 0.20703125 0.84375 0.21328125 0.85078125 0.2140625 0.8625 0.20078125 0.83671875 0.2 0.834375 0.20703125
0 0.79921875 0.2375 0.8203125 0.24296875 0.8296875 0.23828125 0.82265625 0.2234375 0.7890625 0.22421875 0.79921875 0.2375
0 0.6984375 0.29453125 0.7046875 0.30703125 0.7171875 0.30546875 0.71484375 0.29375 0.6984375 0.29453125