0 0 0.396696875 0.0340265625 0.36758125 0.045071875 0.30569999999999997 0.0598640625 0.3091359375 0.123440625 0.33750468749999996 0.1576875 0.2954453125 0.1781875 0.282603125 0.1981515625 0.31954531249999996 0.1959359375 0.394503125 0.3415140625 0.474725 0.394203125 0.4810484375 0.41936406249999997 0.4620296875 0.42743906249999997 0.3705390625 0.3691109375 0.3480671875 0.35923906250000004 0.31710781250000003 0.4182140625 0.3417203125 0.481971875 0.349309375 0.5414875 0.3053078125 0.606953125 0.30032187499999996 0.6909046875 0.3106125 0.7274390625 0.2858671875 0.7392765625 0.208528125 0.69129375 0.1717671875 0.6571906249999999 0.1205578125 0.5143625000000001 0.10279374999999999 0.42388906249999997 0.1030328125 0.353815625 0.05965625 0.2224375 0.0356296875 0.1467421875 0.059759375 0.0688453125 0.043059375 0 0 0 0.396696875
0 0.5618953125 0.56779375 0.5730625 0.580265625 0.5666109374999999 0.6062578125 0.548084375 0.657240625 0.554490625 0.6949296875 0.57424375 0.7265109375 0.6047125 0.7305796875 0.67186875 0.7216109375 0.6992609375 0.667815625 0.7008453125 0.6447390625 0.6960546875 0.5876781249999999 0.6828453125 0.55213125 0.6624453124999999 0.5089890625 0.6293703125000001 0.4918453125 0.5863937499999999 0.5186296875 0.5618953125 0.56779375
0 0.8121609375000001 0.498915625 0.791753125 0.46659375000000003 0.7569874999999999 0.45664375 0.6881468749999999 0.4492109375 0.6700109375000001 0.47677500000000006 0.6813453125 0.5260140625 0.724125 0.5484109375 0.7869390625 0.5646265625 0.8099671875000001 0.5596640625 0.82105 0.54826875 0.8121609375000001 0.498915625
0 0.8109640625000001 0.360134375 0.7994625 0.3940125 0.8033765624999999 0.4019203125 0.8122828125 0.4247109375 0.829078125 0.451859375 0.8492265625 0.4870375 0.8689796875000001 0.5201171875 0.8854031250000001 0.53415625 0.9117734375 0.553875 0.9445593750000001 0.553784375 0.9644484375 0.5520296874999999 0.9915593749999999 0.5448953125 1 0.48890625 0.9648609374999999 0.45634375 0.91275 0.4201703125 0.8627171875 0.37776875 0.8109640625000001 0.360134375
0 0.8960515625 0.6771640624999999 0.8364453125000001 0.671546875 0.840528125 0.6801437499999999 0.8356671875 0.69498125 0.8435359375000001 0.7364984375 0.8736328125 0.7336843749999999 0.9302234374999999 0.723234375 0.9463203124999999 0.6963546875 0.8960515625 0.6771640624999999
0 0.205534375 0.5978140625 0.1754515625 0.5947671875 0.1414171875 0.6043046875 0.1539625 0.638484375 0.21411875 0.633896875 0.205534375 0.5978140625
0 0.7635078125 0.9930203125 0.8228937500000001 1 0.823578125 0.9867015625000001 0.8080765624999999 0.9676328125 0.7635078125 0.9930203125
0 0.29722499999999996 0 0.3607546875 0.0089421875 0.5762390625 0.065440625 0.6629796875 0.0921109375 0.81725625 0.122359375 0.94245 0.1555703125 0.9966484375 0.1732375 1 0.0892390625 0.986175 0.08762031249999999 0.9415125 0.08893593749999999 0.9279234375 0.06300781250000001 0.859625 0.047971875000000004 0.7917984375 0.0285203125 0.754990625 0.020115625 0.6647015625 0 0.29722499999999996 0
0 0.9310921875 0.21440781250000002 0.9197875 0.1858859375 0.8706093750000001 0.1762921875 0.82696875 0.1757453125 0.7963078125 0.21671562500000002 0.8147421874999999 0.2429984375 0.8497 0.24581406249999999 0.889325 0.24259375 0.9122078124999999 0.2384578125 0.9251421875 0.22839062499999999 0.9310921875 0.21440781250000002
0 0.2109375 0.86953125 0.2203125 0.88515625 0.221875 0.90234375 0.23984375 0.9125 0.24921875 0.903125 0.27109375 0.896875 0.2765625 0.87734375 0.25859375 0.853125 0.2375 0.84609375 0.21640625 0.853125 0.2109375 0.86953125
0 0.6859375 0.88515625 0.671875 0.83984375 0.6484375 0.83203125 0.58984375 0.8453125 0.55234375 0.871875 0.5421875 0.88671875 0.5421875 0.91953125 0.57109375 0.9375 0.61015625 0.9375 0.62109375 0.94375 0.6296875 0.94140625 0.63046875 0.9328125 0.66015625 0.925 0.6828125 0.89765625 0.6859375 0.88515625
0 0.684375 0.77109375 0.63828125 0.784375 0.6390625 0.80234375 0.66484375 0.81875 0.68515625 0.815625 0.696875 0.78046875 0.684375 0.77109375
0 0.18203125 0.584375 0.20703125 0.5828125 0.2125 0.54296875 0.18203125 0.525 0.159375 0.52578125 0.1484375 0.53203125 0.146875 0.55234375 0.15625 0.56640625 0.18203125 0.584375
0 0.3109375 0.66015625 0.29140625 0.6640625 0.28203125 0.6734375 0.26015625 0.675 0.253125 0.69453125 0.271875 0.73046875 0.28359375 0.7421875 0.30390625 0.746875 0.32265625 0.74375 0.34375 0.72421875 0.3234375 0.68515625 0.321875 0.66328125 0.3109375 0.66015625
0 0.4078125 0.68671875 0.4109375 0.70546875 0.40625 0.71484375 0.41484375 0.71875 0.4171875 0.70703125 0.43125 0.69296875 0.43125 0.68046875 0.42578125 0.6640625 0.409375 0.66328125 0.3984375 0.67890625 0.4078125 0.68671875
0 0.5375 0.73046875 0.53125 0.69921875 0.5109375 0.69609375 0.49765625 0.6984375 0.4859375 0.71953125 0.50859375 0.7390625 0.52890625 0.7375 0.5375 0.73046875