0 0.80625 0.00078125 0.81171875 0.0140625 0.8234375 0.01328125 0.82890625 0 0.80625 0.00078125
0 0.1515625 0.12890625 0.16484375 0.1484375 0.19375 0.16640625 0.20625 0.12734375 0.203125 0.11015625 0.19609375 0.096875 0.17734375 0.0890625 0.1578125 0.10390625 0.1515625 0.12890625
0 0.74765625 0.04375 0.7421875 0.06015625 0.7078125 0.09140625 0.715625 0.11796875 0.7515625 0.13671875 0.8015625 0.09296875 0.7953125 0.08359375 0.7984375 0.06796875 0.7890625 0.06328125 0.78359375 0.04375 0.74765625 0.04375
0 0.3203125 0.48359375 0.3203125 0.47265625 0.31015625 0.465625 0.3 0.48515625 0.3140625 0.48828125 0.3203125 0.48359375
0 0.69921875 0.4421875 0.66640625 0.44375 0.659375 0.45234375 0.6625 0.46328125 0.67109375 0.471875 0.68125 0.47109375 0.69921875 0.45 0.71796875 0.453125 0.725 0.44453125 0.7265625 0.42734375 0.71171875 0.425 0.69921875 0.4421875
0 0.8015625 0.25390625 0.8203125 0.26015625 0.83125 0.24921875 0.8328125 0.23046875 0.82421875 0.221875 0.81015625 0.2265625 0.8 0.23828125 0.8015625 0.25390625
0 0.3890625 0.24765625 0.4015625 0.23671875 0.39609375 0.2109375 0.38359375 0.2125 0.378125 0.22109375 0.38125 0.24453125 0.3890625 0.24765625
0 0.0390625 0.93671875 0.0484375 0.94296875 0.0453125 0.95703125 0.053125 0.97421875 0.0671875 0.97734375 0.0796875 0.96640625 0.0796875 0.94453125 0.0703125 0.92265625 0.05859375 0.9171875 0.04296875 0.9265625 0.0390625 0.93671875
0 0.00078125 0.828125 0.05625 0.82734375 0.0640625 0.81484375 0.04765625 0.784375 0.03203125 0.7859375 0.01796875 0.8 0 0.79453125 0.00078125 0.828125
0 0.13125 0.16953125 0.140625 0.16015625 0.140625 0.15078125 0.12421875 0.140625 0.11875 0.14765625 0.1203125 0.16171875 0.13125 0.16953125
0 0 0.15078125 0.0046875 0.15078125 0.0234375 0.12734375 0.02265625 0.10625 0 0.12109375 0 0.15078125
0 0.0875 0.01796875 0.0953125 0.00078125 0.07890625 0 0.0875 0.01796875
0 0.13046875 0.0328125 0.128125 0.04296875 0.1375 0.04921875 0.140625 0.03984375 0.13046875 0.0328125
0 0.37578125 0.015625 0.371875 0.03046875 0.3796875 0.03671875 0.384375 0.02109375 0.37578125 0.015625
0 0.3890625 0.75703125 0.4015625 0.75859375 0.409375 0.74921875 0.40625 0.73984375 0.39765625 0.7328125 0.38671875 0.7359375 0.3828125 0.74609375 0.3890625 0.75703125
0 0.2640625 0.59609375 0.24765625 0.5890625 0.2375 0.60546875 0.24453125 0.6140625 0.2546875 0.61328125 0.2640625 0.59609375
0 0.59140625 0.8015625 0.5828125 0.82734375 0.6 0.83359375 0.609375 0.80390625 0.59140625 0.8015625
0 0.1890625 0.91015625 0.19765625 0.9015625 0.215625 0.89921875 0.20859375 0.878125 0.1765625 0.88359375 0.1796875 0.90546875 0.1890625 0.91015625
0 0.1890625 0.73203125 0.20234375 0.740625 0.2171875 0.74140625 0.2203125 0.72734375 0.203125 0.70390625 0.2015625 0.68828125 0.19296875 0.6828125 0.184375 0.69140625 0.1890625 0.73203125
0 0.071875 0.68515625 0.08125 0.66796875 0.06796875 0.653125 0.06015625 0.653125 0.0546875 0.65859375 0.0578125 0.67890625 0.071875 0.68515625
0 0.1 0.47578125 0.1 0.46328125 0.08671875 0.4546875 0.078125 0.47578125 0.0890625 0.48671875 0.1 0.47578125
0 0.2 0.34921875 0.18515625 0.3421875 0.1765625 0.35078125 0.1796875 0.37109375 0.1984375 0.37578125 0.2 0.34921875
0 0.459375 0.77890625 0.4796875 0.76328125 0.47578125 0.7453125 0.45546875 0.746875 0.4390625 0.76171875 0.44140625 0.7796875 0.459375 0.77890625
0 0.44375 0.63671875 0.4359375 0.61328125 0.42890625 0.6109375 0.4125 0.64296875 0.4421875 0.65390625 0.44375 0.63671875
0 0.3671875 0.93515625 0.37109375 0.9484375 0.3765625 0.94765625 0.39375 0.92734375 0.3953125 0.91171875 0.36796875 0.9 0.359375 0.90546875 0.3546875 0.92890625 0.3671875 0.93515625
0 0.2859375 0.89921875 0.29609375 0.8984375 0.303125 0.88203125 0.27890625 0.871875 0.265625 0.88828125 0.27109375 0.896875 0.2859375 0.89921875
0 0.865625 0.63671875 0.8671875 0.65390625 0.878125 0.66171875 0.89921875 0.6578125 0.9046875 0.64296875 0.90078125 0.63125 0.88203125 0.6234375 0.87421875 0.6234375 0.865625 0.63671875
0 0.7796875 0.34765625 0.7828125 0.36953125 0.7625 0.38359375 0.759375 0.39765625 0.7703125 0.40390625 0.7828125 0.39453125 0.784375 0.37421875 0.79296875 0.375 0.8 0.36640625 0.79453125 0.3421875 0.7796875 0.34765625
0 0.6609375 0.63828125 0.6765625 0.62421875 0.67109375 0.609375 0.65234375 0.6125 0.6484375 0.61953125 0.646875 0.63671875 0.6609375 0.63828125
0 0.88515625 0.9921875 0.9 0.99453125 0.925 0.98671875 0.9265625 0.95703125 0.92109375 0.9515625 0.90078125 0.953125 0.875 0.97734375 0.88515625 0.9921875
0 0.8671875 0.76953125 0.85859375 0.759375 0.846875 0.76796875 0.846875 0.78203125 0.8546875 0.78359375 0.8671875 0.76953125
0 0.86328125 0.83125 0.875 0.83046875 0.88125 0.82421875 0.8796875 0.80703125 0.86796875 0.7921875 0.85703125 0.7890625 0.846875 0.81796875 0.86328125 0.83125
0 0.9484375 0.85234375 0.93828125 0.846875 0.93125 0.86171875 0.93515625 0.8703125 0.9421875 0.87109375 0.9484375 0.85234375
0 1 0.85234375 0.98046875 0.85 0.9796875 0.86953125 1 0.87578125 1 0.85234375
0 0.790625 0.49921875 0.8015625 0.49140625 0.8015625 0.48359375 0.79453125 0.475 0.78515625 0.475 0.7796875 0.48671875 0.790625 0.49921875
0 0.6046875 0.51171875 0.60234375 0.49375 0.5859375 0.50078125 0.5890625 0.51484375 0.5984375 0.51640625 0.6046875 0.51171875
0 0.53515625 0.509375 0.54375 0.50859375 0.5546875 0.50234375 0.55625 0.49140625 0.54296875 0.4765625 0.5296875 0.48515625 0.5265625 0.49453125 0.53515625 0.509375
0 0.3984375 0.85078125 0.4078125 0.84765625 0.4109375 0.83359375 0.38828125 0.8109375 0.3828125 0.83046875 0.3890625 0.84765625 0.3984375 0.85078125
0 0.6984375 0.77734375 0.7109375 0.78046875 0.72109375 0.778125 0.728125 0.76640625 0.72109375 0.746875 0.70546875 0.7515625 0.7 0.76015625 0.6984375 0.77734375
0 0.7265625 0.71796875 0.7375 0.69453125 0.73203125 0.6859375 0.71640625 0.690625 0.70625 0.70859375 0.70859375 0.715625 0.7265625 0.71796875
0 0.62734375 0.65 0.61875 0.66328125 0.63125 0.66640625 0.634375 0.65390625 0.62734375 0.65
0 0.7734375 0.90703125 0.76484375 0.896875 0.75234375 0.89375 0.746875 0.91171875 0.7640625 0.92265625 0.7734375 0.90703125
0 0.909375 0.39765625 0.90625 0.38984375 0.89140625 0.3859375 0.890625 0.39921875 0.9046875 0.40390625 0.909375 0.39765625
0 1 0.03359375 0.99140625 0.0328125 0.9875 0.05078125 1 0.05390625 1 0.03359375
0 0.50546875 0.29375 0.5015625 0.30390625 0.5140625 0.31171875 0.51875 0.29921875 0.50546875 0.29375
0 0.55625 0.17421875 0.5609375 0.15546875 0.55546875 0.15 0.53671875 0.1515625 0.5359375 0.16953125 0.54140625 0.175 0.55625 0.17421875
0 0.5625 0.08046875 0.5640625 0.11015625 0.5703125 0.11328125 0.61640625 0.109375 0.6234375 0.09609375 0.6203125 0.08515625 0.59609375 0.065625 0.58203125 0.0625 0.5625 0.08046875
0 0.546875 0.75078125 0.54921875 0.7359375 0.5265625 0.73671875 0.5234375 0.75234375 0.5328125 0.75859375 0.546875 0.75078125
0 0.684375 0.89609375 0.696875 0.87890625 0.68984375 0.8671875 0.68203125 0.8671875 0.675 0.87734375 0.6765625 0.88984375 0.684375 0.89609375
0 1 0.75703125 0.99453125 0.75625 0.9859375 0.76796875 0.99140625 0.7765625 1 0.77578125 1 0.75703125
0 0.3421875 0.24140625 0.34765625 0.2265625 0.3359375 0.23046875 0.3421875 0.24140625
0 0.51328125 0.525 0.50625 0.53828125 0.515625 0.53984375 0.5203125 0.53359375 0.51328125 0.525
0 0.71875 0.20390625 0.7265625 0.19765625 0.72421875 0.178125 0.71484375 0.1796875 0.7078125 0.18984375 0.7078125 0.19921875 0.71875 0.20390625
0 0.3 0.60546875 0.3046875 0.59921875 0.3015625 0.56796875 0.29140625 0.565625 0.29375 0.58515625 0.284375 0.60234375 0.3 0.60546875
0 0.2875 0.53828125 0.2953125 0.53359375 0.29375 0.51953125 0.28359375 0.5125 0.26640625 0.515625 0.265625 0.53359375 0.2875 0.53828125
0 0.12421875 0.58125 0.1171875 0.58515625 0.1234375 0.59609375 0.128125 0.59296875 0.12421875 0.58125
0 0.1875 0.62109375 0.196875 0.61484375 0.1984375 0.60546875 0.18515625 0.5984375 0.17421875 0.6 0.1703125 0.61015625 0.1875 0.62109375
0 0.10078125 0.6765625 0.096875 0.69296875 0.1046875 0.70390625 0.109375 0.68203125 0.10078125 0.6765625
0 0.06171875 0.8625 0.0578125 0.88359375 0.06875 0.88828125 0.0734375 0.86796875 0.06171875 0.8625
0 0.4640625 0.92109375 0.4703125 0.90703125 0.46484375 0.9 0.45546875 0.9 0.4515625 0.91484375 0.45546875 0.921875 0.4640625 0.92109375
0 0.8328125 0.96796875 0.8375 0.96171875 0.83359375 0.95625 0.82265625 0.953125 0.8171875 0.95859375 0.81953125 0.9671875 0.8328125 0.96796875
0 0.5796875 0.18984375 0.5828125 0.22109375 0.5671875 0.24296875 0.575 0.25234375 0.60234375 0.24375 0.6125 0.22109375 0.60859375 0.2109375 0.596875 0.20703125 0.59296875 0.18125 0.5796875 0.18984375
0 0.69375 0.21796875 0.68359375 0.2125 0.6734375 0.23046875 0.684375 0.25703125 0.6921875 0.25859375 0.69375 0.21796875
0 0.59375 0.69921875 0.60390625 0.7140625 0.609375 0.71328125 0.60703125 0.6953125 0.59375 0.69921875
0 0.6015625 0.68671875 0.6 0.67109375 0.58359375 0.6625 0.5765625 0.67265625 0.59375 0.69453125 0.6015625 0.68671875
0 0.86328125 0.6171875 0.86796875 0.6234375 0.9046875 0.62890625 0.89921875 0.5890625 0.88984375 0.5828125 0.846875 0.58828125 0.8453125 0.59921875 0.85859375 0.628125 0.86328125 0.6171875
0 0.321875 0.66796875 0.31484375 0.64375 0.30703125 0.64375 0.2796875 0.67265625 0.2890625 0.68203125 0.321875 0.66796875
0 0.56171875 0.6078125 0.553125 0.61328125 0.559375 0.63515625 0.56875 0.61953125 0.56171875 0.6078125
0 0.45390625 0.621875 0.4515625 0.62734375 0.4640625 0.64296875 0.46875 0.62578125 0.45390625 0.621875
0 0.40078125 0.4171875 0.4 0.43828125 0.40625 0.43828125 0.4109375 0.42421875 0.40078125 0.4171875
0 0.15234375 0.4359375 0.1390625 0.43984375 0.146875 0.45234375 0.15625 0.44453125 0.15234375 0.4359375
0 0.07109375 0.3078125 0.078125 0.30703125 0.09140625 0.3015625 0.0953125 0.29296875 0.08828125 0.2828125 0.06328125 0.2734375 0.0546875 0.28984375 0.07109375 0.3078125
0 0.5578125 0.42890625 0.5640625 0.42265625 0.5625 0.41171875 0.54140625 0.4046875 0.5375 0.40859375 0.54375 0.42890625 0.5578125 0.42890625
0 0.87890625 0.309375 0.875 0.32265625 0.884375 0.33046875 0.890625 0.31328125 0.87890625 0.309375
0 0.70390625 0.0171875 0.7 0.02578125 0.7078125 0.02734375 0.7109375 0.02109375 0.70390625 0.0171875
0 0.6984375 0.03671875 0.69453125 0.021875 0.68125 0.03203125 0.6828125 0.04296875 0.6890625 0.04453125 0.6984375 0.03671875
0 0.6609375 0.12109375 0.6703125 0.13671875 0.6984375 0.16015625 0.70625 0.15390625 0.7046875 0.13203125 0.69140625 0.1328125 0.68203125 0.1171875 0.66484375 0.115625 0.6609375 0.12109375