0 0.8640625 0.38828125 0.85703125 0.375 0.840625 0.37265625 0.8328125 0.37734375 0.83125 0.39609375 0.84609375 0.4078125 0.8640625 0.39453125 0.8640625 0.38828125
0 0.73125 0.34765625 0.73984375 0.35 0.74375 0.31484375 0.7328125 0.29921875 0.725 0.32265625 0.73125 0.34765625
0 0.61171875 0.5578125 0.628125 0.55234375 0.625 0.54140625 0.6171875 0.53828125 0.60625 0.55234375 0.61171875 0.5578125
0 0.2109375 0.09765625 0.22578125 0.10625 0.2328125 0.08515625 0.21875 0.08046875 0.2109375 0.08671875 0.2109375 0.09765625
0 0.12734375 0.109375 0.1421875 0.10390625 0.1390625 0.08828125 0.1328125 0.08828125 0.1234375 0.09765625 0.12734375 0.109375
0 0.05390625 0.046875 0.065625 0.03984375 0.065625 0.03046875 0.05625 0.02578125 0.05 0.03203125 0.05390625 0.046875
0 0.9546875 0.05078125 0.9484375 0.06484375 0.96171875 0.0703125 0.965625 0.05703125 0.9546875 0.05078125
0 0.99375 0.31484375 0.9796875 0.32734375 0.99921875 0.334375 1 0.31484375 0.99375 0.31484375
0 1 0.50390625 0.99375 0.50234375 0.9875 0.50859375 0.99140625 0.521875 1 0.51953125 1 0.50390625
0 0.434375 0.91328125 0.43125 0.90078125 0.421875 0.89609375 0.4125 0.90234375 0.4078125 0.92578125 0.41640625 0.9375 0.425 0.93671875 0.434375 0.91328125
0 0.790625 0.85390625 0.7890625 0.86640625 0.80078125 0.8703125 0.803125 0.85859375 0.790625 0.85390625
0 0.753125 0.91796875 0.753125 0.93046875 0.75859375 0.9328125 0.7640625 0.92421875 0.753125 0.91796875
0 0.625 0.87578125 0.6203125 0.88046875 0.63203125 0.8875 0.634375 0.88046875 0.625 0.87578125
0 0.61328125 0.775 0.62265625 0.775 0.628125 0.76328125 0.615625 0.75390625 0.6078125 0.76640625 0.61328125 0.775
0 0.6578125 0.78671875 0.653125 0.79609375 0.66171875 0.8 0.6671875 0.78984375 0.6578125 0.78671875
0 0.19453125 0.6078125 0.1984375 0.59765625 0.1921875 0.58515625 0.184375 0.58359375 0.1828125 0.59609375 0.19453125 0.6078125
0 0.0578125 0.56640625 0.05 0.58046875 0.05390625 0.5875 0.06484375 0.5859375 0.0703125 0.57578125 0.06640625 0.565625 0.0578125 0.56640625
0 0.14140625 0.9015625 0.1671875 0.86953125 0.16640625 0.8640625 0.15 0.86015625 0.1359375 0.88984375 0.14140625 0.9015625
0 0.1390625 0.99765625 0.15546875 1 0.1578125 0.98359375 0.14375 0.98203125 0.1375 0.98515625 0.1390625 0.99765625
0 0.3203125 0.94140625 0.3109375 0.95234375 0.303125 0.98046875 0.30859375 0.9890625 0.31875 0.98359375 0.325 0.95390625 0.3203125 0.94140625
0 0.6390625 0.25078125 0.6328125 0.25859375 0.64296875 0.2640625 0.646875 0.25390625 0.6390625 0.25078125
0 0.61015625 0.28125 0.62421875 0.278125 0.628125 0.26171875 0.6125 0.26015625 0.6 0.27421875 0.61015625 0.28125
0 0.3 0.22578125 0.290625 0.23515625 0.29453125 0.2453125 0.31015625 0.2453125 0.321875 0.23671875 0.31796875 0.2265625 0.3 0.22578125
0 0.328125 0.29921875 0.33046875 0.321875 0.36953125 0.309375 0.38359375 0.3125 0.40234375 0.30625 0.41796875 0.3109375 0.4234375 0.30546875 0.41640625 0.284375 0.3515625 0.27421875 0.3484375 0.28984375 0.328125 0.29921875
0 0.51875 0.52578125 0.5046875 0.54609375 0.52578125 0.553125 0.53125 0.53203125 0.51875 0.52578125
0 0.53671875 0.6578125 0.540625 0.65078125 0.5328125 0.62734375 0.52265625 0.6171875 0.5109375 0.61796875 0.503125 0.62265625 0.503125 0.63828125 0.515625 0.65859375 0.53671875 0.6578125
0 0.41875 0.48984375 0.42265625 0.5046875 0.43203125 0.5046875 0.4375 0.49296875 0.434375 0.46328125 0.42109375 0.4484375 0.4125 0.44921875 0.40625 0.45390625 0.4109375 0.48515625 0.41875 0.48984375
0 0.709375 0.00078125 0.709375 0.01796875 0.72109375 0.021875 0.7265625 0.00078125 0.709375 0.00078125
0 0.5421875 0.15859375 0.540625 0.17109375 0.55078125 0.1734375 0.553125 0.16171875 0.5421875 0.15859375
0 0.025 0.26171875 0.0203125 0.27578125 0.02890625 0.284375 0.0328125 0.26796875 0.025 0.26171875
0 0.875 0.58359375 0.88515625 0.5875 0.8890625 0.57578125 0.8765625 0.56796875 0.871875 0.57265625 0.875 0.58359375
0 0.9265625 0.32734375 0.9234375 0.33828125 0.92890625 0.3421875 0.9359375 0.32890625 0.9265625 0.32734375
0 0.8640625 0.34296875 0.8609375 0.35234375 0.87109375 0.3546875 0.875 0.34453125 0.8640625 0.34296875
0 0.81875 0.31484375 0.8140625 0.32421875 0.82265625 0.328125 0.828125 0.32109375 0.81875 0.31484375
0 0.715625 0.35078125 0.7109375 0.36015625 0.71640625 0.3640625 0.7234375 0.35546875 0.715625 0.35078125
0 0.6140625 0.32421875 0.6140625 0.33515625 0.61953125 0.3359375 0.621875 0.32578125 0.6140625 0.32421875
0 0.6890625 0.55234375 0.6828125 0.56015625 0.68515625 0.5671875 0.6984375 0.56015625 0.6890625 0.55234375
0 0.465625 0.85546875 0.4609375 0.86796875 0.46953125 0.871875 0.4734375 0.86015625 0.465625 0.85546875
0 0.640625 0.66484375 0.63828125 0.6765625 0.6453125 0.67265625 0.640625 0.66484375