0 0.14296875 0.625 0.159375 0.62734375 0.1671875 0.62265625 0.16875 0.60390625 0.15390625 0.5921875 0.1359375 0.60546875 0.1359375 0.61171875 0.14296875 0.625
0 0.275 0.67734375 0.26875 0.65234375 0.26015625 0.65 0.25625 0.68515625 0.2671875 0.70078125 0.275 0.67734375
0 0.39375 0.44765625 0.38828125 0.4421875 0.371875 0.44765625 0.375 0.45859375 0.3828125 0.46171875 0.39375 0.44765625
0 0.7890625 0.91328125 0.7890625 0.90234375 0.77421875 0.89375 0.7671875 0.91484375 0.78125 0.91953125 0.7890625 0.91328125
0 0.8765625 0.90234375 0.87265625 0.890625 0.8578125 0.89609375 0.8609375 0.91171875 0.8671875 0.91171875 0.8765625 0.90234375
0 0.95 0.96796875 0.94609375 0.953125 0.934375 0.96015625 0.934375 0.96953125 0.94375 0.97421875 0.95 0.96796875
0 0.03828125 0.9296875 0.034375 0.94296875 0.0453125 0.94921875 0.0515625 0.93515625 0.03828125 0.9296875
0 0.00078125 0.665625 0 0.68515625 0.00625 0.68515625 0.0203125 0.67265625 0.00078125 0.665625
0 0 0.49609375 0.00625 0.49765625 0.0125 0.49140625 0.00859375 0.478125 0 0.48046875 0 0.49609375
0 0.56875 0.09921875 0.578125 0.10390625 0.5875 0.09765625 0.5921875 0.07421875 0.58359375 0.0625 0.575 0.06328125 0.565625 0.08671875 0.56875 0.09921875
0 0.19921875 0.1296875 0.196875 0.14140625 0.209375 0.14609375 0.2109375 0.13359375 0.19921875 0.1296875
0 0.24140625 0.0671875 0.2359375 0.07578125 0.246875 0.08203125 0.246875 0.06953125 0.24140625 0.0671875
0 0.36796875 0.1125 0.365625 0.11953125 0.375 0.12421875 0.3796875 0.11953125 0.36796875 0.1125
0 0.3921875 0.23359375 0.38671875 0.225 0.37734375 0.225 0.371875 0.23671875 0.384375 0.24609375 0.3921875 0.23359375
0 0.33828125 0.2 0.3328125 0.21015625 0.3421875 0.21328125 0.346875 0.20390625 0.33828125 0.2
0 0.8171875 0.40390625 0.80546875 0.3921875 0.8015625 0.40234375 0.8078125 0.41484375 0.815625 0.41640625 0.8171875 0.40390625
0 0.9421875 0.43359375 0.95 0.41953125 0.94609375 0.4125 0.93515625 0.4140625 0.9296875 0.42421875 0.93359375 0.434375 0.9421875 0.43359375
0 0.8640625 0.11015625 0.85859375 0.0984375 0.8328125 0.13046875 0.83359375 0.1359375 0.85 0.13984375 0.8640625 0.11015625
0 0.8625 0.01484375 0.8609375 0.00234375 0.84453125 0 0.8421875 0.01640625 0.85625 0.01796875 0.8625 0.01484375
0 0.6796875 0.05859375 0.6890625 0.04765625 0.696875 0.01953125 0.69140625 0.0109375 0.68125 0.01640625 0.675 0.04609375 0.6796875 0.05859375
0 0.35703125 0.7359375 0.353125 0.74609375 0.3609375 0.74921875 0.3671875 0.74140625 0.35703125 0.7359375
0 0.4 0.72578125 0.38984375 0.71875 0.37578125 0.721875 0.371875 0.73828125 0.3875 0.73984375 0.4 0.72578125
0 0.7 0.77421875 0.709375 0.76484375 0.70546875 0.7546875 0.68984375 0.7546875 0.678125 0.76328125 0.68203125 0.7734375 0.7 0.77421875
0 0.59765625 0.69375 0.58203125 0.6890625 0.5765625 0.69453125 0.58359375 0.715625 0.6484375 0.72578125 0.6515625 0.71015625 0.671875 0.70078125 0.66953125 0.678125 0.63046875 0.690625 0.61640625 0.6875 0.59765625 0.69375
0 0.47421875 0.446875 0.46875 0.46796875 0.48125 0.47421875 0.4953125 0.45390625 0.47421875 0.446875
0 0.4671875 0.37265625 0.47734375 0.3828125 0.4890625 0.38203125 0.496875 0.37734375 0.496875 0.36171875 0.484375 0.34140625 0.46328125 0.3421875 0.459375 0.34921875 0.4671875 0.37265625
0 0.5625 0.50703125 0.565625 0.53671875 0.57890625 0.5515625 0.5875 0.55078125 0.59375 0.54609375 0.5890625 0.51484375 0.58125 0.51015625 0.57734375 0.4953125 0.56796875 0.4953125 0.5625 0.50703125
0 0.27890625 0.978125 0.2734375 0.99921875 0.290625 0.99921875 0.290625 0.98203125 0.27890625 0.978125
0 0.44921875 0.8265625 0.446875 0.83828125 0.4578125 0.84140625 0.459375 0.82890625 0.44921875 0.8265625
0 0.97109375 0.715625 0.9671875 0.73203125 0.975 0.73828125 0.9796875 0.72421875 0.97109375 0.715625
0 0.128125 0.42734375 0.125 0.41640625 0.11484375 0.4125 0.1109375 0.42421875 0.1234375 0.43203125 0.128125 0.42734375
0 0.07109375 0.6578125 0.0640625 0.67109375 0.0734375 0.67265625 0.0765625 0.66171875 0.07109375 0.6578125
0 0.12890625 0.6453125 0.125 0.65546875 0.1359375 0.65703125 0.1390625 0.64765625 0.12890625 0.6453125
0 0.17734375 0.671875 0.171875 0.67890625 0.18125 0.68515625 0.1859375 0.67578125 0.17734375 0.671875
0 0.28359375 0.6359375 0.2765625 0.64453125 0.284375 0.64921875 0.2890625 0.63984375 0.28359375 0.6359375
0 0.38046875 0.6640625 0.378125 0.67421875 0.3859375 0.67578125 0.3859375 0.66484375 0.38046875 0.6640625
0 0.31484375 0.4328125 0.3015625 0.43984375 0.3109375 0.44765625 0.3171875 0.43984375 0.31484375 0.4328125
0 0.53046875 0.128125 0.5265625 0.13984375 0.534375 0.14453125 0.5390625 0.13203125 0.53046875 0.128125
0 0.359375 0.33515625 0.36171875 0.3234375 0.3546875 0.32734375 0.359375 0.33515625