0 1 0.6033031249999999 0.9659734375 0.63241875 0.954928125 0.6942999999999999 0.9401359375 0.6908640625 0.876559375 0.6624953125 0.8423125 0.7045546875 0.8218125000000001 0.717396875 0.8018484375 0.6804546874999999 0.8040640625 0.6054968749999999 0.6584859375 0.5252749999999999 0.605796875 0.5189515625000001 0.5806359375000001 0.5379703124999999 0.5725609375 0.6294609375 0.6308890625 0.6519328125 0.6407609375 0.6828921875 0.5817859375000001 0.6582796875 0.5180281250000001 0.650690625 0.4585125 0.6946921875000001 0.393046875 0.6996781249999999 0.3090953125 0.6893875 0.2725609375 0.7141328125 0.2607234375 0.7914718749999999 0.30870625 0.8282328124999999 0.34280937499999997 0.8794421874999999 0.4856375 0.89720625 0.5761109375 0.8969671874999999 0.646184375 0.94034375 0.7775624999999999 0.9643703125 0.8532578125000001 0.940240625 0.9311546875 0.956940625 1 1 1 0.6033031249999999
0 0.2991546875 0.3552609375 0.3039453125 0.41232187500000006 0.31715468750000003 0.44786875000000004 0.3375546875 0.4910109375 0.3706296875 0.5081546875 0.41360625000000006 0.4813703125 0.4381046875 0.43220625 0.4269375 0.419734375 0.43338906250000003 0.3937421875 0.451915625 0.34275937500000003 0.445509375 0.3050703125 0.42575624999999995 0.2734890625 0.3952875 0.2694203125 0.32813125 0.2783890625 0.30073906250000004 0.33218437500000003 0.2991546875 0.3552609375
0 0.32998906250000004 0.5232249999999999 0.3186546875 0.4739859375 0.275875 0.45158906249999997 0.21306093750000002 0.4353734375 0.19003281249999998 0.4403359375 0.17895 0.45173125000000003 0.1878390625 0.501084375 0.208246875 0.53340625 0.2430125 0.54335625 0.311853125 0.5507890625 0.32998906250000004 0.5232249999999999
0 0.0355515625 0.4479703125 0.008440625 0.4551046875 0 0.51109375 0.0351390625 0.54365625 0.08725000000000001 0.5798296875 0.13728281250000002 0.62223125 0.1890359375 0.639865625 0.20053749999999998 0.6059875 0.1966234375 0.5980796875000001 0.1877171875 0.5752890625 0.170921875 0.548140625 0.1507734375 0.5129625 0.13102031249999999 0.4798828125 0.114596875 0.46584375 0.08822656250000001 0.446125 0.055440625 0.44621562499999995 0.0355515625 0.4479703125
0 0.15947187499999999 0.31985625 0.1643328125 0.30501875 0.1564640625 0.2635015625 0.1263671875 0.266315625 0.0697765625 0.276765625 0.053679687499999997 0.3036453125 0.1039484375 0.3228359375 0.1635546875 0.328453125 0.15947187499999999 0.31985625
0 0.78588125 0.36610312500000003 0.7944656250000001 0.4021859375 0.8245484375000001 0.4052328125 0.8585828125000001 0.3956953125 0.8460375000000001 0.361515625 0.78588125 0.36610312500000003
0 0.176421875 0.0132984375 0.19192343750000002 0.0323671875 0.23649218749999998 0.0069796875 0.17710625 0 0.176421875 0.0132984375
0 0.702775 1 0.6392453125 0.9910578125 0.4237609375 0.9345593750000001 0.33702031250000003 0.9078890625 0.18274375 0.8776406250000001 0.057550000000000004 0.8444296874999999 0.0033515625 0.8267625000000001 0 0.9107609374999999 0.013825 0.9123796875 0.058487500000000005 0.9110640625 0.0720765625 0.9369921874999999 0.140375 0.952028125 0.2082015625 0.9714796874999999 0.24500937500000003 0.9798843749999999 0.3352984375 1 0.702775 1
0 0.2036921875 0.783284375 0.1852578125 0.7570015625 0.1503 0.7541859375 0.110675 0.7574062500000001 0.0877921875 0.7615421875 0.0748578125 0.7716093749999999 0.0689078125 0.7855921875 0.08021249999999999 0.8141140625000001 0.129390625 0.8237078125 0.17303125 0.8242546875000001 0.2036921875 0.783284375
0 0.75078125 0.096875 0.72890625 0.103125 0.7234375 0.12265625 0.74140625 0.146875 0.7625 0.15390625 0.78359375 0.146875 0.7890625 0.13046875 0.7796875 0.11484375 0.778125 0.09765625 0.76015625 0.0875 0.75078125 0.096875
0 0.38984375 0.0625 0.37890625 0.05625 0.3703125 0.05859375 0.36953125 0.0671875 0.33984375 0.075 0.3171875 0.10234375 0.3140625 0.11484375 0.328125 0.16015625 0.3515625 0.16796875 0.41015625 0.1546875 0.44765625 0.128125 0.4578125 0.11328125 0.4578125 0.08046875 0.42890625 0.0625 0.38984375 0.0625
0 0.315625 0.22890625 0.36171875 0.215625 0.3609375 0.19765625 0.33515625 0.18125 0.31484375 0.184375 0.303125 0.21953125 0.315625 0.22890625
0 0.7875 0.45703125 0.81796875 0.475 0.840625 0.47421875 0.8515625 0.46796875 0.853125 0.44765625 0.84375 0.43359375 0.81796875 0.415625 0.79296875 0.4171875 0.7875 0.45703125
0 0.71640625 0.2578125 0.69609375 0.253125 0.67734375 0.25625 0.65625 0.27578125 0.6765625 0.31484375 0.678125 0.33671875 0.6890625 0.33984375 0.70859375 0.3359375 0.71796875 0.3265625 0.73984375 0.325 0.746875 0.30546875 0.728125 0.26953125 0.71640625 0.2578125
0 0.5828125 0.29296875 0.56875 0.30703125 0.56875 0.31953125 0.57421875 0.3359375 0.590625 0.33671875 0.6015625 0.32109375 0.5921875 0.31328125 0.5890625 0.29453125 0.59375 0.28515625 0.58515625 0.28125 0.5828125 0.29296875
0 0.46875 0.30078125 0.4890625 0.30390625 0.50234375 0.3015625 0.5140625 0.28046875 0.49140625 0.2609375 0.47109375 0.2625 0.4625 0.26953125 0.46875 0.30078125