0 0.43984375 0.159375 0.35 0.14921875 0.19765625 0.1484375 0.1828125 0.15546875 0.175 0.19921875 0.18671875 0.215625 0.19765625 0.215625 0.2 0.19609375 0.22265625 0.18125 0.23671875 0.19375 0.32109375 0.20625 0.37578125 0.2 0.39453125 0.2078125 0.40546875 0.196875 0.41796875 0.1953125 0.44765625 0.209375 0.48984375 0.209375 0.50234375 0.221875 0.51171875 0.209375 0.53046875 0.2015625 0.54453125 0.209375 0.56640625 0.2109375 0.61328125 0.1890625 0.64453125 0.19375 0.659375 0.18828125 0.64765625 0.1578125 0.62890625 0.1625 0.61875 0.17109375 0.61640625 0.1828125 0.58984375 0.1640625 0.55546875 0.16875 0.50859375 0.159375 0.43984375 0.159375
0 1 0.78203125 0.97734375 0.7828125 0.95703125 0.8 0.95390625 0.784375 0.9296875 0.78359375 0.93125 0.76328125 0.92578125 0.759375 0.925 0.78515625 0.91796875 0.7875 0.90859375 0.78125 0.90546875 0.7921875 0.9015625 0.77890625 0.9078125 0.78046875 0.915625 0.76328125 0.91015625 0.759375 0.90234375 0.7640625 0.8984375 0.75078125 0.88671875 0.75 0.87890625 0.734375 0.82734375 0.7359375 0.80078125 0.7109375 0.8 0.76171875 0.79296875 0.784375 0.77265625 0.7640625 0.76953125 0.76875 0.76640625 0.7625 0.74921875 0.7625 0.73125 0.75234375 0.74296875 0.75 0.759375 0.72890625 0.75234375 0.728125 0.74296875 0.7421875 0.73203125 0.734375 0.7296875 0.69765625 0.72265625 0.6953125 0.71484375 0.70625 0.69921875 0.7046875 0.690625 0.71484375 0.70078125 0.728125 0.71484375 0.7203125 0.7203125 0.72890625 0.71484375 0.78125 0.6984375 0.77890625 0.6875 0.71953125 0.6828125 0.72109375 0.68359375 0.7328125 0.67109375 0.7109375 0.65859375 0.7109375 0.64765625 0.7265625 0.64375 0.71953125 0.63984375 0.7375 0.61640625 0.7171875 0.61015625 0.71875 0.58984375 0.75 0.56484375 0.7453125 0.54921875 0.75625 0.54609375 0.746875 0.540625 0.75234375 0.5390625 0.74453125 0.5484375 0.73515625 0.53828125 0.73125 0.52578125 0.734375 0.51796875 0.728125 0.515625 0.74140625 0.50546875 0.74375 0.47421875 0.740625 0.47421875 0.73125 0.41015625 0.7546875 0.38828125 0.75625 0.37890625 0.7640625 0.35234375 0.7578125 0.33046875 0.7890625 0.28671875 0.7859375 0.26796875 0.790625 0.26640625 0.78125 0.25625 0.77890625 0.271875 0.77265625 0.271875 0.73828125 0.26171875 0.7390625 0.2578125 0.72265625 0.2484375 0.72109375 0.25 0.71171875 0.25625 0.71015625 0.2484375 0.70546875 0.25 0.69765625 0.25546875 0.7046875 0.2671875 0.68203125 0.25546875 0.66875 0.24921875 0.675 0.240625 0.66171875 0.20859375 0.6625 0.1953125 0.68046875 0.196875 0.70546875 0.1921875 0.70546875 0.1875 0.73984375 0.221875 0.74140625 0.20625 0.74765625 0.2171875 0.75234375 0.21328125 0.7796875 0.203125 0.77890625 0.20078125 0.7671875 0.18203125 0.76875 0.17734375 0.7625 0.15390625 0.7578125 0.15078125 0.7515625 0.11953125 0.759375 0.09453125 0.7546875 0.09140625 0.74375 0.08671875 0.7484375 0.08046875 0.7421875 0.06328125 0.7421875 0.05625 0.75546875 0.0671875 0.76015625 0.06484375 0.771875 0.06015625 0.7609375 0.05546875 0.7671875 0.05234375 0.7609375 0.04296875 0.7671875 0.03671875 0.7640625 0.0203125 0.77890625 0.0296875 0.78359375 0.02578125 0.79375 0.02109375 0.7875 0 0.79609375 0.00234375 0.940625 0.06328125 0.946875 0.15859375 0.9421875 0.38046875 0.95 0.64296875 0.9484375 0.67109375 0.953125 1 0.94921875 1 0.78203125
0 0.859375 0.42578125 0.8484375 0.41015625 0.8359375 0.42578125 0.84296875 0.4421875 0.8515625 0.43984375 0.859375 0.42578125
0 0.3578125 0.60546875 0.346875 0.59921875 0.3296875 0.60390625 0.3234375 0.62421875 0.3265625 0.63671875 0.35390625 0.65625 0.3703125 0.62578125 0.3578125 0.60546875
0 0.409375 0.62734375 0.4015625 0.61171875 0.3921875 0.61484375 0.3890625 0.62421875 0.3953125 0.64765625 0.40234375 0.653125 0.409375 0.62734375
0 0.17265625 0.228125 0.11875 0.20390625 0.1078125 0.20703125 0.10234375 0.2234375 0.09921875 0.215625 0.09296875 0.2203125 0.06796875 0.215625 0.04140625 0.221875 0.0390625 0.22890625 0.0484375 0.25078125 0.06796875 0.2640625 0.08359375 0.2625 0.09375 0.25234375 0.09375 0.23671875 0.10234375 0.2359375 0.1171875 0.25703125 0.1109375 0.27265625 0.1125 0.29140625 0.13828125 0.31875 0.15234375 0.3171875 0.1703125 0.29609375 0.17421875 0.2671875 0.18359375 0.28125 0.2328125 0.28515625 0.234375 0.27421875 0.2171875 0.26171875 0.20859375 0.246875 0.18828125 0.2421875 0.17265625 0.228125
0 0.1109375 0.39765625 0.1046875 0.38828125 0.09140625 0.3875 0.078125 0.40703125 0.08828125 0.43125 0.1125 0.42578125 0.1109375 0.39765625
0 0.08125 0.62421875 0.0734375 0.58515625 0.06484375 0.584375 0.0484375 0.60078125 0.05078125 0.628125 0.08125 0.62421875
0 0.4984375 0.47578125 0.4890625 0.46796875 0.478125 0.47421875 0.48359375 0.5015625 0.48984375 0.5015625 0.5 0.48828125 0.4984375 0.47578125
0 0.7078125 0.57109375 0.70625 0.55390625 0.696875 0.55859375 0.70234375 0.5734375 0.7078125 0.57109375
0 0.7890625 0.60078125 0.7796875 0.59296875 0.76953125 0.5921875 0.7609375 0.60234375 0.76796875 0.625 0.77734375 0.6234375 0.7890625 0.60859375 0.7890625 0.60078125
0 0.9171875 0.60546875 0.909375 0.59921875 0.9015625 0.60078125 0.9 0.61015625 0.90546875 0.6375 0.91875 0.62578125 0.9171875 0.60546875
0 0.6515625 0.08828125 0.6453125 0.08359375 0.63359375 0.084375 0.6265625 0.09453125 0.628125 0.11328125 0.63671875 0.1234375 0.6515625 0.11484375 0.6515625 0.08828125
0 0.4921875 0.07421875 0.490625 0.06328125 0.47578125 0.0640625 0.4671875 0.07734375 0.48671875 0.0796875 0.4921875 0.07421875
0 0.221875 0.38671875 0.2125 0.37734375 0.184375 0.39140625 0.2 0.43828125 0.19375 0.48203125 0.1859375 0.49296875 0.1875 0.52265625 0.19609375 0.5328125 0.2109375 0.52265625 0.23125 0.45390625 0.209375 0.41640625 0.221875 0.38671875
0 0.1765625 0.61484375 0.1703125 0.59921875 0.15546875 0.6 0.146875 0.60859375 0.15234375 0.6421875 0.1640625 0.63515625 0.1765625 0.61484375
0 0.2984375 0.59453125 0.290625 0.58671875 0.275 0.58984375 0.2734375 0.62109375 0.28671875 0.640625 0.29765625 0.6453125 0.3046875 0.63828125 0.30625 0.62265625 0.2984375 0.59453125
0 0.28125 0.53828125 0.26875 0.52578125 0.253125 0.53359375 0.25390625 0.5546875 0.26796875 0.5546875 0.28125 0.53828125
0 0.459375 0.44609375 0.45 0.43359375 0.4390625 0.43671875 0.4375 0.44921875 0.45078125 0.4640625 0.4578125 0.45859375 0.459375 0.44609375
0 0.7671875 0.43203125 0.740625 0.41328125 0.7296875 0.42109375 0.7375 0.45078125 0.75703125 0.45625 0.76875 0.44453125 0.7671875 0.43203125
0 0.859375 0.42578125 0.85 0.41015625 0.8390625 0.41640625 0.8359375 0.42578125 0.84296875 0.4421875 0.8515625 0.43984375 0.859375 0.42578125