0 0.8173562499999999 1 0.7808109375 0.9545140625 0.7913765625 0.9283171875 0.7813828125 0.895609375 0.7699015625000001 0.8320109375 0.74703125 0.7968796874999999 0.723890625 0.8072968749999999 0.6947625000000001 0.823584375 0.7067734375 0.8514968749999999 0.707590625 0.8902875 0.722690625 0.9358265625 0.7221140625 0.957625 0.7414296874999999 0.9986046875 0.8173562499999999 1
0 0.666634375 0.5839296875 0.6399234375 0.5783828125 0.6332171875 0.591565625 0.6398640624999999 0.631290625 0.6611203125 0.6708328125 0.68445 0.6974515625000001 0.6899390624999999 0.6582796875 0.6818390625 0.6057234375 0.666634375 0.5839296875
0 0 0.6471625000000001 0.42827656249999996 0.6059703125 0.3406265625 0.6042734375000001 0.27177656250000004 0.597365625 0.1772953125 0.6016250000000001 0.1340515625 0.5878078125 0.09975625 0.597434375 0.0443375 0.595021875 0 0.6063984375 0 0.6471625000000001
0 0.412828125 0.5440875000000001 0.42748437499999997 0.6129781249999999 0.45040625 0.6153265625000001 0.46186249999999995 0.5860296875000001 0.48566093749999995 0.5619859375 0.4853515625 0.5975328125 0.46844843750000004 0.626846875 0.46483125000000003 0.6497828125 0.4552890625 0.6976421875 0.46662499999999996 0.726396875 0.48527812499999995 0.64 0.489025 0.65040625 0.5266171875000001 0.65500625 0.5209890625 0.5840609375 0.5425390625000001 0.5119625 0.5651328125 0.510421875 0.572309375 0.5245093749999999 0.5973203125000001 0.544340625 0.6511265625 0.559121875 0.682259375 0.5848984374999999 0.9995140625 0.5550296875 1 0.5238921875 0.9356625 0.545975 0.888878125 0.55101875 0.7968625 0.5513078124999999 0.7602390625 0.549975 0.7376796875 0.5290984375 0.752659375 0.51920625 0.7883265625 0.507471875 0.8103828125 0.5071546875 0.81956875 0.4868734375 0.8080468749999999 0.46637812500000003 0.8236593750000001 0.4430375 0.8162859375 0.3902265625 0.80144375 0.3744296875 0.7616375 0.33083125 0.751178125 0.29440625 0.7095343749999999 0.270384375 0.7380140625 0.2652828125 0.7749265624999999 0.2813734375 0.7711578125 0.307415625 0.7874875 0.342846875 0.8284859375 0.362615625 0.8360156249999999 0.3315578125 0.8478546874999999 0.28218125 0.9109046875000001 0.2732984375 0.957671875 0.2395 0.6048140625 0.24494218750000002 0.663753125 0.2624375 0.6512249999999999 0.2898984375 0.696134375 0.32453906250000003 0.6881109375000001 0.33437968749999997 0.6672109374999999 0.34712343749999997 0.6618984375 0.3189578125 0.6349421875 0.308909375 0.5744374999999999 0.2927890625 0.5430203125 0.309228125 0.50128125 0.31886562500000004 0.46234062500000006 0.3064390625 0.48080937500000004 0.2837796875 0.47280625 0.26619375 0.4842546875 0.2590953125 0.5522359375 0.2436671875 0.4541453125 0.24115156249999997 0.102865625 0.23628593750000002 0.1040359375 0.28045 0.16848125 0.27621406249999997 0.21705468749999998 0.2948046875 0.27302499999999996 0.287728125 0.267315625 0.3430265625 0.2527359375 0.3303 0.2202171875 0.3621703125 0.208425 0.4057875 0.1729125 0.42485625000000005 0.1511265625 0.41945468750000003 0.115225 0.41087187500000005 0.0462078125 0.4283015625 0.0018890625000000001 0.43679843749999997 0.0006109375 0.5195203125 0.021256249999999997 0.4990859375 0.0318390625 0.48091718749999995 0.104040625 0.49443906249999997 0.180965625 0.5117546875000001 0.224346875 0.530315625 0.28181406249999996 0.5288734374999999 0.3158046875 0.505896875 0.35791249999999997 0.486365625 0.43677656249999997 0.477228125 0.4564078125 0.4815625 0.43962031250000005 0.516965625 0.412828125 0.5440875000000001
0 0.9171875 0.36328125 0.9203125 0.35703125 0.9140625 0.33984375 0.89296875 0.33125 0.890625 0.33984375 0.9015625 0.35703125 0.9171875 0.36328125
0 0.840625 0.52265625 0.853125 0.53359375 0.86875 0.51796875 0.875 0.48984375 0.87109375 0.478125 0.85078125 0.4796875 0.8421875 0.48984375 0.840625 0.52265625
0 0.925 0.43203125 0.9421875 0.40859375 0.93046875 0.396875 0.91875 0.40234375 0.9109375 0.41953125 0.91640625 0.4328125 0.925 0.43203125
0 0.9921875 0.38828125 0.9921875 0.40390625 1 0.41171875 0.99921875 0.3828125 0.9921875 0.38828125
0 0.58125 0.27890625 0.57578125 0.2734375 0.5625 0.27578125 0.56484375 0.2859375 0.5765625 0.28828125 0.58125 0.27890625
0 0.54375 0.81796875 0.53671875 0.8078125 0.51953125 0.8078125 0.51875 0.83671875 0.5296875 0.84609375 0.54375 0.81796875
0 0.68671875 0.890625 0.6796875 0.89921875 0.690625 0.91015625 0.6953125 0.89765625 0.68671875 0.890625
0 0.54921875 0.528125 0.5421875 0.54140625 0.559375 0.54296875 0.565625 0.53046875 0.54921875 0.528125
0 0.54140625 0.7015625 0.5390625 0.71484375 0.546875 0.71953125 0.55 0.70546875 0.54140625 0.7015625
0 0.48203125 0.721875 0.48125 0.73828125 0.4890625 0.74609375 0.490625 0.73046875 0.48203125 0.721875
0 0.0125 0.28671875 0.00078125 0.271875 0.0015625 0.31171875 0.0125 0.30546875 0.0125 0.28671875