0 0 0.9816062499999999 0.07550625 0.9537953124999999 0.141884375 0.9368109375 0.1916390625 0.9211812500000001 0.2578671875 0.8860906249999999 0.2962875 0.8354953125 0.32131875 0.83669375 0.3712859375 0.8769265624999999 0.47567343749999996 0.84223125 0.5817015624999999 0.8122109375000001 0.659140625 0.775759375 0.732596875 0.7579546875000001 0.8247703124999999 0.7265343750000001 0.9062015625000001 0.692371875 0.9986828125 0.6595187499999999 1 0.5020687500000001 0.9788296875 0.5280437499999999 0.905034375 0.569171875 0.8787515625 0.578965625 0.8261640625 0.5985265625 0.7820640625 0.629521875 0.7658125 0.6452890625000001 0.7365078125 0.6324468750000001 0.704371875 0.6076828125 0.6906546875 0.674 0.6530109375 0.704971875 0.6186203124999999 0.6579578125000001 0.5997796875 0.6596046875 0.5835203124999999 0.6926828125 0.56076875 0.6852640625 0.5218828125 0.7216578124999999 0.5024796874999999 0.71165625 0.4789359375 0.711065625 0.45432812499999997 0.723671875 0.42861562500000006 0.741275 0.3877828125 0.7344984375 0.378390625 0.7544265625000001 0.31515312500000003 0.74441875 0.2615109375 0.7296734375 0.2658203125 0.8342953124999999 0.24180000000000001 0.8314375 0.2369859375 0.7289671875 0.26088125 0.66778125 0.274984375 0.6294640625000001 0.273921875 0.693640625 0.303634375 0.7098609375 0.319671875 0.66475625 0.31527812499999996 0.6972671874999999 0.35185468750000004 0.7194140625000001 0.40044218750000005 0.70025 0.41878125 0.68925625 0.4478515625 0.6910875 0.4709359375 0.6819703125000001 0.5087125 0.6639828125 0.52716875 0.6803 0.5540859375 0.6628109375 0.5558468750000001 0.6395046875 0.5798328125000001 0.6292625000000001 0.6104328125 0.609990625 0.616584375 0.5677375 0.6062531250000001 0.5503515625000001 0.5808875 0.5523203125 0.54353125 0.5889953125 0.5420734375 0.60855625 0.5261312499999999 0.6300890625 0.49074687499999997 0.6368484375000001 0.40400468749999996 0.6625359375000001 0.3426890625 0.65691875 0.330634375 0.6437859375 0.3195734375 0.607890625 0.30066875 0.566153125 0.26831875 0.6032140625 0.23100625 0.6186546875000001 0.23206875 0.78300625 0.197928125 0.77985625 0.1788765625 0.8000578125000001 0.1700671875 0.84243125 0.101484375 0.8512328124999999 0.0454109375 0.8544124999999999 0 0.8793703125000001 0 0.9816062499999999
0 0.6263078125 0 0.61304375 0.0039015624999999996 0.58556875 0.07021875 0.5656984375 0.080821875 0.5433515625 0.11714218750000001 0.530146875 0.16543593750000002 0.5379203125 0.18860468749999998 0.5579484375 0.1941703125 0.59164375 0.15728906250000002 0.5899078125 0.139271875 0.6055843750000001 0.0723234375 0.6271609375 0.0297328125 0.6431296875 0 0.6263078125 0
0 0.96640625 0.2390625 0.9828125 0.23828125 0.9984375 0.22734375 0.99921875 0.16875 0.97578125 0.1796875 0.946875 0.21796875 0.946875 0.22421875 0.96640625 0.2390625
0 0.99921875 0.3046875 0.9734375 0.34140625 0.9578125 0.41328125 0.96171875 0.428125 0.9984375 0.42734375 0.99921875 0.3046875
0 0.803125 0.35078125 0.8078125 0.35234375 0.83125 0.34140625 0.8421875 0.29921875 0.83671875 0.2796875 0.81640625 0.2828125 0.8 0.30390625 0.803125 0.35078125
0 0.65703125 0.0625 0.6328125 0.09140625 0.6265625 0.11171875 0.63984375 0.13125 0.6609375 0.13203125 0.6796875 0.11328125 0.6859375 0.09609375 0.6765625 0.08203125 0.6796875 0.06953125 0.66484375 0.0609375 0.65703125 0.0625
0 0.75 0.24453125 0.765625 0.21640625 0.75234375 0.2078125 0.73984375 0.2109375 0.7296875 0.22421875 0.7375 0.24296875 0.75 0.24453125
0 0.19375 0.36796875 0.2078125 0.35078125 0.20078125 0.328125 0.18515625 0.3296875 0.178125 0.34140625 0.18125 0.36328125 0.19375 0.36796875
0 0.134375 0.12890625 0.12265625 0.1171875 0.1125 0.13046875 0.11875 0.14453125 0.1265625 0.14609375 0.134375 0.12890625
0 0.0234375 0.73203125 0.025 0.71796875 0.00390625 0.7125 0 0.74140625 0.0125 0.74140625 0.0234375 0.73203125
0 0.015625 0.81171875 0.01328125 0.80625 0.00390625 0.80625 0 0.83203125 0.0109375 0.83515625 0.015625 0.81171875
0 0.0109375 0.51484375 0.00078125 0.503125 0.003125 0.55546875 0.0109375 0.54609375 0.0109375 0.51484375
0 0.625 0.44921875 0.61953125 0.4171875 0.609375 0.42578125 0.6078125 0.44140625 0.621875 0.46640625 0.625 0.44921875
0 0.6171875 0.33828125 0.61953125 0.2984375 0.6078125 0.31171875 0.6171875 0.33828125
0 0.503125 0.26015625 0.50078125 0.2421875 0.4859375 0.25078125 0.4859375 0.26171875 0.496875 0.26484375 0.503125 0.26015625
0 0.3921875 0.26640625 0.4046875 0.27265625 0.415625 0.25546875 0.415625 0.24296875 0.41015625 0.2390625 0.40078125 0.2390625 0.390625 0.25390625 0.3921875 0.26640625
0 0.86015625 0 0.846875 0.01484375 0.846875 0.02421875 0.8578125 0.03046875 0.8625 0.04453125 0.8734375 0.04765625 0.8953125 0.01953125 0.89921875 0 0.86015625 0
0 0.9203125 0.06796875 0.9328125 0.05078125 0.93046875 0.0359375 0.91875 0.04140625 0.9125 0.05546875 0.9140625 0.06796875 0.9203125 0.06796875
0 0.9859375 0.13203125 1 0.11484375 0.99765625 0.09375 0.98203125 0.0953125 0.9703125 0.11796875 0.97578125 0.13125 0.9859375 0.13203125
0 0.95859375 0.03125 0.9453125 0.03984375 0.9546875 0.04921875 0.9640625 0.04453125 0.95859375 0.03125
0 0.9625 0.10703125 0.96875 0.10078125 0.9703125 0.07578125 0.9671875 0.05234375 0.95703125 0.05 0.953125 0.10390625 0.9625 0.10703125
0 0.8171875 0.56953125 0.8265625 0.56328125 0.82734375 0.53125 0.81875 0.53671875 0.809375 0.56015625 0.809375 0.56796875 0.8171875 0.56953125
0 0.91796875 0.5390625 0.9015625 0.55390625 0.9109375 0.56328125 0.9203125 0.54921875 0.91796875 0.5390625
0 0.7421875 0.36640625 0.7515625 0.35234375 0.74609375 0.3296875 0.73828125 0.3296875 0.7296875 0.34609375 0.7359375 0.36484375 0.7421875 0.36640625
0 0.77265625 0.325 0.76875 0.34765625 0.778125 0.35234375 0.7796875 0.32578125 0.77265625 0.325
0 0.4734375 0.19453125 0.4734375 0.18515625 0.46328125 0.1765625 0.4546875 0.19296875 0.465625 0.19921875 0.4734375 0.19453125
0 0.8890625 0.26484375 0.89296875 0.271875 0.9046875 0.27421875 0.9125 0.25703125 0.896875 0.22578125 0.90703125 0.2015625 0.890625 0.21484375 0.8859375 0.23515625 0.8890625 0.26484375
0 0.92109375 0.1203125 0.9125 0.14609375 0.9234375 0.15078125 0.9265625 0.16640625 0.909375 0.18671875 0.915625 0.19453125 0.95 0.17734375 0.9484375 0.15390625 0.9546875 0.15390625 0.946875 0.13828125 0.93203125 0.1328125 0.92109375 0.1203125
0 0.76015625 0.5953125 0.75625 0.60859375 0.7640625 0.61015625 0.7671875 0.59765625 0.76015625 0.5953125
0 0.4125 0.37421875 0.4328125 0.35390625 0.41953125 0.3296875 0.38828125 0.3375 0.378125 0.34921875 0.39296875 0.36875 0.4125 0.37421875
0 0.1921875 0.29140625 0.18984375 0.2796875 0.18046875 0.2796875 0.165625 0.29140625 0.1796875 0.30703125 0.1921875 0.29140625
0 0.06484375 0.0796875 0.0609375 0.09765625 0.0703125 0.10078125 0.0765625 0.08984375 0.06484375 0.0796875
0 0.02421875 0.1421875 0.0203125 0.15859375 0.03125 0.16640625 0.0359375 0.14609375 0.02421875 0.1421875
0 0.0328125 0.03359375 0.02109375 0.028125 0.0125 0.04453125 0.01953125 0.053125 0.03125 0.05234375 0.0328125 0.03359375
0 0.6921875 0.02890625 0.7 0.02265625 0.7015625 0.01015625 0.68515625 0.0046875 0.6765625 0.01328125 0.6765625 0.02265625 0.6921875 0.02890625
0 0.775 0.00078125 0.77734375 0.0078125 0.796875 0.00859375 0.80390625 0 0.775 0.00078125
0 0.66015625 0.5625 0.6578125 0.57578125 0.665625 0.57734375 0.66875 0.56484375 0.66015625 0.5625
0 0.95390625 0.5015625 0.9515625 0.51484375 0.9578125 0.51953125 0.9640625 0.51171875 0.95390625 0.5015625
0 0.93359375 0.5015625 0.928125 0.51328125 0.9390625 0.52109375 0.94375 0.50546875 0.93359375 0.5015625
0 0.8890625 0.51015625 0.88515625 0.5 0.87890625 0.5 0.875 0.50859375 0.88125 0.51640625 0.8890625 0.51015625