0 0 1 0.0688453125 0.956940625 0.1467421875 0.940240625 0.2224375 0.9643703125 0.353815625 0.94034375 0.42388906249999997 0.8969671874999999 0.5143625000000001 0.89720625 0.6571906249999999 0.8794421874999999 0.69129375 0.8282328124999999 0.7392765625 0.7914718749999999 0.7274390625 0.7141328125 0.6909046875 0.6893875 0.606953125 0.6996781249999999 0.5414875 0.6946921875000001 0.481971875 0.650690625 0.4182140625 0.6582796875 0.35923906250000004 0.6828921875 0.3691109375 0.6519328125 0.42743906249999997 0.6294609375 0.41936406249999997 0.5379703124999999 0.394203125 0.5189515625000001 0.3415140625 0.5252749999999999 0.1959359375 0.6054968749999999 0.1981515625 0.6804546874999999 0.1781875 0.717396875 0.1576875 0.7045546875 0.123440625 0.6624953125 0.0598640625 0.6908640625 0.045071875 0.6942999999999999 0.0340265625 0.63241875 0 0.6033031249999999 0 1
0 0.554490625 0.3050703125 0.548084375 0.34275937500000003 0.5666109374999999 0.3937421875 0.5730625 0.419734375 0.5618953125 0.43220625 0.5863937499999999 0.4813703125 0.6293703125000001 0.5081546875 0.6624453124999999 0.4910109375 0.6828453125 0.44786875000000004 0.6960546875 0.41232187500000006 0.7008453125 0.3552609375 0.6992609375 0.33218437500000003 0.67186875 0.2783890625 0.6047125 0.2694203125 0.57424375 0.2734890625 0.554490625 0.3050703125
0 0.82105 0.45173125000000003 0.8099671875000001 0.4403359375 0.7869390625 0.4353734375 0.724125 0.45158906249999997 0.6813453125 0.4739859375 0.6700109375000001 0.5232249999999999 0.6881468749999999 0.5507890625 0.7569874999999999 0.54335625 0.791753125 0.53340625 0.8121609375000001 0.501084375 0.82105 0.45173125000000003
0 0.8492265625 0.5129625 0.829078125 0.548140625 0.8122828125 0.5752890625 0.8033765624999999 0.5980796875000001 0.7994625 0.6059875 0.8109640625000001 0.639865625 0.8627171875 0.62223125 0.91275 0.5798296875 0.9648609374999999 0.54365625 1 0.51109375 0.9915593749999999 0.4551046875 0.9644484375 0.4479703125 0.9445593750000001 0.44621562499999995 0.9117734375 0.446125 0.8854031250000001 0.46584375 0.8689796875000001 0.4798828125 0.8492265625 0.5129625
0 0.8736328125 0.266315625 0.8435359375000001 0.2635015625 0.8356671875 0.30501875 0.840528125 0.31985625 0.8364453125000001 0.328453125 0.8960515625 0.3228359375 0.9463203124999999 0.3036453125 0.9302234374999999 0.276765625 0.8736328125 0.266315625
0 0.21411875 0.36610312500000003 0.1539625 0.361515625 0.1414171875 0.3956953125 0.1754515625 0.4052328125 0.205534375 0.4021859375 0.21411875 0.36610312500000003
0 0.8228937500000001 0 0.7635078125 0.0069796875 0.8080765624999999 0.0323671875 0.823578125 0.0132984375 0.8228937500000001 0
0 0.6647015625 1 0.754990625 0.9798843749999999 0.7917984375 0.9714796874999999 0.859625 0.952028125 0.9279234375 0.9369921874999999 0.9415125 0.9110640625 0.986175 0.9123796875 1 0.9107609374999999 0.9966484375 0.8267625000000001 0.94245 0.8444296874999999 0.81725625 0.8776406250000001 0.6629796875 0.9078890625 0.5762390625 0.9345593750000001 0.3607546875 0.9910578125 0.29722499999999996 1 0.6647015625 1
0 0.9251421875 0.7716093749999999 0.9122078124999999 0.7615421875 0.889325 0.7574062500000001 0.8497 0.7541859375 0.8147421874999999 0.7570015625 0.7963078125 0.783284375 0.82696875 0.8242546875000001 0.8706093750000001 0.8237078125 0.9197875 0.8141140625000001 0.9310921875 0.7855921875 0.9251421875 0.7716093749999999
0 0.21640625 0.146875 0.2375 0.15390625 0.25859375 0.146875 0.2765625 0.12265625 0.27109375 0.103125 0.24921875 0.096875 0.23984375 0.0875 0.221875 0.09765625 0.2203125 0.11484375 0.2109375 0.13046875 0.21640625 0.146875
0 0.58984375 0.1546875 0.6484375 0.16796875 0.671875 0.16015625 0.6859375 0.11484375 0.6828125 0.10234375 0.66015625 0.075 0.63046875 0.0671875 0.6296875 0.05859375 0.62109375 0.05625 0.61015625 0.0625 0.57109375 0.0625 0.5421875 0.08046875 0.5421875 0.11328125 0.55234375 0.128125 0.58984375 0.1546875
0 0.63828125 0.215625 0.684375 0.22890625 0.696875 0.21953125 0.68515625 0.184375 0.66484375 0.18125 0.6390625 0.19765625 0.63828125 0.215625
0 0.1484375 0.46796875 0.159375 0.47421875 0.18203125 0.475 0.2125 0.45703125 0.20703125 0.4171875 0.18203125 0.415625 0.15625 0.43359375 0.146875 0.44765625 0.1484375 0.46796875
0 0.29140625 0.3359375 0.3109375 0.33984375 0.321875 0.33671875 0.3234375 0.31484375 0.34375 0.27578125 0.32265625 0.25625 0.30390625 0.253125 0.28359375 0.2578125 0.271875 0.26953125 0.253125 0.30546875 0.26015625 0.325 0.28203125 0.3265625 0.29140625 0.3359375
0 0.3984375 0.32109375 0.409375 0.33671875 0.42578125 0.3359375 0.43125 0.31953125 0.43125 0.30703125 0.4171875 0.29296875 0.41484375 0.28125 0.40625 0.28515625 0.4109375 0.29453125 0.4078125 0.31328125 0.3984375 0.32109375
0 0.49765625 0.3015625 0.5109375 0.30390625 0.53125 0.30078125 0.5375 0.26953125 0.52890625 0.2625 0.50859375 0.2609375 0.4859375 0.28046875 0.49765625 0.3015625