0 0.82890625 1 0.8234375 0.98671875 0.81171875 0.9859375 0.80625 0.99921875 0.82890625 1
0 0.20625 0.87265625 0.19375 0.83359375 0.16484375 0.8515625 0.1515625 0.87109375 0.1578125 0.89609375 0.17734375 0.9109375 0.19609375 0.903125 0.203125 0.88984375 0.20625 0.87265625
0 0.8015625 0.90703125 0.7515625 0.86328125 0.715625 0.88203125 0.7078125 0.90859375 0.7421875 0.93984375 0.74765625 0.95625 0.78359375 0.95625 0.7890625 0.93671875 0.7984375 0.93203125 0.7953125 0.91640625 0.8015625 0.90703125
0 0.3203125 0.51640625 0.3140625 0.51171875 0.3 0.51484375 0.31015625 0.534375 0.3203125 0.52734375 0.3203125 0.51640625
0 0.69921875 0.55 0.68125 0.52890625 0.67109375 0.528125 0.6625 0.53671875 0.659375 0.54765625 0.66640625 0.55625 0.69921875 0.5578125 0.71171875 0.575 0.7265625 0.57265625 0.725 0.55546875 0.71796875 0.546875 0.69921875 0.55
0 0.83125 0.75078125 0.8203125 0.73984375 0.8015625 0.74609375 0.8 0.76171875 0.81015625 0.7734375 0.82421875 0.778125 0.8328125 0.76953125 0.83125 0.75078125
0 0.4015625 0.76328125 0.3890625 0.75234375 0.38125 0.75546875 0.378125 0.77890625 0.38359375 0.7875 0.39609375 0.7890625 0.4015625 0.76328125
0 0.0796875 0.03359375 0.0671875 0.02265625 0.053125 0.02578125 0.0453125 0.04296875 0.0484375 0.05703125 0.0390625 0.06328125 0.04296875 0.0734375 0.05859375 0.0828125 0.0703125 0.07734375 0.0796875 0.05546875 0.0796875 0.03359375
0 0.0640625 0.18515625 0.05625 0.17265625 0.00078125 0.171875 0 0.20546875 0.01796875 0.2 0.03203125 0.2140625 0.04765625 0.215625 0.0640625 0.18515625
0 0.140625 0.83984375 0.13125 0.83046875 0.1203125 0.83828125 0.11875 0.85234375 0.12421875 0.859375 0.140625 0.84921875 0.140625 0.83984375
0 0 0.87890625 0.02265625 0.89375 0.0234375 0.87265625 0.0046875 0.84921875 0 0.84921875 0 0.87890625
0 0.0953125 0.99921875 0.0875 0.98203125 0.07890625 1 0.0953125 0.99921875
0 0.140625 0.96015625 0.1375 0.95078125 0.128125 0.95703125 0.13046875 0.9671875 0.140625 0.96015625
0 0.384375 0.97890625 0.3796875 0.96328125 0.371875 0.96953125 0.37578125 0.984375 0.384375 0.97890625
0 0.409375 0.25078125 0.4015625 0.24140625 0.3890625 0.24296875 0.3828125 0.25390625 0.38671875 0.2640625 0.39765625 0.2671875 0.40625 0.26015625 0.409375 0.25078125
0 0.2640625 0.40390625 0.2546875 0.38671875 0.24453125 0.3859375 0.2375 0.39453125 0.24765625 0.4109375 0.2640625 0.40390625
0 0.609375 0.19609375 0.6 0.16640625 0.5828125 0.17265625 0.59140625 0.1984375 0.609375 0.19609375
0 0.19765625 0.0984375 0.1890625 0.08984375 0.1796875 0.09453125 0.1765625 0.11640625 0.20859375 0.121875 0.215625 0.10078125 0.19765625 0.0984375
0 0.2203125 0.27265625 0.2171875 0.25859375 0.20234375 0.259375 0.1890625 0.26796875 0.184375 0.30859375 0.19296875 0.3171875 0.2015625 0.31171875 0.203125 0.29609375 0.2203125 0.27265625
0 0.08125 0.33203125 0.071875 0.31484375 0.0578125 0.32109375 0.0546875 0.34140625 0.06015625 0.346875 0.06796875 0.346875 0.08125 0.33203125
0 0.1 0.52421875 0.0890625 0.51328125 0.078125 0.52421875 0.08671875 0.5453125 0.1 0.53671875 0.1 0.52421875
0 0.2 0.65078125 0.1984375 0.62421875 0.1796875 0.62890625 0.1765625 0.64921875 0.18515625 0.6578125 0.2 0.65078125
0 0.4796875 0.23671875 0.459375 0.22109375 0.44140625 0.2203125 0.4390625 0.23828125 0.45546875 0.253125 0.47578125 0.2546875 0.4796875 0.23671875
0 0.44375 0.36328125 0.4421875 0.34609375 0.4125 0.35703125 0.42890625 0.3890625 0.4359375 0.38671875 0.44375 0.36328125
0 0.39375 0.07265625 0.3765625 0.05234375 0.37109375 0.0515625 0.3671875 0.06484375 0.3546875 0.07109375 0.359375 0.09453125 0.36796875 0.1 0.3953125 0.08828125 0.39375 0.07265625
0 0.29609375 0.1015625 0.2859375 0.10078125 0.27109375 0.103125 0.265625 0.11171875 0.27890625 0.128125 0.303125 0.11796875 0.29609375 0.1015625
0 0.89921875 0.3421875 0.878125 0.33828125 0.8671875 0.34609375 0.865625 0.36328125 0.87421875 0.3765625 0.88203125 0.3765625 0.90078125 0.36875 0.9046875 0.35703125 0.89921875 0.3421875
0 0.7828125 0.60546875 0.7703125 0.59609375 0.759375 0.60234375 0.7625 0.61640625 0.7828125 0.63046875 0.7796875 0.65234375 0.79453125 0.6578125 0.8 0.63359375 0.79296875 0.625 0.784375 0.62578125 0.7828125 0.60546875
0 0.6765625 0.37578125 0.6609375 0.36171875 0.646875 0.36328125 0.6484375 0.38046875 0.65234375 0.3875 0.67109375 0.390625 0.6765625 0.37578125
0 0.925 0.01328125 0.9 0.00546875 0.88515625 0.0078125 0.875 0.02265625 0.90078125 0.046875 0.92109375 0.0484375 0.9265625 0.04296875 0.925 0.01328125
0 0.8671875 0.23046875 0.8546875 0.21640625 0.846875 0.21796875 0.846875 0.23203125 0.85859375 0.240625 0.8671875 0.23046875
0 0.88125 0.17578125 0.875 0.16953125 0.86328125 0.16875 0.846875 0.18203125 0.85703125 0.2109375 0.86796875 0.2078125 0.8796875 0.19296875 0.88125 0.17578125
0 0.9484375 0.14765625 0.9421875 0.12890625 0.93515625 0.1296875 0.93125 0.13828125 0.93828125 0.153125 0.9484375 0.14765625
0 1 0.12421875 0.9796875 0.13046875 0.98046875 0.15 1 0.14765625 1 0.12421875
0 0.8015625 0.50859375 0.790625 0.50078125 0.7796875 0.51328125 0.78515625 0.525 0.79453125 0.525 0.8015625 0.51640625 0.8015625 0.50859375
0 0.6046875 0.48828125 0.5984375 0.48359375 0.5890625 0.48515625 0.5859375 0.49921875 0.60234375 0.50625 0.6046875 0.48828125
0 0.5546875 0.49765625 0.54375 0.49140625 0.53515625 0.490625 0.5265625 0.50546875 0.5296875 0.51484375 0.54296875 0.5234375 0.55625 0.50859375 0.5546875 0.49765625
0 0.4078125 0.15234375 0.3984375 0.14921875 0.3890625 0.15234375 0.3828125 0.16953125 0.38828125 0.1890625 0.4109375 0.16640625 0.4078125 0.15234375
0 0.72109375 0.221875 0.7109375 0.21953125 0.6984375 0.22265625 0.7 0.23984375 0.70546875 0.2484375 0.72109375 0.253125 0.728125 0.23359375 0.72109375 0.221875
0 0.7375 0.30546875 0.7265625 0.28203125 0.70859375 0.284375 0.70625 0.29140625 0.71640625 0.309375 0.73203125 0.3140625 0.7375 0.30546875
0 0.634375 0.34609375 0.63125 0.33359375 0.61875 0.33671875 0.62734375 0.35 0.634375 0.34609375
0 0.7734375 0.09296875 0.7640625 0.07734375 0.746875 0.08828125 0.75234375 0.10625 0.76484375 0.103125 0.7734375 0.09296875
0 0.909375 0.60234375 0.9046875 0.59609375 0.890625 0.60078125 0.89140625 0.6140625 0.90625 0.61015625 0.909375 0.60234375
0 1 0.94609375 0.9875 0.94921875 0.99140625 0.9671875 1 0.96640625 1 0.94609375
0 0.51875 0.70078125 0.5140625 0.68828125 0.5015625 0.69609375 0.50546875 0.70625 0.51875 0.70078125
0 0.5609375 0.84453125 0.55625 0.82578125 0.54140625 0.825 0.5359375 0.83046875 0.53671875 0.8484375 0.55546875 0.85 0.5609375 0.84453125
0 0.61640625 0.890625 0.5703125 0.88671875 0.5640625 0.88984375 0.5625 0.91953125 0.58203125 0.9375 0.59609375 0.934375 0.6203125 0.91484375 0.6234375 0.90390625 0.61640625 0.890625
0 0.546875 0.24921875 0.5328125 0.24140625 0.5234375 0.24765625 0.5265625 0.26328125 0.54921875 0.2640625 0.546875 0.24921875
0 0.696875 0.12109375 0.684375 0.10390625 0.6765625 0.11015625 0.675 0.12265625 0.68203125 0.1328125 0.68984375 0.1328125 0.696875 0.12109375
0 1 0.22421875 0.99140625 0.2234375 0.9859375 0.23203125 0.99453125 0.24375 1 0.24296875 1 0.22421875
0 0.34765625 0.7734375 0.3421875 0.75859375 0.3359375 0.76953125 0.34765625 0.7734375
0 0.5203125 0.46640625 0.515625 0.46015625 0.50625 0.46171875 0.51328125 0.475 0.5203125 0.46640625
0 0.7265625 0.80234375 0.71875 0.79609375 0.7078125 0.80078125 0.7078125 0.81015625 0.71484375 0.8203125 0.72421875 0.821875 0.7265625 0.80234375
0 0.3046875 0.40078125 0.3 0.39453125 0.284375 0.39765625 0.29375 0.41484375 0.29140625 0.434375 0.3015625 0.43203125 0.3046875 0.40078125
0 0.2953125 0.46640625 0.2875 0.46171875 0.265625 0.46640625 0.26640625 0.484375 0.28359375 0.4875 0.29375 0.48046875 0.2953125 0.46640625
0 0.128125 0.40703125 0.1234375 0.40390625 0.1171875 0.41484375 0.12421875 0.41875 0.128125 0.40703125
0 0.196875 0.38515625 0.1875 0.37890625 0.1703125 0.38984375 0.17421875 0.4 0.18515625 0.4015625 0.1984375 0.39453125 0.196875 0.38515625
0 0.109375 0.31796875 0.1046875 0.29609375 0.096875 0.30703125 0.10078125 0.3234375 0.109375 0.31796875
0 0.0734375 0.13203125 0.06875 0.11171875 0.0578125 0.11640625 0.06171875 0.1375 0.0734375 0.13203125
0 0.4703125 0.09296875 0.4640625 0.07890625 0.45546875 0.078125 0.4515625 0.08515625 0.45546875 0.1 0.46484375 0.1 0.4703125 0.09296875
0 0.8375 0.03828125 0.8328125 0.03203125 0.81953125 0.0328125 0.8171875 0.04140625 0.82265625 0.046875 0.83359375 0.04375 0.8375 0.03828125
0 0.60234375 0.75625 0.575 0.74765625 0.5671875 0.75703125 0.5828125 0.77890625 0.5796875 0.81015625 0.59296875 0.81875 0.596875 0.79296875 0.60859375 0.7890625 0.6125 0.77890625 0.60234375 0.75625
0 0.69375 0.78203125 0.6921875 0.74140625 0.684375 0.74296875 0.6734375 0.76953125 0.68359375 0.7875 0.69375 0.78203125
0 0.60703125 0.3046875 0.609375 0.28671875 0.60390625 0.2859375 0.59375 0.30078125 0.60703125 0.3046875
0 0.6015625 0.31328125 0.59375 0.30546875 0.5765625 0.32734375 0.58359375 0.3375 0.6 0.32890625 0.6015625 0.31328125
0 0.89921875 0.4109375 0.9046875 0.37109375 0.86796875 0.3765625 0.86328125 0.3828125 0.85859375 0.371875 0.8453125 0.40078125 0.846875 0.41171875 0.88984375 0.4171875 0.89921875 0.4109375
0 0.321875 0.33203125 0.2890625 0.31796875 0.2796875 0.32734375 0.30703125 0.35625 0.31484375 0.35625 0.321875 0.33203125
0 0.56875 0.38046875 0.559375 0.36484375 0.553125 0.38671875 0.56171875 0.3921875 0.56875 0.38046875
0 0.46875 0.37421875 0.4640625 0.35703125 0.4515625 0.37265625 0.45390625 0.378125 0.46875 0.37421875
0 0.4109375 0.57578125 0.40625 0.56171875 0.4 0.56171875 0.40078125 0.5828125 0.4109375 0.57578125
0 0.15625 0.55546875 0.146875 0.54765625 0.1390625 0.56015625 0.15234375 0.5640625 0.15625 0.55546875
0 0.09140625 0.6984375 0.078125 0.69296875 0.07109375 0.6921875 0.0546875 0.71015625 0.06328125 0.7265625 0.08828125 0.7171875 0.0953125 0.70703125 0.09140625 0.6984375
0 0.5640625 0.57734375 0.5578125 0.57109375 0.54375 0.57109375 0.5375 0.59140625 0.54140625 0.5953125 0.5625 0.58828125 0.5640625 0.57734375
0 0.890625 0.68671875 0.884375 0.66953125 0.875 0.67734375 0.87890625 0.690625 0.890625 0.68671875
0 0.7109375 0.97890625 0.7078125 0.97265625 0.7 0.97421875 0.70390625 0.9828125 0.7109375 0.97890625
0 0.6984375 0.96328125 0.6890625 0.95546875 0.6828125 0.95703125 0.68125 0.96796875 0.69453125 0.978125 0.6984375 0.96328125
0 0.70625 0.84609375 0.6984375 0.83984375 0.6703125 0.86328125 0.6609375 0.87890625 0.66484375 0.884375 0.68203125 0.8828125 0.69140625 0.8671875 0.7046875 0.86796875 0.70625 0.84609375