0 0.8670640625000001 0.37731875000000004 0.8923328125 0.3655484375 0.8746234375 0.33444375000000004 0.7882328125 0.35314531250000003 0.78335625 0.385875 0.7488234375 0.3923921875 0.63801875 0.3702015625 0.556340625 0.37557968750000004 0.3668796875 0.39034843750000003 0.31899062499999997 0.353784375 0.2810578125 0.369090625 0.22902343749999998 0.3551375 0.1791109375 0.37198125000000004 0.0915890625 0.37637343749999996 0.096603125 0.499371875 0.0995625 0.56998125 0.10884374999999999 0.6606140625 0.23083749999999997 0.704109375 0.4340390625 0.7295421875 0.5922125 0.7153328125 0.7121906250000001 0.7192999999999999 0.8189671875 0.7236921875 0.8721703125 0.711675 0.8696406250000001 0.633815625 0.8891562499999999 0.5206875 0.9037890624999999 0.4557203125 0.8670640625000001 0.37731875000000004
0 0.8255343749999999 0 0.6864 0.1352625 0.649921875 0.2212703125 0.753221875 0.3362515625 0.9558625 0.3161109375 1 0 0.8255343749999999 0
0 0.1114671875 0.6722046875000001 0.135296875 0.8365265624999999 0.1295140625 0.8769890625000001 0.1385796875 0.9533921875000001 0.1449 1 0.6187328125 0.9887515625000001 0.67755 0.7251953125 0.1114671875 0.6722046875000001
0 0.0649296875 0 0.08788281249999999 0.3677375 0.1600875 0.3646328125 0.1971578125 0.34724374999999996 0.30425625 0.33987968749999997 0.3630734375 0.3651234375 0.4455046875 0.379028125 0.4478890625 0.320003125 0.401475 0.2624796875 0.35357656249999997 0.23328125000000002 0.24989218750000003 0.20886093749999998 0.26992343750000003 0.1488046875 0.139040625 0.141578125 0.1408328125 0.10111718750000001 0.2279390625 0.11517812499999999 0.320459375 0.08275468750000001 0.40830312500000004 0.0338796875 0.4390609375 0 0.0649296875 0
0 0.8298859375 0.7527703125 0.817459375 0.8274578125 0.8073171875 0.8872031249999999 0.7845484375 0.8645687499999999 0.7469703125 0.8771093750000001 0.7686859375 0.947053125 0.81774375 0.9554078125000001 0.8103546875 0.9685421875 0.8120843750000001 0.9955125 0.8487640624999999 1 0.8948921875 0.7596515625 0.8870421875 0.7007234375 0.8298859375 0.7527703125
0 0.6859375 0.98828125 0.70078125 1 0.7484375 0.99921875 0.7515625 0.98359375 0.7375 0.96484375 0.746875 0.93046875 0.73984375 0.921875 0.72890625 0.9203125 0.72421875 0.9078125 0.69921875 0.9125 0.6859375 0.92421875 0.678125 0.94921875 0.6859375 0.98828125
0 0.32578125 0.1203125 0.30390625 0.125 0.2921875 0.14296875 0.29609375 0.1515625 0.3203125 0.15546875 0.3359375 0.14453125 0.3359375 0.13359375 0.32578125 0.1203125
0 0.54609375 0.2671875 0.51015625 0.2671875 0.50078125 0.259375 0.47421875 0.2625 0.45703125 0.25625 0.41484375 0.2703125 0.37421875 0.2609375 0.3078125 0.26953125 0.3 0.28671875 0.3 0.31171875 0.30625 0.32421875 0.296875 0.33359375 0.3046875 0.33984375 0.2953125 0.34921875 0.303125 0.35703125 0.29453125 0.365625 0.32421875 0.371875 0.33359375 0.3671875 0.340625 0.37265625 0.334375 0.37734375 0.34609375 0.384375 0.41640625 0.378125 0.42890625 0.3796875 0.43203125 0.3859375 0.45625 0.38671875 0.55625 0.37734375 0.5515625 0.37265625 0.565625 0.36640625 0.5828125 0.33515625 0.58125 0.30546875 0.57578125 0.2953125 0.5640625 0.29140625 0.56171875 0.278125 0.55078125 0.2765625 0.54609375 0.2671875
0 0.7453125 0.81796875 0.75078125 0.825 0.7640625 0.82421875 0.78515625 0.8171875 0.79375 0.80546875 0.75703125 0.80625 0.7453125 0.81796875
0 0.915625 0.39921875 0.921875 0.38984375 0.91953125 0.38125 0.909375 0.38828125 0.909375 0.39921875 0.915625 0.39921875
0 0.896875 0.51640625 0.896875 0.53046875 0.9046875 0.53515625 0.9125 0.52421875 0.91015625 0.5046875 0.90390625 0.5046875 0.896875 0.51640625