0 0.99921875 0.090625 0.97578125 0.08125 0.934375 0.09921875 0.93125 0.10859375 0.94375 0.11796875 0.9390625 0.12734375 0.9640625 0.13203125 1 0.12734375 0.99921875 0.090625
0 0.83515625 0.0234375 0.80859375 0.015625 0.7765625 0.03359375 0.77734375 0.0453125 0.8171875 0.06015625 0.8359375 0.05390625 0.8421875 0.03515625 0.83515625 0.0234375
0 0.925 0.04296875 0.93515625 0.05625 0.94375 0.05546875 0.9515625 0.04609375 0.953125 0.02578125 0.93515625 0.021875 0.925 0.04296875
0 0.09453125 0.1921875 0.103125 0.19140625 0.17734375 0.1734375 0.20078125 0.1734375 0.2375 0.15078125 0.2359375 0.12734375 0.20390625 0.115625 0.15390625 0.134375 0.09765625 0.1359375 0.06015625 0.14375 0.0828125 0.18203125 0.09453125 0.1921875
0 0.41640625 0.2859375 0.40390625 0.290625 0.396875 0.30390625 0.3984375 0.31953125 0.4328125 0.34296875 0.4703125 0.30390625 0.45546875 0.2875 0.41640625 0.2859375
0 0.3609375 0.22109375 0.35234375 0.209375 0.32890625 0.20625 0.31875 0.21328125 0.3171875 0.22734375 0.32890625 0.2453125 0.3390625 0.24453125 0.3609375 0.22890625 0.3609375 0.22109375
0 0.65 0.13984375 0.65 0.09609375 0.62890625 0.0875 0.60078125 0.090625 0.6 0.11484375 0.60859375 0.121875 0.63125 0.12265625 0.628125 0.15390625 0.640625 0.15859375 0.65 0.13984375
0 0.534375 0.42578125 0.521875 0.40546875 0.528125 0.39296875 0.52421875 0.3890625 0.48359375 0.390625 0.465625 0.39765625 0.4609375 0.43203125 0.47578125 0.440625 0.4921875 0.43984375 0.534375 0.42578125
0 0.6546875 0.44453125 0.6453125 0.42421875 0.61796875 0.41875 0.59921875 0.425 0.58125 0.44296875 0.578125 0.45546875 0.6046875 0.46328125 0.65234375 0.4546875 0.6546875 0.44453125
0 0.76328125 0.2640625 0.7453125 0.27109375 0.7390625 0.29765625 0.74140625 0.303125 0.7578125 0.30546875 0.7875 0.29140625 0.7859375 0.27578125 0.76328125 0.2640625
0 0.2390625 0.51484375 0.21328125 0.5046875 0.18828125 0.5046875 0.1515625 0.52578125 0.15703125 0.5421875 0.18203125 0.55625 0.19375 0.55546875 0.22421875 0.5453125 0.2390625 0.51484375
0 0.440625 0.57734375 0.42421875 0.56875 0.37734375 0.571875 0.3671875 0.58359375 0.36875 0.59296875 0.38515625 0.609375 0.3984375 0.61171875 0.43203125 0.6015625 0.440625 0.57734375
0 0.3328125 0.57421875 0.3546875 0.55859375 0.35078125 0.5484375 0.325 0.54921875 0.3140625 0.56953125 0.3328125 0.57421875
0 0.55859375 0.2796875 0.5515625 0.29140625 0.5640625 0.29765625 0.58984375 0.290625 0.5921875 0.28046875 0.58671875 0.275 0.55859375 0.2796875
0 0.125 0.61015625 0.13984375 0.6234375 0.1671875 0.62578125 0.1765625 0.61328125 0.16953125 0.6046875 0.13828125 0.6 0.125 0.61015625
0 0.01796875 0.565625 0.003125 0.58671875 0.025 0.59453125 0.0453125 0.58359375 0.01796875 0.565625
0 1 0.27109375 0.96484375 0.2703125 0.965625 0.28046875 0.9828125 0.28984375 1 0.28203125 1 0.27109375
0 0.98125 0.60546875 0.9796875 0.61640625 1 0.62734375 0.99765625 0.590625 0.98125 0.60546875
0 0.996875 0.98515625 0.99921875 0.953125 0.9625 0.96171875 0.9609375 0.97265625 0.96640625 0.978125 0.996875 0.98515625
0 0.6203125 0.95390625 0.62890625 0.9625 0.64375 0.96484375 0.6484375 0.95390625 0.6421875 0.93984375 0.62265625 0.9390625 0.6203125 0.95390625
0 0.859375 0.72265625 0.8671875 0.71796875 0.8671875 0.70859375 0.84765625 0.70625 0.846875 0.71796875 0.859375 0.72265625
0 0.7703125 0.92890625 0.7734375 0.91953125 0.76171875 0.9078125 0.7484375 0.91015625 0.75078125 0.9265625 0.7703125 0.92890625
0 0.7953125 0.85703125 0.80546875 0.875 0.8171875 0.87734375 0.8328125 0.86328125 0.82421875 0.8359375 0.80546875 0.8375 0.7953125 0.85703125
0 0.85625 0.87578125 0.8703125 0.86953125 0.86796875 0.8578125 0.85 0.86015625 0.8484375 0.86953125 0.85625 0.87578125
0 0.58828125 0.9328125 0.57890625 0.9328125 0.5703125 0.94453125 0.571875 0.97109375 0.5828125 0.97421875 0.5921875 0.96796875 0.6015625 0.94453125 0.58828125 0.9328125
0 0.5 0.94140625 0.48671875 0.9296875 0.47109375 0.928125 0.4484375 0.94140625 0.446875 0.95703125 0.45546875 0.9765625 0.478125 0.97890625 0.490625 0.96953125 0.5 0.94140625
0 0.16015625 0.796875 0.1796875 0.79765625 0.2359375 0.77109375 0.2328125 0.73046875 0.21953125 0.71875 0.20390625 0.71875 0.19375 0.72890625 0.1875 0.74296875 0.2 0.75390625 0.18515625 0.7703125 0.15625 0.78046875 0.16015625 0.796875
0 0.44453125 0.7578125 0.48203125 0.753125 0.51796875 0.7703125 0.5859375 0.77421875 0.61484375 0.765625 0.6171875 0.75078125 0.60703125 0.7421875 0.54296875 0.73125 0.49296875 0.740625 0.46015625 0.7203125 0.43828125 0.725 0.4265625 0.73984375 0.43125 0.75234375 0.44453125 0.7578125
0 0.646875 0.83203125 0.6453125 0.82109375 0.63046875 0.809375 0.59296875 0.815625 0.584375 0.84609375 0.59296875 0.8515625 0.621875 0.85234375 0.6390625 0.84765625 0.646875 0.83203125
0 0.2546875 0.89140625 0.2640625 0.87265625 0.2890625 0.85390625 0.2890625 0.83671875 0.26953125 0.8203125 0.24296875 0.8234375 0.2265625 0.84609375 0.228125 0.86015625 0.2390625 0.86796875 0.2375 0.88828125 0.2546875 0.89140625
0 0.059375 0.84609375 0.05390625 0.8390625 0.02890625 0.8328125 0.01953125 0.840625 0 0.84296875 0.00078125 0.8671875 0.0328125 0.86953125 0.05625 0.85390625 0.059375 0.84609375
0 0.0125 0.81171875 0.0203125 0.80078125 0.01640625 0.79375 0.00390625 0.790625 0 0.81171875 0.0125 0.81171875
0 0.0453125 0.72421875 0.0515625 0.71953125 0.0515625 0.70703125 0.03984375 0.7015625 0.0328125 0.71484375 0.0453125 0.72421875
0 0.284375 0.89140625 0.284375 0.89921875 0.3 0.90703125 0.3140625 0.89765625 0.3140625 0.88828125 0.30234375 0.8828125 0.284375 0.89140625
0 0.34765625 0.8578125 0.31796875 0.859375 0.3046875 0.86796875 0.32109375 0.8859375 0.3453125 0.88671875 0.359375 0.87578125 0.359375 0.86796875 0.34765625 0.8578125
0 0.609375 0.88359375 0.62421875 0.8984375 0.6484375 0.90078125 0.67421875 0.8953125 0.684375 0.88203125 0.63671875 0.8703125 0.609375 0.88359375
0 0.15625 0.21328125 0.165625 0.20703125 0.16328125 0.2 0.1375 0.20078125 0.14921875 0.2140625 0.15625 0.21328125
0 0.1796875 0.24296875 0.20078125 0.2375 0.2109375 0.22421875 0.17734375 0.2234375 0.1703125 0.23828125 0.1796875 0.24296875
0 0.28515625 0.29375 0.2828125 0.30546875 0.2953125 0.30703125 0.3015625 0.29453125 0.28515625 0.29375