0 0 0.890265625 0.42031718749999997 0.8864656249999999 0.7442109375 0.8843562500000001 1 0.8784875 0.9971421875 0.5501765625 0.8579453125000001 0.5513734375 0.5741703125 0.5581015625 0.44948125 0.5602171874999999 0.3801671875 0.56358125 0.30024375000000003 0.5615234375 0.189978125 0.5600796875 0 0.549953125 0 0.890265625
0 1 0.16460625 0.9780312500000001 0.18943749999999998 0.9334843749999999 0.2445015625 0.9075031250000001 0.3003734375 0.8916265624999999 0.341590625 0.902809375 0.3869625 0.9104140624999999 0.4380484375 0.8997515625 0.480509375 0.9159843750000001 0.49747343749999995 0.9771171875 0.47768437500000005 1 0.3372984375 1 0.16460625
0 0.7591546874999999 0 0.7822640625 0.08339687500000001 0.7987234375 0.0974046875 0.8002750000000001 0.141096875 0.770725 0.1953015625 0.7751609375 0.2530640625 0.77695625 0.29231562499999997 0.7755765625000001 0.3426046875 0.75779375 0.3414359375 0.75039375 0.3772375 0.7668375000000001 0.415984375 0.7635890625 0.439115625 0.77051875 0.4807328125 0.7919562499999999 0.49522187500000003 0.8158125 0.496384375 0.8267234374999999 0.4533046875 0.8226609375 0.43059843750000004 0.837103125 0.3857765625 0.8693890625 0.2793515625 0.8841671874999999 0.195071875 0.9115875000000001 0.12032812500000001 0.9351765625 0.007359375 0.9159203125 0 0.7591546874999999 0
0 0.9429796874999999 0 0.922615625 0.09928437500000001 0.9585515625 0.1952328125 1 0.14183125000000002 1 0 0.9429796874999999 0
0 0.6602828125 0.07799375 0.670075 0.2765328125 0.7311468750000001 0.29054531250000004 0.7441078125 0.27211875 0.7588250000000001 0.2077890625 0.7956671875 0.1378359375 0.7841265625 0.07046875 0.751978125 0.014671875000000001 0.6602828125 0.07799375
0 0.5828125 0.43046875 0.5671875 0.43203125 0.56953125 0.4453125 0.584375 0.43828125 0.5859375 0.46640625 0.59375 0.47578125 0.603125 0.46796875 0.609375 0.43046875 0.609375 0.40390625 0.59453125 0.390625 0.5875 0.39765625 0.5828125 0.43046875
0 0.1171875 0.32421875 0.12109375 0.3171875 0.12578125 0.321875 0.13046875 0.315625 0.15 0.31328125 0.1421875 0.30234375 0.15 0.27890625 0.1453125 0.27421875 0.159375 0.26328125 0.1734375 0.21171875 0.1703125 0.20234375 0.15625 0.19453125 0.1546875 0.17890625 0.14765625 0.1734375 0.12421875 0.1703125 0.1109375 0.18046875 0.10546875 0.2015625 0.09375 0.19921875 0.09140625 0.1859375 0.07421875 0.1828125 0.05546875 0.190625 0.05078125 0.1859375 0.03515625 0.2 0.01640625 0.2015625 0.01328125 0.18125 0.009375 0.20078125 0 0.20234375 0.003125 0.33046875 0.00859375 0.31875 0.02109375 0.3453125 0.04453125 0.3421875 0.065625 0.35859375 0.0625 0.35390625 0.06796875 0.35 0.10546875 0.346875 0.1046875 0.33984375 0.121875 0.33046875 0.1171875 0.32421875
0 0.065625 0.45859375 0.059375 0.47109375 0.06875 0.47578125 0.06875 0.45546875 0.1 0.43515625 0.09140625 0.4140625 0.07734375 0.4171875 0.0625 0.43828125 0.065625 0.45859375
0 0.3515625 0.43671875 0.34609375 0.415625 0.328125 0.42421875 0.3265625 0.44921875 0.340625 0.45234375 0.3515625 0.43671875
0 0.21875 0.41328125 0.2328125 0.40703125 0.2328125 0.38828125 0.21640625 0.378125 0.203125 0.38515625 0.203125 0.39765625 0.21875 0.41328125
0 0.29140625 0.4609375 0.29609375 0.4765625 0.31015625 0.4734375 0.3140625 0.46796875 0.3078125 0.46015625 0.3171875 0.45234375 0.3140625 0.43984375 0.29609375 0.434375 0.26328125 0.4375 0.2546875 0.44296875 0.2625 0.44765625 0.25078125 0.45 0.24921875 0.4375 0.22265625 0.4390625 0.22421875 0.446875 0.22734375 0.4421875 0.2328125 0.44609375 0.22890625 0.453125 0.22421875 0.4484375 0.221875 0.45234375 0.228125 0.46796875 0.2609375 0.47890625 0.2734375 0.47265625 0.2671875 0.46328125 0.27109375 0.465625 0.27421875 0.459375 0.28203125 0.46875 0.29140625 0.4609375
0 0.4546875 0.45859375 0.45625 0.47578125 0.46875 0.48046875 0.4875 0.45078125 0.48203125 0.4375 0.46796875 0.4375 0.465625 0.45234375 0.45859375 0.4515625 0.4546875 0.45859375
0 0.45859375 0.40625 0.4765625 0.40859375 0.484375 0.40546875 0.484375 0.38828125 0.46328125 0.384375 0.44765625 0.3640625 0.44375 0.38671875 0.45859375 0.40625
0 0.39375 0.12578125 0.38515625 0.1015625 0.375 0.11171875 0.375 0.13046875 0.3875 0.14296875 0.39375 0.12578125
0 0.375 0.08984375 0.390625 0.10078125 0.4 0.09296875 0.4015625 0.08046875 0.39765625 0.0734375 0.38359375 0.071875 0.375 0.07890625 0.375 0.08984375
0 0.4328125 0.13984375 0.42421875 0.1171875 0.4125 0.12578125 0.4109375 0.13828125 0.4296875 0.14765625 0.4328125 0.13984375
0 0.465625 0.14765625 0.46015625 0.1390625 0.4515625 0.14296875 0.4484375 0.15390625 0.45625 0.16328125 0.465625 0.14765625