0 0 0.1206296875 0.0454109375 0.1455875 0.101484375 0.1487671875 0.1700671875 0.15756874999999998 0.1788765625 0.19994218749999998 0.197928125 0.22014375 0.23206875 0.21699375 0.23100625 0.38134531250000003 0.26831875 0.3967859375 0.30066875 0.43384687499999997 0.3195734375 0.392109375 0.330634375 0.3562140625 0.3426890625 0.34308125 0.40400468749999996 0.3374640625 0.49074687499999997 0.3631515625 0.5261312499999999 0.3699109375 0.5420734375 0.39144375 0.54353125 0.4110046875 0.5808875 0.4476796875 0.6062531250000001 0.44964843749999994 0.616584375 0.43226250000000005 0.6104328125 0.390009375 0.5798328125000001 0.3707375 0.5558468750000001 0.3604953125 0.5540859375 0.33718906249999997 0.52716875 0.3197 0.5087125 0.3360171875 0.4709359375 0.3180296875 0.4478515625 0.30891250000000003 0.41878125 0.31074375 0.40044218750000005 0.29975 0.35185468750000004 0.2805859375 0.31527812499999996 0.3027328125 0.319671875 0.33524375 0.303634375 0.2901390625 0.273921875 0.306359375 0.274984375 0.3705359375 0.26088125 0.33221875 0.2369859375 0.2710328125 0.24180000000000001 0.1685625 0.2658203125 0.1657046875 0.2615109375 0.2703265625 0.31515312500000003 0.25558125 0.378390625 0.2455734375 0.3877828125 0.2655015625 0.42861562500000006 0.258725 0.45432812499999997 0.276328125 0.4789359375 0.288934375 0.5024796874999999 0.28834375 0.5218828125 0.2783421875 0.56076875 0.3147359375 0.5835203124999999 0.3073171875 0.5997796875 0.3403953125 0.6186203124999999 0.34204218750000004 0.6530109375 0.29502812500000003 0.6906546875 0.32599999999999996 0.704371875 0.3923171875 0.7365078125 0.36755312500000004 0.7658125 0.3547109375 0.7820640625 0.370478125 0.8261640625 0.4014734375 0.8787515625 0.42103437499999996 0.905034375 0.430828125 0.9788296875 0.47195625 1 0.49793125 0.9986828125 0.34048124999999996 0.9062015625000001 0.30762812500000003 0.8247703124999999 0.273465625 0.732596875 0.2420453125 0.659140625 0.22424062500000003 0.5817015624999999 0.1877890625 0.47567343749999996 0.15776874999999999 0.3712859375 0.1230734375 0.32131875 0.16330625000000001 0.2962875 0.1645046875 0.2578671875 0.11390937500000001 0.1916390625 0.07881875 0.141884375 0.0631890625 0.07550625 0.0462046875 0 0.01839375 0 0.1206296875
0 0.6431296875 1 0.6271609375 0.9702671875 0.6055843750000001 0.9276765625 0.5899078125 0.860728125 0.59164375 0.8427109375 0.5579484375 0.8058296875 0.5379203125 0.8113953125 0.530146875 0.8345640624999999 0.5433515625 0.8828578125 0.5656984375 0.919178125 0.58556875 0.9297812499999999 0.61304375 0.9960984375 0.6263078125 1 0.6431296875 1
0 0.9984375 0.77265625 0.9828125 0.76171875 0.96640625 0.7609375 0.946875 0.77578125 0.946875 0.78203125 0.97578125 0.8203125 0.99921875 0.83125 0.9984375 0.77265625
0 0.99921875 0.6953125 0.9984375 0.57265625 0.96171875 0.571875 0.9578125 0.58671875 0.9734375 0.65859375 0.99921875 0.6953125
0 0.83125 0.65859375 0.8078125 0.64765625 0.803125 0.64921875 0.8 0.69609375 0.81640625 0.7171875 0.83671875 0.7203125 0.8421875 0.70078125 0.83125 0.65859375
0 0.6796875 0.88671875 0.6609375 0.86796875 0.63984375 0.86875 0.6265625 0.88828125 0.6328125 0.90859375 0.65703125 0.9375 0.66484375 0.9390625 0.6796875 0.93046875 0.6765625 0.91796875 0.6859375 0.90390625 0.6796875 0.88671875
0 0.765625 0.78359375 0.75 0.75546875 0.7375 0.75703125 0.7296875 0.77578125 0.73984375 0.7890625 0.75234375 0.7921875 0.765625 0.78359375
0 0.2078125 0.64921875 0.19375 0.63203125 0.18125 0.63671875 0.178125 0.65859375 0.18515625 0.6703125 0.20078125 0.671875 0.2078125 0.64921875
0 0.134375 0.87109375 0.1265625 0.85390625 0.11875 0.85546875 0.1125 0.86953125 0.12265625 0.8828125 0.134375 0.87109375
0 0.0234375 0.26796875 0.0125 0.25859375 0 0.25859375 0.00390625 0.2875 0.025 0.28203125 0.0234375 0.26796875
0 0.015625 0.18828125 0.0109375 0.16484375 0 0.16796875 0.00390625 0.19375 0.01328125 0.19375 0.015625 0.18828125
0 0.0109375 0.45390625 0.003125 0.44453125 0.00078125 0.496875 0.0109375 0.48515625 0.0109375 0.45390625
0 0.625 0.55078125 0.621875 0.53359375 0.6078125 0.55859375 0.609375 0.57421875 0.61953125 0.5828125 0.625 0.55078125
0 0.61953125 0.7015625 0.6171875 0.66171875 0.6078125 0.68828125 0.61953125 0.7015625
0 0.503125 0.73984375 0.496875 0.73515625 0.4859375 0.73828125 0.4859375 0.74921875 0.50078125 0.7578125 0.503125 0.73984375
0 0.415625 0.74453125 0.4046875 0.72734375 0.3921875 0.73359375 0.390625 0.74609375 0.40078125 0.7609375 0.41015625 0.7609375 0.415625 0.75703125 0.415625 0.74453125
0 0.89921875 1 0.8953125 0.98046875 0.8734375 0.95234375 0.8625 0.95546875 0.8578125 0.96953125 0.846875 0.97578125 0.846875 0.98515625 0.86015625 1 0.89921875 1
0 0.9328125 0.94921875 0.9203125 0.93203125 0.9140625 0.93203125 0.9125 0.94453125 0.91875 0.95859375 0.93046875 0.9640625 0.9328125 0.94921875
0 1 0.88515625 0.9859375 0.86796875 0.97578125 0.86875 0.9703125 0.88203125 0.98203125 0.9046875 0.99765625 0.90625 1 0.88515625
0 0.9640625 0.95546875 0.9546875 0.95078125 0.9453125 0.96015625 0.95859375 0.96875 0.9640625 0.95546875
0 0.96875 0.89921875 0.9625 0.89296875 0.953125 0.89609375 0.95703125 0.95 0.9671875 0.94765625 0.9703125 0.92421875 0.96875 0.89921875
0 0.8265625 0.43671875 0.8171875 0.43046875 0.809375 0.43203125 0.809375 0.43984375 0.81875 0.46328125 0.82734375 0.46875 0.8265625 0.43671875
0 0.9203125 0.45078125 0.9109375 0.43671875 0.9015625 0.44609375 0.91796875 0.4609375 0.9203125 0.45078125
0 0.7515625 0.64765625 0.7421875 0.63359375 0.7359375 0.63515625 0.7296875 0.65390625 0.73828125 0.6703125 0.74609375 0.6703125 0.7515625 0.64765625
0 0.7796875 0.67421875 0.778125 0.64765625 0.76875 0.65234375 0.77265625 0.675 0.7796875 0.67421875
0 0.4734375 0.80546875 0.465625 0.80078125 0.4546875 0.80703125 0.46328125 0.8234375 0.4734375 0.81484375 0.4734375 0.80546875
0 0.9125 0.74296875 0.9046875 0.72578125 0.89296875 0.728125 0.8890625 0.73515625 0.8859375 0.76484375 0.890625 0.78515625 0.90703125 0.7984375 0.896875 0.77421875 0.9125 0.74296875
0 0.95 0.82265625 0.915625 0.80546875 0.909375 0.81328125 0.9265625 0.83359375 0.9234375 0.84921875 0.9125 0.85390625 0.92109375 0.8796875 0.93203125 0.8671875 0.946875 0.86171875 0.9546875 0.84609375 0.9484375 0.84609375 0.95 0.82265625
0 0.7671875 0.40234375 0.7640625 0.38984375 0.75625 0.39140625 0.76015625 0.4046875 0.7671875 0.40234375
0 0.4328125 0.64609375 0.4125 0.62578125 0.39296875 0.63125 0.378125 0.65078125 0.38828125 0.6625 0.41953125 0.6703125 0.4328125 0.64609375
0 0.1921875 0.70859375 0.1796875 0.69296875 0.165625 0.70859375 0.18046875 0.7203125 0.18984375 0.7203125 0.1921875 0.70859375
0 0.0765625 0.91015625 0.0703125 0.89921875 0.0609375 0.90234375 0.06484375 0.9203125 0.0765625 0.91015625
0 0.0359375 0.85390625 0.03125 0.83359375 0.0203125 0.84140625 0.02421875 0.8578125 0.0359375 0.85390625
0 0.0328125 0.96640625 0.03125 0.94765625 0.01953125 0.946875 0.0125 0.95546875 0.02109375 0.971875 0.0328125 0.96640625
0 0.7 0.97734375 0.6921875 0.97109375 0.6765625 0.97734375 0.6765625 0.98671875 0.68515625 0.9953125 0.7015625 0.98984375 0.7 0.97734375
0 0.80390625 1 0.796875 0.99140625 0.77734375 0.9921875 0.775 0.99921875 0.80390625 1
0 0.66875 0.43515625 0.665625 0.42265625 0.6578125 0.42421875 0.66015625 0.4375 0.66875 0.43515625
0 0.9640625 0.48828125 0.9578125 0.48046875 0.9515625 0.48515625 0.95390625 0.4984375 0.9640625 0.48828125
0 0.94375 0.49453125 0.9390625 0.47890625 0.928125 0.48671875 0.93359375 0.4984375 0.94375 0.49453125
0 0.8890625 0.48984375 0.88125 0.48359375 0.875 0.49140625 0.87890625 0.5 0.88515625 0.5 0.8890625 0.48984375