0 0.61875 0.82890625 0.62890625 0.8375 0.64765625 0.8421875 0.659375 0.81171875 0.64453125 0.80625 0.61328125 0.8109375 0.56640625 0.7890625 0.54453125 0.790625 0.53046875 0.7984375 0.51171875 0.790625 0.50234375 0.778125 0.48984375 0.790625 0.44765625 0.790625 0.41796875 0.8046875 0.40546875 0.803125 0.39453125 0.7921875 0.37578125 0.8 0.32109375 0.79375 0.23671875 0.80625 0.22265625 0.81875 0.2 0.80390625 0.19765625 0.784375 0.18671875 0.784375 0.175 0.80078125 0.1828125 0.84453125 0.19765625 0.8515625 0.35 0.85078125 0.43984375 0.840625 0.50859375 0.840625 0.55546875 0.83125 0.58984375 0.8359375 0.61640625 0.8171875 0.61875 0.82890625
0 1 0.05078125 0.67109375 0.046875 0.64296875 0.0515625 0.38046875 0.05 0.15859375 0.0578125 0.06328125 0.053125 0.00234375 0.059375 0 0.20390625 0.02109375 0.2125 0.02578125 0.20625 0.0296875 0.21640625 0.0203125 0.22109375 0.03671875 0.2359375 0.04296875 0.2328125 0.05234375 0.2390625 0.05546875 0.2328125 0.06015625 0.2390625 0.06484375 0.228125 0.0671875 0.23984375 0.05625 0.24453125 0.06328125 0.2578125 0.08046875 0.2578125 0.08671875 0.2515625 0.09140625 0.25625 0.09453125 0.2453125 0.11953125 0.240625 0.15078125 0.2484375 0.15390625 0.2421875 0.17734375 0.2375 0.18203125 0.23125 0.20078125 0.2328125 0.203125 0.22109375 0.21328125 0.2203125 0.2171875 0.24765625 0.20625 0.25234375 0.221875 0.25859375 0.1875 0.26015625 0.1921875 0.29453125 0.196875 0.29453125 0.1953125 0.31953125 0.20859375 0.3375 0.240625 0.33828125 0.24921875 0.325 0.25546875 0.33125 0.2671875 0.31796875 0.25546875 0.2953125 0.25 0.30234375 0.2484375 0.29453125 0.25625 0.28984375 0.25 0.28828125 0.2484375 0.27890625 0.2578125 0.27734375 0.26171875 0.2609375 0.271875 0.26171875 0.271875 0.22734375 0.25625 0.22109375 0.26640625 0.21875 0.26796875 0.209375 0.28671875 0.2140625 0.33046875 0.2109375 0.35234375 0.2421875 0.37890625 0.2359375 0.38828125 0.24375 0.41015625 0.2453125 0.47421875 0.26875 0.47421875 0.259375 0.50546875 0.25625 0.515625 0.25859375 0.51796875 0.271875 0.52578125 0.265625 0.53828125 0.26875 0.5484375 0.26484375 0.5390625 0.25546875 0.540625 0.24765625 0.54609375 0.253125 0.54921875 0.24375 0.56484375 0.2546875 0.58984375 0.25 0.61015625 0.28125 0.61640625 0.2828125 0.63984375 0.2625 0.64375 0.28046875 0.64765625 0.2734375 0.65859375 0.2890625 0.67109375 0.2890625 0.68359375 0.2671875 0.6828125 0.27890625 0.6875 0.28046875 0.6984375 0.22109375 0.71484375 0.21875 0.7203125 0.27109375 0.71484375 0.2796875 0.70078125 0.271875 0.690625 0.28515625 0.69921875 0.2953125 0.71484375 0.29375 0.72265625 0.3046875 0.7296875 0.30234375 0.73203125 0.265625 0.74296875 0.2578125 0.75234375 0.271875 0.759375 0.27109375 0.74296875 0.25 0.73125 0.24765625 0.74921875 0.2375 0.76640625 0.2375 0.76953125 0.23125 0.77265625 0.2359375 0.79296875 0.215625 0.8 0.23828125 0.80078125 0.2890625 0.82734375 0.2640625 0.87890625 0.265625 0.88671875 0.25 0.8984375 0.24921875 0.90234375 0.2359375 0.91015625 0.240625 0.915625 0.23671875 0.9078125 0.21953125 0.9015625 0.22109375 0.90546875 0.2078125 0.90859375 0.21875 0.91796875 0.2125 0.925 0.21484375 0.92578125 0.240625 0.93125 0.23671875 0.9296875 0.21640625 0.95390625 0.215625 0.95703125 0.2 0.97734375 0.2171875 1 0.21796875 1 0.05078125
0 0.859375 0.57421875 0.8515625 0.56015625 0.84296875 0.5578125 0.8359375 0.57421875 0.8484375 0.58984375 0.859375 0.57421875
0 0.3296875 0.39609375 0.346875 0.40078125 0.3578125 0.39453125 0.3703125 0.37421875 0.35390625 0.34375 0.3265625 0.36328125 0.3234375 0.37578125 0.3296875 0.39609375
0 0.4015625 0.38828125 0.409375 0.37265625 0.40234375 0.346875 0.3953125 0.35234375 0.3890625 0.37578125 0.3921875 0.38515625 0.4015625 0.38828125
0 0.2328125 0.71484375 0.18359375 0.71875 0.17421875 0.7328125 0.1703125 0.70390625 0.15234375 0.6828125 0.13828125 0.68125 0.1125 0.70859375 0.1109375 0.72734375 0.1171875 0.74296875 0.10234375 0.7640625 0.09375 0.76328125 0.09375 0.74765625 0.08359375 0.7375 0.06796875 0.7359375 0.0484375 0.74921875 0.0390625 0.77109375 0.04140625 0.778125 0.06796875 0.784375 0.09296875 0.7796875 0.09921875 0.784375 0.10234375 0.7765625 0.1078125 0.79296875 0.11875 0.79609375 0.17265625 0.771875 0.18828125 0.7578125 0.20859375 0.753125 0.2171875 0.73828125 0.234375 0.72578125 0.2328125 0.71484375
0 0.1046875 0.61171875 0.1109375 0.60234375 0.1125 0.57421875 0.08828125 0.56875 0.078125 0.59296875 0.09140625 0.6125 0.1046875 0.61171875
0 0.08125 0.37578125 0.05078125 0.371875 0.0484375 0.39921875 0.06484375 0.415625 0.0734375 0.41484375 0.08125 0.37578125
0 0.4890625 0.53203125 0.4984375 0.52421875 0.5 0.51171875 0.48984375 0.4984375 0.48359375 0.4984375 0.478125 0.52578125 0.4890625 0.53203125
0 0.70234375 0.4265625 0.696875 0.44140625 0.70625 0.44609375 0.7078125 0.42890625 0.70234375 0.4265625
0 0.76953125 0.4078125 0.7796875 0.40703125 0.7890625 0.39921875 0.7890625 0.39140625 0.77734375 0.3765625 0.76796875 0.375 0.7609375 0.39765625 0.76953125 0.4078125
0 0.909375 0.40078125 0.9171875 0.39453125 0.91875 0.37421875 0.90546875 0.3625 0.9 0.38984375 0.9015625 0.39921875 0.909375 0.40078125
0 0.63359375 0.915625 0.6453125 0.91640625 0.6515625 0.91171875 0.6515625 0.88515625 0.63671875 0.8765625 0.628125 0.88671875 0.6265625 0.90546875 0.63359375 0.915625
0 0.4921875 0.92578125 0.48671875 0.9203125 0.4671875 0.92265625 0.47578125 0.9359375 0.490625 0.93671875 0.4921875 0.92578125
0 0.1875 0.47734375 0.1859375 0.50703125 0.19375 0.51796875 0.2 0.56171875 0.184375 0.60859375 0.2125 0.62265625 0.221875 0.61328125 0.209375 0.58359375 0.23125 0.54609375 0.2109375 0.47734375 0.19609375 0.4671875 0.1875 0.47734375
0 0.1703125 0.40078125 0.1765625 0.38515625 0.1640625 0.36484375 0.15234375 0.3578125 0.146875 0.39140625 0.15546875 0.4 0.1703125 0.40078125
0 0.2734375 0.37890625 0.275 0.41015625 0.290625 0.41328125 0.2984375 0.40546875 0.30625 0.37734375 0.3046875 0.36171875 0.29765625 0.3546875 0.28671875 0.359375 0.2734375 0.37890625
0 0.28125 0.46171875 0.26796875 0.4453125 0.25390625 0.4453125 0.253125 0.46640625 0.26875 0.47421875 0.28125 0.46171875
0 0.45 0.56640625 0.459375 0.55390625 0.4578125 0.54140625 0.45078125 0.5359375 0.4375 0.55078125 0.4390625 0.56328125 0.45 0.56640625
0 0.740625 0.58671875 0.7671875 0.56796875 0.76875 0.55546875 0.75703125 0.54375 0.7375 0.54921875 0.7296875 0.57890625 0.740625 0.58671875
0 0.85 0.58984375 0.859375 0.57421875 0.8515625 0.56015625 0.84296875 0.5578125 0.8359375 0.57421875 0.8390625 0.58359375 0.85 0.58984375