0 1 0.373696875 0.98990625 0.37669687500000004 0.9805109375000001 0.3893640625 0.9743765625 0.4116359375 0.9747875 0.4212109375 0.9819015625 0.4348140625 0.9904093749999999 0.43967812500000003 1 0.440059375 1 0.373696875
0 0.850325 0.7195265625 0.8635390624999999 0.72001875 0.8622 0.711071875 0.859340625 0.70415 0.846640625 0.70035 0.837009375 0.70035 0.850325 0.7195265625
0 0.7699453125 0.5948218749999999 0.7796765625 0.6047328125 0.7876265625000001 0.6037109375 0.79774375 0.5995296875 0.7974796875 0.5874015625 0.7952343749999999 0.5788703125 0.79205625 0.5693140624999999 0.7843375 0.5601281250000001 0.7796921875 0.560784375 0.7737234374999999 0.5649921875 0.7663828125000001 0.575790625 0.766665625 0.58458125 0.7699453125 0.5948218749999999
0 0.7996328125 0.6623281249999999 0.805978125 0.6591218750000001 0.8150812500000001 0.650340625 0.8195046874999999 0.6343125 0.821559375 0.62326875 0.814728125 0.6132296875 0.8081328125 0.6164578125 0.796609375 0.6247578125000001 0.7850312500000001 0.630534375 0.7808546875 0.6402546874999999 0.787221875 0.6580703125 0.7996328125 0.6623281249999999
0 0.7127046874999999 0.5730234375000001 0.7088875 0.577140625 0.7034765625 0.5853703125 0.7049937500000001 0.5969640625 0.7166578125 0.6017796875 0.7202843750000001 0.5993625 0.7231078125 0.590740625 0.7249609375 0.57754375 0.7127046874999999 0.5730234375000001
0 0.6443578125 0.6745140625 0.65101875 0.666784375 0.65439375 0.6498828125 0.6538921875 0.6426859375 0.649053125 0.6379671874999999 0.6436015625 0.6379671874999999 0.6393140625 0.638996875 0.6341828125 0.6441421875 0.6296078125 0.65733125 0.6309703125 0.666215625 0.637875 0.67706875 0.6443578125 0.6745140625
0 0.762496875 0.7279625000000001 0.7656359375 0.71988125 0.7624828124999999 0.701928125 0.7555578125 0.670375 0.748946875 0.6611578125 0.746528125 0.6603609374999999 0.7290015624999999 0.6715984374999999 0.7243593749999999 0.6805749999999999 0.7196625 0.7026640625 0.7184828125 0.72455 0.7275546875 0.7279703125 0.744921875 0.7329828125 0.762496875 0.7279625000000001
0 0.757746875 0.8187953125 0.759628125 0.812678125 0.7645500000000001 0.7926546875 0.7666796875 0.7659921875 0.7636546875 0.755821875 0.757484375 0.7576484375 0.7501781249999999 0.76158125 0.7356421875 0.7692578125 0.7332453125 0.7787953125 0.7358671875 0.7990046875 0.7399218750000001 0.8190359375 0.7481546875 0.821890625 0.757746875 0.8187953125
0 0.687115625 0.9106578125 0.6983453125 0.9180531249999999 0.708978125 0.9153 0.7099562500000001 0.9116140625 0.7099562500000001 0.9037312500000001 0.7082625 0.8917484375000001 0.7033203125 0.881875 0.692853125 0.8787312500000001 0.690984375 0.8803656249999999 0.686575 0.8905593749999999 0.6833828125 0.9064500000000001 0.687115625 0.9106578125
0 0.9462421875 0.22150625000000002 0.9354234375000001 0.2125 0.9316265625 0.2125 0.9215140625 0.21952031249999998 0.917271875 0.23335781249999998 0.9155374999999999 0.248596875 0.919584375 0.2517984375 0.9332578125 0.24805468749999998 0.94253125 0.2423484375 0.9462421875 0.22150625000000002
0 0.0940171875 1 0.095796875 0.9933390624999999 0.09572968750000001 0.984775 0.08073749999999999 0.976884375 0.0735421875 0.9746124999999999 0.061129687499999995 0.9743499999999999 0.0522484375 1 0.0940171875 1
0 0.07089218750000001 0.918134375 0.0768765625 0.9299921875000001 0.0874078125 0.9341671874999999 0.10374375 0.9258765625 0.10073281249999999 0.9186765625 0.0868921875 0.9073125 0.0852953125 0.9055171874999999 0.077278125 0.9044890625 0.07089218750000001 0.918134375
0 0.0614140625 0.7985953125 0.060876562499999995 0.78850625 0.061837500000000004 0.76706875 0.0558390625 0.7603828125 0.0531859375 0.7595859375 0.033306249999999996 0.7587671874999999 0.024134375 0.7724703125 0.02183125 0.787521875 0.024384375 0.8112421875000001 0.02968125 0.8176687499999999 0.0519671875 0.814978125 0.0614140625 0.7985953125
0 0.79375 0.27578125 0.8 0.25234375 0.78828125 0.24375 0.77421875 0.2453125 0.76875 0.25703125 0.771875 0.27265625 0.79375 0.27578125
0 0.70078125 0.240625 0.68828125 0.2390625 0.6703125 0.25234375 0.6671875 0.28828125 0.675 0.31796875 0.69140625 0.3390625 0.7 0.33984375 0.7046875 0.32265625 0.6953125 0.31015625 0.6921875 0.28203125 0.7046875 0.26484375 0.70625 0.25234375 0.70078125 0.240625
0 0.7859375 0.41015625 0.8046875 0.39140625 0.80703125 0.371875 0.78515625 0.371875 0.7703125 0.38203125 0.76875 0.40234375 0.7859375 0.41015625
0 0.8046875 0.47890625 0.81015625 0.490625 0.8203125 0.49296875 0.8296875 0.48671875 0.8296875 0.47578125 0.821875 0.45390625 0.81015625 0.45 0.8046875 0.45546875 0.8046875 0.47890625
0 0.72890625 0.478125 0.740625 0.47734375 0.746875 0.45546875 0.7375 0.43203125 0.72734375 0.4296875 0.7171875 0.44296875 0.7171875 0.46328125 0.72890625 0.478125
0 0.04765625 0.840625 0.034375 0.84609375 0.040625 0.85859375 0.05 0.85234375 0.04765625 0.840625
0 0.09609375 0.5046875 0.0921875 0.51796875 0.103125 0.52265625 0.1078125 0.51171875 0.09609375 0.5046875
0 0.02265625 0.6359375 0.015625 0.64765625 0.028125 0.65078125 0.03125 0.64296875 0.02265625 0.6359375
0 0.11484375 0.646875 0.1078125 0.65859375 0.1171875 0.66640625 0.1234375 0.65546875 0.11484375 0.646875
0 0.0765625 0.60234375 0.0828125 0.58828125 0.07734375 0.578125 0.07109375 0.578125 0.0640625 0.58515625 0.0640625 0.59765625 0.0765625 0.60234375
0 0.06953125 0.675 0.0671875 0.68671875 0.0734375 0.68984375 0.0765625 0.67734375 0.06953125 0.675
0 0.0625 0.64140625 0.0609375 0.62109375 0.05078125 0.6140625 0.0421875 0.64140625 0.0578125 0.64765625 0.0625 0.64140625
0 0.475 0.39921875 0.46796875 0.3875 0.46171875 0.3875 0.459375 0.40703125 0.471875 0.41484375 0.475 0.39921875
0 0.4875 0.99609375 0.4984375 0.98671875 0.5 0.95859375 0.46796875 0.9546875 0.465625 0.98671875 0.47734375 0.996875 0.4875 0.99609375