0 0.31015625 0.428125 0.31484375 0.4453125 0.33125 0.43828125 0.34375 0.33359375 0.3421875 0.30703125 0.328125 0.28515625 0.3234375 0.24765625 0.315625 0.23671875 0.3234375 0.22421875 0.3234375 0.20703125 0.3046875 0.19609375 0.309375 0.19140625 0.3 0.18203125 0.315625 0.17578125 0.3015625 0.16953125 0.3046875 0.15703125 0.29140625 0.1546875 0.28671875 0.140625 0.27421875 0.1515625 0.26796875 0.1375 0.23984375 0.1359375 0.23984375 0.125 0.21484375 0.125 0.21171875 0.1359375 0.19140625 0.1421875 0.18515625 0.1375 0.1625 0.14296875 0.1671875 0.15078125 0.165625 0.17734375 0.19375 0.18046875 0.190625 0.21953125 0.178125 0.24140625 0.16875 0.30234375 0.1671875 0.42109375 0.175 0.48984375 0.1875 0.53671875 0.19765625 0.540625 0.20546875 0.5546875 0.225 0.55703125 0.234375 0.55078125 0.246875 0.49765625 0.25546875 0.490625 0.28828125 0.490625 0.3 0.48359375 0.31015625 0.428125
0 0.36953125 0.0125 0.3625 0.06484375 0.3640625 0.16015625 0.3703125 0.18203125 0.3640625 0.32265625 0.3734375 0.36640625 0.38359375 0.378125 0.4 0.38046875 0.4140625 0.29921875 0.4125 0.14296875 0.39453125 0.1375 0.384375 0.12109375 0.3828125 0.06328125 0.36953125 0.0125
0 0.5109375 0.71015625 0.50625 0.68203125 0.5109375 0.67578125 0.4984375 0.66015625 0.5046875 0.65546875 0.50625 0.63046875 0.5109375 0.62890625 0.50625 0.61953125 0.5125 0.61328125 0.5140625 0.48671875 0.50625 0.45078125 0.4859375 0.43203125 0.4765625 0.38203125 0.46328125 0.3640625 0.4484375 0.36796875 0.4375 0.40859375 0.440625 0.48359375 0.4296875 0.55703125 0.4328125 0.60078125 0.425 0.61953125 0.43125 0.66953125 0.4328125 0.79140625 0.4234375 0.84453125 0.43203125 0.8609375 0.446875 0.86484375 0.4796875 0.84765625 0.4828125 0.78515625 0.48984375 0.775 0.5109375 0.77109375 0.50625 0.71796875 0.5109375 0.71015625
0 0.55 0.62421875 0.5578125 0.61953125 0.5515625 0.60546875 0.559375 0.55859375 0.5609375 0.44453125 0.56875 0.41171875 0.565625 0.38046875 0.55078125 0.359375 0.540625 0.36484375 0.5375 0.37890625 0.534375 0.45703125 0.5234375 0.51328125 0.525 0.58828125 0.53125 0.60859375 0.5140625 0.77734375 0.51796875 0.7875 0.5265625 0.78828125 0.5375 0.78515625 0.534375 0.78046875 0.54375 0.76953125 0.55 0.66640625 0.5609375 0.63203125 0.55 0.62421875
0 0.73828125 0.4 0.74609375 0.3984375 0.7546875 0.38984375 0.765625 0.34609375 0.7625 0.25078125 0.7484375 0.24140625 0.74609375 0.2328125 0.740625 0.23359375 0.7390625 0.15078125 0.74375 0.12734375 0.73828125 0.115625 0.73515625 0.125 0.72421875 0.1234375 0.71953125 0.115625 0.70234375 0.1234375 0.68125 0.14921875 0.6765625 0.16796875 0.66328125 0.1734375 0.63125 0.21015625 0.6359375 0.23203125 0.659375 0.26484375 0.64375 0.46953125 0.6484375 0.52578125 0.6640625 0.54921875 0.671875 0.55078125 0.696875 0.50078125 0.7015625 0.38046875 0.71015625 0.3734375 0.71015625 0.378125 0.72578125 0.38125 0.73828125 0.4
0 0.725 0.03984375 0.703125 0.05546875 0.6921875 0.08359375 0.70078125 0.1 0.72421875 0.1140625 0.7328125 0.11328125 0.7671875 0.09453125 0.7625 0.06328125 0.7453125 0.04453125 0.74453125 0 0.728125 0.00234375 0.725 0.03984375
0 0.5984375 0.67265625 0.5921875 0.67890625 0.59765625 0.6765625 0.6 0.68203125 0.6015625 0.76171875 0.6109375 0.79609375 0.6171875 0.79921875 0.6265625 0.75234375 0.634375 0.62734375 0.6328125 0.61328125 0.61640625 0.6 0.59375 0.61640625 0.5984375 0.67265625
0 0.81328125 0.621875 0.78046875 0.6171875 0.76328125 0.5953125 0.75546875 0.5953125 0.73828125 0.6171875 0.70234375 0.6203125 0.68671875 0.6265625 0.6859375 0.63359375 0.69453125 0.6328125 0.72421875 0.65 0.73046875 0.640625 0.73359375 0.65 0.73828125 0.6421875 0.7421875 0.64921875 0.7421875 0.72734375 0.753125 0.78515625 0.7578125 0.79609375 0.765625 0.79765625 0.7765625 0.73046875 0.78203125 0.7171875 0.79375 0.71953125 0.809375 0.69140625 0.8203125 0.62890625 0.81328125 0.621875
0 0.17265625 0.5953125 0.16640625 0.5953125 0.15625 0.61171875 0.1546875 0.71796875 0.140625 0.72265625 0.13828125 0.75 0.13359375 0.7359375 0.1265625 0.74140625 0.13046875 0.7515625 0.1203125 0.73828125 0.11875 0.75078125 0.1328125 0.76484375 0.12578125 0.7734375 0.11953125 0.765625 0.11640625 0.78125 0.11015625 0.78125 0.1078125 0.77421875 0.109375 0.74609375 0.1171875 0.74140625 0.10703125 0.7234375 0.0984375 0.72421875 0.09375 0.71015625 0.090625 0.62734375 0.078125 0.61796875 0.0625 0.86796875 0.05625 0.89296875 0.0640625 0.93203125 0.0734375 0.94296875 0.07109375 1 0.0984375 0.99921875 0.1046875 0.92265625 0.11484375 0.890625 0.12109375 0.8984375 0.12890625 0.890625 0.15 0.89921875 0.15 0.98984375 0.15234375 1 0.1640625 0.99921875 0.1765625 0.87421875 0.1890625 0.84140625 0.1875 0.79921875 0.171875 0.78984375 0.1796875 0.66328125 0.17265625 0.5953125
0 0.2984375 0.84609375 0.2859375 0.82734375 0.29140625 0.8203125 0.29765625 0.8375 0.3046875 0.81328125 0.3046875 0.77265625 0.3 0.76015625 0.2890625 0.75546875 0.2890625 0.70390625 0.28125 0.67734375 0.2875 0.60078125 0.27421875 0.5796875 0.26015625 0.5828125 0.25 0.59765625 0.24375 0.69921875 0.2203125 0.71328125 0.2234375 0.74921875 0.2109375 0.79765625 0.2140625 0.83515625 0.225 0.84140625 0.24375 0.87421875 0.234375 0.89453125 0.2328125 0.92734375 0.246875 0.97421875 0.2453125 0.99921875 0.265625 0.99921875 0.2734375 0.95546875 0.29375 0.91796875 0.2953125 0.87734375 0.290625 0.87265625 0.296875 0.86796875 0.2984375 0.84609375
0 0.34375 0.89453125 0.3609375 0.95546875 0.3703125 0.96328125 0.3921875 0.92265625 0.396875 0.90078125 0.39375 0.87265625 0.37890625 0.8640625 0.36171875 0.865625 0.34375 0.89453125
0 0.34921875 0.60625 0.3359375 0.58828125 0.32890625 0.559375 0.3109375 0.56796875 0.3078125 0.59453125 0.290625 0.61640625 0.296875 0.62265625 0.2859375 0.62890625 0.28671875 0.634375 0.2953125 0.63515625 0.29140625 0.64375 0.2859375 0.64140625 0.290625 0.65234375 0.2859375 0.65703125 0.2890625 0.71015625 0.2921875 0.72578125 0.3 0.73046875 0.29375 0.73359375 0.29375 0.74296875 0.3234375 0.74453125 0.3234375 0.73046875 0.34609375 0.721875 0.3546875 0.71171875 0.3640625 0.66328125 0.359375 0.60703125 0.34921875 0.60625
0 0.41875 0.49296875 0.41015625 0.471875 0.38984375 0.4703125 0.37109375 0.4765625 0.353125 0.50703125 0.3453125 0.63984375 0.36640625 0.63125 0.37578125 0.65 0.4015625 0.65546875 0.40859375 0.6421875 0.4203125 0.63984375 0.4296875 0.58515625 0.43125 0.50390625 0.42421875 0.4890625 0.41875 0.49296875
0 0 0.56953125 0.02109375 0.5703125 0.02421875 0.565625 0.05625 0.57265625 0.07265625 0.5671875 0.08203125 0.5703125 0.0890625 0.55234375 0.0953125 0.55390625 0.1 0.53671875 0.096875 0.52578125 0.10625 0.48828125 0.1 0.43515625 0.115625 0.42578125 0.11875 0.41171875 0.115625 0.39140625 0.1015625 0.38515625 0.0984375 0.37265625 0.1015625 0.35390625 0.115625 0.34765625 0.115625 0.33046875 0.1015625 0.31484375 0.1015625 0.28203125 0.1046875 0.27109375 0.1125 0.26953125 0.1015625 0.26015625 0.1015625 0.18828125 0.084375 0.15546875 0.07265625 0.146875 0.04296875 0.1546875 0.02578125 0.1296875 0.00546875 0.1234375 0 0.12578125 0 0.56953125
0 0.16171875 0 0.153125 0.05546875 0.1546875 0.12265625 0.1640625 0.16171875 0.1703125 0.16484375 0.1796875 0.16171875 0.18046875 0.15 0.196875 0.14609375 0.19765625 0.13125 0.20546875 0.1421875 0.209375 0.13984375 0.21171875 0.115625 0.21640625 0.128125 0.2234375 0.12265625 0.21875 0.11484375 0.22578125 0.0890625 0.234375 0.10234375 0.23203125 0.1109375 0.28203125 0.1109375 0.29296875 0.1046875 0.31015625 0.115625 0.31484375 0.1125 0.31796875 0.1171875 0.32265625 0.1109375 0.32578125 0.1171875 0.33828125 0.1015625 0.3515625 0.12578125 0.3609375 0.13046875 0.36171875 0.159375 0.38515625 0.1328125 0.41171875 0.1390625 0.42421875 0.1546875 0.43359375 0.1546875 0.4375 0.12734375 0.44609375 0.121875 0.4546875 0.12890625 0.45546875 0.140625 0.46484375 0.1328125 0.48828125 0.1578125 0.55078125 0.1640625 0.5640625 0.11015625 0.55625 0.09296875 0.5328125 0.07890625 0.5390625 0.06015625 0.54765625 0.05625 0.55078125 0.0609375 0.5546875 0.05546875 0.5484375 0.00546875 0.53984375 0 0.51953125 0.0046875 0.51640625 0 0.44609375 0 0.43671875 0.00625 0.43515625 0 0.16171875 0
0 0.76953125 0.0140625 0.76875 0.02109375 0.77421875 0.0234375 0.77734375 0.0171875 0.78046875 0.03125 0.78359375 0.0234375 0.7890625 0.02421875 0.80078125 0.0765625 0.8046875 0.07734375 0.8078125 0.05859375 0.81875 0.05703125 0.8390625 0.21640625 0.8484375 0.22109375 0.853125 0.00078125 0.77109375 0 0.76875 0.00546875 0.77734375 0.00625 0.7796875 0.01328125 0.76953125 0.0140625
0 0.8515625 0.56484375 0.8609375 0.58671875 0.871875 0.58984375 0.8859375 0.56328125 0.8875 0.54765625 0.87578125 0.5359375 0.86015625 0.534375 0.8515625 0.54140625 0.8515625 0.56484375
0 0.46875 0.22421875 0.47890625 0.2375 0.54375 0.23984375 0.56640625 0.2359375 0.5734375 0.22890625 0.56640625 0.16875 0.50703125 0.165625 0.4671875 0.17265625 0.46875 0.22421875
0 0.134375 0.57109375 0.146875 0.57421875 0.1609375 0.56640625 0.1609375 0.51171875 0.15078125 0.49375 0.1328125 0.50390625 0.128125 0.54140625 0.134375 0.57109375