0 0.32265625 0.4515625 0.33125 0.44609375 0.334375 0.40078125 0.3484375 0.37734375 0.346875 0.33984375 0.3546875 0.31796875 0.35 0.29921875 0.33515625 0.2921875 0.3296875 0.28203125 0.325 0.25234375 0.315625 0.23671875 0.31484375 0.20625 0.29140625 0.2 0.28515625 0.2140625 0.25703125 0.2203125 0.246875 0.21640625 0.24765625 0.2046875 0.23203125 0.1984375 0.22421875 0.2015625 0.21796875 0.1875 0.20078125 0.1875 0.1921875 0.20234375 0.1921875 0.22109375 0.1796875 0.24140625 0.1703125 0.28828125 0.16875 0.43671875 0.1828125 0.49609375 0.19296875 0.490625 0.19921875 0.5 0.21484375 0.5015625 0.21796875 0.515625 0.2375 0.52265625 0.24921875 0.4890625 0.27109375 0.4828125 0.27109375 0.4875 0.29453125 0.4875 0.309375 0.44921875 0.32265625 0.4515625
0 0.365625 0.23671875 0.3640625 0.33203125 0.3703125 0.36953125 0.38828125 0.3828125 0.403125 0.38359375 0.4140625 0.30390625 0.4125 0.14296875 0.37734375 0.125 0.3671875 0.15234375 0.371875 0.20078125 0.365625 0.23671875
0 0.25078125 0.203125 0.28359375 0.203125 0.29375 0.19609375 0.2984375 0.15546875 0.30625 0.14609375 0.3015625 0.13828125 0.3046875 0.10859375 0.3109375 0.10703125 0.30625 0.10234375 0.3125 0.09765625 0.3140625 0.08359375 0.3125 0.04765625 0.3046875 0.04453125 0.303125 0.03203125 0.2984375 0.03359375 0.296875 0.00859375 0.30390625 0.003125 0.1609375 0.00234375 0.153125 0.13046875 0.1609375 0.17734375 0.16953125 0.1875 0.18828125 0.1875 0.184375 0.19296875 0.1921875 0.19609375 0.1953125 0.21640625 0.209375 0.21953125 0.21171875 0.2125 0.21796875 0.21875 0.23515625 0.2125 0.23984375 0.21875 0.253125 0.20859375 0.25078125 0.203125
0 0.3546875 0.00078125 0.3625 0.07421875 0.3625 0.14921875 0.36875 0.15390625 0.38515625 0.1390625 0.41328125 0.1390625 0.41875 0.10546875 0.4375 0.09296875 0.43203125 0 0.3546875 0.00078125
0 0.53828125 0.15 0.54609375 0.159375 0.5546875 0.14140625 0.5546875 0.11328125 0.5484375 0.10703125 0.553125 0.09765625 0.53515625 0.0828125 0.51796875 0.0828125 0.515625 0.09921875 0.5234375 0.10390625 0.50703125 0.11875 0.4875 0.12421875 0.490625 0.15078125 0.48046875 0.1671875 0.4671875 0.17109375 0.46875 0.22578125 0.48359375 0.240625 0.5578125 0.24296875 0.575 0.22578125 0.5703125 0.17578125 0.56640625 0.16875 0.53671875 0.165625 0.5328125 0.16015625 0.53828125 0.15
0 0.63125 0.21328125 0.6359375 0.22890625 0.66796875 0.2609375 0.6734375 0.26015625 0.6875 0.24921875 0.696875 0.22734375 0.696875 0.19921875 0.68046875 0.1734375 0.66953125 0.175 0.63125 0.21328125
0 0.70625 0.06328125 0.7203125 0.06015625 0.72265625 0.09375 0.73046875 0.03125 0.72109375 0.0484375 0.7015625 0.05859375 0.6953125 0.07890625 0.6953125 0.09140625 0.7078125 0.11171875 0.696875 0.18828125 0.6984375 0.35078125 0.70234375 0.3671875 0.7234375 0.37421875 0.734375 0.31015625 0.734375 0.19296875 0.728125 0.16953125 0.73125 0.11328125 0.709375 0.08984375 0.70625 0.06328125
0 0.6609375 0.32265625 0.6453125 0.41640625 0.6484375 0.52265625 0.6625 0.54921875 0.671875 0.55234375 0.696875 0.49296875 0.7 0.26015625 0.69140625 0.240625 0.67734375 0.25625 0.6625 0.26015625 0.6609375 0.32265625
0 0.5140625 0.67265625 0.5125 0.65546875 0.50625 0.65078125 0.5140625 0.63203125 0.509375 0.57578125 0.5140625 0.48359375 0.5078125 0.45234375 0.4859375 0.43203125 0.4765625 0.38046875 0.46484375 0.3640625 0.446875 0.36640625 0.4375 0.40546875 0.4375 0.52265625 0.4296875 0.55234375 0.43125 0.60078125 0.4234375 0.62109375 0.4328125 0.76640625 0.4359375 0.78359375 0.4453125 0.78671875 0.45546875 0.775 0.47578125 0.7828125 0.48203125 0.775 0.50859375 0.7734375 0.5125 0.76484375 0.5140625 0.67265625
0 0.453125 0.72265625 0.45234375 0.7515625 0.43984375 0.7515625 0.4375 0.74453125 0.44375 0.73984375 0.43515625 0.734375 0.43125 0.73828125 0.4359375 0.76484375 0.43125 0.76953125 0.41875 0.89453125 0.42890625 0.9125 0.4421875 0.91640625 0.4453125 0.97109375 0.453125 0.99921875 0.471875 0.99921875 0.4796875 0.95390625 0.4859375 0.77578125 0.4765625 0.75390625 0.4765625 0.72578125 0.46015625 0.715625 0.453125 0.72265625
0 0.346875 0.90390625 0.3671875 0.94453125 0.375 0.94453125 0.3921875 0.91796875 0.39375 0.88515625 0.38515625 0.8703125 0.36953125 0.8671875 0.353125 0.88046875 0.346875 0.90390625
0 0.17265625 0.596875 0.1640625 0.60234375 0.1578125 0.65859375 0.153125 0.95546875 0.15625 0.99296875 0.1609375 0.99453125 0.175 0.87265625 0.1859375 0.85546875 0.1859375 0.80078125 0.16875 0.78984375 0.1765625 0.67578125 0.17265625 0.596875
0 0.09140625 0.8234375 0.0828125 0.81640625 0.090625 0.71484375 0.0859375 0.63046875 0.07890625 0.61875 0.0578125 0.90546875 0.0625 0.92734375 0.071875 0.93203125 0.075 0.94609375 0.06875 0.99921875 0.0984375 0.99921875 0.1046875 0.89921875 0.1140625 0.87734375 0.1359375 0.85078125 0.1390625 0.79765625 0.12578125 0.7921875 0.09140625 0.8234375
0 0.121875 0.55390625 0.13125 0.58046875 0.125 0.65546875 0.125 0.69453125 0.13125 0.70234375 0.1453125 0.60859375 0.1625 0.56796875 0.1609375 0.50234375 0.15390625 0.490625 0.13125 0.50546875 0.121875 0.55390625
0 0.0140625 0.29453125 0.025 0.25859375 0.025 0.13828125 0.01640625 0.125 0.00078125 0.1234375 0 0.28984375 0.0140625 0.29453125
0 0.01875 0.30390625 0.00390625 0.2921875 0 0.57109375 0.01640625 0.571875 0.02421875 0.565625 0.0484375 0.57109375 0.0578125 0.54765625 0.0625 0.45390625 0.0453125 0.43515625 0.04375 0.40078125 0.0296875 0.39140625 0.01875 0.30390625
0 0.09921875 0.009375 0.090625 0.01953125 0.0734375 0.06328125 0.0703125 0.09453125 0.075 0.13359375 0.0921875 0.16484375 0.10234375 0.175 0.121875 0.17578125 0.128125 0.17265625 0.1328125 0.14921875 0.1390625 0.03046875 0.13359375 0.0109375 0.11015625 0.0078125 0.09921875 0.009375
0 0.61015625 0.6 0.5921875 0.61328125 0.590625 0.62421875 0.58203125 0.6296875 0.57734375 0.6171875 0.54921875 0.6140625 0.54375 0.61953125 0.5484375 0.65078125 0.55390625 0.653125 0.58828125 0.6359375 0.6140625 0.68828125 0.625 0.68359375 0.634375 0.64765625 0.6359375 0.61640625 0.6296875 0.60546875 0.61640625 0.596875 0.61015625 0.6
0 0.5671875 0.41484375 0.5640625 0.37734375 0.55078125 0.340625 0.540625 0.34609375 0.53125 0.46328125 0.5203125 0.50546875 0.521875 0.64140625 0.5328125 0.71328125 0.5421875 0.72734375 0.55 0.64609375 0.5453125 0.60078125 0.5515625 0.60078125 0.5578125 0.57109375 0.5609375 0.44609375 0.5671875 0.41484375
0 0.309375 0.77734375 0.3234375 0.76484375 0.325 0.75390625 0.3234375 0.72578125 0.3171875 0.71796875 0.31875 0.66640625 0.31484375 0.6578125 0.30546875 0.6671875 0.29921875 0.6609375 0.29375 0.69140625 0.2875 0.69140625 0.284375 0.63515625 0.2921875 0.62421875 0.290625 0.59921875 0.27109375 0.578125 0.26015625 0.58125 0.25 0.59453125 0.2484375 0.62734375 0.2390625 0.65390625 0.2390625 0.69765625 0.23359375 0.7 0.23203125 0.69375 0.215625 0.71015625 0.2171875 0.75703125 0.2078125 0.80234375 0.209375 0.83671875 0.23359375 0.8671875 0.25 0.87578125 0.28203125 0.8734375 0.2921875 0.86328125 0.2921875 0.83515625 0.3 0.83671875 0.3078125 0.81640625 0.309375 0.77734375
0 0.25234375 0.65 0.25625 0.62265625 0.26328125 0.6203125 0.265625 0.63203125 0.27578125 0.6328125 0.2859375 0.60703125 0.2796875 0.58203125 0.25234375 0.5734375 0.24765625 0.55625 0.2390625 0.57265625 0.2390625 0.55703125 0.246875 0.55390625 0.2390625 0.54296875 0.2421875 0.51484375 0.22890625 0.521875 0.21875 0.51328125 0.2171875 0.50234375 0.203125 0.49609375 0.20078125 0.4859375 0.19765625 0.490625 0.18359375 0.4890625 0.17421875 0.5015625 0.16953125 0.4875 0.15859375 0.5 0.15390625 0.49375 0.15078125 0.5015625 0.1421875 0.50234375 0.15390625 0.5515625 0.15703125 0.5125 0.159375 0.51640625 0.159375 0.58046875 0.1640625 0.58828125 0.159375 0.60078125 0.17109375 0.5984375 0.175 0.60390625 0.1765625 0.66015625 0.1828125 0.66015625 0.1859375 0.67109375 0.1875 0.64921875 0.20390625 0.6421875 0.20546875 0.63125 0.22109375 0.65 0.24609375 0.6453125 0.25234375 0.65
0 0.42421875 0.484375 0.41953125 0.490625 0.41015625 0.475 0.40546875 0.484375 0.37421875 0.48125 0.3640625 0.48828125 0.3640625 0.49765625 0.3515625 0.50546875 0.3578125 0.51171875 0.35 0.51796875 0.34609375 0.55 0.34375 0.51796875 0.3359375 0.51953125 0.33125 0.58515625 0.325 0.58671875 0.328125 0.60546875 0.33828125 0.6015625 0.34375 0.60859375 0.340625 0.64765625 0.35546875 0.6515625 0.36171875 0.64375 0.36796875 0.65625 0.37265625 0.6515625 0.38125 0.66015625 0.421875 0.65546875 0.4234375 0.61796875 0.4328125 0.59921875 0.434375 0.50234375 0.4296875 0.48828125 0.42421875 0.484375
0 0.7765625 0.18359375 0.778125 0.16171875 0.76953125 0.140625 0.76875 0.15234375 0.7609375 0.15703125 0.765625 0.16953125 0.75 0.17421875 0.7609375 0.18203125 0.746875 0.18828125 0.7515625 0.20078125 0.7390625 0.20546875 0.7328125 0.26953125 0.734375 0.36171875 0.7296875 0.37421875 0.734375 0.39296875 0.7484375 0.40078125 0.74921875 0.4125 0.7546875 0.40078125 0.7640625 0.44765625 0.771875 0.45234375 0.7984375 0.41796875 0.8046875 0.22421875 0.8015625 0.20390625 0.7921875 0.20078125 0.79375 0.18984375 0.7765625 0.18359375
0 0.46171875 0.015625 0.45 0.03046875 0.45 0.08828125 0.46484375 0.10625 0.4765625 0.10703125 0.4890625 0.10390625 0.490625 0.07734375 0.5125 0.06796875 0.5140625 0.05078125 0.50546875 0.0328125 0.46171875 0.015625
0 0.8546875 0.00078125 0.82265625 0 0.8234375 0.07265625 0.8359375 0.18515625 0.8484375 0.21484375 0.8546875 0.00078125
0 0.8015625 0.63515625 0.80625 0.63359375 0.80859375 0.6453125 0.8125 0.63359375 0.80859375 0.625 0.80546875 0.63125 0.7984375 0.62890625 0.79765625 0.6390625 0.78984375 0.6390625 0.7734375 0.60703125 0.75546875 0.596875 0.7390625 0.62890625 0.74375 0.64296875 0.74375 0.73359375 0.7546875 0.78828125 0.7625 0.79765625 0.7703125 0.78671875 0.7796875 0.69453125 0.78828125 0.69375 0.7953125 0.70234375 0.803125 0.66640625 0.8015625 0.63515625
0 0.66015625 0.621875 0.6546875 0.62734375 0.6578125 0.67734375 0.6625 0.69453125 0.671875 0.69921875 0.6859375 0.69140625 0.6796875 0.68359375 0.709375 0.64765625 0.703125 0.62734375 0.69296875 0.6203125 0.66015625 0.621875
0 0.69921875 0.6171875 0.6875 0.62265625 0.6890625 0.63671875 0.715625 0.65390625 0.73046875 0.634375 0.74609375 0.64375 0.7515625 0.63984375 0.75390625 0.6 0.73828125 0.6171875 0.69921875 0.6171875
0 0.2359375 0.93203125 0.25390625 0.95 0.26875 0.95234375 0.2875 0.92578125 0.284375 0.88359375 0.27578125 0.871875 0.24765625 0.878125 0.234375 0.91328125 0.2359375 0.93203125
0 0.121875 0.81328125 0.1265625 0.83046875 0.1375 0.83046875 0.13515625 0.8046875 0.121875 0.81328125
0 0.1328125 0.84453125 0.125 0.84765625 0.11953125 0.865625 0.11328125 0.85625 0.10390625 0.8609375 0.096875 0.85078125 0.1015625 0.84453125 0.0984375 0.82578125 0.0890625 0.88828125 0.08359375 0.9 0.075 0.90078125 0.084375 0.92734375 0.1 0.92109375 0.10625 0.89140625 0.134375 0.85703125 0.13828125 0.834375 0.125 0.83515625 0.1328125 0.84453125
0 0.1578125 0.66796875 0.1609375 0.73046875 0.1546875 0.84140625 0.15625 0.86796875 0.165625 0.87578125 0.18125 0.85390625 0.178125 0.80390625 0.1671875 0.79296875 0.175 0.67578125 0.16953125 0.6109375 0.1578125 0.66796875