0 0.6765625 0.29453125 0.6875 0.30078125 0.696875 0.29140625 0.69375 0.24296875 0.70859375 0.2328125 0.71640625 0.234375 0.7203125 0.22734375 0.7203125 0.21328125 0.709375 0.19921875 0.63359375 0.1734375 0.56796875 0.1796875 0.5640625 0.20546875 0.575 0.22109375 0.58359375 0.221875 0.58984375 0.2109375 0.61484375 0.209375 0.625 0.21796875 0.634375 0.25234375 0.64296875 0.2625 0.66171875 0.2625 0.675 0.27890625 0.6765625 0.29453125
0 0.74375 0.68828125 0.765625 0.69765625 0.7765625 0.69296875 0.7859375 0.65390625 0.8046875 0.63984375 0.8015625 0.62265625 0.8109375 0.60078125 0.8109375 0.58359375 0.80234375 0.5765625 0.76796875 0.5875 0.765625 0.61328125 0.75390625 0.6171875 0.7328125 0.64453125 0.734375 0.66953125 0.74375 0.68828125
0 1 0.58984375 0.98359375 0.5703125 0.96171875 0.5703125 0.94375 0.58046875 0.9484375 0.60859375 0.9703125 0.63203125 1 0.62734375 1 0.58984375
0 0.765625 0.48359375 0.7734375 0.50703125 0.78359375 0.5078125 0.7984375 0.48671875 0.803125 0.45859375 0.790625 0.41796875 0.78046875 0.4078125 0.76953125 0.40625 0.7640625 0.40859375 0.765625 0.48359375
0 0.640625 0.50234375 0.65625 0.53671875 0.6703125 0.53046875 0.68515625 0.4984375 0.70234375 0.496875 0.70625 0.49140625 0.70625 0.46328125 0.68671875 0.45 0.6421875 0.45234375 0.640625 0.50234375
0 0.590625 0.71484375 0.5890625 0.74765625 0.60703125 0.7390625 0.61484375 0.7421875 0.62265625 0.728125 0.64140625 0.7265625 0.64921875 0.703125 0.6578125 0.70390625 0.66796875 0.728125 0.6796875 0.72578125 0.6796875 0.68984375 0.7046875 0.67109375 0.703125 0.63203125 0.69765625 0.621875 0.68671875 0.621875 0.66953125 0.609375 0.659375 0.62890625 0.659375 0.65703125 0.63828125 0.66875 0.63046875 0.6640625 0.62265625 0.6765625 0.6015625 0.68359375 0.5984375 0.69921875 0.603125 0.70703125 0.590625 0.71484375
0 0.36875 0.73046875 0.40625 0.79921875 0.4171875 0.79453125 0.4234375 0.78203125 0.43125 0.73359375 0.41875 0.68828125 0.39140625 0.6671875 0.38125 0.69140625 0.371875 0.69921875 0.36875 0.73046875
0 0.3125 0.90078125 0.3203125 0.90546875 0.3234375 0.89140625 0.3328125 0.88828125 0.334375 0.87421875 0.3515625 0.86953125 0.353125 0.84765625 0.34375 0.81484375 0.31796875 0.803125 0.30703125 0.8046875 0.2875 0.82734375 0.2828125 0.84921875 0.3078125 0.86953125 0.3125 0.90078125
0 0.2 0.10390625 0.2234375 0.12265625 0.23828125 0.121875 0.25390625 0.1125 0.2703125 0.11328125 0.2734375 0.06953125 0.29296875 0.065625 0.3015625 0.05390625 0.28046875 0.0203125 0.25390625 0.034375 0.20546875 0.034375 0.1828125 0.04765625 0.190625 0.07734375 0.2 0.08671875 0.2 0.10390625
0 0.290625 0.37734375 0.31875 0.41640625 0.3328125 0.41015625 0.34375 0.38359375 0.32734375 0.36875 0.29453125 0.3640625 0.290625 0.37734375
0 0.6796875 0.44296875 0.6859375 0.44921875 0.7125 0.44140625 0.7296875 0.40078125 0.7171875 0.35390625 0.70859375 0.3515625 0.70078125 0.359375 0.69296875 0.346875 0.6796875 0.34921875 0.6703125 0.38046875 0.6796875 0.44296875
0 0.7625 0.42890625 0.7703125 0.44296875 0.775 0.43984375 0.77109375 0.43125 0.78671875 0.43125 0.8 0.43984375 0.7953125 0.41171875 0.8 0.38359375 0.7875 0.35703125 0.76796875 0.340625 0.7328125 0.38046875 0.7375 0.40859375 0.746875 0.41171875 0.7484375 0.42109375 0.7625 0.42890625
0 0.684375 0.80078125 0.7125 0.80703125 0.72890625 0.8015625 0.7375 0.79140625 0.7375 0.76796875 0.7109375 0.72109375 0.70078125 0.715625 0.684375 0.73203125 0.675 0.75859375 0.684375 0.80078125
0 0.6828125 0.85234375 0.6921875 0.85703125 0.71484375 0.85625 0.728125 0.83203125 0.7234375 0.80859375 0.7359375 0.78515625 0.72421875 0.7765625 0.69609375 0.778125 0.68203125 0.771875 0.66875 0.78984375 0.6671875 0.82421875 0.6765625 0.83203125 0.6828125 0.85234375
0 0.7 0.58984375 0.7046875 0.65703125 0.7265625 0.65234375 0.721875 0.63515625 0.7265625 0.62109375 0.715625 0.60859375 0.7140625 0.57890625 0.70859375 0.575 0.7 0.58984375
0 0.8078125 0.49609375 0.809375 0.56171875 0.8203125 0.55703125 0.828125 0.54140625 0.825 0.49765625 0.81796875 0.4890625 0.8078125 0.49609375
0 0.559375 0.48671875 0.5703125 0.49296875 0.5828125 0.48984375 0.5890625 0.45546875 0.57890625 0.440625 0.55390625 0.4328125 0.546875 0.45546875 0.559375 0.48671875
0 0.58125 0.37734375 0.6015625 0.40234375 0.6078125 0.40078125 0.615625 0.37734375 0.6140625 0.32109375 0.60234375 0.303125 0.5984375 0.30859375 0.59609375 0.296875 0.58671875 0.2953125 0.578125 0.35859375 0.58125 0.37734375
0 0.5484375 0.28046875 0.5625 0.29921875 0.58984375 0.2984375 0.6140625 0.28671875 0.61875 0.23203125 0.61015625 0.2125 0.59375 0.21640625 0.5921875 0.23046875 0.5859375 0.23046875 0.58046875 0.24375 0.57578125 0.2375 0.55625 0.24453125 0.5484375 0.28046875
0 0.49375 0.21953125 0.5 0.22578125 0.50625 0.21953125 0.5140625 0.17421875 0.5109375 0.15859375 0.50078125 0.1515625 0.4921875 0.16171875 0.49375 0.21953125
0 0.8125 0.18984375 0.821875 0.19609375 0.828125 0.19140625 0.8265625 0.16328125 0.81640625 0.1484375 0.81015625 0.1484375 0.80625 0.17109375 0.8125 0.18984375
0 0.6796875 0.08984375 0.6890625 0.09921875 0.70078125 0.1 0.7078125 0.09140625 0.70078125 0.065625 0.6796875 0.07109375 0.6796875 0.08984375
0 0.6828125 0.15703125 0.696875 0.17734375 0.70703125 0.1765625 0.7125 0.16796875 0.709375 0.13515625 0.70078125 0.125 0.6859375 0.13359375 0.6828125 0.14609375 0.6828125 0.15703125
0 0.5 0.79765625 0.5125 0.82109375 0.52734375 0.8171875 0.5296875 0.80703125 0.50703125 0.7734375 0.5 0.79765625
0 0.759375 0.75859375 0.765625 0.76953125 0.7796875 0.76796875 0.7828125 0.74921875 0.7765625 0.73203125 0.76328125 0.725 0.759375 0.75859375
0 0.76640625 0.7921875 0.771875 0.85390625 0.78046875 0.8546875 0.7921875 0.83984375 0.79375 0.81015625 0.78203125 0.8078125 0.76640625 0.7921875
0 0.8265625 0.67734375 0.8421875 0.70703125 0.85078125 0.70625 0.8578125 0.69609375 0.85859375 0.6375 0.84609375 0.6453125 0.8203125 0.64765625 0.8265625 0.67734375
0 0.7640625 0.59296875 0.7703125 0.60078125 0.80234375 0.59375 0.8078125 0.58671875 0.8078125 0.55703125 0.79140625 0.5375 0.7890625 0.55390625 0.7671875 0.56484375 0.7640625 0.59296875
0 0.9234375 0.67734375 0.928125 0.69140625 0.9359375 0.68359375 0.93203125 0.6734375 0.9234375 0.67734375
0 0.90625 0.75390625 0.909375 0.76171875 0.91875 0.75703125 0.91328125 0.7375 0.90625 0.75390625
0 0.9546875 0.78828125 0.9578125 0.80546875 0.9734375 0.80234375 0.97265625 0.784375 0.9546875 0.78828125
0 0.915625 0.89453125 0.921875 0.90703125 0.9296875 0.89765625 0.92421875 0.8875 0.915625 0.89453125
0 0.81875 0.90078125 0.825 0.92734375 0.840625 0.92265625 0.8421875 0.90546875 0.83671875 0.9 0.81875 0.90078125
0 0.846875 0.82578125 0.85 0.89453125 0.85546875 0.8953125 0.8671875 0.87890625 0.865625 0.81953125 0.85859375 0.8140625 0.85 0.81640625 0.846875 0.82578125
0 0.928125 0.22109375 0.9359375 0.23984375 0.953125 0.23671875 0.953125 0.21484375 0.94296875 0.20625 0.928125 0.22109375
0 0.88125 0.22265625 0.8875 0.23359375 0.896875 0.21953125 0.88359375 0.2125 0.88125 0.22265625
0 0.85625 0.22734375 0.8609375 0.24140625 0.8734375 0.22578125 0.875 0.21328125 0.86953125 0.2078125 0.85625 0.22734375
0 0.3359375 0.78828125 0.35 0.80078125 0.37578125 0.79375 0.3765625 0.77578125 0.36875 0.73828125 0.353125 0.71640625 0.353125 0.70703125 0.33984375 0.7046875 0.3359375 0.71015625 0.34375 0.74921875 0.3359375 0.78828125