0 0.29296875 0.934375 0.2734375 0.93046875 0.2703125 0.88671875 0.2234375 0.87734375 0.2 0.89609375 0.2 0.91328125 0.190625 0.92265625 0.1828125 0.95078125 0.20546875 0.965625 0.21484375 0.9609375 0.23828125 0.9671875 0.24921875 0.9640625 0.28046875 0.9796875 0.2953125 0.96328125 0.3015625 0.94453125 0.29296875 0.934375
0 0.7203125 0.73046875 0.715625 0.70390625 0.5859375 0.69140625 0.56796875 0.6984375 0.5609375 0.70859375 0.55 0.75703125 0.5546875 0.79453125 0.57109375 0.80625 0.58671875 0.80625 0.59921875 0.81875 0.62265625 0.8203125 0.64453125 0.8296875 0.71015625 0.83125 0.715625 0.82578125 0.7203125 0.73046875
0 0.6890625 0.90234375 0.68125 0.91015625 0.68125 0.92734375 0.70078125 0.9328125 0.7046875 0.90703125 0.70078125 0.9015625 0.6890625 0.90234375
0 0.715625 0.58671875 0.7171875 0.60390625 0.70625 0.60703125 0.71640625 0.615625 0.7265625 0.61171875 0.7265625 0.60078125 0.715625 0.58671875
0 0.69296875 0.61875 0.7046875 0.60859375 0.703125 0.57421875 0.709375 0.56015625 0.70078125 0.5671875 0.696875 0.55390625 0.6859375 0.55078125 0.675 0.58984375 0.67578125 0.61875 0.69296875 0.61875
0 0.6515625 0.47890625 0.640625 0.49765625 0.640625 0.54453125 0.64609375 0.5515625 0.68515625 0.55 0.7078125 0.53515625 0.70625 0.50390625 0.68515625 0.5015625 0.671875 0.46953125 0.66015625 0.459375 0.65 0.46015625 0.6515625 0.47890625
0 0.5640625 0.51015625 0.5609375 0.53359375 0.5484375 0.54453125 0.5625 0.56328125 0.56953125 0.6 0.5796875 0.59609375 0.5796875 0.57109375 0.59453125 0.56875 0.6 0.55703125 0.5890625 0.51484375 0.571875 0.50703125 0.5640625 0.51015625
0 0.334375 0.60859375 0.32578125 0.6015625 0.3109375 0.60078125 0.290625 0.62578125 0.29296875 0.634375 0.32265625 0.63125 0.334375 0.62421875 0.334375 0.60859375
0 0.421875 0.30546875 0.43125 0.26796875 0.4234375 0.21640625 0.41328125 0.2015625 0.4046875 0.20078125 0.36875 0.27109375 0.371875 0.30078125 0.39453125 0.334375 0.421875 0.30546875
0 0.3421875 0.25859375 0.3390625 0.24921875 0.3296875 0.24609375 0.315625 0.25546875 0.325 0.28671875 0.33359375 0.2890625 0.340625 0.28203125 0.3421875 0.25859375
0 0.3375 0.23203125 0.37109375 0.2296875 0.3765625 0.20703125 0.346875 0.19921875 0.334375 0.21484375 0.3375 0.23203125
0 0.3453125 0.18203125 0.3515625 0.13359375 0.3125 0.12890625 0.284375 0.14765625 0.2828125 0.16015625 0.30859375 0.1953125 0.32109375 0.196875 0.3453125 0.18203125
0 0.7375 0.23203125 0.7390625 0.21171875 0.728125 0.19453125 0.7296875 0.16953125 0.71640625 0.1421875 0.665625 0.13515625 0.65078125 0.1375 0.628125 0.15234375 0.621875 0.19296875 0.62734375 0.1921875 0.64140625 0.209375 0.65859375 0.2109375 0.6734375 0.22265625 0.671875 0.24765625 0.68125 0.26640625 0.70234375 0.284375 0.7109375 0.27890625 0.7375 0.23203125
0 1 0.35703125 0.9859375 0.34921875 0.946875 0.39296875 0.9453125 0.42109375 0.96015625 0.4296875 0.98828125 0.4296875 1 0.41015625 1 0.35703125
0 0.79296875 0.2984375 0.74375 0.29921875 0.73125 0.30390625 0.7296875 0.42734375 0.72578125 0.4203125 0.721875 0.42265625 0.7296875 0.44296875 0.72421875 0.4359375 0.721875 0.44609375 0.73828125 0.4546875 0.81953125 0.45 0.821875 0.33203125 0.8125 0.30703125 0.79296875 0.2984375
0 0.80625 0.47109375 0.8109375 0.45546875 0.7765625 0.45234375 0.74765625 0.453125 0.73125 0.46015625 0.7390625 0.48828125 0.734375 0.61484375 0.7375 0.62578125 0.7546875 0.64140625 0.7546875 0.66640625 0.76015625 0.675 0.796875 0.62734375 0.796875 0.58359375 0.809375 0.55234375 0.80625 0.47109375
0 0.5453125 0.60234375 0.54609375 0.6875 0.60390625 0.6859375 0.6171875 0.68046875 0.6171875 0.61796875 0.609375 0.59609375 0.6015625 0.59140625 0.59140625 0.6 0.55546875 0.5953125 0.5453125 0.60234375
0 0.49296875 0.253125 0.4953125 0.25859375 0.478125 0.27421875 0.4765625 0.28671875 0.49765625 0.290625 0.50078125 0.2828125 0.5109375 0.28984375 0.51328125 0.3015625 0.51796875 0.2921875 0.5171875 0.30078125 0.53125 0.31015625 0.5359375 0.32890625 0.54453125 0.3296875 0.55078125 0.340625 0.58515625 0.3296875 0.5875 0.31796875 0.59453125 0.315625 0.62734375 0.3375 0.64140625 0.334375 0.65234375 0.340625 0.6578125 0.37109375 0.66640625 0.384375 0.69765625 0.378125 0.703125 0.36953125 0.7109375 0.25703125 0.696875 0.25390625 0.7078125 0.24296875 0.69375 0.23828125 0.709375 0.23046875 0.6953125 0.22265625 0.7046875 0.21484375 0.7015625 0.20390625 0.7109375 0.19921875 0.696875 0.19140625 0.709375 0.18359375 0.6984375 0.17265625 0.7109375 0.16796875 0.7109375 0.14765625 0.66953125 0.1453125 0.66640625 0.1390625 0.65390625 0.146875 0.64296875 0.14375 0.63828125 0.1515625 0.61171875 0.1484375 0.60703125 0.1765625 0.60078125 0.1484375 0.5609375 0.13984375 0.55234375 0.1453125 0.54296875 0.140625 0.525 0.16640625 0.528125 0.17265625 0.5078125 0.18046875 0.496875 0.19921875 0.4984375 0.22734375 0.49296875 0.2296875 0.48984375 0.21875 0.478125 0.22734375 0.4765625 0.25390625 0.49296875 0.253125