0 0.37578125 0.2140625 0.38359375 0.209375 0.40859375 0.2109375 0.41640625 0.225 0.4265625 0.22109375 0.4375 0.20546875 0.4375 0.18515625 0.43203125 0.178125 0.37734375 0.171875 0.290625 0.19921875 0.2796875 0.21328125 0.2796875 0.23203125 0.3046875 0.23984375 0.303125 0.29453125 0.3140625 0.30078125 0.3234375 0.29453125 0.33046875 0.26875 0.34609375 0.259375 0.35546875 0.2625 0.3640625 0.25390625 0.37578125 0.2140625
0 0.234375 0.56328125 0.215625 0.54765625 0.2140625 0.52265625 0.2296875 0.51015625 0.2328125 0.49140625 0.23125 0.44609375 0.24375 0.38359375 0.23984375 0.328125 0.2015625 0.37734375 0.2046875 0.41796875 0.19375 0.44765625 0.1734375 0.45390625 0.18125 0.48671875 0.175 0.53828125 0.1875 0.56484375 0.1859375 0.63515625 0.2125 0.65546875 0.2203125 0.69609375 0.2375 0.69921875 0.253125 0.69140625 0.265625 0.65859375 0.25 0.61953125 0.2359375 0.61015625 0.2390625 0.58046875 0.234375 0.56328125
0 0.31640625 0.3453125 0.29921875 0.3515625 0.29140625 0.3484375 0.28125 0.35546875 0.2703125 0.40078125 0.29375 0.44921875 0.2890625 0.46328125 0.29375 0.49921875 0.31796875 0.5078125 0.33359375 0.5375 0.3515625 0.54140625 0.3609375 0.50546875 0.3625 0.38203125 0.34921875 0.3765625 0.33359375 0.3796875 0.3265625 0.35546875 0.31640625 0.3453125
0 0.36953125 0.6640625 0.35859375 0.6671875 0.340625 0.65546875 0.34375 0.63984375 0.33359375 0.60625 0.31015625 0.621875 0.29296875 0.6171875 0.2984375 0.59921875 0.29140625 0.5765625 0.2859375 0.61640625 0.275 0.62109375 0.275 0.62890625 0.2796875 0.64765625 0.2953125 0.65703125 0.2953125 0.67578125 0.31875 0.69296875 0.3203125 0.72734375 0.33359375 0.7296875 0.34921875 0.70625 0.35703125 0.7265625 0.37578125 0.728125 0.38515625 0.7421875 0.39296875 0.7390625 0.409375 0.74765625 0.4125 0.73203125 0.4078125 0.71484375 0.396875 0.70703125 0.3984375 0.68359375 0.38046875 0.678125 0.36953125 0.6640625
0 0.3265625 0.75078125 0.315625 0.72734375 0.30234375 0.715625 0.29296875 0.715625 0.2625 0.76796875 0.2625 0.79140625 0.275 0.80546875 0.271875 0.82421875 0.28125 0.83515625 0.2796875 0.85078125 0.28671875 0.8578125 0.30625 0.85859375 0.3203125 0.84765625 0.3234375 0.83203125 0.3359375 0.82578125 0.3421875 0.79296875 0.3234375 0.77578125 0.3265625 0.75078125
0 0.00078125 0.525 0 0.64921875 0.0140625 0.65390625 0.0515625 0.61171875 0.065625 0.56015625 0.06015625 0.5515625 0.04453125 0.5609375 0.02109375 0.55625 0.00078125 0.525
0 0.56875 0.73359375 0.5765625 0.78203125 0.58671875 0.7984375 0.5953125 0.79921875 0.63125 0.72890625 0.628125 0.69921875 0.60546875 0.665625 0.5796875 0.69140625 0.575 0.72578125 0.56875 0.73359375
0 0.67578125 0.8015625 0.66171875 0.8078125 0.6515625 0.82109375 0.6453125 0.86484375 0.6546875 0.89453125 0.68125 0.91640625 0.6921875 0.90390625 0.6921875 0.87421875 0.715625 0.85703125 0.71875 0.83828125 0.69453125 0.8046875 0.67578125 0.8015625
0 0.646875 0.69765625 0.6234375 0.77734375 0.6234375 0.79296875 0.62890625 0.7984375 0.65625 0.80234375 0.6765625 0.78984375 0.675 0.75859375 0.6828125 0.74921875 0.6765625 0.71484375 0.66015625 0.690625 0.646875 0.69765625
0 0.696875 0.05234375 0.70703125 0.0671875 0.7265625 0.07265625 0.728125 0.11328125 0.7734375 0.12421875 0.7984375 0.10703125 0.8171875 0.04765625 0.79609375 0.034375 0.75078125 0.034375 0.71640625 0.0203125 0.696875 0.05234375
0 0.6546875 0.39296875 0.6671875 0.41328125 0.684375 0.41796875 0.709375 0.38203125 0.7109375 0.36953125 0.70546875 0.3625 0.66953125 0.36875 0.6546875 0.38046875 0.6546875 0.39296875
0 0.4171875 0.49140625 0.43125 0.49296875 0.4421875 0.48671875 0.4546875 0.45234375 0.4328125 0.40078125 0.42421875 0.4 0.4078125 0.45703125 0.4171875 0.49140625
0 0.4421875 0.29921875 0.43125 0.28828125 0.43671875 0.246875 0.43125 0.24765625 0.42890625 0.2578125 0.41484375 0.2578125 0.41171875 0.26875 0.4078125 0.26953125 0.40859375 0.2609375 0.38359375 0.2765625 0.365625 0.31796875 0.3671875 0.37265625 0.378125 0.37890625 0.3859375 0.39921875 0.396875 0.40390625 0.40703125 0.3921875 0.421875 0.38828125 0.4234375 0.36171875 0.4328125 0.34296875 0.43125 0.31171875 0.4421875 0.29921875
0 0.1734375 0.66796875 0.1765625 0.65234375 0.14453125 0.6453125 0.146875 0.67265625 0.1640625 0.67734375 0.1734375 0.66796875