0 0.375 0.21796875 0.38515625 0.209375 0.41015625 0.2109375 0.41640625 0.221875 0.425 0.22109375 0.4359375 0.20546875 0.43203125 0.1796875 0.36640625 0.1734375 0.290625 0.19921875 0.2796875 0.21328125 0.2796875 0.22734375 0.28359375 0.234375 0.29140625 0.2328125 0.30625 0.24296875 0.303125 0.29140625 0.3125 0.30078125 0.3234375 0.29453125 0.325 0.27890625 0.33828125 0.2625 0.35703125 0.2625 0.365625 0.25234375 0.375 0.21796875
0 0.23203125 0.5875 0.19765625 0.5765625 0.1890625 0.58359375 0.1890625 0.60078125 0.1984375 0.62265625 0.1953125 0.63984375 0.2140625 0.65390625 0.2234375 0.69296875 0.234375 0.69765625 0.25625 0.68828125 0.265625 0.66953125 0.2671875 0.64453125 0.24609375 0.6171875 0.234375 0.61328125 0.23203125 0.5875
0 0 0.62734375 0.0296875 0.63203125 0.0515625 0.60859375 0.05625 0.58046875 0.03828125 0.5703125 0.01640625 0.5703125 0 0.58984375 0 0.62734375
0 0.196875 0.45859375 0.2015625 0.48671875 0.21640625 0.5078125 0.2265625 0.50703125 0.234375 0.48359375 0.2359375 0.40859375 0.23046875 0.40625 0.21953125 0.4078125 0.209375 0.41796875 0.196875 0.45859375
0 0.29765625 0.496875 0.31484375 0.4984375 0.3296875 0.53046875 0.34375 0.53671875 0.359375 0.50234375 0.3578125 0.45234375 0.31328125 0.45 0.29375 0.46328125 0.29375 0.49140625 0.29765625 0.496875
0 0.36953125 0.6640625 0.36171875 0.66875 0.340625 0.65703125 0.340625 0.62890625 0.33046875 0.609375 0.31328125 0.621875 0.30234375 0.621875 0.296875 0.63203125 0.2953125 0.67109375 0.3203125 0.68984375 0.3203125 0.72578125 0.33203125 0.728125 0.3421875 0.70390625 0.35078125 0.703125 0.35859375 0.7265625 0.37734375 0.728125 0.38515625 0.7421875 0.39296875 0.7390625 0.4109375 0.74765625 0.409375 0.71484375 0.396875 0.70703125 0.4015625 0.69921875 0.3984375 0.68359375 0.37734375 0.6765625 0.36953125 0.6640625
0 0.56875 0.73359375 0.5765625 0.78203125 0.5828125 0.79453125 0.59375 0.79921875 0.63125 0.73046875 0.628125 0.69921875 0.61875 0.69140625 0.60859375 0.6671875 0.58125 0.68828125 0.56875 0.73359375
0 0.68203125 0.803125 0.65625 0.81484375 0.646875 0.84765625 0.6484375 0.86953125 0.665625 0.87421875 0.6671875 0.88828125 0.6765625 0.89140625 0.6796875 0.90546875 0.6875 0.90078125 0.6921875 0.86953125 0.7171875 0.84921875 0.7125 0.82734375 0.69296875 0.8046875 0.68203125 0.803125
0 0.74609375 0.034375 0.71953125 0.0203125 0.6984375 0.05390625 0.70703125 0.065625 0.7265625 0.06953125 0.7296875 0.11328125 0.74609375 0.1125 0.76171875 0.121875 0.7765625 0.12265625 0.8 0.10390625 0.8 0.08671875 0.809375 0.07734375 0.8171875 0.04765625 0.79453125 0.034375 0.74609375 0.034375
0 0.68125 0.41640625 0.709375 0.37734375 0.70546875 0.3640625 0.67265625 0.36875 0.65625 0.38359375 0.6671875 0.41015625 0.68125 0.41640625
0 0.29140625 0.3515625 0.2828125 0.35390625 0.2703125 0.40078125 0.2875 0.44140625 0.3140625 0.44921875 0.3203125 0.44296875 0.3296875 0.38046875 0.3203125 0.34921875 0.30703125 0.346875 0.29921875 0.359375 0.29140625 0.3515625
0 0.23203125 0.340625 0.2125 0.35703125 0.2 0.38359375 0.2046875 0.41171875 0.2 0.43984375 0.21328125 0.43125 0.22890625 0.43125 0.225 0.43984375 0.2296875 0.44296875 0.2375 0.42890625 0.2515625 0.42109375 0.253125 0.41171875 0.2625 0.40859375 0.2671875 0.38046875 0.23203125 0.340625
0 0.2625 0.76796875 0.2625 0.79140625 0.27109375 0.8015625 0.2875 0.80703125 0.315625 0.80078125 0.325 0.75859375 0.315625 0.73203125 0.29921875 0.715625 0.2890625 0.72109375 0.2625 0.76796875
0 0.30390625 0.778125 0.27578125 0.7765625 0.2640625 0.78515625 0.2765625 0.80859375 0.271875 0.83203125 0.28515625 0.85625 0.3078125 0.85703125 0.3171875 0.85234375 0.3234375 0.83203125 0.3328125 0.82421875 0.33125 0.78984375 0.31796875 0.771875 0.30390625 0.778125
0 0.278125 0.63515625 0.2734375 0.65234375 0.2953125 0.65703125 0.3 0.58984375 0.29140625 0.575 0.2859375 0.57890625 0.284375 0.60859375 0.2734375 0.62109375 0.278125 0.63515625
0 0.190625 0.56171875 0.1921875 0.49609375 0.18203125 0.4890625 0.175 0.49765625 0.171875 0.54140625 0.1796875 0.55703125 0.190625 0.56171875
0 0.4171875 0.48984375 0.4296875 0.49296875 0.440625 0.48671875 0.453125 0.45546875 0.44609375 0.4328125 0.42109375 0.440625 0.4109375 0.45546875 0.4171875 0.48984375
0 0.39765625 0.303125 0.3859375 0.32109375 0.384375 0.37734375 0.3921875 0.40078125 0.3984375 0.40234375 0.41875 0.37734375 0.421875 0.35859375 0.41328125 0.2953125 0.40390625 0.296875 0.4015625 0.30859375 0.39765625 0.303125
0 0.4078125 0.23046875 0.40625 0.21640625 0.38984375 0.2125 0.38125 0.23203125 0.3859375 0.28671875 0.41015625 0.2984375 0.4375 0.29921875 0.4515625 0.28046875 0.44375 0.24453125 0.42421875 0.2375 0.41953125 0.24375 0.4140625 0.23046875 0.4078125 0.23046875
0 0.49375 0.21953125 0.5 0.22578125 0.50625 0.21953125 0.5078125 0.16171875 0.49921875 0.1515625 0.4890625 0.15859375 0.4859375 0.17421875 0.49375 0.21953125
0 0.171875 0.19140625 0.178125 0.19609375 0.1875 0.18984375 0.19375 0.17109375 0.18984375 0.1484375 0.18359375 0.1484375 0.1734375 0.16328125 0.171875 0.19140625
0 0.3109375 0.09921875 0.3203125 0.08984375 0.3203125 0.07109375 0.29921875 0.065625 0.2921875 0.09140625 0.29921875 0.1 0.3109375 0.09921875
0 0.2875 0.16796875 0.29296875 0.1765625 0.303125 0.17734375 0.3171875 0.15703125 0.3171875 0.14609375 0.3140625 0.13359375 0.29921875 0.125 0.290625 0.13515625 0.2875 0.16796875
0 0.5 0.79765625 0.49296875 0.7734375 0.4703125 0.80703125 0.47265625 0.8171875 0.4875 0.82109375 0.5 0.79765625
0 0.234375 0.76953125 0.240625 0.75859375 0.23671875 0.725 0.2234375 0.73203125 0.2171875 0.74921875 0.2203125 0.76796875 0.234375 0.76953125
0 0.228125 0.85390625 0.23359375 0.7921875 0.21796875 0.8078125 0.20625 0.81015625 0.2078125 0.83984375 0.21953125 0.8546875 0.228125 0.85390625
0 0.14921875 0.70625 0.1578125 0.70703125 0.1734375 0.67734375 0.1796875 0.64765625 0.15390625 0.6453125 0.14140625 0.6375 0.1421875 0.69609375 0.14921875 0.70625
0 0.1921875 0.58671875 0.19765625 0.59375 0.2296875 0.60078125 0.2359375 0.59296875 0.2328125 0.56484375 0.2109375 0.55390625 0.20859375 0.5375 0.1921875 0.55703125 0.1921875 0.58671875
0 0.06796875 0.6734375 0.0640625 0.68359375 0.071875 0.69140625 0.0765625 0.67734375 0.06796875 0.6734375
0 0.08671875 0.7375 0.08125 0.75703125 0.090625 0.76171875 0.09375 0.75390625 0.08671875 0.7375
0 0.02734375 0.784375 0.0265625 0.80234375 0.0421875 0.80546875 0.0453125 0.78828125 0.02734375 0.784375
0 0.07578125 0.8875 0.0703125 0.89765625 0.078125 0.90703125 0.084375 0.89453125 0.07578125 0.8875
0 0.18125 0.90078125 0.16328125 0.9 0.1578125 0.90546875 0.159375 0.92265625 0.175 0.92734375 0.18125 0.90078125
0 0.14453125 0.8953125 0.15 0.89453125 0.153125 0.82578125 0.15 0.81640625 0.14140625 0.8140625 0.134375 0.81953125 0.1328125 0.87890625 0.14453125 0.8953125
0 0.071875 0.22109375 0.05703125 0.20625 0.046875 0.21484375 0.046875 0.23671875 0.0640625 0.23984375 0.071875 0.22109375
0 0.11640625 0.2125 0.103125 0.21953125 0.1125 0.23359375 0.11875 0.22265625 0.11640625 0.2125
0 0.14375 0.22734375 0.13046875 0.2078125 0.125 0.21328125 0.1265625 0.22578125 0.1390625 0.24140625 0.14375 0.22734375
0 0.646875 0.71640625 0.63125 0.73828125 0.6234375 0.77578125 0.62421875 0.79375 0.65 0.80078125 0.6640625 0.78828125 0.65625 0.74921875 0.6640625 0.71015625 0.66015625 0.7046875 0.646875 0.70703125 0.646875 0.71640625