0 0.58125 0.59765625 0.5953125 0.57109375 0.596875 0.54296875 0.58046875 0.5203125 0.571875 0.57421875 0.575 0.59296875 0.58125 0.59765625
0 0.50625 0.51328125 0.4875 0.48359375 0.4875 0.46484375 0.45234375 0.453125 0.453125 0.59140625 0.4609375 0.61640625 0.4734375 0.61796875 0.48828125 0.6109375 0.4953125 0.59921875 0.4953125 0.58515625 0.4859375 0.56796875 0.496875 0.52578125 0.50625 0.51328125
0 0.0328125 0.49296875 0.03203125 0.475 0.0234375 0.48671875 0.0328125 0.49296875
0 0.0484375 0.57890625 0.059375 0.58203125 0.065625 0.54140625 0.0609375 0.52734375 0.05546875 0.5265625 0.0421875 0.54296875 0.0421875 0.55859375 0.0484375 0.57890625
0 0.075 0.53515625 0.084375 0.53828125 0.1 0.51640625 0.1 0.49453125 0.07265625 0.490625 0.0671875 0.49453125 0.06875 0.51796875 0.075 0.53515625
0 0.2078125 0.47578125 0.2234375 0.46484375 0.21640625 0.390625 0.2015625 0.39453125 0.203125 0.43984375 0.1953125 0.47265625 0.2078125 0.47578125
0 0.06875 0.77734375 0.0625 0.80703125 0.0453125 0.83984375 0.06484375 0.853125 0.0875 0.85859375 0.1015625 0.84296875 0.103125 0.81328125 0.084375 0.79296875 0.08125 0.77734375 0.07421875 0.775 0.06875 0.77734375
0 0.3390625 0.73046875 0.3421875 0.70390625 0.3375 0.69296875 0.32890625 0.6859375 0.31328125 0.6859375 0.309375 0.69765625 0.3390625 0.73046875
0 0.8609375 0.85234375 0.865625 0.84296875 0.8640625 0.80859375 0.84296875 0.8046875 0.8375 0.81484375 0.853125 0.84921875 0.8609375 0.85234375
0 0.82265625 0.0125 0.815625 0.01796875 0.821875 0.02109375 0.8171875 0.03203125 0.825 0.03515625 0.82265625 0.0125
0 0.99375 0.01953125 0.99375 0.03671875 0.9984375 0.03828125 0.99921875 0.0109375 0.99375 0.01953125
0 0.80078125 0.3328125 0.7953125 0.34453125 0.8046875 0.35390625 0.8109375 0.34453125 0.80078125 0.3328125
0 0.78203125 0.484375 0.775 0.49921875 0.7859375 0.50546875 0.7953125 0.49453125 0.78203125 0.484375
0 0.8953125 0.01640625 0.88828125 0.0109375 0.8796875 0.03671875 0.88515625 0.0484375 0.8921875 0.04765625 0.8953125 0.01640625
0 1 0.05234375 0.99140625 0.05 0.978125 0.06484375 0.978125 0.09296875 0.9890625 0.11484375 1 0.11171875 1 0.05234375
0 0.83125 0.15703125 0.825 0.17734375 0.83203125 0.1859375 0.8390625 0.18515625 0.846875 0.17578125 0.846875 0.16484375 0.8390625 0.15078125 0.82265625 0.0375 0.81875 0.08359375 0.83125 0.15703125