0 0.37578125 0.471875 0.36796875 0.4609375 0.346875 0.47109375 0.36640625 0.490625 0.396875 0.49453125 0.42578125 0.4890625 0.43984375 0.471875 0.4484375 0.47109375 0.42421875 0.4640625 0.39609375 0.4796875 0.37578125 0.471875
0 0.32578125 0.525 0.3359375 0.52578125 0.36171875 0.5234375 0.38125 0.50234375 0.35859375 0.49375 0.33828125 0.5 0.3234375 0.51796875 0.32578125 0.525
0 0.48203125 0.4640625 0.48359375 0.4703125 0.471875 0.47109375 0.5078125 0.47578125 0.509375 0.44765625 0.51953125 0.4390625 0.47265625 0.4359375 0.4484375 0.45546875 0.45078125 0.465625 0.48203125 0.4640625
0 0.53359375 0.4109375 0.503125 0.42421875 0.5234375 0.43203125 0.5359375 0.42890625 0.53359375 0.4109375
0 0.3734375 0.46796875 0.3703125 0.46171875 0.33203125 0.4390625 0.325 0.46484375 0.3578125 0.47734375 0.3734375 0.46796875
0 0.53828125 0.5453125 0.559375 0.54921875 0.565625 0.53828125 0.5515625 0.51484375 0.54140625 0.509375 0.5375 0.52421875 0.525 0.53046875 0.53828125 0.5453125
0 0.6296875 0.58203125 0.628125 0.57109375 0.60390625 0.5546875 0.58359375 0.546875 0.5734375 0.54921875 0.59140625 0.5671875 0.6296875 0.58203125
0 0.625 0.61015625 0.62890625 0.6203125 0.659375 0.62734375 0.64921875 0.6140625 0.625 0.61015625
0 0.76484375 0.675 0.74609375 0.671875 0.7296875 0.68359375 0.7296875 0.70234375 0.7390625 0.71328125 0.7296875 0.71484375 0.7296875 0.72421875 0.7390625 0.72890625 0.74296875 0.74375 0.8125 0.74453125 0.825 0.74140625 0.8109375 0.71328125 0.8265625 0.69453125 0.82578125 0.659375 0.80234375 0.6515625 0.76484375 0.675
0 0.8046875 0.65234375 0.8125 0.66328125 0.8125 0.67578125 0.8171875 0.67578125 0.8140625 0.70078125 0.82421875 0.696875 0.8375 0.70234375 0.86875 0.68203125 0.85625 0.67578125 0.871875 0.62421875 0.86796875 0.61875 0.84140625 0.6265625 0.8046875 0.65234375
0 0.8921875 0.61640625 0.87109375 0.6203125 0.8734375 0.63046875 0.8671875 0.63984375 0.8921875 0.64453125 0.8921875 0.61640625
0 0.7640625 0.80078125 0.7671875 0.80859375 0.7578125 0.81484375 0.759375 0.82734375 0.76953125 0.83125 0.765625 0.83515625 0.78515625 0.853125 0.8328125 0.85234375 0.853125 0.81796875 0.8578125 0.77578125 0.86875 0.74921875 0.77421875 0.7484375 0.7734375 0.78359375 0.7640625 0.80078125