0 0.784375 0.00234375 0.7953125 0.05234375 0.803125 0.04921875 0.815625 0.02265625 0.81640625 0 0.784375 0.00234375
0 0.7453125 0.17734375 0.759375 0.19140625 0.77578125 0.190625 0.78125 0.17734375 0.76015625 0.1625 0.74765625 0.1609375 0.7453125 0.17734375
0 0.5640625 0.22578125 0.571875 0.23671875 0.58671875 0.2328125 0.5921875 0.22265625 0.5921875 0.21328125 0.57890625 0.203125 0.5640625 0.20859375 0.5640625 0.22578125
0 0.5390625 0.19453125 0.54375 0.21796875 0.55625 0.20703125 0.55390625 0.1890625 0.5390625 0.19453125
0 0.49609375 0.1140625 0.484375 0.13828125 0.4984375 0.13671875 0.49609375 0.1140625
0 0.440625 0.14609375 0.4453125 0.17265625 0.45625 0.16484375 0.45625 0.14765625 0.44921875 0.14375 0.440625 0.14609375
0 0.4359375 0.19296875 0.45 0.19765625 0.45625 0.19296875 0.44296875 0.1765625 0.4359375 0.19296875
0 0.3453125 0.18046875 0.365625 0.19921875 0.378125 0.19453125 0.3796875 0.16953125 0.37578125 0.1609375 0.35234375 0.153125 0.34375 0.16328125 0.3453125 0.18046875
0 0.240625 0.23203125 0.2453125 0.24609375 0.253125 0.23984375 0.24921875 0.228125 0.240625 0.23203125
0 0.1953125 0.22421875 0.1984375 0.24140625 0.2078125 0.23203125 0.20234375 0.21875 0.1953125 0.22421875
0 0.1765625 0.23359375 0.1796875 0.25390625 0.190625 0.24609375 0.18359375 0.2234375 0.1765625 0.23359375
0 0.49375 0.50546875 0.5125 0.52890625 0.52578125 0.5296875 0.53125 0.52109375 0.5296875 0.49921875 0.52265625 0.4890625 0.50546875 0.49375 0.49375 0.50546875
0 0.46171875 0.4453125 0.471875 0.44921875 0.4796875 0.44140625 0.47734375 0.41875 0.4609375 0.43828125 0.46171875 0.4453125
0 0.4421875 0.61015625 0.44375 0.67421875 0.45390625 0.675 0.4703125 0.66328125 0.4671875 0.63671875 0.45625 0.61171875 0.44765625 0.60625 0.4421875 0.61015625
0 0.4171875 0.61328125 0.41875 0.63671875 0.4328125 0.62578125 0.42734375 0.60625 0.4171875 0.61328125
0 0.2296875 0.74921875 0.2375 0.76015625 0.275 0.75703125 0.2734375 0.70390625 0.25234375 0.690625 0.23984375 0.6953125 0.23125 0.70703125 0.2296875 0.74921875
0 0.115625 0.75546875 0.13125 0.77890625 0.1453125 0.76953125 0.1484375 0.74609375 0.14140625 0.73125 0.12421875 0.7234375 0.115625 0.75546875
0 0 0.60234375 0.0078125 0.60703125 0.0171875 0.60390625 0.0203125 0.58671875 0.0140625 0.56015625 0.00078125 0.5515625 0 0.60234375
0 0.3921875 0.82578125 0.4046875 0.83359375 0.4140625 0.82734375 0.41875 0.80390625 0.40078125 0.7890625 0.3921875 0.82578125
0 0.4421875 0.92578125 0.4609375 0.92890625 0.4734375 0.92734375 0.4734375 0.90859375 0.46796875 0.8984375 0.45390625 0.8921875 0.44375 0.90078125 0.4421875 0.92578125
0 0.48125 0.96171875 0.4921875 0.96953125 0.5078125 0.96171875 0.5078125 0.95234375 0.4953125 0.91796875 0.48671875 0.9140625 0.475 0.92578125 0.475 0.93671875 0.48125 0.96171875
0 0.52265625 0.9875 0.5203125 0.99921875 0.54453125 1 0.5453125 0.99453125 0.54140625 0.9859375 0.52265625 0.9875
0 0.6921875 0.99296875 0.6984375 0.99921875 0.7296875 0.99765625 0.7296875 0.96796875 0.71640625 0.9515625 0.6921875 0.99296875
0 0.7578125 0.86328125 0.7640625 0.88046875 0.778125 0.87109375 0.77109375 0.8484375 0.7578125 0.86328125
0 0.759375 0.90234375 0.7625 0.92109375 0.775 0.91953125 0.77421875 0.9046875 0.759375 0.90234375
0 0.934375 0.97890625 0.9328125 0.99921875 0.953125 0.99921875 0.95703125 0.9703125 0.94453125 0.96875 0.934375 0.97890625
0 0.6875 0.67265625 0.6953125 0.68984375 0.703125 0.68828125 0.7140625 0.66796875 0.69140625 0.6484375 0.6875 0.67265625
0 0.571875 0.58359375 0.59375 0.62265625 0.6078125 0.59921875 0.60625 0.57890625 0.59765625 0.571875 0.57578125 0.5734375 0.571875 0.58359375
0 0.61875 0.71484375 0.621875 0.73359375 0.6296875 0.72578125 0.62421875 0.7109375 0.61875 0.71484375
0 0.5484375 0.79609375 0.5484375 0.82109375 0.5703125 0.80390625 0.55390625 0.7890625 0.5484375 0.79609375
0 0.9125 0.66953125 0.925 0.67578125 0.9359375 0.67265625 0.92890625 0.64375 0.91875 0.65078125 0.9125 0.66953125
0 0.884375 0.73359375 0.8875 0.75390625 0.9015625 0.74609375 0.89140625 0.7296875 0.884375 0.73359375
0 0.9359375 0.54140625 0.9421875 0.57734375 0.95 0.57421875 0.9546875 0.55078125 0.94921875 0.5375 0.9359375 0.54140625
0 0.3328125 0.49140625 0.3421875 0.50390625 0.3546875 0.49765625 0.35546875 0.4875 0.3328125 0.49140625
0 0.4375 0.38828125 0.4421875 0.39921875 0.45 0.39453125 0.44609375 0.3796875 0.4375 0.38828125
0 0.496875 0.71953125 0.503125 0.73359375 0.5109375 0.73046875 0.50859375 0.715625 0.496875 0.71953125
0 0.49765625 0.6765625 0.5015625 0.69921875 0.50625 0.69296875 0.49765625 0.6765625
0 0.68125 0.02734375 0.69375 0.03359375 0.7109375 0.02265625 0.70859375 0.0125 0.68125 0.01953125 0.68125 0.02734375
0 0.4859375 0.02578125 0.4890625 0.03203125 0.4953125 0.03046875 0.49296875 0.021875 0.4859375 0.02578125
0 0.1171875 0.54296875 0.1203125 0.55390625 0.1265625 0.55078125 0.12421875 0.5375 0.1171875 0.54296875
0 0.07421875 0.4390625 0.0765625 0.46171875 0.0828125 0.46015625 0.0828125 0.44609375 0.07421875 0.4390625
0 0.19375 0.90859375 0.1921875 0.93203125 0.203125 0.92734375 0.20234375 0.903125 0.19375 0.90859375
0 0.221875 0.96796875 0.225 0.99296875 0.2359375 0.98359375 0.2359375 0.96484375 0.23046875 0.959375 0.221875 0.96796875
0 0.1875 0.97734375 0.1890625 0.99296875 0.1984375 0.98984375 0.19765625 0.975 0.1875 0.97734375
0 0.1609375 0.60234375 0.1609375 0.61015625 0.1734375 0.60703125 0.17265625 0.596875 0.1609375 0.60234375
0 0.55234375 0.5515625 0.5390625 0.57421875 0.54765625 0.575 0.5546875 0.56640625 0.55234375 0.5515625
0 0.3515625 0.64609375 0.359375 0.65703125 0.3671875 0.64921875 0.36015625 0.6375 0.3515625 0.64609375
0 0.36328125 0.5828125 0.3578125 0.59453125 0.3703125 0.59296875 0.36328125 0.5828125
0 0.3953125 0.49453125 0.3984375 0.49921875 0.40234375 0.4859375 0.3953125 0.49453125