0 0.18359375 0 0.1890625 0.03671875 0.1984375 0.05234375 0.2171875 0.00703125 0.20859375 0 0.18359375 0
0 0.2453125 0.19140625 0.2515625 0.17578125 0.22109375 0.1640625 0.2171875 0.17421875 0.225 0.18671875 0.2453125 0.19140625
0 0.42890625 0.203125 0.41796875 0.2046875 0.4078125 0.21484375 0.4125 0.23203125 0.425 0.23828125 0.4359375 0.22578125 0.4359375 0.20859375 0.42890625 0.203125
0 0.45703125 0.1890625 0.4421875 0.19453125 0.45 0.21640625 0.4609375 0.19921875 0.45703125 0.1890625
0 0.50390625 0.1140625 0.5015625 0.13671875 0.5140625 0.13828125 0.50390625 0.1140625
0 0.54609375 0.14375 0.54375 0.16640625 0.5546875 0.17265625 0.5578125 0.14921875 0.54609375 0.14375
0 0.55703125 0.1765625 0.5453125 0.18984375 0.546875 0.19765625 0.5640625 0.19296875 0.55703125 0.1765625
0 0.64921875 0.153125 0.62734375 0.159375 0.6203125 0.16953125 0.6234375 0.19765625 0.634375 0.19921875 0.6546875 0.18046875 0.65625 0.16328125 0.64921875 0.153125
0 0.75078125 0.228125 0.746875 0.23984375 0.7546875 0.24609375 0.759375 0.23203125 0.75078125 0.228125
0 0.79609375 0.21875 0.7921875 0.23203125 0.8015625 0.24140625 0.8046875 0.22265625 0.79609375 0.21875
0 0.81328125 0.2234375 0.809375 0.24921875 0.8171875 0.25390625 0.8234375 0.23984375 0.81328125 0.2234375
0 0.50625 0.49921875 0.49921875 0.4890625 0.49140625 0.4890625 0.4703125 0.50546875 0.4703125 0.51171875 0.48515625 0.525 0.5015625 0.52734375 0.5078125 0.51796875 0.50625 0.49921875
0 0.5546875 0.67578125 0.55390625 0.60625 0.5453125 0.61015625 0.5328125 0.63671875 0.5296875 0.66328125 0.5546875 0.67578125
0 0.53359375 0.4203125 0.5203125 0.44453125 0.5375 0.44921875 0.5390625 0.42109375 0.53359375 0.4203125
0 0.64453125 0.4875 0.64375 0.49453125 0.6578125 0.50390625 0.665625 0.49140625 0.64453125 0.4875
0 0.6046875 0.49453125 0.59765625 0.4859375 0.6015625 0.49921875 0.6046875 0.49453125
0 0.7265625 0.70390625 0.725 0.75703125 0.7625 0.76015625 0.7703125 0.74921875 0.76875 0.70703125 0.74921875 0.690625 0.7265625 0.70390625
0 0.86171875 0.721875 0.853125 0.73828125 0.853125 0.75859375 0.86796875 0.778125 0.878125 0.77734375 0.884375 0.76640625 0.884375 0.73671875 0.86171875 0.721875
0 0.9796875 0.58671875 0.9828125 0.60390625 0.9921875 0.60703125 1 0.60234375 0.99921875 0.5515625 0.9859375 0.56015625 0.9796875 0.58671875
0 0.41640625 0.571875 0.39765625 0.5734375 0.3921875 0.57734375 0.39375 0.58828125 0.4125 0.61640625 0.4265625 0.60078125 0.425 0.57890625 0.41640625 0.571875
0 0.3046875 0.68984375 0.3125 0.67265625 0.30703125 0.6484375 0.2859375 0.66796875 0.296875 0.68828125 0.3046875 0.68984375
0 0.37578125 0.7109375 0.3703125 0.72578125 0.378125 0.73359375 0.38125 0.71484375 0.37578125 0.7109375
0 0.49140625 0.715625 0.4890625 0.73046875 0.496875 0.73359375 0.503125 0.71953125 0.49140625 0.715625
0 0.5953125 0.83359375 0.6078125 0.82578125 0.59765625 0.7890625 0.58125 0.80390625 0.5859375 0.82734375 0.5953125 0.83359375
0 0.55625 0.92734375 0.5546875 0.89765625 0.53828125 0.89375 0.528125 0.90390625 0.5265625 0.92734375 0.55625 0.92734375
0 0.5171875 0.91953125 0.50859375 0.9125 0.49375 0.92890625 0.49375 0.96796875 0.51875 0.96953125 0.525 0.96796875 0.5265625 0.94921875 0.5171875 0.91953125
0 0.45625 0.98828125 0.45546875 1 0.4796875 0.99921875 0.47734375 0.9875 0.45625 0.98828125
0 0.3015625 0.99921875 0.3078125 0.99296875 0.28359375 0.9515625 0.2703125 0.96796875 0.2703125 0.99765625 0.3015625 0.99921875
0 0.23203125 0.8484375 0.2171875 0.86640625 0.2296875 0.88046875 0.2390625 0.86953125 0.23203125 0.8484375
0 0.22578125 0.9046875 0.225 0.91953125 0.2375 0.92109375 0.240625 0.90234375 0.22578125 0.9046875
0 0.065625 0.99921875 0.06875 0.97109375 0.05546875 0.96875 0.0453125 0.98203125 0.0453125 0.99921875 0.065625 0.99921875
0 0.1140625 0.75390625 0.1171875 0.73984375 0.11015625 0.728125 0.0984375 0.73984375 0.0984375 0.74765625 0.1140625 0.75390625
0 0.075 0.67578125 0.0875 0.66796875 0.08125 0.65078125 0.07109375 0.64375 0.0640625 0.67265625 0.075 0.67578125
0 0.04921875 0.5375 0.0453125 0.56015625 0.05625 0.58046875 0.065625 0.54140625 0.04921875 0.5375
0 0.44609375 0.7890625 0.4296875 0.80546875 0.4515625 0.82109375 0.4515625 0.79609375 0.44609375 0.7890625
0 0.79375 0.91640625 0.796875 0.92890625 0.80625 0.93359375 0.809375 0.91953125 0.80078125 0.9015625 0.79375 0.90703125 0.79375 0.91640625
0 0.775 0.99296875 0.778125 0.96640625 0.76796875 0.959375 0.7640625 0.98359375 0.76953125 0.99375 0.775 0.99296875
0 0.80234375 0.975 0.8015625 0.98984375 0.8109375 0.99296875 0.8125 0.97734375 0.80234375 0.975
0 0.82578125 0.596875 0.8265625 0.60859375 0.8375 0.61171875 0.8390625 0.60078125 0.82578125 0.596875
0 0.87578125 0.5375 0.8734375 0.55078125 0.8796875 0.55390625 0.8828125 0.54296875 0.87578125 0.5375
0 0.9171875 0.44609375 0.9171875 0.46015625 0.9234375 0.46171875 0.92578125 0.4390625 0.9171875 0.44609375
0 0.159375 0.89140625 0.16171875 0.9015625 0.1703125 0.90078125 0.16796875 0.890625 0.159375 0.89140625
0 0.15859375 0.9265625 0.1546875 0.94609375 0.1640625 0.94921875 0.1671875 0.93046875 0.15859375 0.9265625
0 0.17734375 0.746875 0.1703125 0.76796875 0.18125 0.76953125 0.1828125 0.75234375 0.17734375 0.746875
0 0.63828125 0.584375 0.6296875 0.58984375 0.6421875 0.59453125 0.63828125 0.584375
0 0.63671875 0.640625 0.634375 0.65078125 0.640625 0.65390625 0.646875 0.64609375 0.63671875 0.640625
0 0.2890625 0.02265625 0.30078125 0.0328125 0.3125 0.03203125 0.3203125 0.02421875 0.31796875 0.01875 0.2890625 0.01484375 0.2890625 0.02265625
0 0.559375 0.39921875 0.55703125 0.3375 0.5453125 0.35390625 0.540625 0.38671875 0.55078125 0.3984375 0.559375 0.39921875
0 0.69921875 0.5203125 0.690625 0.55234375 0.7 0.56171875 0.70625 0.53515625 0.69921875 0.5203125