0 0.20859375 1 0.2171875 0.99296875 0.1984375 0.94765625 0.1890625 0.96328125 0.18359375 1 0.20859375 1
0 0.2515625 0.82421875 0.2453125 0.80859375 0.225 0.81328125 0.2171875 0.82578125 0.22109375 0.8359375 0.2515625 0.82421875
0 0.4359375 0.77421875 0.425 0.76171875 0.4125 0.76796875 0.4078125 0.78515625 0.41796875 0.7953125 0.42890625 0.796875 0.4359375 0.79140625 0.4359375 0.77421875
0 0.4609375 0.80078125 0.45 0.78359375 0.4421875 0.80546875 0.45703125 0.8109375 0.4609375 0.80078125
0 0.50390625 0.8859375 0.5140625 0.86171875 0.5015625 0.86328125 0.50390625 0.8859375
0 0.5578125 0.85078125 0.5546875 0.82734375 0.54375 0.83359375 0.54609375 0.85625 0.5578125 0.85078125
0 0.5640625 0.80703125 0.546875 0.80234375 0.5453125 0.81015625 0.55703125 0.8234375 0.5640625 0.80703125
0 0.6546875 0.81953125 0.634375 0.80078125 0.6234375 0.80234375 0.6203125 0.83046875 0.62734375 0.840625 0.64921875 0.846875 0.65625 0.83671875 0.6546875 0.81953125
0 0.759375 0.76796875 0.7546875 0.75390625 0.746875 0.76015625 0.75078125 0.771875 0.759375 0.76796875
0 0.8046875 0.77734375 0.8015625 0.75859375 0.7921875 0.76796875 0.79609375 0.78125 0.8046875 0.77734375
0 0.8234375 0.76015625 0.8171875 0.74609375 0.809375 0.75078125 0.81328125 0.7765625 0.8234375 0.76015625
0 0.5078125 0.48203125 0.5015625 0.47265625 0.48515625 0.475 0.4703125 0.48828125 0.4703125 0.49453125 0.49140625 0.5109375 0.49921875 0.5109375 0.50625 0.50078125 0.5078125 0.48203125
0 0.55390625 0.39375 0.5546875 0.32421875 0.5296875 0.33671875 0.5328125 0.36328125 0.5453125 0.38984375 0.55390625 0.39375
0 0.5390625 0.57890625 0.5375 0.55078125 0.5203125 0.55546875 0.53359375 0.5796875 0.5390625 0.57890625
0 0.665625 0.50859375 0.6578125 0.49609375 0.64375 0.50546875 0.64453125 0.5125 0.665625 0.50859375
0 0.6046875 0.50546875 0.6015625 0.50078125 0.59765625 0.5140625 0.6046875 0.50546875
0 0.7703125 0.25078125 0.7625 0.23984375 0.725 0.24296875 0.7265625 0.29609375 0.74921875 0.309375 0.76875 0.29296875 0.7703125 0.25078125
0 0.884375 0.23359375 0.878125 0.22265625 0.86796875 0.221875 0.853125 0.24140625 0.853125 0.26171875 0.86171875 0.278125 0.884375 0.26328125 0.884375 0.23359375
0 1 0.39765625 0.9921875 0.39296875 0.9828125 0.39609375 0.9796875 0.41328125 0.9859375 0.43984375 0.99921875 0.4484375 1 0.39765625
0 0.4265625 0.39921875 0.4125 0.38359375 0.39375 0.41171875 0.3921875 0.42265625 0.39765625 0.4265625 0.41640625 0.428125 0.425 0.42109375 0.4265625 0.39921875
0 0.3125 0.32734375 0.3046875 0.31015625 0.296875 0.31171875 0.2859375 0.33203125 0.30703125 0.3515625 0.3125 0.32734375
0 0.38125 0.28515625 0.378125 0.26640625 0.3703125 0.27421875 0.37578125 0.2890625 0.38125 0.28515625
0 0.503125 0.28046875 0.496875 0.26640625 0.4890625 0.26953125 0.49140625 0.284375 0.503125 0.28046875
0 0.6078125 0.17421875 0.5953125 0.16640625 0.5859375 0.17265625 0.58125 0.19609375 0.59765625 0.2109375 0.6078125 0.17421875
0 0.5546875 0.10234375 0.55625 0.07265625 0.5265625 0.07265625 0.528125 0.09609375 0.53828125 0.10625 0.5546875 0.10234375
0 0.525 0.03203125 0.51875 0.03046875 0.49375 0.03203125 0.49375 0.07109375 0.50859375 0.0875 0.5171875 0.08046875 0.5265625 0.05078125 0.525 0.03203125
0 0.47734375 0.0125 0.4796875 0.00078125 0.45546875 0 0.45625 0.01171875 0.47734375 0.0125
0 0.3078125 0.00703125 0.3015625 0.00078125 0.2703125 0.00234375 0.2703125 0.03203125 0.28359375 0.0484375 0.3078125 0.00703125
0 0.2390625 0.13046875 0.2296875 0.11953125 0.2171875 0.13359375 0.23203125 0.1515625 0.2390625 0.13046875
0 0.240625 0.09765625 0.2375 0.07890625 0.225 0.08046875 0.22578125 0.0953125 0.240625 0.09765625
0 0.06875 0.02890625 0.065625 0.00078125 0.0453125 0.00078125 0.0453125 0.01796875 0.05546875 0.03125 0.06875 0.02890625
0 0.1171875 0.26015625 0.1140625 0.24609375 0.0984375 0.25234375 0.0984375 0.26015625 0.11015625 0.271875 0.1171875 0.26015625
0 0.0875 0.33203125 0.075 0.32421875 0.0640625 0.32734375 0.07109375 0.35625 0.08125 0.34921875 0.0875 0.33203125
0 0.065625 0.45859375 0.05625 0.41953125 0.0453125 0.43984375 0.04921875 0.4625 0.065625 0.45859375
0 0.4515625 0.20390625 0.4515625 0.17890625 0.4296875 0.19453125 0.44609375 0.2109375 0.4515625 0.20390625
0 0.809375 0.08046875 0.80625 0.06640625 0.796875 0.07109375 0.79375 0.08359375 0.79375 0.09296875 0.80078125 0.0984375 0.809375 0.08046875
0 0.778125 0.03359375 0.775 0.00703125 0.76953125 0.00625 0.7640625 0.01640625 0.76796875 0.040625 0.778125 0.03359375
0 0.8125 0.02265625 0.8109375 0.00703125 0.8015625 0.01015625 0.80234375 0.025 0.8125 0.02265625
0 0.8390625 0.39921875 0.8375 0.38828125 0.8265625 0.39140625 0.82578125 0.403125 0.8390625 0.39921875
0 0.8828125 0.45703125 0.8796875 0.44609375 0.8734375 0.44921875 0.87578125 0.4625 0.8828125 0.45703125
0 0.92578125 0.5609375 0.9234375 0.53828125 0.9171875 0.53984375 0.9171875 0.55390625 0.92578125 0.5609375
0 0.16796875 0.109375 0.1703125 0.09921875 0.16171875 0.0984375 0.159375 0.10859375 0.16796875 0.109375
0 0.1671875 0.06953125 0.1640625 0.05078125 0.1546875 0.05390625 0.15859375 0.0734375 0.1671875 0.06953125
0 0.1828125 0.24765625 0.18125 0.23046875 0.1703125 0.23203125 0.17734375 0.253125 0.1828125 0.24765625
0 0.63828125 0.415625 0.6421875 0.40546875 0.6296875 0.41015625 0.63828125 0.415625
0 0.646875 0.35390625 0.640625 0.34609375 0.634375 0.34921875 0.63671875 0.359375 0.646875 0.35390625
0 0.3203125 0.97578125 0.3125 0.96796875 0.30078125 0.9671875 0.2890625 0.97734375 0.2890625 0.98515625 0.31796875 0.98125 0.3203125 0.97578125
0 0.55703125 0.6625 0.559375 0.60078125 0.55078125 0.6015625 0.540625 0.61328125 0.5453125 0.64609375 0.55703125 0.6625
0 0.70625 0.46484375 0.7 0.43828125 0.690625 0.44765625 0.69921875 0.4796875 0.70625 0.46484375