0 0.621875 0.19453125 0.634375 0.19921875 0.6546875 0.18046875 0.65625 0.16328125 0.64921875 0.153125 0.62421875 0.1609375 0.6203125 0.16953125 0.621875 0.19453125
0 0.18359375 0 0.1921875 0.04921875 0.1984375 0.05234375 0.21875 0.00859375 0.20859375 0 0.18359375 0
0 0.2515625 0.17578125 0.22109375 0.1640625 0.2171875 0.17421875 0.225 0.18671875 0.2453125 0.19140625 0.2515625 0.17578125
0 0.41328125 0.2328125 0.428125 0.23671875 0.4359375 0.22578125 0.4359375 0.20859375 0.42109375 0.203125 0.409375 0.21171875 0.4078125 0.22265625 0.41328125 0.2328125
0 0.45703125 0.1890625 0.4421875 0.19453125 0.45 0.21640625 0.4609375 0.19921875 0.45703125 0.1890625
0 0.54609375 0.14375 0.54375 0.16640625 0.5546875 0.17265625 0.5578125 0.14921875 0.54609375 0.14375
0 0.55703125 0.1765625 0.5453125 0.18984375 0.546875 0.19765625 0.5640625 0.19296875 0.55703125 0.1765625
0 0.3203125 0.02421875 0.31796875 0.01875 0.2890625 0.01484375 0.30078125 0.0328125 0.3125 0.03203125 0.3203125 0.02421875
0 0.79609375 0.21875 0.7921875 0.23203125 0.8015625 0.24140625 0.8046875 0.22265625 0.79609375 0.21875
0 0.81328125 0.2234375 0.809375 0.24921875 0.8171875 0.25390625 0.8234375 0.23984375 0.81328125 0.2234375
0 0.75234375 0.2265625 0.746875 0.24140625 0.75625 0.24609375 0.759375 0.23203125 0.75234375 0.2265625
0 0.4703125 0.51171875 0.48515625 0.525 0.5015625 0.52734375 0.5078125 0.51796875 0.50625 0.49921875 0.49921875 0.4890625 0.49140625 0.4890625 0.4703125 0.50546875 0.4703125 0.51171875
0 0.53359375 0.4203125 0.5203125 0.44453125 0.5375 0.44921875 0.5390625 0.42109375 0.53359375 0.4203125
0 0.553125 0.67578125 0.5578125 0.66796875 0.55390625 0.60625 0.5421875 0.61484375 0.5296875 0.65078125 0.5296875 0.66328125 0.553125 0.67578125
0 0.7625 0.76015625 0.7703125 0.74921875 0.76875 0.70703125 0.74921875 0.690625 0.7265625 0.70390625 0.725 0.75703125 0.7625 0.76015625
0 0.86796875 0.778125 0.878125 0.77734375 0.884375 0.76640625 0.884375 0.73671875 0.86328125 0.721875 0.8546875 0.73203125 0.853125 0.75859375 0.86796875 0.778125
0 0.9921875 0.60703125 1 0.60234375 0.99921875 0.5515625 0.9859375 0.56015625 0.9796875 0.58671875 0.9828125 0.60390625 0.9921875 0.60703125
0 0.5953125 0.83359375 0.6078125 0.82578125 0.603125 0.79296875 0.59765625 0.7890625 0.58125 0.80390625 0.5859375 0.82734375 0.5953125 0.83359375
0 0.5546875 0.89765625 0.53828125 0.89375 0.528125 0.90390625 0.5265625 0.92734375 0.55625 0.92734375 0.5546875 0.89765625
0 0.49375 0.96796875 0.5203125 0.96953125 0.5265625 0.96484375 0.5234375 0.93515625 0.5140625 0.91484375 0.50703125 0.9125 0.49375 0.92890625 0.49375 0.96796875
0 0.3125 0.67265625 0.30703125 0.6484375 0.2859375 0.66796875 0.2984375 0.68984375 0.3046875 0.68984375 0.3125 0.67265625
0 0.39375 0.58828125 0.4078125 0.61484375 0.4140625 0.61484375 0.4265625 0.60078125 0.425 0.57890625 0.41640625 0.571875 0.39765625 0.5734375 0.3921875 0.57734375 0.39375 0.58828125
0 0.4515625 0.79609375 0.44609375 0.7890625 0.4296875 0.80390625 0.44609375 0.821875 0.4515625 0.82109375 0.4515625 0.79609375
0 0.3078125 0.99140625 0.28359375 0.9515625 0.2703125 0.96796875 0.2703125 0.99765625 0.3015625 0.99921875 0.3078125 0.99140625
0 0.23203125 0.8484375 0.2171875 0.86640625 0.2296875 0.88046875 0.2390625 0.86953125 0.23203125 0.8484375
0 0.22578125 0.9046875 0.225 0.91953125 0.2375 0.92109375 0.240625 0.90234375 0.22578125 0.9046875
0 0.0875 0.66953125 0.08125 0.65078125 0.07109375 0.64375 0.0640625 0.67265625 0.075 0.67578125 0.0875 0.66953125
0 0.04921875 0.5375 0.0453125 0.56015625 0.05625 0.58046875 0.065625 0.54140625 0.04921875 0.5375
0 0.10859375 0.7296875 0.0984375 0.74609375 0.1125 0.75390625 0.115625 0.73359375 0.10859375 0.7296875
0 0.06875 0.97109375 0.05546875 0.96875 0.0453125 0.98203125 0.0453125 0.99921875 0.065625 0.99921875 0.06875 0.97109375
0 0.5140625 0.13828125 0.50390625 0.1140625 0.5015625 0.13671875 0.5140625 0.13828125
0 0.73828125 0.0515625 0.734375 0.06640625 0.74375 0.06953125 0.74375 0.05390625 0.73828125 0.0515625
0 0.64453125 0.4859375 0.64375 0.49609375 0.659375 0.50390625 0.6671875 0.49140625 0.64453125 0.4859375