0 0.215625 0.99765625 0.2046875 0.94765625 0.196875 0.95078125 0.184375 0.97734375 0.18359375 1 0.215625 0.99765625
0 0.2546875 0.82265625 0.240625 0.80859375 0.22421875 0.809375 0.21875 0.82265625 0.23984375 0.8375 0.25234375 0.8390625 0.2546875 0.82265625
0 0.4359375 0.77421875 0.428125 0.76328125 0.41328125 0.7671875 0.4078125 0.77734375 0.4078125 0.78671875 0.42109375 0.796875 0.4359375 0.79140625 0.4359375 0.77421875
0 0.4609375 0.80546875 0.45625 0.78203125 0.44375 0.79296875 0.44609375 0.8109375 0.4609375 0.80546875
0 0.50390625 0.8859375 0.515625 0.86171875 0.5015625 0.86328125 0.50390625 0.8859375
0 0.559375 0.85390625 0.5546875 0.82734375 0.54375 0.83515625 0.54375 0.85234375 0.55078125 0.85625 0.559375 0.85390625
0 0.5640625 0.80703125 0.55 0.80234375 0.54375 0.80703125 0.55703125 0.8234375 0.5640625 0.80703125
0 0.6546875 0.81953125 0.634375 0.80078125 0.621875 0.80546875 0.6203125 0.83046875 0.62421875 0.8390625 0.64765625 0.846875 0.65625 0.83671875 0.6546875 0.81953125
0 0.759375 0.76796875 0.7546875 0.75390625 0.746875 0.76015625 0.75078125 0.771875 0.759375 0.76796875
0 0.8046875 0.77578125 0.8015625 0.75859375 0.7921875 0.76796875 0.79765625 0.78125 0.8046875 0.77578125
0 0.8234375 0.76640625 0.8203125 0.74609375 0.809375 0.75390625 0.81640625 0.7765625 0.8234375 0.76640625
0 0.50625 0.49453125 0.4875 0.47109375 0.47421875 0.4703125 0.46875 0.47890625 0.4703125 0.50078125 0.47734375 0.5109375 0.49453125 0.50625 0.50625 0.49453125
0 0.53828125 0.5546875 0.528125 0.55078125 0.5203125 0.55859375 0.52265625 0.58125 0.5390625 0.56171875 0.53828125 0.5546875
0 0.5578125 0.38984375 0.55625 0.32578125 0.54609375 0.325 0.5296875 0.33671875 0.5328125 0.36328125 0.54375 0.38828125 0.55234375 0.39375 0.5578125 0.38984375
0 0.5828125 0.38671875 0.58125 0.36328125 0.5671875 0.37421875 0.57265625 0.39375 0.5828125 0.38671875
0 0.7703125 0.25078125 0.7625 0.23984375 0.725 0.24296875 0.7265625 0.29609375 0.74765625 0.309375 0.76015625 0.3046875 0.76875 0.29296875 0.7703125 0.25078125
0 0.884375 0.24453125 0.86875 0.22109375 0.8546875 0.23046875 0.8515625 0.25390625 0.85859375 0.26875 0.87578125 0.2765625 0.884375 0.24453125
0 1 0.39765625 0.9921875 0.39296875 0.9828125 0.39609375 0.9796875 0.41328125 0.9859375 0.43984375 0.99921875 0.4484375 1 0.39765625
0 0.6078125 0.17421875 0.5953125 0.16640625 0.5859375 0.17265625 0.58125 0.19609375 0.59921875 0.2109375 0.6078125 0.17421875
0 0.5578125 0.07421875 0.5390625 0.07109375 0.5265625 0.07265625 0.5265625 0.09140625 0.53203125 0.1015625 0.54609375 0.1078125 0.55625 0.09921875 0.5578125 0.07421875
0 0.51875 0.03828125 0.5078125 0.03046875 0.4921875 0.03828125 0.4921875 0.04765625 0.5046875 0.08203125 0.51328125 0.0859375 0.525 0.07421875 0.525 0.06328125 0.51875 0.03828125
0 0.47734375 0.0125 0.4796875 0.00078125 0.45546875 0 0.4546875 0.00546875 0.45859375 0.0140625 0.47734375 0.0125
0 0.3078125 0.00703125 0.3015625 0.00078125 0.2703125 0.00234375 0.2703125 0.03203125 0.28359375 0.0484375 0.3078125 0.00703125
0 0.2421875 0.13671875 0.2359375 0.11953125 0.221875 0.12890625 0.22890625 0.1515625 0.2421875 0.13671875
0 0.240625 0.09765625 0.2375 0.07890625 0.225 0.08046875 0.22578125 0.0953125 0.240625 0.09765625
0 0.065625 0.02109375 0.0671875 0.00078125 0.046875 0.00078125 0.04296875 0.0296875 0.05546875 0.03125 0.065625 0.02109375
0 0.3125 0.32734375 0.3046875 0.31015625 0.296875 0.31171875 0.2859375 0.33203125 0.30859375 0.3515625 0.3125 0.32734375
0 0.428125 0.41640625 0.40625 0.37734375 0.3921875 0.40078125 0.39375 0.42109375 0.40234375 0.428125 0.42421875 0.4265625 0.428125 0.41640625
0 0.38125 0.28515625 0.378125 0.26640625 0.3703125 0.27421875 0.37578125 0.2890625 0.38125 0.28515625
0 0.4515625 0.20390625 0.4515625 0.17890625 0.4296875 0.19609375 0.44609375 0.2109375 0.4515625 0.20390625
0 0.0875 0.33046875 0.075 0.32421875 0.0640625 0.32734375 0.07109375 0.35625 0.08125 0.34921875 0.0875 0.33046875
0 0.115625 0.26640625 0.1125 0.24609375 0.0984375 0.25390625 0.10859375 0.2703125 0.115625 0.26640625
0 0.0640625 0.45859375 0.0578125 0.42265625 0.05 0.42578125 0.0453125 0.44921875 0.05078125 0.4625 0.0640625 0.45859375
0 0.6671875 0.50859375 0.6578125 0.49609375 0.6453125 0.50234375 0.64453125 0.5125 0.6671875 0.50859375
0 0.5625 0.61171875 0.5578125 0.60078125 0.55 0.60546875 0.55390625 0.6203125 0.5625 0.61171875
0 0.503125 0.28046875 0.496875 0.26640625 0.4890625 0.26953125 0.49140625 0.284375 0.503125 0.28046875
0 0.50234375 0.3234375 0.4984375 0.30078125 0.49375 0.30703125 0.50234375 0.3234375
0 0.31875 0.97265625 0.30625 0.96640625 0.2890625 0.97734375 0.29140625 0.9875 0.31875 0.98046875 0.31875 0.97265625
0 0.5140625 0.97421875 0.5109375 0.96796875 0.5046875 0.96953125 0.50703125 0.978125 0.5140625 0.97421875
0 0.8828125 0.45703125 0.8796875 0.44609375 0.8734375 0.44921875 0.87578125 0.4625 0.8828125 0.45703125
0 0.92578125 0.5609375 0.9234375 0.53828125 0.9171875 0.53984375 0.9171875 0.55390625 0.92578125 0.5609375
0 0.80625 0.09140625 0.8078125 0.06796875 0.796875 0.07265625 0.79765625 0.096875 0.80625 0.09140625
0 0.778125 0.03203125 0.775 0.00703125 0.7640625 0.01640625 0.7640625 0.03515625 0.76953125 0.040625 0.778125 0.03203125
0 0.8125 0.02265625 0.8109375 0.00703125 0.8015625 0.01015625 0.80234375 0.025 0.8125 0.02265625
0 0.8390625 0.39765625 0.8390625 0.38984375 0.8265625 0.39296875 0.82734375 0.403125 0.8390625 0.39765625
0 0.44765625 0.4484375 0.4609375 0.42578125 0.45234375 0.425 0.4453125 0.43359375 0.44765625 0.4484375
0 0.6484375 0.35390625 0.640625 0.34296875 0.6328125 0.35078125 0.63984375 0.3625 0.6484375 0.35390625
0 0.63671875 0.4171875 0.6421875 0.40546875 0.6296875 0.40703125 0.63671875 0.4171875
0 0.6046875 0.50546875 0.6015625 0.50078125 0.59765625 0.5140625 0.6046875 0.50546875