0 0.2671875 0.92578125 0.2921875 0.94453125 0.3015625 0.93515625 0.3015625 0.91171875 0.3109375 0.88984375 0.3046875 0.87109375 0.3171875 0.84296875 0.3234375 0.78515625 0.3296875 0.78515625 0.334375 0.79609375 0.334375 0.85390625 0.340625 0.86796875 0.35625 0.88203125 0.36015625 0.89375 0.38671875 0.903125 0.39765625 0.9 0.40625 0.88828125 0.40625 0.84765625 0.4390625 0.80546875 0.4453125 0.73203125 0.4390625 0.56328125 0.4203125 0.54765625 0.4125 0.49453125 0.41875 0.44296875 0.4375 0.42734375 0.4390625 0.38671875 0.43125 0.34765625 0.42109375 0.3390625 0.39140625 0.35 0.36796875 0.3953125 0.33671875 0.3875 0.31171875 0.4 0.3078125 0.39140625 0.3171875 0.36171875 0.3109375 0.33203125 0.30234375 0.321875 0.28671875 0.31875 0.2578125 0.36015625 0.259375 0.38671875 0.24921875 0.4125 0.2140625 0.40546875 0.2203125 0.37109375 0.215625 0.34609375 0.20703125 0.3328125 0.19375 0.33828125 0.1875 0.44140625 0.178125 0.44765625 0.171875 0.46796875 0.1546875 0.47890625 0.1484375 0.51015625 0.13515625 0.5078125 0.1203125 0.52109375 0.1359375 0.55234375 0.11484375 0.5703125 0.08671875 0.55625 0.0703125 0.60078125 0.08203125 0.6390625 0.0890625 0.63828125 0.09453125 0.6109375 0.11484375 0.6015625 0.1296875 0.61015625 0.1296875 0.63359375 0.1140625 0.66328125 0.1453125 0.71171875 0.146875 0.76015625 0.17265625 0.784375 0.18671875 0.7828125 0.20078125 0.7671875 0.23046875 0.771875 0.2265625 0.77734375 0.2328125 0.78046875 0.21328125 0.784375 0.2234375 0.78828125 0.21171875 0.7953125 0.20234375 0.7921875 0.19921875 0.8 0.18671875 0.8 0.18828125 0.809375 0.17265625 0.803125 0.15703125 0.846875 0.146875 0.81640625 0.1375 0.81328125 0.13671875 0.80625 0.13125 0.80859375 0.13125 0.82109375 0.1140625 0.85546875 0.11875 0.87578125 0.109375 0.87890625 0.11328125 0.909375 0.11875 0.88359375 0.1203125 0.93671875 0.13125 0.93671875 0.13125 0.88671875 0.13984375 0.8734375 0.165625 0.87890625 0.17578125 0.9203125 0.19140625 0.921875 0.21015625 0.9140625 0.22109375 0.925 0.23515625 0.9234375 0.240625 0.90078125 0.2296875 0.86640625 0.24296875 0.859375 0.265625 0.90234375 0.2671875 0.92578125
0 0 0.65234375 0.0296875 0.65703125 0.05078125 0.65625 0.059375 0.64921875 0.059375 0.56640625 0.05390625 0.559375 0.02421875 0.553125 0 0.62265625 0 0.65234375
0 0 0.67265625 0.009375 0.66328125 0.00234375 0.659375 0.015625 0.66015625 0.0125 0.67109375 0.01796875 0.6796875 0.03515625 0.6640625 0.0453125 0.66796875 0.040625 0.70234375 0.03125 0.71328125 0.0265625 0.74296875 0.0140625 0.75859375 0.009375 0.78984375 0.01015625 0.7984375 0.021875 0.80078125 0.0125 0.84453125 0.040625 0.87109375 0.028125 0.88984375 0.0296875 0.90859375 0.0390625 0.91171875 0.05546875 0.9125 0.065625 0.89921875 0.059375 0.87890625 0.059375 0.56171875 0.02265625 0.5546875 0 0.62109375 0 0.67265625
0 0.0578125 0.44453125 0.0625 0.46171875 0.08203125 0.4609375 0.0890625 0.45234375 0.0796875 0.43984375 0.0875 0.40078125 0.08203125 0.3609375 0.0765625 0.37578125 0.0765625 0.41640625 0.0578125 0.44453125
0 0.01875 0.40859375 0.0296875 0.42578125 0.0390625 0.42265625 0.04375 0.40546875 0.03671875 0.3953125 0.02578125 0.3921875 0.01875 0.40859375
0 0.03125 0.48828125 0.0375 0.49296875 0.04375 0.48984375 0.0421875 0.46640625 0.0515625 0.45859375 0.03984375 0.43125 0.03125 0.45078125 0.03125 0.48828125
0 0 0.37109375 0.00625 0.37421875 0.0125 0.37421875 0.0078125 0.35234375 0.0125 0.31640625 0.00078125 0.3140625 0 0.37109375
0 0.075 0.32265625 0.08125 0.33984375 0.096875 0.33046875 0.096875 0.32265625 0.08671875 0.315625 0.075 0.32265625
0 0.303125 0.98984375 0.2984375 0.99921875 0.353125 0.99921875 0.29609375 0.9453125 0.28125 0.97421875 0.28828125 0.984375 0.303125 0.98984375
0 0.409375 0.94453125 0.4109375 0.99921875 0.6 0.99921875 0.58046875 0.9875 0.44609375 0.9890625 0.4421875 0.91953125 0.43203125 0.9125 0.409375 0.94453125
0 0.60546875 0.9875 0.6125 0.99921875 0.71015625 1 0.72421875 0.9828125 0.79140625 0.9890625 0.87265625 0.9875 0.8859375 0.98203125 0.8859375 0.93515625 0.88046875 0.9328125 0.8671875 0.95703125 0.8609375 0.95703125 0.85859375 0.9703125 0.84140625 0.9703125 0.84140625 0.95625 0.8328125 0.96171875 0.834375 0.94765625 0.825 0.93359375 0.828125 0.92734375 0.82265625 0.925 0.81796875 0.93125 0.7984375 0.91328125 0.8 0.88046875 0.7828125 0.87578125 0.7875 0.86484375 0.78125 0.84921875 0.7890625 0.84453125 0.78671875 0.8390625 0.79921875 0.846875 0.8125 0.83984375 0.82265625 0.7953125 0.8203125 0.80859375 0.8265625 0.81171875 0.8265625 0.78671875 0.84140625 0.784375 0.84765625 0.796875 0.88359375 0.7984375 0.896875 0.75703125 0.8875 0.70390625 0.8875 0.59921875 0.8828125 0.56640625 0.8734375 0.54765625 0.8921875 0.48203125 0.89375 0.44140625 0.8859375 0.42109375 0.8859375 0.39140625 0.88203125 0.3828125 0.86015625 0.384375 0.84921875 0.359375 0.81484375 0.3546875 0.79765625 0.3203125 0.78125 0.32421875 0.759375 0.36015625 0.759375 0.37890625 0.74375 0.38984375 0.740625 0.40546875 0.72265625 0.4328125 0.69765625 0.43125 0.68984375 0.4140625 0.67109375 0.4125 0.64765625 0.43125 0.59453125 0.4328125 0.58203125 0.44375 0.56953125 0.43125 0.54453125 0.428125 0.50234375 0.4609375 0.47890625 0.4546875 0.45703125 0.4375 0.44765625 0.4359375 0.44375 0.44140625 0.4453125 0.51484375 0.48046875 0.546875 0.50546875 0.546875 0.51640625 0.5375 0.53828125 0.5359375 0.5703125 0.55859375 0.5765625 0.57890625 0.57265625 0.6015625 0.51875 0.61953125 0.503125 0.64453125 0.515625 0.66328125 0.5171875 0.67890625 0.51015625 0.6828125 0.50078125 0.678125 0.490625 0.68671875 0.5 0.73359375 0.484375 0.74765625 0.4828125 0.76015625 0.496875 0.78984375 0.4984375 0.80703125 0.484375 0.80703125 0.48125 0.81953125 0.46875 0.82734375 0.46875 0.84140625 0.4765625 0.85078125 0.471875 0.86953125 0.484375 0.88671875 0.490625 0.94140625 0.509375 0.96171875 0.51328125 0.9859375 0.60546875 0.9875
0 0.915625 0.79921875 0.93125 0.80390625 0.94375 0.80078125 0.946875 0.77890625 0.9578125 0.76484375 0.95703125 0.73125 0.94609375 0.7421875 0.93203125 0.7453125 0.9203125 0.77265625 0.9078125 0.77890625 0.915625 0.79921875
0 0.9203125 0.89140625 0.9234375 0.92578125 0.93125 0.92421875 0.95234375 0.884375 0.9703125 0.88359375 0.9703125 0.86796875 0.95234375 0.821875 0.93671875 0.825 0.9296875 0.83515625 0.934375 0.86171875 0.9203125 0.89140625
0 1 0.51953125 0.9796875 0.49765625 0.97578125 0.4703125 0.95859375 0.4890625 0.93984375 0.478125 0.9234375 0.50078125 0.928125 0.54140625 0.91875 0.54921875 0.915625 0.57890625 0.92890625 0.60625 0.9515625 0.61328125 0.96875 0.61015625 0.9890625 0.54609375 1 0.54296875 1 0.51953125
0 1 0.51953125 0.9796875 0.49609375 0.97734375 0.4703125 0.95859375 0.4859375 0.93984375 0.478125 0.9234375 0.49921875 0.928125 0.53671875 0.9171875 0.55234375 0.915625 0.58203125 0.925 0.60703125 0.9203125 0.63203125 0.9078125 0.64296875 0.909375 0.66015625 0.915625 0.66640625 0.9453125 0.64140625 0.9421875 0.61640625 0.96484375 0.615625 0.978125 0.60078125 0.9828125 0.56328125 0.9890625 0.54765625 1 0.54453125 1 0.51953125
0 0.7171875 0.32578125 0.7265625 0.33046875 0.75546875 0.3015625 0.77890625 0.3203125 0.84140625 0.31875 0.8484375 0.31328125 0.8359375 0.29921875 0.840625 0.28671875 0.83203125 0.2765625 0.80234375 0.26875 0.79375 0.25859375 0.7859375 0.23203125 0.8 0.21015625 0.79453125 0.2 0.77109375 0.196875 0.7640625 0.23046875 0.75546875 0.234375 0.74296875 0.228125 0.73203125 0.240625 0.709375 0.20546875 0.70859375 0.1890625 0.69765625 0.1953125 0.66640625 0.15625 0.63984375 0.15625 0.6359375 0.16953125 0.640625 0.17734375 0.67734375 0.19375 0.69375 0.21953125 0.6953125 0.26484375 0.7125 0.28359375 0.725 0.31015625 0.7171875 0.32578125
0 0.9140625 0.40078125 0.925 0.41171875 0.93046875 0.4125 0.95234375 0.3890625 0.96328125 0.3921875 0.9703125 0.38671875 0.96484375 0.3578125 0.95234375 0.3578125 0.92734375 0.3453125 0.90625 0.35390625 0.9015625 0.37265625 0.921875 0.37890625 0.9140625 0.40078125
0 0.94375 0.31328125 0.9484375 0.34140625 0.9625 0.33828125 0.9703125 0.32734375 0.96796875 0.315625 0.94375 0.31328125
0 0.8765625 0.26953125 0.890625 0.28046875 0.90703125 0.2796875 0.9140625 0.26328125 0.9140625 0.25234375 0.90078125 0.2390625 0.875 0.25703125 0.8765625 0.26953125
0 0.8953125 0.09921875 0.9125 0.11796875 0.934375 0.10390625 0.9359375 0.07109375 0.95 0.06015625 0.94296875 0.003125 0.91328125 0.01875 0.88828125 0.0234375 0.8828125 0.03203125 0.8953125 0.09921875
0 0.9859375 0.26953125 0.9984375 0.27734375 0.99921875 0.2359375 0.984375 0.25234375 0.9859375 0.26953125
0 0.975 0.17734375 0.9828125 0.19609375 0.996875 0.18671875 0.9984375 0.17265625 0.98984375 0.1578125 0.9796875 0.16328125 0.975 0.17734375
0 0.9734375 0.13828125 0.9828125 0.14609375 0.9984375 0.13515625 0.99140625 0.11875 0.971875 0.12578125 0.9734375 0.13828125
0 0.8328125 0.14296875 0.83125 0.17421875 0.8625 0.15078125 0.85859375 0.13125 0.85234375 0.1296875 0.8328125 0.14296875
0 0.8796875 0.15546875 0.884375 0.17109375 0.8984375 0.16328125 0.896875 0.15078125 0.88515625 0.1453125 0.8796875 0.15546875
0 0.440625 0.28359375 0.4484375 0.28671875 0.4671875 0.28203125 0.47265625 0.253125 0.51875 0.26796875 0.5078125 0.20546875 0.48515625 0.184375 0.47265625 0.1859375 0.46328125 0.2046875 0.43984375 0.1953125 0.4203125 0.22578125 0.440625 0.28359375
0 0.5015625 0.36640625 0.53125 0.39453125 0.54140625 0.39375 0.559375 0.37265625 0.5734375 0.33828125 0.57109375 0.33125 0.55625 0.32890625 0.55 0.31796875 0.55234375 0.309375 0.58125 0.32421875 0.59765625 0.3671875 0.60703125 0.365625 0.62578125 0.3453125 0.64296875 0.346875 0.65 0.32265625 0.6359375 0.31796875 0.62734375 0.3 0.59296875 0.29375 0.57890625 0.3 0.56015625 0.2765625 0.53515625 0.275 0.51875 0.29296875 0.51875 0.30546875 0.528125 0.31796875 0.5265625 0.34140625 0.5046875 0.35234375 0.5015625 0.36640625
0 0.44375 0.40078125 0.478125 0.41484375 0.4828125 0.41484375 0.4921875 0.39296875 0.4984375 0.35703125 0.49296875 0.3484375 0.4765625 0.35078125 0.48046875 0.321875 0.45078125 0.3203125 0.44375 0.32890625 0.4421875 0.34609375 0.44375 0.40078125
0 0.3390625 0.29453125 0.34375 0.29765625 0.36328125 0.2875 0.4 0.24296875 0.4015625 0.22734375 0.390625 0.21640625 0.3984375 0.19765625 0.38671875 0.18125 0.371875 0.18515625 0.3734375 0.20234375 0.359375 0.21171875 0.3515625 0.23046875 0.3390625 0.26953125 0.3390625 0.29453125
0 0.45625 0.15546875 0.465625 0.16484375 0.47421875 0.1640625 0.4890625 0.14609375 0.49375 0.12265625 0.48828125 0.1140625 0.46953125 0.1171875 0.4546875 0.13203125 0.45625 0.15546875
0 0.3953125 0.17421875 0.40625 0.17734375 0.42265625 0.1765625 0.428125 0.17109375 0.4265625 0.16015625 0.39609375 0.1609375 0.3953125 0.17421875
0 0.3671875 0.11015625 0.3734375 0.11640625 0.38828125 0.1171875 0.39375 0.11171875 0.38671875 0.0875 0.3703125 0.09609375 0.3671875 0.11015625
0 0.0046875 0.10234375 0.0109375 0.11015625 0.0453125 0.07890625 0.0640625 0.04609375 0.0984375 0.02109375 0.10859375 0 0 0.00234375 0.0046875 0.10234375
0 0.15 0.17421875 0.1515625 0.19453125 0.16875 0.19140625 0.16640625 0.16875 0.15 0.17421875
0 0.19375 0.19765625 0.1953125 0.21640625 0.2046875 0.20859375 0.20546875 0.1921875 0.19375 0.19765625
0 0.21875 0.11796875 0.225 0.13203125 0.2390625 0.12734375 0.2390625 0.11640625 0.22265625 0.1015625 0.21875 0.11796875
0 0.290625 0.12421875 0.29375 0.14921875 0.2984375 0.14921875 0.3015625 0.13515625 0.29609375 0.1203125 0.290625 0.12421875
0 0.2515625 0.08828125 0.265625 0.09921875 0.271875 0.09453125 0.25234375 0.0828125 0.2515625 0.08828125
0 0.453125 0.00703125 0.4546875 0.02578125 0.46328125 0.0265625 0.4703125 0.01484375 0.46484375 0 0.453125 0.00703125
0 0.1078125 0.47109375 0.1125 0.48671875 0.12109375 0.4859375 0.13203125 0.4703125 0.14921875 0.4765625 0.159375 0.44453125 0.13359375 0.4390625 0.1078125 0.47109375
0 0.0625 0.84921875 0.0671875 0.85234375 0.078125 0.85078125 0.0859375 0.82421875 0.1 0.80859375 0.09921875 0.734375 0.08046875 0.734375 0.0703125 0.75078125 0.06875 0.76796875 0.0796875 0.77421875 0.084375 0.80078125 0.0703125 0.81171875 0.0625 0.82890625 0.0625 0.84921875
0 0.1046875 0.71640625 0.1234375 0.80546875 0.12890625 0.79375 0.13671875 0.8015625 0.1375 0.79453125 0.1171875 0.72421875 0.115625 0.68828125 0.10859375 0.6859375 0.1046875 0.71640625