0 0.440625 0.34609375 0.45625 0.34921875 0.484375 0.34609375 0.484375 0.22734375 0.4921875 0.19921875 0.484375 0.16953125 0.4828125 0.10078125 0.47578125 0.0890625 0.45 0.07421875 0.4578125 0.05703125 0.45078125 0.046875 0.38671875 0.0484375 0.35625 0.10703125 0.3578125 0.16015625 0.37265625 0.178125 0.409375 0.18671875 0.4078125 0.22578125 0.4 0.24296875 0.4 0.29140625 0.440625 0.34609375
0 0.50390625 0.5046875 0.5203125 0.52265625 0.5296875 0.51640625 0.5453125 0.47734375 0.5453125 0.43359375 0.525 0.35390625 0.4984375 0.31328125 0.4984375 0.29296875 0.5109375 0.25859375 0.5109375 0.22890625 0.50625 0.20078125 0.484375 0.15703125 0.4828125 0.07109375 0.47734375 0.0765625 0.471875 0.07109375 0.46171875 0.046875 0.37421875 0.046875 0.37265625 0.0609375 0.359375 0.05390625 0.353125 0.12265625 0.359375 0.34765625 0.4390625 0.34921875 0.434375 0.36328125 0.446875 0.45234375 0.475 0.48046875 0.47578125 0.5078125 0.50390625 0.5046875
0 0 0.79765625 0.0078125 0.80390625 0.0046875 0.81015625 0.01171875 0.8109375 0.01328125 0.8046875 0.03046875 0.8078125 0.04921875 0.83125 0.07578125 0.828125 0.10703125 0.8015625 0.12265625 0.80625 0.1421875 0.82890625 0.15 0.87734375 0.1453125 0.92578125 0.15625 0.99921875 0.21015625 1 0.25390625 0.975 0.2625 0.98671875 0.25546875 0.9796875 0.25 0.98359375 0.2546875 0.98828125 0.2484375 0.99453125 0.25234375 1 0.27421875 0.9984375 0.27734375 0.9859375 0.28046875 1 0.29140625 0.9984375 0.29296875 0.990625 0.2984375 0.99296875 0.2984375 0.94609375 0.28671875 0.940625 0.28125 0.94609375 0.27734375 0.9828125 0.2703125 0.94921875 0.2765625 0.92421875 0.275 0.77578125 0.265625 0.74140625 0.2703125 0.71953125 0.2921875 0.69921875 0.3078125 0.66484375 0.303125 0.62578125 0.309375 0.61328125 0.3171875 0.52421875 0.340625 0.46171875 0.35625 0.44765625 0.3640625 0.43046875 0.3515625 0.36953125 0.35625 0.35390625 0.353125 0.15390625 0.33984375 0.140625 0.31328125 0.1546875 0.28046875 0.1515625 0.2640625 0.12421875 0.2625 0.08671875 0.23984375 0.046875 0.20703125 0.05 0.1890625 0.07578125 0.19375 0.09140625 0.2125 0.11015625 0.21875 0.16171875 0.203125 0.20546875 0.1671875 0.24453125 0.1546875 0.29453125 0.1484375 0.36796875 0.140625 0.39140625 0.153125 0.50234375 0.14375 0.55703125 0.1421875 0.66796875 0.11953125 0.675 0.10390625 0.6953125 0.08203125 0.7 0.05859375 0.7359375 0 0.77734375 0 0.79765625
0 0 0.70234375 0.025 0.72734375 0.0359375 0.72578125 0.0484375 0.69296875 0.06796875 0.6640625 0.09296875 0.6734375 0.109375 0.64765625 0.1015625 0.59765625 0.1203125 0.57890625 0.115625 0.55546875 0.1328125 0.53046875 0.140625 0.50390625 0.140625 0.44765625 0.12421875 0.4203125 0.1171875 0.42421875 0.11953125 0.43125 0.109375 0.43203125 0.1109375 0.45234375 0.1203125 0.46328125 0.11640625 0.475 0.10234375 0.4640625 0.08515625 0.4703125 0.0546875 0.44609375 0.04296875 0.4265625 0.02265625 0.43125 0.0140625 0.44765625 0.021875 0.49140625 0.0046875 0.54140625 0 0.70234375
0 0.0421875 0.26015625 0.0484375 0.26796875 0.0625 0.26171875 0.0890625 0.21171875 0.0859375 0.19765625 0.06953125 0.18125 0.04765625 0.1875 0.0375 0.20859375 0.0421875 0.26015625
0 0 0.99921875 0.1390625 0.99921875 0.146875 0.98203125 0.1390625 0.91171875 0.146875 0.88515625 0.1375 0.86328125 0.1390625 0.84765625 0.12265625 0.81875 0.11015625 0.825 0.08515625 0.825 0.05390625 0.84375 0.04765625 0.8578125 0.02890625 0.86875 0.01484375 0.8703125 0 0.85078125 0 0.99921875
0 0.66015625 1 0.6671875 0.98046875 0.6703125 0.89140625 0.665625 0.74296875 0.65078125 0.734375 0.31171875 0.7328125 0.3109375 0.89921875 0.321875 0.93359375 0.3203125 0.96484375 0.3265625 0.96640625 0.32734375 0.9578125 0.3328125 0.96171875 0.328125 0.96953125 0.3453125 0.98984375 0.3453125 0.99921875 0.35703125 1 0.3578125 0.98828125 0.38046875 0.971875 0.40703125 0.9875 0.41328125 1 0.45546875 1 0.4640625 0.99296875 0.45390625 0.9890625 0.47265625 0.9875 0.46796875 1 0.66015625 1
0 0.76796875 0.9265625 0.790625 0.94453125 0.80078125 0.928125 0.81328125 0.9359375 0.828125 0.93046875 0.85 0.88515625 0.8484375 0.86953125 0.828125 0.83515625 0.834375 0.81640625 0.8203125 0.78515625 0.81875 0.74765625 0.76875 0.65859375 0.7625 0.62265625 0.753125 0.60703125 0.75625 0.58515625 0.71015625 0.5609375 0.67109375 0.553125 0.6421875 0.56640625 0.6453125 0.57734375 0.628125 0.59765625 0.6234375 0.66640625 0.6140625 0.67890625 0.6265625 0.70703125 0.6109375 0.72578125 0.65859375 0.7328125 0.6703125 0.74296875 0.671875 0.85390625 0.690625 0.87890625 0.6890625 0.88984375 0.6984375 0.91171875 0.75234375 0.93125 0.76796875 0.9265625
0 0.8484375 0.98515625 0.8484375 0.99921875 0.98046875 1 0.9859375 0.96953125 0.96875 0.94921875 0.971875 0.92109375 0.95625 0.90546875 0.94921875 0.884375 0.92890625 0.884375 0.909375 0.87578125 0.88828125 0.8078125 0.86640625 0.8125 0.85390625 0.83125 0.8296875 0.80703125 0.8203125 0.78203125 0.8171875 0.74140625 0.7671875 0.65546875 0.7640625 0.62578125 0.753125 0.60390625 0.753125 0.58203125 0.68203125 0.553125 0.64453125 0.5640625 0.6421875 0.58203125 0.6265625 0.60234375 0.6234375 0.66640625 0.6171875 0.67890625 0.625 0.70859375 0.6125 0.72578125 0.66015625 0.734375 0.671875 0.74609375 0.671875 0.85234375 0.6953125 0.90859375 0.70546875 0.91875 0.75078125 0.93125 0.76171875 0.925 0.76796875 0.9390625 0.77890625 0.9359375 0.78828125 0.9453125 0.79609375 0.9375 0.81796875 0.9390625 0.83359375 0.93125 0.84296875 0.9453125 0.85703125 0.94375 0.8625 0.96171875 0.8484375 0.98515625
0 0.3109375 0.70234375 0.3125 0.72734375 0.33828125 0.721875 0.39140625 0.728125 0.4015625 0.70703125 0.403125 0.68515625 0.37890625 0.6796875 0.35859375 0.6953125 0.353125 0.67890625 0.34609375 0.6765625 0.32890625 0.696875 0.3109375 0.70234375
0 0.559375 0.65546875 0.5703125 0.66484375 0.58125 0.65703125 0.5921875 0.62578125 0.584375 0.60390625 0.5875 0.51796875 0.59375 0.48984375 0.603125 0.48515625 0.6 0.37890625 0.58828125 0.34375 0.5796875 0.34921875 0.57890625 0.375 0.55546875 0.3734375 0.5484375 0.38203125 0.55 0.40390625 0.56875 0.41953125 0.5703125 0.42890625 0.5640625 0.47421875 0.55625 0.48359375 0.565625 0.50234375 0.565625 0.54140625 0.5609375 0.56171875 0.5484375 0.57265625 0.546875 0.59609375 0.559375 0.65546875
0 0.9765625 0.30234375 0.98125 0.36015625 0.9953125 0.35703125 0.9984375 0.30390625 0.9765625 0.25546875 0.9609375 0.24296875 0.9515625 0.21328125 0.93203125 0.20625 0.9265625 0.21640625 0.9421875 0.26328125 0.965625 0.28046875 0.9765625 0.30234375
0 0.95078125 0.0828125 0.9953125 0.08984375 1 0.08984375 0.99921875 0.059375 0.99140625 0.0671875 0.95546875 0.0609375 0.9453125 0.06796875 0.95078125 0.0828125
0 0.9109375 0.00078125 0.98125 0.05703125 0.9875 0.04921875 0.9734375 0.01640625 0.95859375 0 0.9109375 0.00078125
0 0.8109375 0.20859375 0.815625 0.21640625 0.86328125 0.1984375 0.86953125 0.1890625 0.88984375 0.19375 0.896875 0.17890625 0.8984375 0.14296875 0.86015625 0.13125 0.83984375 0.146875 0.83125 0.15703125 0.8296875 0.17734375 0.8140625 0.18046875 0.8109375 0.20859375
0 0.825 0.28203125 0.834375 0.29921875 0.84140625 0.2984375 0.8671875 0.26796875 0.8703125 0.23203125 0.86328125 0.2234375 0.8546875 0.23203125 0.846875 0.26640625 0.825 0.28203125
0 0.7453125 0.40859375 0.759375 0.42421875 0.77421875 0.4203125 0.79375 0.40390625 0.7984375 0.35859375 0.796875 0.32578125 0.79140625 0.31875 0.76640625 0.3203125 0.7546875 0.33203125 0.75625 0.38359375 0.7453125 0.40859375
0 0.765625 0.16484375 0.78125 0.18828125 0.78671875 0.1890625 0.80546875 0.165625 0.81875 0.15859375 0.8234375 0.14609375 0.8203125 0.12890625 0.79921875 0.1140625 0.79296875 0.115625 0.7859375 0.10390625 0.79140625 0.09375 0.79765625 0.1078125 0.8125 0.09765625 0.8171875 0.04921875 0.80703125 0.04375 0.79453125 0.0484375 0.76953125 0.0453125 0.7578125 0.03984375 0.771875 0.03984375 0.771875 0.02890625 0.76328125 0.028125 0.73203125 0.0484375 0.6984375 0.05546875 0.69375 0.09921875 0.70859375 0.115625 0.72578125 0.1140625 0.72890625 0.1 0.740625 0.11015625 0.75 0.13359375 0.74453125 0.1375 0.7359375 0.13046875 0.73671875 0.1390625 0.7453125 0.13984375 0.7421875 0.16796875 0.77109375 0.159375 0.765625 0.16484375
0 0.74375 0.25390625 0.7578125 0.26015625 0.76875 0.25078125 0.76875 0.23515625 0.76015625 0.225 0.74453125 0.2265625 0.74375 0.25390625
0 0.6890625 0.22109375 0.7046875 0.22734375 0.7140625 0.21953125 0.7140625 0.19609375 0.725 0.18984375 0.72421875 0.1703125 0.70546875 0.171875 0.6890625 0.18828125 0.6890625 0.22109375
0 0.61484375 0.2375 0.6390625 0.25546875 0.659375 0.25078125 0.671875 0.23515625 0.675 0.21953125 0.66640625 0.2109375 0.64609375 0.215625 0.63125 0.20859375 0.6328125 0.18984375 0.61796875 0.146875 0.61015625 0.1484375 0.615625 0.15390625 0.6015625 0.16171875 0.6 0.21328125 0.57421875 0.2265625 0.5625 0.22109375 0.56875 0.20546875 0.56015625 0.1765625 0.52890625 0.1703125 0.515625 0.18203125 0.515625 0.21015625 0.54140625 0.2421875 0.55859375 0.2484375 0.56953125 0.24375 0.59140625 0.2546875 0.61484375 0.2375
0 0.4953125 0.01953125 0.5109375 0.03359375 0.5234375 0.02578125 0.525 0.01015625 0.51796875 0 0.50390625 0.0015625 0.4953125 0.01015625 0.4953125 0.01953125
0 0 0.39921875 0.03046875 0.4 0.03671875 0.3921875 0.04375 0.39609375 0.046875 0.37890625 0.0390625 0.36015625 0.0703125 0.33828125 0.07265625 0.2953125 0.04921875 0.2921875 0.04765625 0.3125 0.03046875 0.3125 0.02265625 0.3015625 0.0140625 0.30546875 0.015625 0.33046875 0 0.33984375 0 0.39921875
0 0.1546875 0.13203125 0.159375 0.14453125 0.165625 0.14296875 0.16015625 0.128125 0.1546875 0.13203125
0 0.13125 0.05234375 0.1359375 0.05859375 0.1390625 0.04296875 0.14921875 0.04375 0.15078125 0.0390625 0.1359375 0.03984375 0.13125 0.05234375
0 0.1734375 0.11171875 0.178125 0.11640625 0.1859375 0.11171875 0.18359375 0.0953125 0.1734375 0.11171875
0 0.1703125 0.14296875 0.18125 0.16796875 0.196875 0.16015625 0.2 0.14296875 0.19140625 0.1203125 0.178125 0.12578125 0.1703125 0.14296875
0 0.1359375 0.23203125 0.146875 0.24453125 0.15625 0.24296875 0.1734375 0.21171875 0.171875 0.18515625 0.15546875 0.16875 0.146875 0.17109375 0.1515625 0.19296875 0.1375 0.21328125 0.1359375 0.23203125