0 0.4484375 0.92421875 0.46640625 0.9171875 0.4828125 0.89765625 0.4890625 0.80390625 0.4828125 0.76640625 0.4828125 0.65390625 0.4484375 0.65234375 0.3984375 0.70859375 0.3984375 0.75546875 0.4078125 0.77578125 0.4078125 0.81484375 0.37578125 0.81875 0.3578125 0.84296875 0.35625 0.88828125 0.3703125 0.92421875 0.38828125 0.95 0.44609375 0.953125 0.4515625 0.94765625 0.4484375 0.92421875
0 0 0.22265625 0.03828125 0.253125 0.05234375 0.2578125 0.08046875 0.2984375 0.10703125 0.30625 0.11640625 0.321875 0.13984375 0.328125 0.14375 0.33671875 0.1453125 0.46015625 0.153125 0.49765625 0.140625 0.61015625 0.1484375 0.63359375 0.1546875 0.70703125 0.1671875 0.75390625 0.203125 0.79609375 0.21875 0.84453125 0.2125 0.88671875 0.1921875 0.90390625 0.1875 0.92578125 0.20703125 0.9546875 0.22265625 0.95 0.23984375 0.95625 0.265625 0.91171875 0.265625 0.87578125 0.275 0.85703125 0.28359375 0.8484375 0.31484375 0.846875 0.3484375 0.86953125 0.37578125 0.9515625 0.44765625 0.953125 0.4546875 0.93828125 0.4515625 0.92734375 0.4828125 0.90078125 0.484375 0.83515625 0.4921875 0.81484375 0.484375 0.77421875 0.484375 0.65390625 0.44140625 0.653125 0.40625 0.69609375 0.3984375 0.70859375 0.396875 0.74453125 0.4046875 0.77109375 0.40625 0.81015625 0.40078125 0.8140625 0.38359375 0.8015625 0.37890625 0.8046875 0.3703125 0.78671875 0.371875 0.77578125 0.359375 0.77578125 0.3578125 0.76015625 0.359375 0.65078125 0.353125 0.62890625 0.3640625 0.59296875 0.3640625 0.56484375 0.3296875 0.51328125 0.303125 0.36796875 0.3078125 0.33359375 0.290625 0.29765625 0.2734375 0.28359375 0.2671875 0.26171875 0.2671875 0.24296875 0.275 0.23046875 0.275 0.15078125 0.28125 0.13671875 0.2765625 0.09609375 0.284375 0.09453125 0.2765625 0.08984375 0.271875 0.05859375 0.2765625 0.04765625 0.271875 0.04140625 0.28046875 0.0390625 0.278125 0.04609375 0.28828125 0.0546875 0.3 0.05078125 0.3015625 0.03046875 0.2921875 0.02734375 0.2984375 0.01484375 0.2828125 0.01015625 0.2984375 0.00234375 0.27265625 0 0.2703125 0.00390625 0.28125 0.01015625 0.25234375 0.025 0.21171875 0 0.1546875 0.00078125 0.1453125 0.06328125 0.15 0.12265625 0.14375 0.16953125 0.12421875 0.1921875 0.10234375 0.196875 0.07734375 0.1734375 0.05234375 0.1671875 0.03046875 0.1921875 0.003125 0.19140625 0.009375 0.19609375 0 0.20078125 0 0.22265625
0 0.47890625 0 0.478125 0.02109375 0.46328125 0.03125 0.440625 0.01171875 0.44296875 0 0.41875 0.00078125 0.41484375 0.0125 0.39296875 0.025 0.35390625 0.0390625 0.33515625 0.0390625 0.3234375 0.05234375 0.3125 0.10859375 0.315625 0.12890625 0.3078125 0.15078125 0.3109375 0.26328125 0.51015625 0.265625 0.63984375 0.259375 0.62734375 0.2546875 0.628125 0.24921875 0.665625 0.19921875 0.6671875 0.06171875 0.6546875 0.02734375 0.659375 0.00703125 0.64921875 0 0.47890625 0
0 0.11953125 0.5234375 0.1265625 0.53515625 0.1203125 0.54296875 0.12578125 0.578125 0.134375 0.56328125 0.1359375 0.53046875 0.140625 0.52890625 0.1390625 0.49453125 0.13125 0.46796875 0.1140625 0.44296875 0.1171875 0.41953125 0.1 0.40546875 0.10625 0.34609375 0.09765625 0.334375 0.08671875 0.33125 0.03828125 0.35 0.0359375 0.33046875 0.009375 0.31640625 0.003125 0.34296875 0.00625 0.47109375 0.01875 0.50390625 0.0328125 0.51015625 0.0171875 0.52890625 0.015625 0.54765625 0.021875 0.56484375 0.04296875 0.571875 0.053125 0.55234375 0.08203125 0.5296875 0.10078125 0.534375 0.11953125 0.5234375
0 0.090625 0.79140625 0.0625 0.73828125 0.0484375 0.73203125 0.0421875 0.73984375 0.0375 0.79140625 0.04921875 0.8140625 0.06953125 0.81875 0.090625 0.79140625
0 0.153125 0.80390625 0.146875 0.82734375 0.15703125 0.8296875 0.171875 0.81171875 0.1734375 0.78984375 0.1578125 0.76171875 0.1453125 0.75703125 0.1359375 0.77109375 0.14375 0.79921875 0.153125 0.80390625
0 0.2 0.87265625 0.1984375 0.83046875 0.19375 0.82578125 0.178125 0.83515625 0.171875 0.85390625 0.175 0.86796875 0.18671875 0.8796875 0.2 0.87265625
0 0.6296875 0.30234375 0.6234375 0.33046875 0.6296875 0.40234375 0.65 0.43046875 0.67265625 0.4453125 0.70859375 0.4390625 0.753125 0.41484375 0.753125 0.39296875 0.7625 0.37734375 0.76875 0.34296875 0.81875 0.25390625 0.825 0.19921875 0.8390625 0.18046875 0.840625 0.16484375 0.8359375 0.16015625 0.853125 0.12890625 0.85 0.09609375 0.84609375 0.0796875 0.82109375 0.0640625 0.80234375 0.06875 0.790625 0.05703125 0.76796875 0.071875 0.75234375 0.06875 0.7 0.08515625 0.6890625 0.11015625 0.690625 0.12109375 0.671875 0.14765625 0.671875 0.25390625 0.66015625 0.2671875 0.628125 0.27421875 0.6328125 0.27734375 0.6265625 0.28203125 0.6296875 0.30234375
0 0.9546875 0.11015625 0.9578125 0.09296875 0.971875 0.08046875 0.96875 0.05078125 0.9875 0.02734375 0.984375 0.00234375 0.8484375 0.00078125 0.85 0.01484375 0.8625 0.03359375 0.865625 0.06015625 0.853125 0.06953125 0.859375 0.17265625 0.86796875 0.1890625 0.88984375 0.1921875 0.9 0.13984375 0.9109375 0.12421875 0.92265625 0.1171875 0.94453125 0.121875 0.9546875 0.11015625
0 0.5484375 0.61796875 0.55546875 0.6265625 0.5796875 0.62890625 0.5796875 0.65234375 0.58671875 0.6578125 0.5953125 0.64609375 0.6015625 0.61796875 0.6046875 0.51953125 0.590625 0.49609375 0.5859375 0.41015625 0.578125 0.39765625 0.56484375 0.40625 0.55703125 0.3984375 0.5515625 0.41796875 0.5578125 0.42265625 0.565625 0.46015625 0.565625 0.49609375 0.5578125 0.52109375 0.5640625 0.52734375 0.5703125 0.56484375 0.56875 0.57890625 0.55 0.59609375 0.5484375 0.61796875
0 0.5265625 0.64296875 0.5453125 0.56640625 0.54375 0.51328125 0.53125 0.48203125 0.5203125 0.47421875 0.50234375 0.4875 0.471875 0.48828125 0.471875 0.52265625 0.45 0.54296875 0.4453125 0.56015625 0.4375 0.63203125 0.44296875 0.6484375 0.48671875 0.65 0.4921875 0.66640625 0.50078125 0.6703125 0.51875 0.66015625 0.5265625 0.64296875
0 0.8140625 0.78359375 0.8140625 0.81796875 0.8296875 0.82265625 0.83125 0.84296875 0.83828125 0.8515625 0.86171875 0.86875 0.896875 0.85859375 0.9 0.84296875 0.88984375 0.80625 0.86953125 0.8109375 0.86328125 0.8015625 0.84140625 0.790625 0.8140625 0.78359375
0 0.959375 0.76015625 0.9765625 0.74453125 0.9984375 0.69765625 0.996875 0.65078125 0.9859375 0.63828125 0.9765625 0.65234375 0.9765625 0.69609375 0.9625 0.72265625 0.95234375 0.728125 0.92265625 0.728125 0.90625 0.75546875 0.91328125 0.765625 0.9296875 0.75859375 0.925 0.78671875 0.93046875 0.79375 0.95 0.78984375 0.959375 0.76015625
0 0.9453125 0.92265625 0.946875 0.93359375 0.99921875 0.934375 0.996875 0.91015625 0.95078125 0.9171875 0.9453125 0.92265625
0 0.9828125 0.94296875 0.92890625 0.9796875 0.9109375 0.99921875 0.95859375 1 0.975 0.98046875 0.9875 0.95078125 0.9828125 0.94296875
0 0.709375 0.88828125 0.6984375 0.90234375 0.696875 0.93046875 0.72421875 0.946875 0.734375 0.91796875 0.71875 0.89140625 0.709375 0.88828125
0 0.7921875 0.94609375 0.79375 0.92109375 0.778125 0.91640625 0.76875 0.92734375 0.76875 0.93984375 0.77734375 0.9515625 0.78671875 0.9515625 0.7921875 0.94609375
0 0.7453125 0.58984375 0.746875 0.60390625 0.75625 0.61640625 0.753125 0.66484375 0.76640625 0.6796875 0.79140625 0.68125 0.796875 0.67421875 0.7984375 0.64140625 0.79375 0.59609375 0.77421875 0.5796875 0.759375 0.57578125 0.7453125 0.58984375
0 0.8453125 0.61171875 0.85 0.62734375 0.86171875 0.634375 0.89765625 0.6390625 0.90546875 0.6296875 0.92265625 0.6328125 0.9375 0.62421875 0.92734375 0.6046875 0.88203125 0.5984375 0.86953125 0.5875 0.859375 0.58828125 0.8453125 0.61171875
0 0.5828125 0.74609375 0.5765625 0.76796875 0.60390625 0.784375 0.61484375 0.784375 0.615625 0.77109375 0.6015625 0.74765625 0.5828125 0.74609375
0 0.625 0.80234375 0.61875 0.78984375 0.6109375 0.78828125 0.5984375 0.82265625 0.603125 0.84453125 0.61484375 0.8609375 0.6234375 0.84609375 0.625 0.80234375
0 0.559375 0.81796875 0.5546875 0.76015625 0.5484375 0.75859375 0.5171875 0.79296875 0.5171875 0.81796875 0.52734375 0.828125 0.55390625 0.825 0.559375 0.81796875
0 0.659375 0.75234375 0.64921875 0.7453125 0.6375 0.74609375 0.63125 0.75390625 0.6328125 0.76640625 0.66640625 0.7828125 0.6703125 0.77265625 0.659375 0.75234375
0 0.68125 0.74140625 0.678125 0.75703125 0.68359375 0.765625 0.703125 0.75703125 0.7046875 0.74609375 0.69921875 0.740625 0.68125 0.74140625
0 0.7125 0.79921875 0.7109375 0.77890625 0.7046875 0.77734375 0.6921875 0.79453125 0.6921875 0.81015625 0.70078125 0.8203125 0.7078125 0.81640625 0.7125 0.79921875
0 0.753125 0.73671875 0.740625 0.75234375 0.7390625 0.76796875 0.76171875 0.7734375 0.76875 0.74921875 0.76015625 0.7359375 0.753125 0.73671875
0 0.69921875 0.8734375 0.7046875 0.86796875 0.7015625 0.85078125 0.69296875 0.8390625 0.684375 0.83828125 0.678125 0.84765625 0.6796875 0.85859375 0.68828125 0.871875 0.69921875 0.8734375
0 0.7796875 0.81171875 0.7734375 0.83515625 0.79453125 0.8359375 0.796875 0.81953125 0.7796875 0.81171875
0 0.83203125 0.5578125 0.840625 0.53671875 0.83359375 0.5296875 0.8234375 0.53046875 0.8171875 0.54140625 0.83203125 0.5578125
0 0.4453125 0.36328125 0.46484375 0.35625 0.4734375 0.36015625 0.4640625 0.36796875 0.46640625 0.378125 0.4765625 0.37421875 0.47734375 0.3578125 0.49921875 0.359375 0.5109375 0.36484375 0.53515625 0.4 0.55234375 0.4 0.5453125 0.39609375 0.55078125 0.390625 0.57578125 0.390625 0.58046875 0.4 0.6046875 0.35234375 0.6046875 0.31796875 0.5984375 0.30546875 0.603125 0.30078125 0.596875 0.28984375 0.6015625 0.28515625 0.59453125 0.271875 0.325 0.27109375 0.3109375 0.27578125 0.309375 0.29609375 0.346875 0.33046875 0.353125 0.34609375 0.346875 0.36796875 0.35390625 0.371875 0.39921875 0.3671875 0.40703125 0.3734375 0.41484375 0.36875 0.44921875 0.3734375 0.4515625 0.36640625 0.4453125 0.36328125
0 0 0.99921875 0.18046875 1 0.17890625 0.9953125 0.1890625 0.99296875 0.1859375 0.96328125 0.1921875 0.95546875 0.1859375 0.94921875 0.1890625 0.93671875 0.1828125 0.93671875 0.1796875 0.90859375 0.2109375 0.88203125 0.209375 0.86953125 0.215625 0.86171875 0.2109375 0.85390625 0.21875 0.84609375 0.209375 0.83828125 0.2125 0.83359375 0.2015625 0.81640625 0.1984375 0.80234375 0.20234375 0.8046875 0.203125 0.79921875 0.1734375 0.77265625 0.1625 0.75234375 0.1515625 0.70078125 0.1546875 0.68984375 0.1484375 0.68203125 0.1484375 0.64609375 0.1359375 0.60703125 0.1421875 0.55234375 0.1390625 0.50859375 0.1484375 0.50546875 0.1515625 0.49453125 0.1421875 0.45078125 0.1421875 0.34453125 0.13515625 0.33125 0.11328125 0.3265625 0.11015625 0.3125 0.07421875 0.303125 0.05234375 0.2640625 0.01015625 0.234375 0 0.23359375 0 0.99921875
0 1 0.00546875 0.99765625 0 0.9828125 0.00078125 0.97890625 0.00625 0.95 0.00703125 0.9703125 0.01484375 0.96875 0.03046875 0.9765625 0.03984375 0.96875 0.05390625 0.9734375 0.07734375 0.96875 0.08984375 0.9609375 0.09296875 0.95625 0.11171875 0.94453125 0.121875 0.92109375 0.121875 0.91015625 0.134375 0.9046875 0.13203125 0.89375 0.18203125 0.88515625 0.184375 0.88359375 0.1921875 0.87265625 0.1921875 0.85703125 0.1796875 0.8296875 0.20078125 0.8203125 0.25859375 0.771875 0.34296875 0.7640625 0.38203125 0.75625 0.39140625 0.7546875 0.41796875 0.73046875 0.434375 0.68046875 0.45 0.640625 0.44140625 0.6375 0.42109375 0.625 0.40703125 0.61875 0.38359375 0.6234375 0.37109375 0.609375 0.35234375 0.609375 0.34296875 0.60234375 0.346875 0.59921875 0.3390625 0.58671875 0.3578125 0.5765625 0.34140625 0.578125 0.31328125 0.58984375 0.3078125 0.59921875 0.3109375 0.60546875 0.2984375 0.615625 0.29765625 0.59609375 0.271875 0.50546875 0.2765625 0.39921875 0.271875 0.36015625 0.2734375 0.34609375 0.2796875 0.33671875 0.275 0.340625 0.31484375 0.33359375 0.3171875 0.325 0.30390625 0.3296875 0.28984375 0.325 0.28515625 0.33203125 0.28125 0.3171875 0.28203125 0.31953125 0.3046875 0.30703125 0.2921875 0.3015625 0.29609375 0.3015625 0.31328125 0.3109375 0.33359375 0.3078125 0.37578125 0.3140625 0.38359375 0.315625 0.42421875 0.3234375 0.43828125 0.3203125 0.44296875 0.3359375 0.44609375 0.325 0.45390625 0.3375 0.46171875 0.3328125 0.47109375 0.3390625 0.47734375 0.33125 0.48515625 0.3375 0.49296875 0.3359375 0.52109375 0.3578125 0.54140625 0.365625 0.56171875 0.365625 0.59765625 0.35625 0.63046875 0.3625 0.64609375 0.43828125 0.6484375 0.44609375 0.6328125 0.44375 0.64296875 0.453125 0.64296875 0.453125 0.61171875 0.44609375 0.6140625 0.4421875 0.60703125 0.44375 0.56484375 0.45078125 0.5515625 0.45546875 0.5609375 0.47734375 0.5640625 0.47734375 0.56875 0.48515625 0.5625 0.49453125 0.5640625 0.49140625 0.56875 0.49921875 0.5625 0.540625 0.56328125 0.534375 0.61953125 0.5203125 0.66171875 0.5078125 0.66953125 0.5015625 0.69140625 0.5140625 0.75546875 0.509375 0.79921875 0.4875 0.85390625 0.4859375 0.95390625 0.48203125 0.959375 0.47265625 0.9546875 0.45078125 0.9609375 0.35859375 0.9578125 0.3515625 0.93359375 0.3546875 0.91328125 0.3421875 0.87578125 0.31484375 0.85 0.28984375 0.8515625 0.28046875 0.8546875 0.26875 0.87265625 0.26875 0.91015625 0.25625 0.92734375 0.2515625 0.94765625 0.23828125 0.9609375 0.22265625 0.95625 0.20234375 0.9671875 0.2 0.98359375 0.1921875 0.98359375 0.19296875 1 1 0.99921875 1 0.00546875