0 0.47109375 0.4 0.453125 0.42109375 0.4546875 0.43671875 0.49453125 0.440625 0.50546875 0.46875 0.52734375 0.484375 0.540625 0.48359375 0.5421875 0.46640625 0.528125 0.41796875 0.5140625 0.41015625 0.5109375 0.39765625 0.50078125 0.3890625 0.47109375 0.4
0 0.5890625 0.44296875 0.5984375 0.42265625 0.5890625 0.38515625 0.58515625 0.3796875 0.56953125 0.3796875 0.5515625 0.40078125 0.5890625 0.44296875
0 0.5125 0.38828125 0.51640625 0.39375 0.528125 0.39296875 0.5453125 0.37890625 0.5421875 0.25546875 0.55 0.00078125 0.50546875 0 0.5078125 0.32890625 0.5125 0.38828125
0 0.57265625 0.38125 0.55390625 0.390625 0.5453125 0.37578125 0.5421875 0.26015625 0.55 0.00390625 0.50703125 0 0.50625 0.27265625 0.5140625 0.37265625 0.51015625 0.390625 0.49609375 0.3890625 0.47109375 0.4 0.453125 0.42421875 0.4546875 0.43515625 0.46640625 0.44375 0.48359375 0.4390625 0.4921875 0.44609375 0.4953125 0.46953125 0.4921875 0.58203125 0.496875 0.62578125 0.4859375 0.83828125 0.4921875 0.87421875 0.4921875 0.99921875 0.5828125 0.99921875 0.584375 0.73671875 0.590625 0.70234375 0.5890625 0.48515625 0.596875 0.41484375 0.58515625 0.3828125 0.57265625 0.38125
0 0.6703125 0.35703125 0.65859375 0.3453125 0.640625 0.37578125 0.63125 0.40703125 0.6203125 0.41953125 0.64140625 0.4546875 0.671875 0.45546875 0.69921875 0.4453125 0.70625 0.42890625 0.6921875 0.41640625 0.6859375 0.39609375 0.66875 0.37734375 0.6703125 0.35703125
0 0.6703125 0.37734375 0.671875 0.35546875 0.65703125 0.3453125 0.6203125 0.41953125 0.6390625 0.45234375 0.640625 0.48203125 0.640625 0.98203125 0.64296875 1 0.665625 0.99921875 0.675 0.79921875 0.6703125 0.46953125 0.67734375 0.453125 0.703125 0.44296875 0.70625 0.42890625 0.6703125 0.37734375
0 0.83828125 0.3875 0.81640625 0.3703125 0.78515625 0.390625 0.76171875 0.3921875 0.73984375 0.3796875 0.69375 0.38984375 0.696875 0.40546875 0.70546875 0.4125 0.9796875 0.41953125 0.99921875 0.41875 1 0.40390625 0.95390625 0.4 0.93828125 0.390625 0.87265625 0.39375 0.83828125 0.3875
0 0.92109375 0.89375 0.93046875 0.9078125 0.9359375 0.89140625 0.934375 0.51015625 0.93125 0.43046875 0.92578125 0.4203125 0.89765625 0.421875 0.8921875 0.43046875 0.890625 0.85234375 0.8875 0.89765625 0.8828125 0.90234375 0.8890625 0.92578125 0.8921875 0.99921875 0.89375 0.89765625 0.9015625 0.89140625 0.9 0.86484375 0.90625 0.86328125 0.90859375 0.8953125 0.92109375 0.89375
0 0.24375 0.40703125 0.24609375 0.371875 0 0.37421875 0.00390625 0.4046875 0.14453125 0.4015625 0.18203125 0.4078125 0.24375 0.40703125
0 0.07109375 0.4078125 0.04375 0.41171875 0.04375 0.58671875 0.046875 0.61640625 0.0546875 0.61640625 0.0640625 0.58671875 0.065625 0.52578125 0.075 0.50859375 0.0734375 0.46328125 0.0796875 0.42265625 0.07109375 0.4078125
0 0.00625 0.76796875 0.0109375 0.77265625 0.021875 0.69609375 0.0234375 0.41171875 0.00234375 0.40625 0 0.64453125 0.00625 0.67734375 0.00625 0.76796875
0 0.3140625 0.64921875 0.3140625 0.87421875 0.3171875 0.88515625 0.3234375 0.88515625 0.33125 0.83828125 0.3359375 0.64453125 0.334375 0.62578125 0.32265625 0.6140625 0.315625 0.62578125 0.3140625 0.64921875