0 0.5421875 0.61640625 0.52734375 0.6078125 0.515625 0.60859375 0.5046875 0.72109375 0.5078125 0.93984375 0.503125 0.99921875 0.54765625 1 0.5421875 0.61640625
0 0.5828125 0.55390625 0.5484375 0.59921875 0.56796875 0.6203125 0.5875 0.61640625 0.596875 0.58359375 0.5953125 0.56640625 0.5828125 0.55390625
0 0.49609375 0.5578125 0.453125 0.56328125 0.4515625 0.57890625 0.46953125 0.6 0.49921875 0.6109375 0.5125 0.58984375 0.5265625 0.58203125 0.540625 0.53203125 0.5359375 0.51640625 0.4984375 0.53828125 0.49609375 0.5578125
0 0.54453125 1 0.54453125 0.9921875 0.5203125 0.99140625 0.52421875 0.9859375 0.54296875 0.9890625 0.546875 0.98359375 0.5421875 0.89765625 0.5453125 0.75859375 0.540625 0.74140625 0.54375 0.62734375 0.55078125 0.6109375 0.58359375 0.61875 0.5953125 0.58515625 0.5875 0.51796875 0.5859375 0.16640625 0.5796875 0.13984375 0.5765625 0.01953125 0.5671875 0.01171875 0.5671875 0.00078125 0.490625 0.00078125 0.4859375 0.16640625 0.4921875 0.35234375 0.4984375 0.39140625 0.4921875 0.42265625 0.4953125 0.54609375 0.48828125 0.5609375 0.46328125 0.5609375 0.4515625 0.57578125 0.47109375 0.6 0.509375 0.61328125 0.50625 0.82578125 0.5109375 0.92890625 0.5046875 0.98359375 0.515625 0.99140625 0.5078125 0.99296875 0.50859375 1 0.54453125 1
0 0.61875 0.58359375 0.6296875 0.59296875 0.65 0.64765625 0.66015625 0.6546875 0.6703125 0.64140625 0.6671875 0.62265625 0.684375 0.60390625 0.7046875 0.56328125 0.70078125 0.55625 0.66953125 0.54375 0.6421875 0.54296875 0.61875 0.58359375
0 0.66875 0.62578125 0.7046875 0.56328125 0.6703125 0.53671875 0.675 0.20234375 0.6671875 0.08984375 0.671875 0.05703125 0.66875 0.00234375 0.640625 0.00078125 0.6328125 0.14765625 0.6375 0.17578125 0.634375 0.22734375 0.640625 0.24453125 0.6390625 0.52734375 0.6375 0.54765625 0.61875 0.58359375 0.63125 0.59765625 0.6484375 0.64609375 0.66015625 0.6546875 0.671875 0.64296875 0.66875 0.62578125
0 0.89765625 0.6125 0.90546875 0.60625 0.93515625 0.6109375 0.95234375 0.6 1 0.59609375 0.99921875 0.58125 0.9015625 0.58046875 0.71015625 0.5859375 0.69375 0.59609375 0.690625 0.60859375 0.69453125 0.615625 0.71484375 0.6125 0.73671875 0.621875 0.75859375 0.609375 0.78515625 0.6109375 0.81484375 0.6296875 0.83828125 0.6125 0.86796875 0.6078125 0.89765625 0.6125
0 0.8890625 0.00078125 0.884375 0.08203125 0.878125 0.09765625 0.8859375 0.11171875 0.8875 0.14140625 0.8890625 0.56796875 0.89609375 0.578125 0.92578125 0.578125 0.9328125 0.55859375 0.934375 0.49921875 0.9375 0.09765625 0.9296875 0.00078125 0.8890625 0.00078125
0 0.9875 0.33828125 0.9828125 0.33671875 0.9875 0.33515625 0.9890625 0.31640625 0.98046875 0.3046875 0.975 0.31484375 0.9765625 0.49609375 0.9703125 0.49296875 0.9765625 0.51015625 0.9703125 0.50703125 0.96796875 0.528125 0.95859375 0.503125 0.95 0.51640625 0.9421875 0.48046875 0.940625 0.42265625 0.9359375 0.41640625 0.9359375 0.39765625 0.940625 0.39453125 0.9359375 0.38515625 0.934375 0.26015625 0.9421875 0.10078125 0.9359375 0.08828125 0.9328125 0.00078125 0.8875 0.00078125 0.8859375 0.05859375 0.878125 0.09609375 0.8875 0.14609375 0.890625 0.54140625 0.8859375 0.57890625 0.90859375 0.584375 0.99453125 0.5828125 0.9984375 0.52109375 0.9921875 0.48359375 0.9984375 0.42578125 0.990625 0.39921875 0.9875 0.33828125
0 0.85546875 0.5546875 0.85078125 0.5640625 0.846875 0.56015625 0.84375 0.52421875 0.8375 0.52265625 0.83203125 0.53125 0.81796875 0.5296875 0.80390625 0.5375 0.79453125 0.5296875 0.7890625 0.56796875 0.78203125 0.56875 0.784375 0.56328125 0.77421875 0.5546875 0.771875 0.58359375 0.86640625 0.5796875 0.865625 0.55546875 0.85546875 0.5546875
0 0 0.62578125 0.24296875 0.628125 0.2453125 0.59609375 0.2359375 0.59140625 0.14296875 0.5984375 0.00546875 0.5953125 0 0.59765625 0 0.62578125
0 0.0796875 0.58984375 0.078125 0.49140625 0.065625 0.46796875 0.059375 0.40703125 0.0484375 0.39921875 0.04375 0.41484375 0.04375 0.58828125 0.07421875 0.5921875 0.0796875 0.58984375
0 0.009375 0.25703125 0.0015625 0.35703125 0.00078125 0.5921875 0.01796875 0.5921875 0.021875 0.58671875 0.0203125 0.30546875 0.009375 0.25703125
0 0.32109375 0.4 0.3234375 0.39140625 0.3328125 0.38671875 0.334375 0.32265625 0.3296875 0.16484375 0.3265625 0.12734375 0.3171875 0.11640625 0.3125 0.13046875 0.3125 0.39609375 0.32109375 0.4