0 0.4921875 0.06015625 0.496875 0.00078125 0.45234375 0 0.459375 0.25390625 0.45625 0.37421875 0.46640625 0.390625 0.484375 0.39140625 0.4953125 0.28046875 0.4921875 0.06015625
0 0.459375 0.46640625 0.459375 0.48203125 0.465625 0.48359375 0.5015625 0.46171875 0.50390625 0.4421875 0.546875 0.43671875 0.5484375 0.42109375 0.53046875 0.4 0.50078125 0.3890625 0.490625 0.39765625 0.4875 0.41015625 0.4734375 0.41796875 0.459375 0.46640625
0 0.403125 0.41640625 0.4046875 0.43359375 0.4171875 0.44609375 0.4515625 0.40078125 0.43203125 0.3796875 0.4125 0.38359375 0.403125 0.41640625
0 0.54609375 0.4359375 0.5484375 0.42421875 0.53046875 0.4 0.49921875 0.3890625 0.490625 0.37265625 0.496875 0.00390625 0.45234375 0 0.4546875 0.37421875 0.44765625 0.3890625 0.44609375 0.384375 0.41640625 0.378125 0.403125 0.41640625 0.415625 0.48984375 0.4140625 0.68984375 0.41640625 0.7015625 0.43125 0.70234375 0.428125 0.71796875 0.4171875 0.72890625 0.415625 0.83359375 0.4203125 0.86484375 0.4296875 0.86640625 0.4296875 0.87578125 0.4203125 0.88671875 0.4203125 0.92578125 0.4234375 0.94296875 0.4328125 0.94453125 0.428125 0.94765625 0.428125 0.96796875 0.43984375 1 0.4546875 0.99921875 0.45546875 0.9390625 0.45625 0.99921875 0.509375 0.99921875 0.5140625 0.93203125 0.5078125 0.87734375 0.5140625 0.83671875 0.5078125 0.63984375 0.5015625 0.61328125 0.5078125 0.58515625 0.5046875 0.45390625 0.51796875 0.4375 0.53046875 0.4421875 0.54609375 0.4359375
0 0.33046875 0.45625 0.3578125 0.45703125 0.38125 0.41640625 0.3703125 0.40703125 0.35 0.35234375 0.33984375 0.3453125 0.3296875 0.35703125 0.3328125 0.37734375 0.315625 0.39609375 0.2953125 0.43671875 0.29921875 0.44375 0.33046875 0.45625
0 0.33984375 0.3453125 0.328125 0.35703125 0.33125 0.37421875 0.2953125 0.43671875 0.3296875 0.46328125 0.325 0.58515625 0.328125 0.94140625 0.33125 0.99765625 0.359375 0.99921875 0.36875 0.84453125 0.3625 0.82421875 0.365625 0.77265625 0.359375 0.75546875 0.3609375 0.47265625 0.3625 0.45234375 0.3796875 0.41484375 0.36875 0.40234375 0.3515625 0.35390625 0.33984375 0.3453125
0 0.3453125 0.31796875 0.3390625 0.19921875 0.34296875 0 0.3171875 0.00234375 0.315625 0.34140625 0.31875 0.35390625 0.3265625 0.35546875 0.340625 0.34296875 0.3453125 0.31796875
0 0.12890625 0.3921875 0.10234375 0.3875 0.09296875 0.39375 0.06484375 0.3890625 0.04453125 0.4 0 0.40390625 0.00078125 0.41875 0.1 0.41953125 0.29609375 0.4125 0.309375 0.39140625 0.30546875 0.384375 0.28046875 0.3859375 0.26328125 0.378125 0.25234375 0.3875 0.21640625 0.390625 0.18359375 0.3703125 0.16171875 0.3875 0.12890625 0.3921875
0 0.065625 0.94921875 0.0703125 0.99921875 0.1109375 0.99921875 0.1140625 0.93203125 0.121875 0.89921875 0.1140625 0.88828125 0.1125 0.85859375 0.109375 0.42890625 0.10390625 0.421875 0.07578125 0.421875 0.06875 0.43984375 0.065625 0.53671875 0.065625 0.94921875
0 0.18046875 0.4703125 0.19296875 0.4625 0.20546875 0.46875 0.21640625 0.44375 0.23203125 0.4609375 0.2453125 0.41640625 0.23984375 0.4109375 0.14296875 0.4171875 0.02109375 0.4171875 0.00390625 0.4125 0 0.42734375 0.0078125 0.47421875 0.01640625 0.4765625 0.015625 0.46328125 0.03046875 0.4609375 0.04140625 0.478125 0.06875 0.49296875 0.07265625 0.4859375 0.09609375 0.4859375 0.09296875 0.4921875 0.10859375 0.4921875 0.1328125 0.44921875 0.14609375 0.44375 0.1546875 0.45546875 0.15859375 0.478125 0.16796875 0.46875 0.18046875 0.4703125
0 0.75703125 0.371875 0.7546875 0.40234375 0.7640625 0.40859375 0.85703125 0.4015625 0.99921875 0.403125 1 0.37421875 0.75703125 0.371875
0 0.946875 0.59453125 0.9546875 0.58515625 0.95625 0.55390625 0.9546875 0.41328125 0.94921875 0.4078125 0.92734375 0.4078125 0.9203125 0.41015625 0.921875 0.50859375 0.9359375 0.53359375 0.9390625 0.58515625 0.946875 0.59453125
0 0.990625 0.74296875 1 0.63828125 0.99609375 0.40625 0.978125 0.41171875 0.9796875 0.65859375 0.990625 0.74296875