0 0.5984375 0.42265625 0.5890625 0.38515625 0.56953125 0.3796875 0.5515625 0.39921875 0.5890625 0.44296875 0.5984375 0.42265625
0 0.49453125 0.3890625 0.46953125 0.4015625 0.45625 0.41640625 0.453125 0.43359375 0.46171875 0.4390625 0.47578125 0.434375 0.49296875 0.4390625 0.50859375 0.4703125 0.52734375 0.484375 0.540625 0.48359375 0.5421875 0.46640625 0.53125 0.42578125 0.52265625 0.4125 0.5140625 0.41171875 0.509375 0.39609375 0.49453125 0.3890625
0 0.503125 0.03359375 0.5109375 0.07890625 0.50625 0.09921875 0.5078125 0.32734375 0.5125 0.38515625 0.51640625 0.3921875 0.5265625 0.39296875 0.54375 0.38203125 0.5453125 0.36484375 0.5421875 0.25546875 0.54921875 0 0.5046875 0.00078125 0.503125 0.03359375
0 0.82109375 0.3734375 0.78203125 0.3921875 0.76015625 0.3921875 0.73515625 0.38125 0.7 0.39453125 0.70390625 0.4140625 0.9828125 0.41953125 0.99921875 0.41875 1 0.40546875 0.95390625 0.4015625 0.93828125 0.3921875 0.84765625 0.390625 0.82109375 0.3734375
0 0.91015625 0.8796875 0.91796875 0.875 0.9234375 0.87890625 0.90625 0.89140625 0.93046875 0.8953125 0.9390625 0.83671875 0.9328125 0.74140625 0.934375 0.50859375 0.93125 0.43203125 0.92578125 0.4203125 0.89765625 0.421875 0.8921875 0.43203125 0.890625 0.85234375 0.884375 0.90234375 0.8921875 0.99921875 0.8921875 0.91015625 0.89375 0.89453125 0.9 0.89140625 0.9 0.86328125 0.9078125 0.86328125 0.91015625 0.8796875
0 0.596875 0.41484375 0.58515625 0.3828125 0.55859375 0.384375 0.55390625 0.390625 0.54375 0.38046875 0.540625 0.24765625 0.5484375 0.00390625 0.50859375 0 0.5046875 0.03359375 0.5125 0.07421875 0.5109375 0.16484375 0.515625 0.16953125 0.509375 0.17421875 0.515625 0.18515625 0.5109375 0.18828125 0.515625 0.21640625 0.5109375 0.22734375 0.515625 0.23203125 0.509375 0.23515625 0.5140625 0.24765625 0.509375 0.24921875 0.5078125 0.26796875 0.5140625 0.38828125 0.48984375 0.390625 0.47109375 0.4 0.453125 0.42421875 0.45703125 0.4375 0.46796875 0.44375 0.48359375 0.4390625 0.4953125 0.45546875 0.4921875 0.57890625 0.496875 0.62734375 0.4859375 0.83828125 0.49375 0.89453125 0.4890625 0.92109375 0.4921875 0.99921875 0.5828125 0.99921875 0.5828125 0.86328125 0.5890625 0.82578125 0.584375 0.73828125 0.590625 0.70546875 0.5890625 0.48671875 0.596875 0.41484375
0 0.65859375 0.3453125 0.640625 0.35703125 0.64375 0.37421875 0.634375 0.38203125 0.6171875 0.42109375 0.6171875 0.44140625 0.6421875 0.46328125 0.640625 0.98203125 0.64296875 1 0.665625 0.99921875 0.675 0.79921875 0.671875 0.46640625 0.69375 0.41484375 0.684375 0.40546875 0.665625 0.35078125 0.65859375 0.3453125
0 0 0.38203125 0.00078125 0.4015625 0.2375 0.40234375 0.246875 0.39609375 0.25 0.38203125 0.24453125 0.378125 0.15859375 0.3828125 0.04296875 0.375 0 0.38203125
0 0 0.64453125 0.00625 0.67578125 0.00625 0.76796875 0.0109375 0.77421875 0.021875 0.69609375 0.0234375 0.40234375 0.01796875 0.3984375 0 0.40078125 0 0.64453125
0 0.06015625 0.4015625 0.0421875 0.40859375 0.0484375 0.47734375 0.04375 0.58515625 0.053125 0.60078125 0.0640625 0.56015625 0.0609375 0.46328125 0.071875 0.45859375 0.0765625 0.42734375 0.075 0.41015625 0.06015625 0.4015625
0 0.3140625 0.86953125 0.3171875 0.88359375 0.3234375 0.88515625 0.334375 0.77578125 0.3359375 0.63828125 0.33046875 0.6203125 0.3171875 0.62109375 0.3140625 0.64921875 0.3140625 0.86953125