0 0.040625 0.50703125 0.0515625 0.51171875 0.35859375 0.5109375 0.36328125 0.5015625 0.36640625 0.5109375 0.38828125 0.5125 0.53515625 0.5125 0.58359375 0.5046875 0.58984375 0.5109375 0.65859375 0.5125 0.6703125 0.50390625 0.6796875 0.47421875 0.6796875 0.45234375 0.6546875 0.39453125 0.665625 0.38046875 0.665625 0.35859375 0.653125 0.33828125 0.65625 0.32578125 0.62734375 0.31875 0.54765625 0.321875 0.52109375 0.3359375 0.50859375 0.328125 0.50390625 0.3484375 0.48203125 0.3515625 0.475 0.34765625 0.47734375 0.3421875 0.5046875 0.34140625 0.4859375 0.33828125 0.5015625 0.33359375 0.503125 0.32890625 0.49765625 0.33125 0.49453125 0.325 0.5171875 0.32265625 0.47578125 0.321875 0.4734375 0.33359375 0.484375 0.33828125 0.47421875 0.3390625 0.46171875 0.3296875 0.45703125 0.3515625 0.39765625 0.346875 0.35703125 0.353125 0.34296875 0.35 0.33515625 0.340625 0.334375 0.34921875 0.32890625 0.346875 0.32421875 0.353125 0.3171875 0.34609375 0.32109375 0.340625 0.30859375 0.3375 0.29140625 0.321875 0.03984375 0.321875 0.04375 0.40390625 0.0375 0.48203125 0.040625 0.50703125
0 0.00078125 0.7921875 0 0.82890625 0.18359375 0.825 0.203125 0.79453125 0.20859375 0.74375 0.21796875 0.746875 0.22734375 0.7609375 0.24296875 0.7625 0.2703125 0.74140625 0.27265625 0.7078125 0.28984375 0.7109375 0.30078125 0.696875 0.33828125 0.6953125 0.34765625 0.68125 0.35859375 0.690625 0.37890625 0.6921875 0.40078125 0.7046875 0.41796875 0.703125 0.4265625 0.69140625 0.42890625 0.65625 0.4890625 0.64765625 0.4875 0.60390625 0.47421875 0.590625 0.44921875 0.5921875 0.41796875 0.571875 0.38984375 0.584375 0.36328125 0.584375 0.3453125 0.57265625 0.33359375 0.5515625 0.31953125 0.55625 0.30859375 0.5734375 0.29765625 0.5734375 0.2921875 0.55078125 0.31328125 0.5484375 0.31640625 0.5359375 0.32421875 0.5453125 0.3296875 0.53828125 0.3296875 0.53046875 0.31328125 0.515625 0.08046875 0.5171875 0.04140625 0.5296875 0.021875 0.55859375 0.015625 0.59453125 0.059375 0.66171875 0.0859375 0.68203125 0.0953125 0.72265625 0.1109375 0.74453125 0.1109375 0.75546875 0.08203125 0.7625 0.08203125 0.775 0.07421875 0.771875 0.03203125 0.790625 0.00078125 0.7921875
0 0 0.88671875 0.0328125 0.99921875 0.30078125 1 0.3015625 0.83671875 0.20390625 0.83125 0.12890625 0.8359375 0.00078125 0.8328125 0 0.88671875
0 0.9015625 0.56796875 0.903125 0.99921875 0.990625 0.99921875 0.9875 0.93828125 0.97890625 0.9328125 0.96796875 0.9390625 0.9390625 0.89140625 0.9453125 0.85546875 0.965625 0.79921875 0.959375 0.74609375 0.9796875 0.72578125 0.9984375 0.66953125 0.996875 0.58828125 0.9796875 0.54765625 0.98125 0.52578125 0.9953125 0.49140625 0.98828125 0.4796875 0.9765625 0.48515625 0.959375 0.53046875 0.93046875 0.546875 0.92265625 0.5640625 0.90703125 0.55625 0.9015625 0.56796875
0 1 0.54921875 0.9921875 0.54453125 1 0.54140625 0.990625 0.53671875 1 0.49296875 0.99921875 0.3046875 0.990625 0.31328125 0.9875 0.33359375 0.9953125 0.43515625 0.984375 0.45078125 0.9859375 0.47890625 0.9734375 0.48359375 0.9640625 0.52265625 0.93828125 0.54375 0.92890625 0.5421875 0.92109375 0.5609375 0.91015625 0.5484375 0.9015625 0.57109375 0.903125 0.99921875 0.9953125 0.99765625 0.990625 0.93515625 0.96484375 0.93125 0.9578125 0.91015625 0.9515625 0.91328125 0.946875 0.86796875 0.9671875 0.79765625 0.9640625 0.75234375 0.96796875 0.7453125 0.971875 0.74765625 0.9890625 0.71328125 1 0.67109375 1 0.54921875
0 0.865625 0.46796875 0.8921875 0.49296875 0.903125 0.48515625 0.915625 0.45546875 0.89609375 0.43125 0.88828125 0.4296875 0.865625 0.46796875
0 0.278125 0.08828125 0.2875 0.10078125 0.48828125 0.1 0.5 0.07265625 0.5 0.00390625 0.28046875 0.0015625 0.278125 0.08828125
0 0.509375 0.06015625 0.51875 0.07734375 0.53515625 0.0765625 0.54453125 0.0640625 0.57421875 0.078125 0.5796875 0.07578125 0.58046875 0 0.50625 0.00234375 0.509375 0.06015625
0 0.2046875 0.27734375 0.2296875 0.28828125 0.2328125 0.26171875 0.21796875 0.2453125 0.20625 0.26328125 0.2046875 0.27734375
0 0.12890625 0.3140625 0.1421875 0.31640625 0.16328125 0.3171875 0.17265625 0.296875 0.1984375 0.28515625 0.20625 0.26484375 0.19921875 0.2265625 0.18828125 0.2234375 0.17578125 0.2359375 0.16015625 0.2234375 0.14609375 0.2453125 0.109375 0.26171875 0.10625 0.27421875 0.115625 0.30234375 0.12890625 0.3140625
0 0.0578125 0.30859375 0.06875 0.31796875 0.08671875 0.315625 0.1046875 0.29296875 0.0984375 0.23984375 0.08203125 0.2328125 0.06328125 0.2390625 0.053125 0.25390625 0.0515625 0.28828125 0.0578125 0.30859375
0 0.2328125 0.24609375 0.2453125 0.29140625 0.2625 0.27890625 0.2671875 0.24140625 0.25703125 0.2296875 0.24765625 0.23125 0.2328125 0.24609375
0 0.271875 0.26640625 0.2875 0.31796875 0.296875 0.31484375 0.2984375 0.29296875 0.3109375 0.27421875 0.28828125 0.2453125 0.27421875 0.24375 0.271875 0.26640625
0 0.38125 0.26171875 0.3859375 0.28046875 0.4 0.27109375 0.4015625 0.26171875 0.39453125 0.2546875 0.38125 0.26171875
0 0.671875 0.31328125 0.68125 0.31953125 0.690625 0.30859375 0.696875 0.25078125 0.67734375 0.2359375 0.6671875 0.26015625 0.671875 0.31328125
0 0.6078125 0.31328125 0.6203125 0.31640625 0.653125 0.31484375 0.65 0.28828125 0.6578125 0.25234375 0.65078125 0.2421875 0.63828125 0.2421875 0.63203125 0.2359375 0.62109375 0.2375 0.6140625 0.24609375 0.61875 0.29296875 0.6078125 0.30390625 0.6078125 0.31328125
0 0.7046875 0.31953125 0.7234375 0.33515625 0.7421875 0.31640625 0.740625 0.30234375 0.73203125 0.296875 0.71328125 0.3 0.7046875 0.31171875 0.7046875 0.31953125