0 0.959375 0.49140625 0.9515625 0.48828125 0.65546875 0.4875 0.63671875 0.4921875 0.61328125 0.4875 0.46484375 0.4875 0.41640625 0.4953125 0.41015625 0.4890625 0.34140625 0.4875 0.3296875 0.49609375 0.3203125 0.52578125 0.3203125 0.54765625 0.34375 0.60234375 0.3296875 0.63828125 0.3453125 0.66171875 0.34140625 0.675 0.37265625 0.68125 0.46015625 0.678125 0.46328125 0.671875 0.46640625 0.678125 0.48984375 0.6796875 0.66484375 0.678125 0.68671875 0.675 0.69140625 0.66875 0.70546875 0.678125 0.95546875 0.6796875 0.9625 0.67421875 0.9578125 0.59296875 0.9625 0.51171875 0.959375 0.49140625
0 1 0.17109375 0.8890625 0.16953125 0.81640625 0.175 0.796875 0.20390625 0.7921875 0.25390625 0.78515625 0.2546875 0.77421875 0.2390625 0.75390625 0.2375 0.728125 0.25859375 0.72578125 0.2921875 0.71484375 0.2828125 0.69921875 0.303125 0.66171875 0.3046875 0.65078125 0.31875 0.64296875 0.309375 0.62734375 0.309375 0.59921875 0.2953125 0.58203125 0.296875 0.5734375 0.30859375 0.57109375 0.34375 0.509375 0.35234375 0.509375 0.38984375 0.515625 0.40234375 0.52578125 0.409375 0.54921875 0.4078125 0.58515625 0.4296875 0.60546875 0.4171875 0.63671875 0.415625 0.6546875 0.42734375 0.66484375 0.446875 0.67890625 0.44375 0.6859375 0.44921875 0.68671875 0.4625 0.67578125 0.4546875 0.6703125 0.46171875 0.6703125 0.47109375 0.68515625 0.484375 0.91171875 0.484375 0.96171875 0.4703125 0.978125 0.44140625 0.984375 0.40546875 0.940625 0.33828125 0.9140625 0.31796875 0.9046875 0.27734375 0.890625 0.25859375 0.8890625 0.24453125 0.91640625 0.2375 0.91953125 0.2296875 0.96484375 0.209375 0.99921875 0.2078125 1 0.17109375
0 0.9921875 0.07578125 0.965625 0.00078125 0.69921875 0 0.6984375 0.16328125 0.80390625 0.16875 0.87109375 0.1640625 0.99921875 0.1671875 1 0.11484375 0.9921875 0.10078125 0.9921875 0.07578125
0 0.0984375 0.43203125 0.096875 0.00078125 0.009375 0.00078125 0.0125 0.06171875 0.02109375 0.0671875 0.03203125 0.0609375 0.0609375 0.10859375 0.0546875 0.14453125 0.034375 0.20078125 0.0421875 0.24921875 0.0203125 0.27421875 0.0015625 0.33046875 0.003125 0.41171875 0.0203125 0.45234375 0.01875 0.47421875 0.0046875 0.50859375 0.01015625 0.51875 0.0234375 0.51484375 0.03125 0.48359375 0.04296875 0.4671875 0.06953125 0.453125 0.07734375 0.4359375 0.09296875 0.44375 0.0984375 0.43203125
0 0.134375 0.53828125 0.1109375 0.50703125 0.0984375 0.51171875 0.0859375 0.54140625 0.10703125 0.5703125 0.11875 0.56484375 0.134375 0.53828125
0 0.0125 0.54609375 0.003125 0.51796875 0.00078125 0.696875 0.0109375 0.68515625 0.0140625 0.66640625 0.0140625 0.63359375 0.003125 0.59140625 0.003125 0.56015625 0.0125 0.54609375
0 0.71875 0.90390625 0.6421875 0.89921875 0.51015625 0.9015625 0.5 0.92734375 0.503125 0.99453125 0.52421875 1 0.71953125 0.9984375 0.7234375 0.94453125 0.71875 0.90390625
0 0.86796875 0.684375 0.85625 0.68359375 0.83671875 0.6828125 0.82734375 0.703125 0.8015625 0.71484375 0.79375 0.73671875 0.80078125 0.7734375 0.81171875 0.7765625 0.82421875 0.7640625 0.83984375 0.7765625 0.84375 0.76328125 0.85546875 0.753125 0.890625 0.73828125 0.89375 0.72578125 0.884375 0.69765625 0.86796875 0.684375
0 0.7671875 0.75390625 0.7546875 0.70859375 0.7375 0.72109375 0.7328125 0.75859375 0.74296875 0.7703125 0.75234375 0.76875 0.7671875 0.75390625
0 0.79375 0.72109375 0.771875 0.71171875 0.7671875 0.71328125 0.7671875 0.73828125 0.78203125 0.7546875 0.7921875 0.73984375 0.79375 0.72109375
0 0.946875 0.69921875 0.93125 0.68203125 0.70703125 0.68125 0.69921875 0.6875 0.67578125 0.6890625 0.66328125 0.684375 0.66015625 0.696875 0.6546875 0.68671875 0.653125 0.70546875 0.65546875 0.7109375 0.66015625 0.7015625 0.6703125 0.71171875 0.6703125 0.72734375 0.67578125 0.7203125 0.67890625 0.7375 0.69296875 0.7375 0.71484375 0.759375 0.73203125 0.7609375 0.74609375 0.7703125 0.76796875 0.7578125 0.78828125 0.7578125 0.80390625 0.775 0.84140625 0.7734375 0.86171875 0.7515625 0.88984375 0.7421875 0.90234375 0.7640625 0.91953125 0.7671875 0.93046875 0.765625 0.946875 0.74921875 0.946875 0.69921875
0 0.8859375 0.99765625 0.884375 0.95546875 0.8671875 0.96015625 0.85546875 1 0.8859375 0.99765625
0 0.3921875 0.68828125 0.378125 0.68359375 0.346875 0.68671875 0.35 0.71328125 0.3421875 0.74921875 0.34921875 0.759375 0.36015625 0.7578125 0.36796875 0.7640625 0.37734375 0.7640625 0.3859375 0.75546875 0.38125 0.70859375 0.3921875 0.68828125
0 0.328125 0.69140625 0.31875 0.68046875 0.3109375 0.68671875 0.303125 0.74765625 0.32265625 0.7625 0.33125 0.75078125 0.33125 0.73515625 0.328125 0.69140625
0 0.29375 0.67890625 0.2765625 0.66796875 0.26171875 0.675 0.2578125 0.68359375 0.259375 0.69765625 0.26796875 0.703125 0.28671875 0.7 0.2953125 0.68828125 0.29375 0.67890625