0 0.67109375 0.346875 0.665625 0.34921875 0.66484375 0.340625 0.65703125 0.35 0.64296875 0.353125 0.60234375 0.346875 0.54296875 0.3515625 0.53828125 0.3296875 0.52578125 0.3390625 0.515625 0.33828125 0.5265625 0.33359375 0.52421875 0.321875 0.4828125 0.32265625 0.50546875 0.325 0.50234375 0.33125 0.496875 0.32890625 0.4984375 0.33359375 0.5140625 0.33828125 0.4953125 0.34140625 0.52265625 0.3421875 0.525 0.34765625 0.51796875 0.3515625 0.49609375 0.3484375 0.49140625 0.328125 0.47890625 0.3359375 0.45234375 0.321875 0.37265625 0.31875 0.34375 0.32578125 0.346875 0.33828125 0.334375 0.35859375 0.334375 0.38046875 0.3453125 0.39453125 0.3203125 0.45234375 0.3203125 0.47421875 0.3296875 0.50390625 0.34140625 0.5125 0.41015625 0.5109375 0.41640625 0.5046875 0.46484375 0.5125 0.61171875 0.5125 0.63359375 0.5109375 0.63671875 0.5015625 0.64140625 0.5109375 0.9484375 0.51171875 0.959375 0.50703125 0.9625 0.48203125 0.95625 0.40390625 0.96015625 0.321875 0.70859375 0.321875 0.69140625 0.3375 0.67890625 0.340625 0.6828125 0.34609375 0.67578125 0.353125 0.67109375 0.346875
0 0.940625 0.66171875 0.984375 0.59453125 0.978125 0.55859375 0.95859375 0.5296875 0.91953125 0.5171875 0.68671875 0.515625 0.6703125 0.53046875 0.6703125 0.53828125 0.67578125 0.5453125 0.68359375 0.5359375 0.68671875 0.5484375 0.7078125 0.55078125 0.70234375 0.5734375 0.69140625 0.5734375 0.68046875 0.55625 0.66640625 0.5515625 0.6546875 0.57265625 0.63671875 0.584375 0.61015625 0.584375 0.58203125 0.571875 0.55078125 0.5921875 0.52578125 0.590625 0.5125 0.60390625 0.5109375 0.64765625 0.57109375 0.65625 0.5734375 0.69140625 0.58203125 0.703125 0.59921875 0.7046875 0.62109375 0.6921875 0.64140625 0.690625 0.65234375 0.68125 0.66171875 0.6953125 0.69921875 0.696875 0.71015625 0.7109375 0.72734375 0.7078125 0.7296875 0.74140625 0.75703125 0.7625 0.77265625 0.7609375 0.78203125 0.746875 0.79140625 0.74375 0.796875 0.79453125 0.81640625 0.825 1 0.82890625 0.99921875 0.7921875 0.96796875 0.790625 0.92578125 0.771875 0.91796875 0.775 0.91796875 0.7625 0.8890625 0.75546875 0.8890625 0.74453125 0.9046875 0.72265625 0.9140625 0.68203125 0.940625 0.66171875
0 0.87109375 0.8359375 0.79609375 0.83125 0.6984375 0.83671875 0.69921875 1 0.9671875 0.99921875 1 0.88671875 0.99921875 0.8328125 0.87109375 0.8359375
0 0.0203125 0.54765625 0.003125 0.58828125 0.0015625 0.66953125 0.0203125 0.72578125 0.040625 0.74609375 0.034375 0.79921875 0.0546875 0.85546875 0.0609375 0.89140625 0.03203125 0.9390625 0.02109375 0.9328125 0.0125 0.93828125 0.009375 0.99921875 0.096875 0.99921875 0.0984375 0.56796875 0.09296875 0.55625 0.07734375 0.5640625 0.06953125 0.546875 0.040625 0.53046875 0.0234375 0.48515625 0.01171875 0.4796875 0.0046875 0.49140625 0.01875 0.52578125 0.0203125 0.54765625
0 0 0.67109375 0.0109375 0.71328125 0.028125 0.74765625 0.03203125 0.7453125 0.0359375 0.75234375 0.0328125 0.79765625 0.053125 0.86796875 0.0484375 0.91328125 0.0421875 0.91015625 0.03515625 0.93125 0.009375 0.93515625 0.0046875 0.99765625 0.096875 0.99921875 0.0984375 0.57109375 0.08984375 0.5484375 0.07890625 0.5609375 0.07109375 0.5421875 0.06171875 0.54375 0.0359375 0.52265625 0.0265625 0.48359375 0.0140625 0.47890625 0.015625 0.45078125 0.0046875 0.43515625 0.0125 0.33359375 0.009375 0.31328125 0.00078125 0.3046875 0 0.49296875 0.009375 0.53671875 0 0.54140625 0.0078125 0.54453125 0 0.54921875 0 0.67109375
0 0.084375 0.45546875 0.096875 0.48515625 0.1078125 0.49296875 0.134375 0.46796875 0.11171875 0.4296875 0.10390625 0.43125 0.084375 0.45546875
0 0.5 0.07265625 0.51171875 0.1 0.7125 0.10078125 0.721875 0.08828125 0.71953125 0.0015625 0.5 0.00390625 0.5 0.07265625
0 0.49375 0.00234375 0.41953125 0 0.4203125 0.07578125 0.42578125 0.078125 0.45546875 0.0640625 0.46484375 0.0765625 0.48125 0.07734375 0.490625 0.06015625 0.49375 0.00234375
0 0.7703125 0.28828125 0.7953125 0.27734375 0.79375 0.26328125 0.78203125 0.2453125 0.7671875 0.26171875 0.7703125 0.28828125
0 0.79375 0.26484375 0.8015625 0.28515625 0.82734375 0.296875 0.83671875 0.3171875 0.8578125 0.31640625 0.87109375 0.3140625 0.884375 0.30234375 0.89375 0.27421875 0.890625 0.26171875 0.85390625 0.2453125 0.83984375 0.2234375 0.82421875 0.2359375 0.81171875 0.2234375 0.80078125 0.2265625 0.79375 0.26484375
0 0.9421875 0.30859375 0.9484375 0.28828125 0.946875 0.25390625 0.93671875 0.2390625 0.91796875 0.2328125 0.9015625 0.23984375 0.8953125 0.29296875 0.91328125 0.315625 0.93125 0.31796875 0.9421875 0.30859375
0 0.7328125 0.24140625 0.7375 0.27890625 0.7546875 0.29140625 0.7671875 0.24609375 0.75234375 0.23125 0.74296875 0.2296875 0.7328125 0.24140625
0 0.71171875 0.2453125 0.6890625 0.27421875 0.7015625 0.29296875 0.703125 0.31484375 0.7125 0.31796875 0.728125 0.26640625 0.72578125 0.24375 0.71171875 0.2453125
0 0.6140625 0.28046875 0.61875 0.26171875 0.60546875 0.2546875 0.5984375 0.26171875 0.6 0.27109375 0.6140625 0.28046875
0 0.303125 0.25078125 0.309375 0.30859375 0.31875 0.31953125 0.328125 0.31328125 0.3328125 0.26015625 0.32265625 0.2359375 0.303125 0.25078125
0 0.35 0.28828125 0.346875 0.31484375 0.3796875 0.31640625 0.3921875 0.31328125 0.3921875 0.30390625 0.38125 0.29296875 0.3859375 0.24609375 0.37890625 0.2375 0.36796875 0.2359375 0.36171875 0.2421875 0.34921875 0.2421875 0.3421875 0.25234375 0.35 0.28828125
0 0.28671875 0.3 0.26796875 0.296875 0.259375 0.30234375 0.2578125 0.31640625 0.2765625 0.33515625 0.2953125 0.31953125 0.2953125 0.31171875 0.28671875 0.3