0 0.671875 0.40546875 0.67578125 0.3484375 0.64765625 0.3578125 0.63671875 0.3546875 0.61953125 0.3828125 0.609375 0.38046875 0.60625 0.34921875 0.60078125 0.346875 0.57421875 0.3484375 0.5703125 0.36953125 0.56171875 0.3796875 0.51953125 0.371875 0.509375 0.36484375 0.5078125 0.34296875 0.49140625 0.33125 0.48046875 0.3328125 0.47109375 0.34375 0.45546875 0.3421875 0.43984375 0.3515625 0.41640625 0.340625 0.38515625 0.365625 0.37421875 0.3546875 0.35078125 0.35625 0.32890625 0.35 0.26796875 0.359375 0.25390625 0.35 0.24140625 0.3546875 0.21953125 0.3515625 0.14296875 0.315625 0.10234375 0.3078125 0.084375 0.32109375 0.05625 0.35859375 0.05625 0.37421875 0.0671875 0.39453125 0.040625 0.45234375 0.0390625 0.46796875 0.0484375 0.49921875 0.06171875 0.5078125 0.09609375 0.509375 0.16171875 0.4984375 0.20234375 0.509375 0.24296875 0.5015625 0.32734375 0.50625 0.33828125 0.5 0.34921875 0.5046875 0.35859375 0.4953125 0.36328125 0.5015625 0.40078125 0.5015625 0.40546875 0.5078125 0.49921875 0.509375 0.52734375 0.4921875 0.54921875 0.503125 0.56328125 0.4953125 0.58515625 0.515625 0.60703125 0.515625 0.6109375 0.52890625 0.62421875 0.5375 0.653125 0.53828125 0.6578125 0.49453125 0.66484375 0.4875 0.67734375 0.4890625 0.68125 0.47734375 0.678125 0.41640625 0.671875 0.40546875
0 0.496875 0.55703125 0.48046875 0.534375 0.45703125 0.5328125 0.43203125 0.5203125 0.38828125 0.5234375 0.32890625 0.509375 0.20234375 0.5125 0.1984375 0.51484375 0.203125 0.53046875 0.21328125 0.5265625 0.2265625 0.54296875 0.19921875 0.5546875 0.18515625 0.553125 0.1734375 0.56171875 0.1703125 0.57578125 0.15703125 0.584375 0.10859375 0.578125 0.1015625 0.55703125 0.109375 0.55390625 0.10390625 0.55 0.08984375 0.578125 0.07265625 0.5890625 0.04140625 0.5921875 0.028125 0.61328125 0.03125 0.65234375 0.05234375 0.65 0.046875 0.64453125 0.05546875 0.6421875 0.065625 0.64453125 0.06015625 0.65 0.08984375 0.65625 0.09375 0.69609375 0.10703125 0.7046875 0.13046875 0.703125 0.14140625 0.690625 0.16015625 0.690625 0.16171875 0.6953125 0.16953125 0.6796875 0.16953125 0.69375 0.21328125 0.7 0.2234375 0.70703125 0.22890625 0.75 0.396875 0.75078125 0.40703125 0.7484375 0.421875 0.72890625 0.434375 0.68046875 0.4546875 0.66953125 0.5046875 0.59609375 0.496875 0.55703125
0 0.15546875 1 0.15703125 0.9890625 0.16171875 1 0.16640625 0.9890625 0.1703125 0.99453125 0.1703125 0.98203125 0.20078125 0.95625 0.20859375 0.9640625 0.21328125 0.9578125 0.2234375 0.96484375 0.23359375 0.9921875 0.24453125 1 0.2609375 0.99921875 0.2828125 0.96171875 0.29375 0.92578125 0.29375 0.89921875 0.3078125 0.86328125 0.3015625 0.84296875 0.29140625 0.8359375 0.26953125 0.85625 0.23046875 0.8546875 0.21796875 0.8734375 0.19296875 0.8875 0.1765625 0.87734375 0.1609375 0.85078125 0.1578125 0.83046875 0.17734375 0.8265625 0.18515625 0.83125 0.2046875 0.80546875 0.2140625 0.77421875 0.21015625 0.75625 0.10078125 0.7546875 0.06015625 0.7796875 0.03515625 0.7875 0.01484375 0.7859375 0 0.79453125 0.00078125 1 0.15546875 1
0 1 0.56171875 0.97734375 0.565625 0.97109375 0.55 0.92890625 0.525 0.9234375 0.55703125 0.909375 0.58359375 0.9125 0.63203125 0.92109375 0.625 0.9234375 0.63671875 0.90625 0.65390625 0.90625 0.66953125 0.925 0.72421875 0.946875 0.74921875 0.9390625 0.78046875 0.9421875 0.80859375 0.9640625 0.86953125 0.98125 0.88203125 0.984375 0.89921875 0.98046875 0.90625 0.95703125 0.9140625 0.93828125 0.94375 0.92421875 0.940625 0.9171875 0.94765625 0.9140625 0.99921875 0.975 0.99921875 0.9640625 0.98984375 0.996875 0.98203125 0.9734375 0.97734375 1 0.97109375 1 0.56171875
0 0.28515625 0.1 0.403125 0.10078125 0.49375 0.09609375 0.5015625 0.07421875 0.49609375 0.003125 0.278125 0.00234375 0.278125 0.08203125 0.28515625 0.1
0 0.2046875 0.23515625 0.19921875 0.228125 0.18984375 0.225 0.17890625 0.2359375 0.15234375 0.240625 0.109375 0.26484375 0.1140625 0.29609375 0.11953125 0.3015625 0.14296875 0.3015625 0.14921875 0.3171875 0.1609375 0.31796875 0.16640625 0.3015625 0.19609375 0.2890625 0.203125 0.28046875 0.2078125 0.26328125 0.2015625 0.25703125 0.2046875 0.23515625
0 0.053125 0.28359375 0.0609375 0.31171875 0.07109375 0.321875 0.0796875 0.32109375 0.10625 0.29140625 0.1 0.25859375 0.08046875 0.2515625 0.06796875 0.2609375 0.0546875 0.25703125 0.053125 0.28359375
0 0.234375 0.26484375 0.228125 0.24921875 0.21953125 0.2453125 0.2078125 0.27890625 0.2328125 0.28828125 0.234375 0.26484375
0 0.2375 0.26796875 0.2453125 0.27578125 0.2453125 0.28828125 0.25 0.28828125 0.2640625 0.27890625 0.26875 0.24453125 0.26015625 0.23125 0.24765625 0.2328125 0.234375 0.24609375 0.2375 0.26796875
0 0.2953125 0.29140625 0.3125 0.27421875 0.29140625 0.246875 0.27578125 0.24375 0.275 0.27109375 0.2828125 0.28828125 0.2953125 0.29140625
0 1 0.50546875 0.99609375 0.5125 0.99375 0.50390625 1 0.50078125 0.99765625 0.30625 0.9890625 0.33046875 0.9953125 0.43984375 0.9765625 0.45859375 0.984375 0.46328125 0.98203125 0.46875 0.990625 0.47109375 0.98046875 0.48125 0.97734375 0.471875 0.971875 0.47421875 0.9765625 0.47890625 0.971875 0.49140625 0.98125 0.50234375 0.9765625 0.51171875 0.9828125 0.51015625 0.9734375 0.54140625 0.9546875 0.53359375 0.94609375 0.5125 0.940625 0.52265625 0.9390625 0.49296875 0.915625 0.47265625 0.92734375 0.46875 0.93046875 0.478125 0.9296875 0.46640625 0.93828125 0.4671875 0.94140625 0.4578125 0.92265625 0.4609375 0.89921875 0.43125 0.88984375 0.4296875 0.86875 0.46640625 0.89140625 0.4890625 0.909375 0.49296875 0.9234375 0.53203125 0.9234375 0.55234375 0.9078125 0.58828125 0.9109375 0.64765625 0.9046875 0.65234375 0.9046875 0.66953125 0.9203125 0.71640625 0.9453125 0.75390625 0.9390625 0.77734375 0.9421875 0.81015625 0.9671875 0.87109375 0.9828125 0.88359375 0.9875 0.89921875 0.98515625 0.915625 0.9578125 0.91796875 0.95859375 0.9296875 0.971875 0.93046875 0.953125 0.93515625 0.9609375 0.93828125 0.95625 0.94140625 0.96015625 0.94375 0.96328125 0.9375 0.96953125 0.94375 0.98203125 0.9375 0.9890625 0.94609375 0.9859375 0.95703125 1 0.96015625 1 0.94765625 0.99375 0.94609375 1 0.94453125 1 0.55390625 0.98828125 0.5578125 0.9859375 0.55078125 0.99375 0.54609375 0.9859375 0.53359375 0.9953125 0.53046875 0.99375 0.51796875 1 0.51640625 1 0.50546875
0 0.67734375 0.2375 0.6703125 0.24921875 0.675 0.27578125 0.671875 0.32734375 0.6796875 0.33984375 0.6921875 0.30546875 0.690625 0.28359375 0.6984375 0.25859375 0.69375 0.24453125 0.68359375 0.2375 0.67734375 0.2375
0 0.71328125 0.3265625 0.728125 0.32734375 0.7421875 0.32109375 0.7421875 0.30234375 0.73359375 0.296875 0.71484375 0.3 0.70625 0.31171875 0.71328125 0.3265625
0 0.55546875 0.0625 0.56328125 0.071875 0.578125 0.07578125 0.5828125 0.00078125 0.50859375 0 0.509375 0.07109375 0.52421875 0.0765625 0.53828125 0.0625 0.55546875 0.0625