0 0.9140625 0.68203125 0.940625 0.66171875 0.984375 0.59453125 0.984375 0.57734375 0.971875 0.54453125 0.946875 0.51953125 0.9625 0.45859375 0.934375 0.39296875 0.94375 0.37578125 0.94375 0.35546875 0.9296875 0.34140625 0.93125 0.33046875 0.92734375 0.3328125 0.91875 0.32265625 0.92109375 0.315625 0.89921875 0.3078125 0.87109375 0.3125 0.83515625 0.33125 0.80234375 0.3390625 0.78515625 0.3515625 0.74765625 0.3515625 0.72890625 0.3640625 0.69453125 0.3515625 0.66953125 0.3515625 0.63203125 0.3546875 0.61640625 0.3671875 0.58671875 0.34375 0.56953125 0.3453125 0.56171875 0.353125 0.51328125 0.334375 0.496875 0.34296875 0.49375 0.36328125 0.48203125 0.3734375 0.46328125 0.3796875 0.43359375 0.378125 0.425 0.35390625 0.41953125 0.35625 0.41171875 0.3484375 0.4 0.35234375 0.3953125 0.37734375 0.37890625 0.3828125 0.36484375 0.3609375 0.34296875 0.3578125 0.33359375 0.35 0.3265625 0.35390625 0.3296875 0.40859375 0.321875 0.42734375 0.3203125 0.47890625 0.32578125 0.4921875 0.32890625 0.4875 0.3421875 0.48984375 0.35078125 0.54375 0.35703125 0.5390625 0.36171875 0.546875 0.36953125 0.540625 0.38203125 0.5421875 0.39296875 0.5171875 0.41484375 0.515625 0.43984375 0.4953125 0.45234375 0.503125 0.47890625 0.490625 0.509375 0.52109375 0.50625 0.55078125 0.5125 0.56484375 0.5375 0.58046875 0.5109375 0.60703125 0.509375 0.64609375 0.56953125 0.65625 0.5734375 0.69140625 0.58046875 0.7015625 0.59921875 0.7046875 0.62265625 0.6921875 0.63984375 0.6921875 0.64765625 0.684375 0.66328125 0.6953125 0.70078125 0.6984375 0.71171875 0.7125 0.728125 0.71796875 0.7296875 0.74140625 0.75546875 0.7625 0.77421875 0.7609375 0.78515625 0.7453125 0.790625 0.74609375 0.8 0.80390625 0.81953125 0.825 0.9875 0.82890625 1 0.82734375 0.99921875 0.7921875 0.95859375 0.7875 0.890625 0.75234375 0.9046875 0.72265625 0.9140625 0.68203125
0 0.69921875 1 0.965625 0.99921875 0.9921875 0.92421875 0.9921875 0.89921875 1 0.88515625 0.99921875 0.8328125 0.6984375 0.83515625 0.69921875 1
0 0 0.99921875 0.0875 0.99921875 0.0828125 0.94296875 0.06484375 0.9421875 0.04296875 0.9109375 0.0203125 0.89921875 0.0234375 0.88203125 0.0390625 0.86796875 0.0625 0.79921875 0.0546875 0.74921875 0.0765625 0.72421875 0.0953125 0.66953125 0.0953125 0.65390625 0.0859375 0.63984375 0.09375 0.58671875 0.0796875 0.55859375 0.078125 0.52734375 0.07109375 0.515625 0.028125 0.55078125 0.02421875 0.565625 0 0.55859375 0 0.99921875
0 0.028125 0.88515625 0.0375 0.87578125 0.0609375 0.80703125 0.0640625 0.78671875 0.0578125 0.75234375 0.0828125 0.71328125 0.096875 0.66953125 0.0953125 0.58828125 0.0796875 0.55234375 0.08125 0.52890625 0.09375 0.49296875 0.11328125 0.4890625 0.1328125 0.46015625 0.11875 0.43359375 0.1203125 0.40859375 0.10625 0.40859375 0.121875 0.39609375 0.1125 0.39140625 0.11171875 0.384375 0.0921875 0.40390625 0.09140625 0.4171875 0.06875 0.40234375 0.075 0.38203125 0.0609375 0.37421875 0.06171875 0.36875 0.0734375 0.36640625 0.06796875 0.35 0.05390625 0.3453125 0.05234375 0.3515625 0.0640625 0.35390625 0.0609375 0.36171875 0.04765625 0.3578125 0.0453125 0.36484375 0.0578125 0.37109375 0.04296875 0.3796875 0.03984375 0.3703125 0.034375 0.38203125 0.0421875 0.38671875 0.0234375 0.38984375 0.0203125 0.38515625 0.028125 0.37734375 0.015625 0.37265625 0.015625 0.36484375 0.01953125 0.36875 0.0234375 0.36171875 0.015625 0.35859375 0.0140625 0.32578125 0.00078125 0.303125 0 0.99921875 0.0875 0.99921875 0.0828125 0.94296875 0.07578125 0.9359375 0.0625 0.93828125 0.0453125 0.91015625 0.03125 0.90078125 0.028125 0.88515625
0 0.6375 0.08828125 0.64453125 0.10625 0.65546875 0.1015625 0.67265625 0.1046875 0.6796875 0.08671875 0.69453125 0.0734375 0.70546875 0.0890625 0.7109375 0.08828125 0.715625 0.06171875 0.7 0.03984375 0.70703125 0 0.4421875 0.00390625 0.4625 0.00859375 0.4578125 0.02421875 0.46328125 0.0421875 0.4734375 0.03203125 0.46875 0.02421875 0.47109375 0.0078125 0.48359375 0.015625 0.49453125 0.0125 0.4984375 0.02890625 0.5140625 0.05078125 0.52890625 0.0578125 0.56015625 0.0890625 0.58203125 0.0984375 0.603125 0.12734375 0.6203125 0.12265625 0.625 0.11171875 0.6234375 0.07734375 0.62890625 0.0703125 0.640625 0.07265625 0.6375 0.08828125
0 0.80859375 0.2234375 0.796875 0.23359375 0.79375 0.26328125 0.7984375 0.27890625 0.80390625 0.2875 0.8265625 0.29765625 0.8328125 0.32421875 0.840625 0.32578125 0.884375 0.30234375 0.8921875 0.26484375 0.85390625 0.2453125 0.83984375 0.2234375 0.82421875 0.2359375 0.80859375 0.2234375
0 0.7546875 0.28828125 0.7671875 0.24609375 0.75234375 0.23125 0.74296875 0.2296875 0.7328125 0.24140625 0.7375 0.27734375 0.7546875 0.28828125
0 0.7140625 0.29140625 0.728125 0.26640625 0.72578125 0.24375 0.71171875 0.2453125 0.6890625 0.27421875 0.70078125 0.2890625 0.7140625 0.29140625
0 0.7671875 0.28828125 0.784375 0.29140625 0.7953125 0.27734375 0.79375 0.26015625 0.78359375 0.2453125 0.77578125 0.2453125 0.7671875 0.25859375 0.7671875 0.28828125
0 0.896875 0.27578125 0.8984375 0.29609375 0.91796875 0.315625 0.93125 0.31796875 0.9453125 0.30078125 0.946875 0.25859375 0.93203125 0.2609375 0.92421875 0.253125 0.90546875 0.25625 0.896875 0.27578125
0 0.259375 0.30234375 0.2578125 0.31953125 0.27265625 0.328125 0.2765625 0.33828125 0.27890625 0.3296875 0.29375 0.32265625 0.2953125 0.31015625 0.28359375 0.2984375 0.26640625 0.296875 0.259375 0.30234375
0 0.309375 0.30859375 0.3171875 0.33515625 0.325 0.33984375 0.3296875 0.32890625 0.33125 0.24765625 0.31796875 0.2375 0.30625 0.24609375 0.303125 0.26015625 0.309375 0.30859375
0 0.36171875 0.296875 0.378125 0.29765625 0.384375 0.24296875 0.37421875 0.2359375 0.34765625 0.2421875 0.3421875 0.25859375 0.3484375 0.28046875 0.36171875 0.296875