0 1 0.65546875 0.9921875 0.64609375 0.9921875 0.61796875 0.96796875 0.6078125 0.90859375 0.609375 0.90234375 0.6765625 0.9 0.64921875 0.890625 0.63984375 0.89375 0.62890625 0.8796875 0.62421875 0.87578125 0.609375 0.84609375 0.6078125 0.82421875 0.6140625 0.821875 0.62578125 0.828125 0.63671875 0.8140625 0.66015625 0.8203125 0.68671875 0.8140625 0.68828125 0.8125 0.70703125 0.809375 0.99921875 1 0.99921875 1 0.65546875
0 0.69453125 0.890625 0.67578125 0.9 0.64296875 0.8921875 0.640625 0.87890625 0.63203125 0.871875 0.6140625 0.91015625 0.61171875 0.978125 0.60078125 0.9703125 0.58984375 0.978125 0.5875 0.95703125 0.57265625 0.95625 0.56640625 0.9453125 0.56015625 0.95625 0.553125 0.93984375 0.54765625 1 0.7609375 0.99921875 0.7625 0.93359375 0.75703125 0.915625 0.73359375 0.9078125 0.72734375 0.9 0.70234375 0.9 0.69453125 0.890625
0 0.5484375 0.87109375 0.5625 0.91171875 0.56953125 0.9171875 0.5875 0.91640625 0.61875 0.88515625 0.6171875 0.80859375 0.59921875 0.7921875 0.56953125 0.7921875 0.5546875 0.81484375 0.5484375 0.87109375
0 0.07890625 0.8859375 0.06484375 0.8984375 0.05078125 0.8953125 0.04140625 0.9078125 0.03671875 0.9015625 0.02265625 0.9015625 0.0125 0.91484375 0.015625 0.93515625 0 0.94921875 0.00078125 1 0.3484375 0.99921875 0.3453125 0.87890625 0.31953125 0.8546875 0.09765625 0.85625 0.0921875 0.86015625 0.09140625 0.8859375 0.07890625 0.8859375
0 0.1109375 0.79140625 0.121875 0.81015625 0.125 0.83046875 0.13125 0.83359375 0.1578125 0.77734375 0.15625 0.73203125 0.14921875 0.7234375 0.11015625 0.7375 0.1046875 0.74609375 0.1109375 0.79140625
0 0.0109375 0.74453125 0.0140625 0.76328125 0.028125 0.77890625 0.028125 0.80859375 0.03515625 0.81875 0.046875 0.81796875 0.0703125 0.80234375 0.065625 0.78515625 0.075 0.76015625 0.05546875 0.6890625 0.0375 0.70078125 0.0109375 0.74453125
0 0.178125 0.54609375 0.1765625 0.58203125 0.19765625 0.578125 0.20390625 0.5890625 0.221875 0.58984375 0.2375 0.57890625 0.2421875 0.54921875 0.228125 0.51484375 0.20859375 0.496875 0.1921875 0.53515625 0.178125 0.54609375
0 0.32734375 0.2984375 0.3109375 0.33671875 0.3078125 0.39453125 0.31484375 0.4015625 0.32265625 0.4 0.33359375 0.4125 0.34375 0.41171875 0.365625 0.38046875 0.3625 0.33515625 0.353125 0.31796875 0.33984375 0.3140625 0.334375 0.29921875 0.32734375 0.2984375
0 0.2875 0.46328125 0.26796875 0.4421875 0.25703125 0.440625 0.2484375 0.46171875 0.26875 0.49453125 0.2484375 0.52734375 0.240625 0.55859375 0.24375 0.61015625 0.3203125 0.80078125 0.3234375 0.84765625 0.3453125 0.85390625 0.3609375 0.84921875 0.3609375 0.80234375 0.28125 0.60078125 0.2984375 0.58671875 0.3046875 0.56484375 0.2875 0.46328125
0 0.3109375 0.53515625 0.325 0.56015625 0.340625 0.56484375 0.36015625 0.5640625 0.3625 0.54765625 0.34375 0.50546875 0.31640625 0.4875 0.309375 0.49453125 0.3109375 0.53515625
0 0.47109375 0.5046875 0.4578125 0.51015625 0.4609375 0.55390625 0.49375 0.75234375 0.5078125 0.75703125 0.5265625 0.73046875 0.5296875 0.66796875 0.5125 0.62109375 0.4921875 0.51015625 0.48828125 0.5046875 0.47109375 0.5046875
0 0.55078125 0.7109375 0.54140625 0.7109375 0.53046875 0.725 0.5265625 0.72265625 0.528125 0.65859375 0.5125 0.62265625 0.4921875 0.51171875 0.48671875 0.50625 0.46953125 0.50625 0.4578125 0.51640625 0.4921875 0.74140625 0.4921875 0.74921875 0.4765625 0.75859375 0.4765625 0.79921875 0.48359375 0.8046875 0.51875 0.80390625 0.53828125 0.803125 0.54765625 0.7921875 0.5734375 0.78828125 0.578125 0.73203125 0.55859375 0.725 0.55078125 0.7109375
0 0.74375 0.55859375 0.7296875 0.51484375 0.7328125 0.48828125 0.7265625 0.46484375 0.71796875 0.4578125 0.69921875 0.459375 0.6953125 0.43828125 0.69921875 0.43125 0.7203125 0.43515625 0.7515625 0.38984375 0.7546875 0.36796875 0.74296875 0.3515625 0.72109375 0.3515625 0.71015625 0.3609375 0.69921875 0.353125 0.6921875 0.37109375 0.68125 0.37421875 0.67578125 0.4 0.65859375 0.384375 0.64375 0.39296875 0.6453125 0.44140625 0.625 0.46796875 0.6296875 0.49453125 0.6234375 0.58515625 0.6265625 0.78515625 0.63828125 0.7921875 0.6640625 0.78828125 0.6609375 0.64765625 0.675 0.63203125 0.68125 0.60546875 0.70078125 0.5890625 0.709375 0.61171875 0.703125 0.63984375 0.7109375 0.71953125 0.709375 0.78828125 0.7421875 0.79140625 0.7484375 0.78515625 0.7484375 0.64453125 0.75859375 0.6421875 0.7640625 0.63203125 0.765625 0.58828125 0.74375 0.55859375
0 0.78203125 0.4453125 0.759375 0.45546875 0.753125 0.49296875 0.7640625 0.50546875 0.7640625 0.51640625 0.7484375 0.54140625 0.75234375 0.5609375 0.775 0.56015625 0.79375 0.55390625 0.803125 0.52265625 0.8140625 0.51171875 0.8109375 0.48984375 0.7953125 0.47734375 0.78203125 0.4453125
0 0.940625 0.54765625 0.90078125 0.4890625 0.86484375 0.4859375 0.8671875 0.60078125 0.87109375 0.60625 0.8859375 0.60703125 0.9015625 0.60390625 0.90703125 0.575 0.92578125 0.5953125 0.934375 0.59296875 0.94375 0.57578125 0.940625 0.54765625
0 0.95625 0.23984375 0.9484375 0.19921875 0.93046875 0.165625 0.89765625 0.16875 0.88828125 0.1765625 0.87109375 0.1640625 0.83984375 0.1734375 0.828125 0.18515625 0.80625 0.23046875 0.8078125 0.26015625 0.7953125 0.29921875 0.7921875 0.34765625 0.7984375 0.37421875 0.83671875 0.3890625 0.86875 0.38984375 0.878125 0.33984375 0.88671875 0.33125 0.89921875 0.340625 0.9140625 0.33515625 0.928125 0.28515625 0.95625 0.23984375
0 0.87421875 0 0.8453125 0.03671875 0.8484375 0.05234375 0.840625 0.06640625 0.8453125 0.09921875 0.8390625 0.15234375 0.8453125 0.16953125 0.853125 0.17109375 0.8578125 0.16171875 0.859375 0.08515625 0.890625 0.03203125 0.89453125 0 0.87421875 0
0 0.9265625 0.08984375 0.934375 0.10390625 0.9328125 0.12421875 0.9390625 0.13203125 0.95625 0.08828125 0.9578125 0.00078125 0.91484375 0 0.915625 0.02421875 0.925 0.04765625 0.9265625 0.08984375
0 0.65859375 0.0359375 0.6609375 0.02890625 0.65546875 0.03125 0.6515625 0.02421875 0.65546875 0.0140625 0.6578125 0.02265625 0.6625 0.02109375 0.6671875 0.00546875 0.65859375 0.003125 0.65546875 0.009375 0.64765625 0.0015625 0.55390625 0.0015625 0.5484375 0.04609375 0.5484375 0.21640625 0.55234375 0.221875 0.65 0.22109375 0.6546875 0.21640625 0.6515625 0.17890625 0.65625 0.15546875 0.6515625 0.05546875 0.6546875 0.03359375 0.65859375 0.0359375
0 0.703125 0.05703125 0.6734375 0.02421875 0.68125 0.00546875 0.67578125 0.003125 0.66875 0.01171875 0.6703125 0.04453125 0.6546875 0.10859375 0.653125 0.21640625 0.7140625 0.21953125 0.7203125 0.18515625 0.709375 0.16953125 0.715625 0.15859375 0.7171875 0.12734375 0.703125 0.10390625 0.703125 0.05703125
0 0.6703125 0.27578125 0.64609375 0.2546875 0.6375 0.28828125 0.6421875 0.31796875 0.65625 0.32734375 0.6703125 0.27578125
0 0.56953125 0.35 0.55703125 0.3390625 0.55 0.36171875 0.53828125 0.3640625 0.5265625 0.38515625 0.5296875 0.43359375 0.53828125 0.446875 0.55703125 0.4515625 0.5625 0.47265625 0.58125 0.48359375 0.6203125 0.42734375 0.61875 0.40078125 0.5984375 0.39609375 0.5953125 0.34921875 0.58515625 0.3296875 0.56953125 0.35
0 0.4984375 0.11953125 0.4890625 0.14140625 0.4921875 0.16640625 0.4703125 0.18359375 0.4734375 0.22421875 0.4796875 0.22734375 0.49453125 0.20625 0.509375 0.20078125 0.5046875 0.17734375 0.5171875 0.14921875 0.50703125 0.1171875 0.4984375 0.11953125
0 0.4984375 0.11796875 0.4890625 0.13984375 0.4921875 0.16484375 0.4703125 0.18359375 0.48125 0.25859375 0.49375 0.26328125 0.5078125 0.24921875 0.5109375 0.18828125 0.50625 0.17734375 0.5171875 0.15390625 0.50703125 0.1171875 0.4984375 0.11796875
0 0.4625 0.47109375 0.4765625 0.48828125 0.48125 0.41953125 0.4890625 0.38984375 0.47890625 0.3640625 0.4578125 0.38828125 0.465625 0.44609375 0.4625 0.47109375
0 0.55390625 0.5859375 0.56875 0.58515625 0.5734375 0.58046875 0.56875 0.55078125 0.55703125 0.540625 0.54296875 0.540625 0.5375 0.57421875 0.55390625 0.5859375
0 0.60625 0.52578125 0.609375 0.54609375 0.61875 0.55234375 0.6296875 0.54296875 0.6328125 0.52109375 0.62734375 0.509375 0.61640625 0.50625 0.6078125 0.51328125 0.60625 0.52578125
0 0.6015625 0.55546875 0.59765625 0.5171875 0.578125 0.54921875 0.578125 0.57109375 0.5859375 0.57734375 0.6015625 0.55546875
0 0.8203125 0.55078125 0.8265625 0.58203125 0.8578125 0.59765625 0.8640625 0.54296875 0.85546875 0.503125 0.84296875 0.5203125 0.83515625 0.5109375 0.8296875 0.51328125 0.8203125 0.55078125
0 0.940625 0.54609375 0.90625 0.49453125 0.89453125 0.4859375 0.86953125 0.484375 0.8640625 0.45859375 0.85390625 0.4578125 0.865625 0.52109375 0.865625 0.59765625 0.87109375 0.60625 0.8921875 0.60703125 0.9015625 0.60390625 0.90546875 0.5765625 0.92734375 0.5984375 0.934375 0.59609375 0.94375 0.58046875 0.940625 0.54609375
0 0.634375 0.80703125 0.6328125 0.85390625 0.640625 0.85546875 0.65078125 0.853125 0.671875 0.83046875 0.6828125 0.80234375 0.68046875 0.7921875 0.65078125 0.79375 0.634375 0.80703125
0 0.528125 0.92421875 0.5265625 0.88203125 0.51484375 0.884375 0.5234375 0.87890625 0.51328125 0.878125 0.50078125 0.89375 0.48515625 0.8625 0.45546875 0.8546875 0.4375 0.88203125 0.4421875 0.93984375 0.45546875 0.95 0.46640625 0.95 0.4609375 0.94609375 0.47421875 0.9359375 0.48671875 0.9421875 0.49140625 0.9375 0.51875 0.95078125 0.5234375 0.93984375 0.5171875 0.93671875 0.515625 0.92578125 0.51953125 0.921875 0.52578125 0.9296875 0.528125 0.92421875
0 0.6328125 0.88984375 0.621875 0.88828125 0.628125 0.88359375 0.61640625 0.871875 0.6109375 0.88359375 0.60859375 0.8609375 0.603125 0.88203125 0.609375 0.88671875 0.59765625 0.9015625 0.58984375 0.8953125 0.5859375 0.90390625 0.590625 0.92265625 0.5625 0.92578125 0.56484375 0.9375 0.584375 0.93671875 0.575 0.94296875 0.578125 0.95078125 0.55078125 0.95625 0.55625 0.96953125 0.54453125 0.978125 0.5375 0.97109375 0.5359375 0.94140625 0.5296875 0.93828125 0.534375 0.93046875 0.5296875 0.90078125 0.5375 0.89921875 0.53515625 0.8921875 0.5296875 0.89296875 0.5296875 0.88515625 0.5375 0.88359375 0.5359375 0.86328125 0.53046875 0.871875 0.51171875 0.8703125 0.50625 0.88671875 0.49921875 0.8890625 0.4921875 0.86640625 0.46640625 0.8546875 0.44765625 0.859375 0.4390625 0.87421875 0.4375 0.95234375 0.41796875 0.95625 0.40859375 0.9703125 0.40078125 0.9671875 0.38515625 0.9921875 0.35703125 0.990625 0.35 0.99921875 0.759375 0.99921875 0.75859375 0.915625 0.73515625 0.909375 0.72734375 0.9015625 0.68671875 0.9046875 0.63203125 0.896875 0.6328125 0.88984375
0 0.04765625 0.8734375 0.05234375 0.8640625 0.06015625 0.8640625 0.06796875 0.8765625 0 0.87890625 0.0140625 0.88203125 0.0140625 0.88828125 0.00859375 0.8859375 0.0046875 0.89140625 0.00703125 0.896875 0.0234375 0.89453125 0.01328125 0.9046875 0.003125 0.90546875 0.00078125 1 0.3453125 0.99921875 0.34375 0.87421875 0.33828125 0.8625 0.31796875 0.8546875 0.09609375 0.85625 0.0453125 0.86328125 0.04765625 0.8734375
0 0.80625 0.99921875 0.8078125 0.90390625 0.78203125 0.8984375 0.775 0.92265625 0.7671875 0.92421875 0.765625 0.99921875 0.80625 0.99921875
0 0.7828125 0.89140625 0.8046875 0.90078125 0.809375 0.89453125 0.809375 0.86015625 0.7984375 0.83671875 0.78984375 0.8328125 0.7796875 0.86015625 0.7828125 0.89140625
0 0.74921875 0.86875 0.7625 0.86796875 0.7640625 0.79453125 0.73671875 0.7921875 0.734375 0.79921875 0.7421875 0.81328125 0.740625 0.86171875 0.74921875 0.86875
0 0.18828125 0.15 0.184375 0.17890625 0.1890625 0.19921875 0.225 0.25234375 0.2390625 0.23203125 0.24375 0.19765625 0.25 0.19296875 0.246875 0.17421875 0.22578125 0.153125 0.18828125 0.15
0 0.2296875 0.09765625 0.23125 0.12890625 0.24296875 0.146875 0.25 0.14609375 0.275 0.13671875 0.2765625 0.11640625 0.27109375 0.1046875 0.25546875 0.1046875 0.23671875 0.0921875 0.2296875 0.09765625
0 0.08125 0.23828125 0.0828125 0.28046875 0.0890625 0.28515625 0.0984375 0.21953125 0.0875 0.18515625 0.07890625 0.18125 0.0734375 0.19140625 0.075 0.22890625 0.08125 0.23828125
0 0 0.51015625 0.0078125 0.51953125 0.00625 0.54140625 0.01328125 0.5484375 0.0234375 0.54765625 0.0296875 0.53515625 0.0296875 0.47578125 0.04375 0.46015625 0.028125 0.44140625 0.03125 0.38984375 0.02421875 0.38125 0.0109375 0.38984375 0.00625 0.43046875 0 0.43203125 0 0.51015625