0 0.32734375 0.2984375 0.3109375 0.33671875 0.3078125 0.39296875 0.33046875 0.4109375 0.34375 0.41171875 0.365625 0.37890625 0.3625 0.33671875 0.353125 0.31796875 0.33984375 0.3140625 0.334375 0.29921875 0.32734375 0.2984375
0 0.109375 0.78671875 0.125 0.82890625 0.13125 0.83203125 0.1578125 0.77734375 0.15625 0.73359375 0.14921875 0.7234375 0.11015625 0.7375 0.1046875 0.74609375 0.109375 0.78671875
0 0.02890625 0.7203125 0.0203125 0.72265625 0.0109375 0.74453125 0.015625 0.76640625 0.028125 0.77890625 0.0296875 0.81171875 0.03671875 0.81875 0.0453125 0.81796875 0.06875 0.80546875 0.0671875 0.77578125 0.075 0.76015625 0.05546875 0.6890625 0.0359375 0.70390625 0.02890625 0.7203125
0 0.00078125 0.4515625 0 0.50390625 0.025 0.50859375 0.028125 0.49140625 0.00078125 0.4515625
0 0.021875 0.54921875 0.0296875 0.53828125 0.0296875 0.52265625 0.02421875 0.515625 0.01484375 0.515625 0.0078125 0.54453125 0.021875 0.54921875
0 0.0234375 0.43984375 0.03125 0.38984375 0.02734375 0.3828125 0.01640625 0.3828125 0.0078125 0.42109375 0.0109375 0.43671875 0.0234375 0.43984375
0 0.08125 0.27734375 0.0890625 0.28828125 0.0984375 0.21796875 0.0875 0.18515625 0.07734375 0.18125 0.071875 0.20234375 0.08125 0.24296875 0.08125 0.27734375
0 0.22734375 0.2453125 0.2375 0.24765625 0.2578125 0.20234375 0.24296875 0.1875 0.22109375 0.1828125 0.2140625 0.19609375 0.221875 0.23359375 0.22734375 0.2453125
0 0.21953125 0.1828125 0.20859375 0.1734375 0.19296875 0.1734375 0.1875 0.18046875 0.19296875 0.1890625 0.2140625 0.19765625 0.2234375 0.23984375 0.2375 0.24921875 0.2640625 0.20703125 0.2625 0.17578125 0.24921875 0.1609375 0.240625 0.16796875 0.23984375 0.1859375 0.21953125 0.1828125
0 0.2515625 0.10390625 0.23515625 0.09375 0.23125 0.12578125 0.2421875 0.14609375 0.2484375 0.14609375 0.2515625 0.10390625
0 0.67734375 0 0.6734375 0.03984375 0.6828125 0.17734375 0.69140625 0.1859375 0.715625 0.19140625 0.7265625 0.16640625 0.7296875 0.10390625 0.73125 0.04921875 0.721875 0.02890625 0.725 0.00078125 0.67734375 0
0 0.58515625 0.1265625 0.54921875 0.1234375 0.540625 0.14609375 0.56796875 0.1890625 0.58046875 0.1890625 0.59609375 0.2125 0.6125 0.21328125 0.6140625 0.17734375 0.625 0.17265625 0.64375 0.13828125 0.63203125 0.1015625 0.60859375 0.1015625 0.58515625 0.1265625
0 0.9546875 0.24296875 0.9484375 0.20078125 0.92890625 0.165625 0.89765625 0.16875 0.88828125 0.1765625 0.87109375 0.1640625 0.83984375 0.1734375 0.828125 0.18515625 0.80625 0.23203125 0.8078125 0.26015625 0.7953125 0.30078125 0.7921875 0.34921875 0.7984375 0.37265625 0.83203125 0.3875 0.8671875 0.38828125 0.878125 0.33984375 0.88671875 0.33125 0.90078125 0.340625 0.915625 0.33203125 0.925 0.29296875 0.9546875 0.24296875
0 0.87421875 0 0.8453125 0.03671875 0.8484375 0.05234375 0.840625 0.06640625 0.8453125 0.09921875 0.8390625 0.15234375 0.8453125 0.16953125 0.853125 0.17109375 0.8578125 0.16171875 0.859375 0.08359375 0.86875 0.07578125 0.890625 0.03046875 0.89453125 0 0.87421875 0
0 0.9265625 0.09140625 0.934375 0.10390625 0.934375 0.13203125 0.9390625 0.13203125 0.95625 0.08828125 0.9578125 0.00078125 0.91484375 0 0.915625 0.02421875 0.925 0.04765625 0.9265625 0.09140625
0 0.940625 0.54765625 0.90078125 0.4890625 0.86640625 0.4859375 0.8625 0.50234375 0.8671875 0.60078125 0.87109375 0.60625 0.8875 0.60703125 0.9015625 0.60390625 0.90703125 0.575 0.92578125 0.5953125 0.934375 0.59296875 0.94375 0.57578125 0.940625 0.54765625
0 0.86484375 0.6109375 0.84453125 0.6078125 0.828125 0.64140625 0.8328125 0.66484375 0.81875 0.70703125 0.8203125 0.75390625 0.84765625 0.784375 0.86875 0.78984375 0.87890625 0.7875 0.9 0.76484375 0.903125 0.72265625 0.8875 0.67890625 0.8890625 0.64140625 0.86484375 0.6109375
0 1 0.73046875 0.9921875 0.72265625 0.9984375 0.71796875 0.990625 0.69140625 0.996875 0.67890625 0.990625 0.67578125 0.990625 0.61484375 0.97109375 0.6078125 0.91015625 0.6078125 0.90234375 0.6828125 0.9 0.65078125 0.8890625 0.63984375 0.8921875 0.62578125 0.88046875 0.625 0.87578125 0.6109375 0.84453125 0.6078125 0.8171875 0.66015625 0.825 0.67890625 0.8125 0.77734375 0.8078125 0.99765625 1 0.99921875 1 0.82421875 0.9953125 0.81640625 1 0.81328125 1 0.73046875
0 0.75390625 0.890625 0.74921875 0.8765625 0.74140625 0.8921875 0.73359375 0.890625 0.72421875 0.9 0.69453125 0.8953125 0.69140625 0.8859375 0.68671875 0.89375 0.58515625 0.903125 0.553125 0.92421875 0.54296875 0.95625 0.49453125 0.95625 0.49140625 0.9515625 0.47421875 0.959375 0.45390625 0.95625 0.43515625 0.971875 0.42421875 0.971875 0.42109375 0.9796875 0.39296875 0.9890625 0.3890625 0.99765625 0.803125 0.99921875 0.8046875 0.96484375 0.79296875 0.9625 0.784375 0.95234375 0.775 0.89453125 0.76171875 0.8828125 0.75390625 0.890625
0 0.75703125 0.9578125 0.7609375 0.94140625 0.7671875 0.93828125 0.7625 0.92578125 0.753125 0.92265625 0.7671875 0.85234375 0.7484375 0.79140625 0.746875 0.63984375 0.7484375 0.62890625 0.75703125 0.6328125 0.765625 0.61796875 0.765625 0.60078125 0.7578125 0.57421875 0.73515625 0.5625 0.7140625 0.57578125 0.7109375 0.59921875 0.7109375 0.77890625 0.6953125 0.80859375 0.6953125 0.85078125 0.684375 0.88984375 0.6828125 0.93359375 0.690625 0.96171875 0.684375 0.99609375 0.74453125 1 0.74765625 0.9875 0.7546875 0.99921875 0.75 0.98828125 0.7609375 0.98203125 0.74375 0.97734375 0.7484375 0.96796875 0.74375 0.96171875 0.75703125 0.9578125
0 0.7671875 0.85234375 0.759375 0.81640625 0.75 0.80234375 0.746875 0.71796875 0.746875 0.63671875 0.7484375 0.62734375 0.75703125 0.6265625 0.765625 0.61640625 0.7609375 0.60859375 0.765625 0.60078125 0.7578125 0.57421875 0.73515625 0.5625 0.7140625 0.57734375 0.7078125 0.63203125 0.7125 0.76484375 0.709375 0.78671875 0.6953125 0.80859375 0.6953125 0.85078125 0.6859375 0.87890625 0.6828125 0.93359375 0.690625 0.95859375 0.6859375 0.99765625 0.7453125 0.99921875 0.74375 0.96015625 0.75703125 0.95625 0.765625 0.93828125 0.76328125 0.93125 0.7515625 0.93046875 0.7671875 0.85234375
0 0.51796875 0.7234375 0.5140625 0.73359375 0.5171875 0.80078125 0.52578125 0.80625 0.5609375 0.80703125 0.5796875 0.80234375 0.5796875 0.71015625 0.57421875 0.7046875 0.53984375 0.7078125 0.5359375 0.72109375 0.51796875 0.7234375
0 0.5 0.93359375 0.51328125 0.9515625 0.521875 0.95078125 0.53125 0.89296875 0.53125 0.87734375 0.52421875 0.871875 0.5109375 0.87890625 0.4984375 0.90234375 0.5 0.93359375
0 0.5796875 0.80234375 0.5796875 0.71015625 0.57421875 0.7046875 0.51796875 0.70625 0.515625 0.79921875 0.5265625 0.83203125 0.5359375 0.83828125 0.5375 0.85390625 0.5625 0.86328125 0.5703125 0.85390625 0.5703125 0.84296875 0.5609375 0.82421875 0.56953125 0.8140625 0.578125 0.81328125 0.5796875 0.80234375
0 0.4375 0.88203125 0.4390625 0.93046875 0.45625 0.93671875 0.4734375 0.92734375 0.4765625 0.90078125 0.475 0.88203125 0.45859375 0.8578125 0.4453125 0.86484375 0.4375 0.88203125
0 0.07421875 0.878125 0.0765625 0.88359375 0.06171875 0.8953125 0.05546875 0.8859375 0.04765625 0.8859375 0.04296875 0.9 0.0203125 0.90234375 0.01171875 0.9328125 0.00703125 0.925 0.003125 0.92734375 0.00078125 1 0.3484375 0.99921875 0.346875 0.87421875 0.31953125 0.8546875 0.09609375 0.85625 0.0890625 0.86328125 0.08984375 0.8765625 0.07421875 0.878125
0 0.675 0.63203125 0.6796875 0.60703125 0.69921875 0.5875 0.7078125 0.59609375 0.7109375 0.61171875 0.7046875 0.63671875 0.7125 0.72109375 0.70625 0.79765625 0.74140625 0.80625 0.7484375 0.79140625 0.746875 0.65234375 0.7484375 0.63515625 0.75859375 0.6390625 0.7640625 0.62890625 0.765625 0.58984375 0.740625 0.54921875 0.7296875 0.51484375 0.73125 0.48671875 0.725 0.46328125 0.70390625 0.4625 0.69375 0.44765625 0.69921875 0.43125 0.71953125 0.4375 0.75 0.39453125 0.7546875 0.36328125 0.74453125 0.3515625 0.72109375 0.3515625 0.71171875 0.359375 0.69921875 0.353125 0.690625 0.37109375 0.678125 0.37734375 0.67421875 0.396875 0.66171875 0.3859375 0.64765625 0.3890625 0.640625 0.40078125 0.64375 0.44765625 0.625 0.46953125 0.6296875 0.49453125 0.6234375 0.57734375 0.6265625 0.78515625 0.6421875 0.83203125 0.66328125 0.8515625 0.6765625 0.85234375 0.678125 0.80859375 0.665625 0.79453125 0.6609375 0.76953125 0.6609375 0.64765625 0.6625 0.63984375 0.675 0.63203125
0 0.48828125 0.5046875 0.47265625 0.5046875 0.4578125 0.51015625 0.4578125 0.52890625 0.4921875 0.74453125 0.48984375 0.7515625 0.478125 0.75390625 0.4765625 0.79765625 0.48828125 0.8046875 0.5109375 0.80390625 0.5125 0.70703125 0.5265625 0.69765625 0.528125 0.66015625 0.5125 0.62109375 0.4921875 0.51015625 0.48828125 0.5046875
0 0.428125 0.67421875 0.4265625 0.74765625 0.4109375 0.75703125 0.4109375 0.80078125 0.4265625 0.80703125 0.428125 0.85234375 0.434375 0.85546875 0.45390625 0.853125 0.4609375 0.84453125 0.4625 0.72109375 0.4609375 0.67578125 0.45546875 0.671875 0.428125 0.67421875
0 0.39375 0.64453125 0.4109375 0.68046875 0.421875 0.68359375 0.428125 0.67421875 0.428125 0.63046875 0.41796875 0.6171875 0.39765625 0.6125 0.3921875 0.61796875 0.39375 0.64453125
0 0.56953125 0.3484375 0.55703125 0.3390625 0.55 0.36171875 0.53828125 0.3640625 0.5265625 0.38515625 0.5328125 0.43984375 0.54453125 0.45 0.55703125 0.4515625 0.5640625 0.47421875 0.5828125 0.48203125 0.6203125 0.42578125 0.61875 0.40078125 0.5984375 0.39609375 0.5953125 0.34765625 0.58515625 0.3296875 0.56953125 0.3484375
0 0.790625 0.45703125 0.78203125 0.4453125 0.76328125 0.45 0.759375 0.45703125 0.753125 0.49296875 0.7640625 0.50546875 0.7640625 0.51640625 0.7484375 0.54140625 0.75234375 0.5609375 0.7734375 0.56015625 0.79375 0.55234375 0.803125 0.52265625 0.8140625 0.51171875 0.8109375 0.48984375 0.7921875 0.47265625 0.790625 0.45703125
0 0.9578125 0.59296875 0.96171875 0.6046875 0.971875 0.60390625 0.984375 0.57109375 1 0.55234375 0.99921875 0.50625 0.978125 0.53046875 0.9765625 0.54921875 0.9578125 0.59296875
0 0.665625 0.27578125 0.64765625 0.2546875 0.6375 0.28671875 0.6421875 0.31640625 0.65625 0.32578125 0.665625 0.27578125
0 0.50703125 0.1171875 0.4984375 0.12109375 0.490625 0.13828125 0.4921875 0.16796875 0.48203125 0.1703125 0.4703125 0.18359375 0.4734375 0.22265625 0.4796875 0.22578125 0.49296875 0.20625 0.50546875 0.2046875 0.509375 0.19765625 0.5046875 0.17578125 0.5171875 0.14921875 0.50703125 0.1171875
0 0.4921875 0.26171875 0.5046875 0.25546875 0.50234375 0.23125 0.48828125 0.2359375 0.4828125 0.24609375 0.48125 0.25703125 0.4921875 0.26171875
0 0.72578125 0 0.71953125 0.0125 0.71796875 0 0 0.00078125 0 0.93046875 0.00390625 0.928125 0.0078125 0.94453125 0.01796875 0.9484375 0.02421875 0.940625 0.0453125 0.93671875 0.03203125 0.928125 0.02890625 0.9328125 0.01875 0.93046875 0.02734375 0.9140625 0.0421875 0.91171875 0.04296875 0.8984375 0.06328125 0.8984375 0.08515625 0.8859375 0.0921875 0.88984375 0.08828125 0.8953125 0.09921875 0.89375 0.103125 0.87578125 0.0953125 0.86796875 0.1 0.86328125 0.09375 0.86171875 0.09453125 0.853125 0.18671875 0.8546875 0.18515625 0.8609375 0.15703125 0.8578125 0.146875 0.86328125 0.14609375 0.8703125 0.14140625 0.8625 0.140625 0.87578125 0.14609375 0.8734375 0.15 0.88359375 0.1359375 0.89453125 0.13671875 0.9 0.12578125 0.9 0.1203125 0.91015625 0.13984375 0.9125 0.13359375 0.91875 0.121875 0.91796875 0.13984375 0.928125 0.1484375 0.90546875 0.1421875 0.89765625 0.14921875 0.89375 0.1546875 0.89921875 0.1515625 0.91015625 0.1640625 0.91328125 0.15625 0.92421875 0.17421875 0.928125 0.18125 0.92109375 0.17734375 0.9125 0.203125 0.91171875 0.20546875 0.8953125 0.22890625 0.8921875 0.23203125 0.896875 0.24453125 0.8890625 0.24765625 0.896875 0.25859375 0.8890625 0.26328125 0.8953125 0.275 0.88828125 0.27109375 0.88125 0.2796875 0.88359375 0.27890625 0.890625 0.2890625 0.88828125 0.28671875 0.88125 0.30234375 0.890625 0.30234375 0.88125 0.3203125 0.87578125 0.3203125 0.86328125 0.3109375 0.85546875 0.321875 0.85078125 0.32578125 0.8359375 0.33046875 0.846875 0.34765625 0.8484375 0.34921875 0.84375 0.3578125 0.85078125 0.3390625 0.86015625 0.34609375 0.9015625 0.35 0.88203125 0.353125 0.97109375 0.3578125 0.97734375 0.353125 0.98515625 0.36015625 0.9859375 0.36171875 0.99375 0.3828125 0.99453125 0.39296875 0.9828125 0.41015625 0.978125 0.41640625 0.9625 0.43515625 0.9625 0.4390625 0.94921875 0.446875 0.94453125 0.4390625 0.93203125 0.4390625 0.88671875 0.44609375 0.88125 0.4453125 0.88984375 0.45234375 0.8921875 0.45546875 0.8703125 0.4765625 0.87578125 0.4703125 0.88359375 0.47578125 0.88125 0.478125 0.89453125 0.484375 0.89765625 0.4765625 0.91015625 0.48046875 0.928125 0.4875 0.92265625 0.4890625 0.90703125 0.5 0.90859375 0.5 0.90234375 0.49140625 0.9015625 0.4828125 0.89140625 0.4859375 0.87890625 0.4921875 0.87890625 0.49609375 0.896875 0.51484375 0.8796875 0.509375 0.90859375 0.51640625 0.9125 0.52265625 0.8953125 0.525 0.92265625 0.53359375 0.9328125 0.53671875 0.9203125 0.54140625 0.925 0.546875 0.92109375 0.54609375 0.915625 0.5375 0.91484375 0.55078125 0.915625 0.55390625 0.909375 0.56640625 0.9125 0.56484375 0.9015625 0.61171875 0.8984375 0.62265625 0.890625 0.62734375 0.9 0.66015625 0.9 0.68671875 0.890625 0.6828125 0.88359375 0.69140625 0.8703125 0.70234375 0.878125 0.70703125 0.86875 0.7203125 0.86796875 0.71796875 0.8421875 0.7046875 0.84765625 0.71484375 0.8609375 0.6890625 0.86015625 0.6984375 0.84453125 0.72265625 0.834375 0.73515625 0.8375 0.74375 0.83046875 0.74453125 0.81875 0.7515625 0.82578125 0.74375 0.83203125 0.75078125 0.8359375 0.75703125 0.8265625 0.765625 0.83984375 0.765625 0.88671875 0.7609375 0.89453125 0.765625 0.91953125 0.734375 0.92578125 0.7296875 0.94140625 0.7328125 0.96171875 0.74765625 0.9546875 0.76484375 0.9578125 0.77890625 0.9265625 0.784375 0.97109375 0.790625 0.96953125 0.78984375 0.9578125 0.796875 0.95859375 0.79765625 0.971875 0.803125 0.96953125 0.7984375 0.95859375 0.80625 0.95234375 0.8078125 0.91015625 0.79765625 0.89375 0.7828125 0.88671875 0.7984375 0.86484375 0.790625 0.85234375 0.80234375 0.846875 0.8078125 0.83515625 0.8140625 0.73671875 0.8078125 0.73359375 0.80625 0.71640625 0.80859375 0.7109375 0.8140625 0.71484375 0.815625 0.68203125 0.821875 0.67578125 0.815625 0.66640625 0.828125 0.65546875 0.821875 0.64765625 0.8296875 0.63984375 0.8328125 0.61484375 0.8515625 0.60078125 0.84296875 0.5890625 0.8203125 0.57734375 0.83125 0.51015625 0.8375 0.51328125 0.83984375 0.55 0.8453125 0.54453125 0.840625 0.52578125 0.85234375 0.509375 0.86328125 0.534375 0.86796875 0.51875 0.884375 0.52109375 0.8765625 0.52578125 0.8859375 0.53828125 0.878125 0.54609375 0.88359375 0.5453125 0.8890625 0.55703125 0.878125 0.55859375 0.878125 0.56953125 0.884375 0.56953125 0.878125 0.57578125 0.878125 0.60078125 0.89765625 0.6 0.8984375 0.60546875 0.88359375 0.603125 0.8703125 0.61328125 0.87734375 0.625 0.8921875 0.62890625 0.8921875 0.63984375 0.9015625 0.64765625 0.89609375 0.6625 0.90625 0.66015625 0.9046875 0.61953125 0.91171875 0.60625 0.91953125 0.6109375 0.92734375 0.6015625 0.94296875 0.603125 0.946875 0.61015625 0.940625 0.61171875 0.95234375 0.61875 0.96171875 0.6078125 0.9703125 0.61640625 0.975 0.60859375 0.96171875 0.6046875 0.9578125 0.59609375 0.96171875 0.590625 0.9671875 0.60078125 0.9671875 0.57578125 0.978125 0.55703125 0.9859375 0.55546875 0.978125 0.54140625 0.98984375 0.5390625 0.98828125 0.5328125 1 0.53828125 1 0.52734375 0.9953125 0.52734375 1 0.51796875 0.99375 0.51484375 0.99375 0.50703125 1 0.50703125 0.99375 0.49140625 1 0.48984375 0.9953125 0.48046875 1 0.47578125 1 0.03828125 0.990625 0.03203125 0.990625 0.01171875 0.99765625 0.0078125 1 0.01796875 0.99921875 0 0.99296875 0 0.9953125 0.00546875 0.98984375 0.009375 0.98515625 0 0.96015625 0 0.95703125 0.0171875 0.95234375 0 0.89765625 0 0.89375 0.01484375 0.88671875 0.009375 0.8828125 0.01640625 0.8890625 0.02421875 0.87890625 0.046875 0.8734375 0.03984375 0.88125 0.01171875 0.8703125 0.01015625 0.87265625 0 0.72578125 0
0 0.178125 0.54609375 0.1765625 0.58203125 0.19765625 0.578125 0.20390625 0.5890625 0.221875 0.58984375 0.2375 0.57890625 0.2421875 0.54765625 0.228125 0.51484375 0.20703125 0.4984375 0.1921875 0.53515625 0.178125 0.54609375
0 0.290625 0.47109375 0.28359375 0.453125 0.26640625 0.440625 0.25703125 0.440625 0.25 0.46796875 0.265625 0.48671875 0.2671875 0.49765625 0.2484375 0.52734375 0.2421875 0.55390625 0.24375 0.60859375 0.321875 0.80234375 0.325 0.84453125 0.34375 0.85234375 0.359375 0.84765625 0.3609375 0.80546875 0.2828125 0.60234375 0.2984375 0.58671875 0.3046875 0.56484375 0.290625 0.47109375
0 0.31953125 0.4375 0.3125 0.46015625 0.309375 0.53046875 0.32890625 0.5640625 0.346875 0.56484375 0.3625 0.56171875 0.3625 0.54609375 0.340625 0.49921875 0.3421875 0.47890625 0.3265625 0.46484375 0.31953125 0.4375
0 0.6390625 0.08671875 0.6390625 0.05234375 0.62109375 0.0390625 0.60625 0.05390625 0.603125 0.07890625 0.61640625 0.0859375 0.6390625 0.08671875
0 0.4765625 0.48828125 0.4890625 0.38984375 0.47890625 0.3640625 0.4578125 0.38828125 0.4640625 0.41640625 0.4625 0.47109375 0.4765625 0.48828125
0 0.5375 0.57421875 0.55234375 0.5859375 0.565625 0.58671875 0.5734375 0.58046875 0.571875 0.55703125 0.56015625 0.5421875 0.54453125 0.540625 0.5359375 0.55859375 0.5375 0.57421875
0 0.60625 0.52734375 0.609375 0.54609375 0.61875 0.55234375 0.6296875 0.54296875 0.6328125 0.51953125 0.63046875 0.5109375 0.61640625 0.50625 0.6078125 0.51328125 0.60625 0.52734375
0 0.6015625 0.55546875 0.59765625 0.5171875 0.578125 0.54921875 0.578125 0.57265625 0.5859375 0.57734375 0.6015625 0.55546875
0 0.240625 0.80859375 0.24296875 0.8515625 0.303125 0.85234375 0.30078125 0.8046875 0.240625 0.80859375
0 0.21953125 0.8328125 0.20859375 0.828125 0.1984375 0.83515625 0.2 0.85078125 0.20546875 0.853125 0.303125 0.85234375 0.3046875 0.81328125 0.30078125 0.8046875 0.29140625 0.803125 0.24296875 0.8046875 0.23515625 0.8265625 0.21953125 0.8328125
0 0.2421875 0.72890625 0.225 0.76953125 0.2375 0.80234375 0.24375 0.80390625 0.25625 0.79140625 0.25625 0.76484375 0.2671875 0.74296875 0.2625 0.73046875 0.25234375 0.725 0.2421875 0.72890625
0 0.19296875 0.721875 0.20625 0.74921875 0.2125 0.75078125 0.2125 0.67890625 0.18828125 0.65625 0.184375 0.66484375 0.1890625 0.68671875 0.1734375 0.71484375 0.19296875 0.721875
0 0.2546875 0.68671875 0.25234375 0.6640625 0.2234375 0.68515625 0.23203125 0.7015625 0.2484375 0.70078125 0.2546875 0.68671875
0 0.1765625 0.35859375 0.18984375 0.35625 0.1921875 0.34921875 0.16484375 0.3328125 0.159375 0.34140625 0.1609375 0.35546875 0.1765625 0.35859375
0 0.10078125 0.334375 0.096875 0.34921875 0.1046875 0.35546875 0.109375 0.33828125 0.10078125 0.334375
0 0.209375 0.49296875 0.209375 0.45234375 0.20234375 0.45 0.1953125 0.45859375 0.1953125 0.47109375 0.203125 0.47578125 0.209375 0.49296875
0 0.9859375 0.31328125 0.990625 0.30234375 0.9875 0.26328125 0.97890625 0.253125 0.96875 0.28984375 0.975 0.31015625 0.9859375 0.31328125
0 0.64296875 0.171875 0.6359375 0.21953125 0.6515625 0.23515625 0.65625 0.17734375 0.64296875 0.171875
0 0.675 0.20390625 0.6765625 0.16015625 0.66953125 0.1515625 0.6609375 0.16484375 0.659375 0.18984375 0.66640625 0.2046875 0.675 0.20390625
0 0.6734375 0.20546875 0.678125 0.14140625 0.6734375 0.11953125 0.66328125 0.1125 0.659375 0.18984375 0.665625 0.20546875 0.6734375 0.20546875
0 0.8046875 0.67421875 0.8078125 0.63828125 0.796875 0.60390625 0.78828125 0.596875 0.775 0.64140625 0.7921875 0.66640625 0.8046875 0.67421875
0 0.43359375 0.546875 0.440625 0.54609375 0.453125 0.53203125 0.453125 0.51328125 0.42109375 0.5015625 0.415625 0.51015625 0.425 0.53359375 0.43359375 0.546875