0 0.678125 0.61015625 0.69921875 0.5875 0.709375 0.59765625 0.7046875 0.65234375 0.709375 0.66015625 0.7125 0.77265625 0.70625 0.79765625 0.74140625 0.8046875 0.7484375 0.78984375 0.746875 0.65234375 0.7484375 0.63515625 0.75703125 0.6375 0.7625 0.63203125 0.765625 0.59140625 0.74375 0.55859375 0.7296875 0.51640625 0.7265625 0.46640625 0.72109375 0.459375 0.70078125 0.4609375 0.69375 0.44765625 0.69921875 0.43125 0.71796875 0.4375 0.740625 0.41171875 0.7546875 0.38203125 0.753125 0.36015625 0.74453125 0.3515625 0.72109375 0.3515625 0.71328125 0.359375 0.69921875 0.353125 0.6921875 0.36953125 0.68125 0.37421875 0.67578125 0.396875 0.66171875 0.3859375 0.64921875 0.3875 0.640625 0.40078125 0.6453125 0.44296875 0.625 0.47109375 0.63125 0.52578125 0.6234375 0.58359375 0.6265625 0.78515625 0.6421875 0.83203125 0.66171875 0.8515625 0.675 0.85234375 0.678125 0.81171875 0.665625 0.79609375 0.6609375 0.76953125 0.6609375 0.64921875 0.675 0.63203125 0.678125 0.61015625
0 0.95625 0.23984375 0.946875 0.19609375 0.92890625 0.165625 0.89765625 0.16875 0.88828125 0.1765625 0.87109375 0.1640625 0.83984375 0.1734375 0.828125 0.18515625 0.80625 0.23203125 0.8078125 0.26015625 0.7953125 0.30078125 0.7921875 0.34921875 0.7984375 0.37109375 0.80390625 0.378125 0.83203125 0.3875 0.8671875 0.38828125 0.878125 0.33984375 0.88671875 0.33125 0.90078125 0.340625 0.9140625 0.33515625 0.93125 0.27890625 0.95625 0.23984375
0 0.86484375 0.6109375 0.84609375 0.6078125 0.828125 0.64296875 0.8328125 0.66484375 0.81875 0.70859375 0.8203125 0.75234375 0.84140625 0.7796875 0.86875 0.78984375 0.87890625 0.7875 0.9 0.76328125 0.9015625 0.71484375 0.8875 0.67890625 0.890625 0.64453125 0.86484375 0.6109375
0 0.91171875 0.6953125 0.91875 0.69609375 0.934375 0.66796875 0.9421875 0.62890625 0.93828125 0.6078125 0.9078125 0.61171875 0.9078125 0.68671875 0.91171875 0.6953125
0 1 0.71484375 0.9984375 0.69453125 0.9921875 0.69140625 0.9984375 0.68671875 0.9984375 0.66328125 0.9921875 0.65703125 0.9984375 0.65390625 0.9921875 0.65078125 0.990625 0.61484375 0.97109375 0.6078125 0.91015625 0.6078125 0.90234375 0.6796875 0.9 0.63828125 0.89765625 0.634375 0.896875 0.64140625 0.8921875 0.63984375 0.89375 0.62734375 0.9 0.62578125 0.89765625 0.61875 0.88515625 0.6234375 0.87734375 0.6109375 0.85859375 0.6078125 0.83046875 0.6125 0.825 0.61640625 0.8296875 0.63671875 0.815625 0.65859375 0.8203125 0.69453125 0.8109375 0.80703125 0.809375 0.99921875 1 0.99921875 1 0.82265625 0.9953125 0.81640625 1 0.81328125 1 0.71484375
0 0.775 0.88671875 0.76796875 0.8859375 0.76328125 0.8765625 0.75234375 0.884375 0.74921875 0.8734375 0.73828125 0.9 0.71484375 0.9 0.69921875 0.896875 0.69453125 0.8796875 0.68671875 0.896875 0.678125 0.88828125 0.6828125 0.88203125 0.6765625 0.87109375 0.684375 0.86796875 0.67578125 0.8625 0.67109375 0.8921875 0.65625 0.89140625 0.66015625 0.878125 0.62890625 0.8765625 0.62421875 0.890625 0.56015625 0.9109375 0.5625 0.89609375 0.54609375 0.86875 0.51796875 0.86875 0.49921875 0.8875 0.48359375 0.8625 0.46796875 0.85625 0.44765625 0.859375 0.4390625 0.87421875 0.4390625 0.94921875 0.43515625 0.95625 0.42265625 0.95625 0.38515625 0.99375 0.3453125 0.99453125 0.3421875 0.87421875 0.31796875 0.85625 0.09921875 0.85625 0.084375 0.86328125 0.08203125 0.8765625 0.06328125 0.878125 0.06015625 0.8890625 0.04765625 0.878125 0.04296875 0.8921875 0.01640625 0.9 0.01171875 0.9203125 0.00859375 0.9046875 0 0.92421875 0.00078125 1 0.80625 0.99921875 0.8046875 0.95390625 0.80078125 0.9484375 0.79296875 0.9546875 0.7828125 0.94296875 0.7828125 0.89921875 0.775 0.88671875
0 0.7484375 0.78984375 0.7484375 0.63515625 0.75859375 0.6375 0.765625 0.62421875 0.765625 0.59140625 0.7625 0.57890625 0.73359375 0.5578125 0.72265625 0.565625 0.71796875 0.5625 0.7109375 0.57578125 0.70625 0.63203125 0.7109375 0.77734375 0.6953125 0.80859375 0.6953125 0.84921875 0.6875 0.86953125 0.6828125 0.92109375 0.6921875 0.95546875 0.6890625 0.99921875 0.7390625 0.99921875 0.734375 0.96953125 0.7375 0.95703125 0.746875 0.95390625 0.7453125 0.92890625 0.7671875 0.86484375 0.7484375 0.78984375
0 0.265625 0.57734375 0.26015625 0.5796875 0.25234375 0.571875 0.24375 0.59140625 0.2484375 0.62265625 0.3203125 0.79921875 0.321875 0.84921875 0.3515625 0.85390625 0.3609375 0.85078125 0.3640625 0.83984375 0.3546875 0.78359375 0.271875 0.57578125 0.26171875 0.571875 0.265625 0.57734375
0 0.30078125 0.8046875 0.2421875 0.80703125 0.2390625 0.83515625 0.24453125 0.8515625 0.303125 0.85234375 0.30078125 0.8046875
0 0.109375 0.78671875 0.125 0.83046875 0.13125 0.83359375 0.1578125 0.77734375 0.15625 0.73359375 0.14921875 0.7234375 0.11015625 0.7375 0.1046875 0.74609375 0.109375 0.78671875
0 0.0328125 0.71640625 0.0203125 0.72265625 0.0109375 0.74453125 0.0140625 0.76328125 0.028125 0.77890625 0.028125 0.80859375 0.03359375 0.8171875 0.0453125 0.81796875 0.06875 0.80546875 0.0671875 0.77578125 0.075 0.76015625 0.05546875 0.6890625 0.0375 0.70078125 0.0328125 0.71640625
0 0.14296875 0.725 0.109375 0.73828125 0.11015625 0.74375 0.12265625 0.746875 0.12578125 0.734375 0.1375 0.74140625 0.1328125 0.75703125 0.1375 0.76328125 0.1296875 0.76953125 0.134375 0.77734375 0.12890625 0.7828125 0.1234375 0.78046875 0.1234375 0.75234375 0.109375 0.75390625 0.11015625 0.7609375 0.11875 0.76015625 0.1109375 0.76953125 0.11875 0.77734375 0.109375 0.77890625 0.109375 0.78984375 0.115625 0.79140625 0.11796875 0.8078125 0.1296875 0.80859375 0.125 0.81953125 0.134375 0.82265625 0.14375 0.81953125 0.146875 0.79296875 0.1578125 0.77578125 0.15 0.75546875 0.1546875 0.73046875 0.14296875 0.725
0 0 0.85078125 0.0890625 0.85234375 0.12109375 0.8484375 0.1140625 0.84453125 0.1203125 0.83203125 0.11484375 0.8390625 0.11015625 0.8328125 0.10703125 0.8390625 0.096875 0.82109375 0.0875 0.74609375 0.0703125 0.72421875 0.0578125 0.68671875 0.03671875 0.6953125 0.0265625 0.66015625 0.01640625 0.6578125 0.0015625 0.67578125 0 0.70078125 0.0140625 0.72109375 0.0078125 0.75234375 0.015625 0.77734375 0.025 0.78671875 0.025 0.79921875 0.02109375 0.809375 0 0.80390625 0 0.85078125
0 0.2890625 0.47265625 0.284375 0.45859375 0.26796875 0.4421875 0.25859375 0.440625 0.25 0.46484375 0.26875 0.49609375 0.246875 0.53515625 0.240625 0.57265625 0.24375 0.60859375 0.3203125 0.79921875 0.3234375 0.84609375 0.33359375 0.853125 0.353125 0.85234375 0.3625 0.84296875 0.3578125 0.79140625 0.28125 0.60078125 0.2984375 0.58515625 0.3046875 0.55390625 0.2890625 0.47265625
0 0.178125 0.54765625 0.1765625 0.58203125 0.19765625 0.578125 0.20390625 0.5890625 0.221875 0.58984375 0.2375 0.57890625 0.2421875 0.54765625 0.228125 0.51484375 0.20703125 0.4984375 0.1921875 0.53515625 0.178125 0.54765625
0 0.32734375 0.2984375 0.3109375 0.33671875 0.3078125 0.39296875 0.33046875 0.4109375 0.34375 0.41171875 0.365625 0.38046875 0.3625 0.33671875 0.353125 0.31796875 0.33984375 0.3140625 0.334375 0.29921875 0.32734375 0.2984375
0 0.6734375 0.04140625 0.6828125 0.17578125 0.69140625 0.1859375 0.70234375 0.184375 0.715625 0.19296875 0.7265625 0.16484375 0.73125 0.05234375 0.721875 0.02890625 0.725 0.00078125 0.67734375 0 0.6734375 0.04140625
0 0.60859375 0.1015625 0.58515625 0.1265625 0.54921875 0.1234375 0.5421875 0.14140625 0.5484375 0.16484375 0.5625 0.18359375 0.58046875 0.1890625 0.59765625 0.2125 0.6125 0.21328125 0.6125 0.16796875 0.62109375 0.1765625 0.64375 0.13984375 0.6421875 0.12109375 0.63203125 0.1015625 0.60859375 0.1015625
0 0.665625 0.27734375 0.64609375 0.25625 0.6375 0.28671875 0.6421875 0.31640625 0.65625 0.32578125 0.665625 0.27734375
0 0.56953125 0.3484375 0.55703125 0.3390625 0.55 0.36171875 0.53828125 0.3640625 0.5265625 0.38515625 0.5328125 0.43984375 0.54453125 0.45 0.55703125 0.4515625 0.5640625 0.47421875 0.5828125 0.48203125 0.6203125 0.42578125 0.61875 0.40078125 0.5984375 0.39609375 0.5953125 0.34765625 0.58515625 0.3296875 0.56953125 0.3484375
0 0.48828125 0.5046875 0.47109375 0.5046875 0.4578125 0.51015625 0.4578125 0.52890625 0.4921875 0.74296875 0.4921875 0.74921875 0.4765625 0.75859375 0.4765625 0.79765625 0.48359375 0.8046875 0.5109375 0.80390625 0.5140625 0.70546875 0.525 0.70078125 0.528125 0.66328125 0.5125 0.62265625 0.4921875 0.51015625 0.48828125 0.5046875
0 0.51796875 0.7234375 0.5140625 0.73359375 0.5171875 0.80078125 0.52578125 0.80625 0.559375 0.80703125 0.5796875 0.80234375 0.5796875 0.71015625 0.57421875 0.7046875 0.53984375 0.7078125 0.5359375 0.72109375 0.51796875 0.7234375
0 0.9265625 0.09140625 0.934375 0.10390625 0.9328125 0.13203125 0.9390625 0.13359375 0.95625 0.08828125 0.9578125 0.00078125 0.91484375 0 0.915625 0.02421875 0.925 0.04765625 0.9265625 0.09140625
0 0.87421875 0 0.8453125 0.03671875 0.8484375 0.05234375 0.840625 0.06796875 0.8453125 0.09921875 0.8390625 0.15234375 0.8453125 0.16953125 0.8515625 0.17109375 0.85625 0.16640625 0.859375 0.08359375 0.86875 0.07578125 0.890625 0.03046875 0.89453125 0 0.87421875 0
0 0.23046875 0.246875 0.2375 0.24765625 0.2578125 0.20859375 0.25625 0.20078125 0.24140625 0.1859375 0.21640625 0.184375 0.221875 0.23359375 0.23046875 0.246875
0 0.22265625 0.1828125 0.21171875 0.1734375 0.18984375 0.1734375 0.1859375 0.18515625 0.2140625 0.19921875 0.2234375 0.24140625 0.2375 0.24921875 0.2640625 0.20703125 0.2625 0.17421875 0.25078125 0.1609375 0.240625 0.16796875 0.23984375 0.184375 0.22265625 0.1828125
0 0.2484375 0.14609375 0.253125 0.10859375 0.23671875 0.09375 0.23125 0.09609375 0.23125 0.12421875 0.2421875 0.14609375 0.2484375 0.14609375
0 0.271875 0.13359375 0.275 0.11328125 0.26953125 0.10625 0.25859375 0.10625 0.253125 0.12421875 0.26015625 0.1328125 0.271875 0.13359375
0 0.00078125 0.4515625 0 0.50390625 0.025 0.50859375 0.028125 0.49140625 0.00078125 0.4515625
0 0.01484375 0.515625 0.0078125 0.54453125 0.0234375 0.54921875 0.0296875 0.52109375 0.01484375 0.515625
0 0.0234375 0.43984375 0.03125 0.38984375 0.02734375 0.3828125 0.01640625 0.3828125 0.0078125 0.42265625 0.0109375 0.43671875 0.0234375 0.43984375
0 0.071875 0.44296875 0.06484375 0.41875 0.0546875 0.42578125 0.0546875 0.45234375 0.0625 0.45859375 0.071875 0.44296875
0 0.08125 0.27734375 0.0890625 0.28828125 0.0984375 0.21796875 0.0875 0.18515625 0.07734375 0.18125 0.071875 0.20234375 0.08125 0.24296875 0.08125 0.27734375
0 0.790625 0.45703125 0.78203125 0.4453125 0.76328125 0.45 0.759375 0.45703125 0.753125 0.49296875 0.7640625 0.50546875 0.7640625 0.51640625 0.7484375 0.54140625 0.75234375 0.5609375 0.7734375 0.56015625 0.79375 0.55234375 0.803125 0.52265625 0.8140625 0.51171875 0.8109375 0.48984375 0.7921875 0.47265625 0.790625 0.45703125
0 0.940625 0.54765625 0.90078125 0.4890625 0.86484375 0.4859375 0.8671875 0.60078125 0.87109375 0.60625 0.8875 0.60703125 0.9015625 0.60390625 0.90703125 0.575 0.92578125 0.5953125 0.934375 0.59296875 0.94375 0.57421875 0.940625 0.54765625
0 0.8203125 0.53828125 0.8234375 0.57578125 0.83203125 0.5875 0.8578125 0.59765625 0.8640625 0.56796875 0.8625 0.52890625 0.85546875 0.5078125 0.84140625 0.521875 0.83203125 0.5109375 0.8203125 0.53828125
0 0.9765625 0.54921875 0.959375 0.58828125 0.9578125 0.60078125 0.971875 0.60390625 0.984375 0.58359375 0.984375 0.57265625 1 0.55390625 0.99921875 0.5046875 0.9796875 0.52578125 0.9765625 0.54921875
0 0.5375 0.57421875 0.55234375 0.5859375 0.56875 0.58515625 0.5734375 0.58046875 0.56875 0.55078125 0.55703125 0.540625 0.54296875 0.540625 0.5359375 0.55859375 0.5375 0.57421875
0 0.60625 0.52734375 0.6125 0.55234375 0.6203125 0.55234375 0.6296875 0.54296875 0.6328125 0.51953125 0.62734375 0.509375 0.61640625 0.50625 0.6078125 0.51328125 0.60625 0.52734375
0 0.6015625 0.55546875 0.59765625 0.5171875 0.578125 0.54921875 0.578125 0.57265625 0.5859375 0.57734375 0.6015625 0.55546875
0 0.4765625 0.48828125 0.4890625 0.38984375 0.47890625 0.3640625 0.4578125 0.38828125 0.4640625 0.41640625 0.4625 0.47109375 0.4765625 0.48828125
0 0.49375 0.26171875 0.50625 0.25078125 0.50234375 0.23125 0.48984375 0.234375 0.48125 0.25078125 0.48671875 0.2625 0.49375 0.26171875
0 0.4984375 0.11953125 0.490625 0.13671875 0.4921875 0.16796875 0.47421875 0.1765625 0.4703125 0.18515625 0.4734375 0.21953125 0.48125 0.22421875 0.4859375 0.21328125 0.509375 0.19609375 0.5046875 0.17578125 0.5171875 0.14921875 0.50703125 0.1171875 0.4984375 0.11953125
0 0.3953125 0.64921875 0.4109375 0.68046875 0.421875 0.68359375 0.428125 0.67421875 0.428125 0.63046875 0.41796875 0.6171875 0.39765625 0.6125 0.3921875 0.61640625 0.3953125 0.64921875
0 0.5171875 0.80859375 0.525 0.83203125 0.5359375 0.84140625 0.5375 0.85546875 0.5625 0.86484375 0.5703125 0.86015625 0.5703125 0.83359375 0.5796875 0.81328125 0.5796875 0.70859375 0.51796875 0.70625 0.5171875 0.80859375
0 0.4890625 0.84453125 0.50234375 0.853125 0.51875 0.85390625 0.5234375 0.83984375 0.5140625 0.82578125 0.515625 0.80859375 0.48359375 0.80625 0.4796875 0.81953125 0.4890625 0.84453125