0 0 0.99921875 0.190625 0.99921875 0.1875 0.70703125 0.1859375 0.68828125 0.1796875 0.68671875 0.1859375 0.66015625 0.171875 0.63671875 0.178125 0.62578125 0.17578125 0.6140625 0.15390625 0.6078125 0.12421875 0.609375 0.1203125 0.62421875 0.10625 0.62890625 0.109375 0.63984375 0.1 0.64921875 0.09765625 0.6765625 0.09140625 0.609375 0.03203125 0.6078125 0.0078125 0.61796875 0.0078125 0.64609375 0 0.65546875 0 0.99921875
0 0.2375 0.93359375 0.2390625 0.99921875 0.45234375 1 0.446875 0.93984375 0.43984375 0.95625 0.43359375 0.9453125 0.42734375 0.95625 0.4125 0.95703125 0.41015625 0.978125 0.39921875 0.9703125 0.38828125 0.978125 0.3859375 0.91015625 0.36796875 0.871875 0.359375 0.87890625 0.35703125 0.8921875 0.32421875 0.9 0.30546875 0.890625 0.29765625 0.9 0.27265625 0.9 0.26640625 0.9078125 0.24296875 0.915625 0.2375 0.93359375
0 0.38125 0.88515625 0.4125 0.91640625 0.43046875 0.9171875 0.4375 0.91171875 0.4515625 0.87109375 0.4453125 0.81484375 0.43046875 0.7921875 0.40078125 0.7921875 0.3828125 0.80859375 0.38125 0.88515625
0 0.6546875 0.87890625 0.6515625 0.99921875 0.99921875 1 1 0.94921875 0.984375 0.93515625 0.9875 0.91484375 0.97734375 0.9015625 0.96328125 0.9015625 0.95859375 0.9078125 0.94921875 0.8953125 0.93515625 0.8984375 0.92109375 0.8859375 0.90859375 0.8859375 0.9078125 0.86015625 0.90234375 0.85625 0.68046875 0.8546875 0.6546875 0.87890625
0 0.8421875 0.77734375 0.86875 0.83359375 0.875 0.83046875 0.878125 0.81015625 0.8890625 0.79140625 0.8953125 0.74609375 0.88984375 0.7375 0.85078125 0.7234375 0.84375 0.73203125 0.8421875 0.77734375
0 0.9296875 0.80234375 0.953125 0.81796875 0.96484375 0.81875 0.971875 0.80859375 0.971875 0.77890625 0.9859375 0.76328125 0.9890625 0.74453125 0.9625 0.70078125 0.94453125 0.6890625 0.925 0.76015625 0.934375 0.78515625 0.9296875 0.80234375
0 0.7625 0.57890625 0.778125 0.58984375 0.79609375 0.5890625 0.80234375 0.578125 0.8234375 0.58203125 0.821875 0.54609375 0.8078125 0.53515625 0.79140625 0.496875 0.771875 0.51484375 0.7578125 0.54921875 0.7625 0.57890625
0 0.634375 0.38046875 0.65625 0.41171875 0.66640625 0.4125 0.67734375 0.4 0.68515625 0.4015625 0.6921875 0.39453125 0.6890625 0.33671875 0.67265625 0.2984375 0.665625 0.29921875 0.66015625 0.3140625 0.646875 0.31796875 0.6375 0.33515625 0.634375 0.38046875
0 0.6390625 0.84921875 0.6546875 0.85390625 0.6765625 0.84765625 0.6796875 0.80078125 0.75625 0.61015625 0.759375 0.55859375 0.7515625 0.52734375 0.73125 0.49453125 0.7515625 0.46171875 0.74296875 0.440625 0.73203125 0.4421875 0.7125 0.46328125 0.6953125 0.56484375 0.7015625 0.58671875 0.71875 0.60078125 0.6390625 0.80234375 0.6390625 0.84921875
0 0.63984375 0.5640625 0.659375 0.56484375 0.675 0.56015625 0.6890625 0.53515625 0.690625 0.49453125 0.68359375 0.4875 0.65625 0.50546875 0.6375 0.54765625 0.63984375 0.5640625
0 0.4734375 0.73046875 0.4921875 0.75703125 0.50625 0.75234375 0.5390625 0.55390625 0.5421875 0.51015625 0.52890625 0.5046875 0.51171875 0.5046875 0.5078125 0.51015625 0.4875 0.62109375 0.4703125 0.66796875 0.4734375 0.73046875
0 0.46171875 0.803125 0.48125 0.80390625 0.51640625 0.8046875 0.5234375 0.79921875 0.5234375 0.75859375 0.5078125 0.74921875 0.5078125 0.74140625 0.5421875 0.51640625 0.53046875 0.50625 0.51328125 0.50625 0.5078125 0.51171875 0.4875 0.62265625 0.471875 0.65859375 0.4734375 0.72265625 0.46953125 0.725 0.45859375 0.7109375 0.44921875 0.7109375 0.44140625 0.725 0.421875 0.73203125 0.4265625 0.78828125 0.45234375 0.7921875 0.46171875 0.803125
0 0.2515625 0.78515625 0.2578125 0.79140625 0.290625 0.78828125 0.2890625 0.71953125 0.296875 0.63984375 0.290625 0.61171875 0.29921875 0.5890625 0.31875 0.60546875 0.325 0.63203125 0.3390625 0.64765625 0.3359375 0.78828125 0.36171875 0.7921875 0.3734375 0.78515625 0.3765625 0.58515625 0.3703125 0.49453125 0.375 0.46796875 0.3546875 0.44140625 0.35625 0.39296875 0.34140625 0.384375 0.32421875 0.4 0.31875 0.37421875 0.3078125 0.37109375 0.30078125 0.353125 0.28984375 0.3609375 0.27890625 0.3515625 0.25703125 0.3515625 0.2453125 0.36796875 0.2484375 0.38984375 0.2796875 0.43515625 0.30078125 0.43125 0.3046875 0.43828125 0.30078125 0.459375 0.28203125 0.4578125 0.2734375 0.46484375 0.2671875 0.48828125 0.2703125 0.51484375 0.25625 0.55859375 0.234375 0.58828125 0.2359375 0.63203125 0.24140625 0.6421875 0.2515625 0.64453125 0.2515625 0.78515625
0 0.20625 0.55390625 0.225 0.56015625 0.24765625 0.5609375 0.2515625 0.54140625 0.2359375 0.51640625 0.2359375 0.50546875 0.246875 0.49296875 0.240625 0.45546875 0.21796875 0.4453125 0.2046875 0.47734375 0.1890625 0.48984375 0.1859375 0.51171875 0.196875 0.52265625 0.20625 0.55390625
0 0.0984375 0.60390625 0.1140625 0.60703125 0.12890625 0.60625 0.1328125 0.60078125 0.13515625 0.4859375 0.09921875 0.4890625 0.059375 0.54765625 0.05625 0.57578125 0.065625 0.59296875 0.07421875 0.5953125 0.09296875 0.575 0.0984375 0.60390625
0 0.121875 0.33984375 0.13125 0.38984375 0.16328125 0.3890625 0.2015625 0.37421875 0.2078125 0.34765625 0.2046875 0.29921875 0.1921875 0.26015625 0.19375 0.23046875 0.171875 0.18515625 0.16015625 0.1734375 0.12890625 0.1640625 0.11171875 0.1765625 0.10234375 0.16875 0.06953125 0.165625 0.0515625 0.19921875 0.04375 0.23984375 0.071875 0.28515625 0.0859375 0.33515625 0.10078125 0.340625 0.11328125 0.33125 0.121875 0.33984375
0 0.10546875 0 0.109375 0.03203125 0.140625 0.08515625 0.1421875 0.16171875 0.146875 0.17109375 0.1546875 0.16953125 0.1609375 0.15234375 0.1546875 0.09921875 0.159375 0.06640625 0.1515625 0.05234375 0.1546875 0.03671875 0.12578125 0 0.10546875 0
0 0.04375 0.08828125 0.0609375 0.13203125 0.0671875 0.12421875 0.065625 0.10390625 0.0734375 0.08984375 0.075 0.04765625 0.084375 0.02421875 0.08515625 0 0.0421875 0.00078125 0.04375 0.08828125
0 0.3453125 0.21640625 0.35 0.22109375 0.44765625 0.221875 0.4515625 0.21640625 0.4515625 0.04609375 0.44609375 0.0015625 0.35234375 0.0015625 0.34453125 0.009375 0.34140625 0.003125 0.3328125 0.00546875 0.3375 0.02109375 0.3421875 0.02265625 0.34453125 0.0140625 0.3484375 0.02421875 0.34453125 0.03125 0.3390625 0.02890625 0.34140625 0.0359375 0.3453125 0.03359375 0.3484375 0.05546875 0.34375 0.15546875 0.3484375 0.17890625 0.3453125 0.21640625
0 0.2796875 0.18515625 0.2859375 0.21953125 0.346875 0.21640625 0.3453125 0.10859375 0.3296875 0.04453125 0.33125 0.01171875 0.32421875 0.003125 0.31875 0.00546875 0.3265625 0.02421875 0.296875 0.05703125 0.296875 0.10390625 0.2828125 0.12734375 0.284375 0.15859375 0.290625 0.16953125 0.2796875 0.18515625
0 0.3296875 0.27578125 0.34375 0.32734375 0.3578125 0.31796875 0.3625 0.28828125 0.35390625 0.2546875 0.3296875 0.27578125
0 0.3796875 0.42734375 0.41875 0.48359375 0.4375 0.47265625 0.44296875 0.4515625 0.46171875 0.446875 0.4703125 0.43359375 0.4734375 0.38515625 0.46171875 0.3640625 0.45 0.36171875 0.44296875 0.3390625 0.43046875 0.35 0.41484375 0.3296875 0.4046875 0.34921875 0.4015625 0.39609375 0.38125 0.40078125 0.3796875 0.42734375
0 0.50546875 0.20625 0.5203125 0.22734375 0.5265625 0.22421875 0.5296875 0.18359375 0.5078125 0.16640625 0.5109375 0.14140625 0.5015625 0.11953125 0.49296875 0.1171875 0.4828125 0.14921875 0.4953125 0.17734375 0.490625 0.20078125 0.50546875 0.20625
0 0.4921875 0.24921875 0.50625 0.26328125 0.51875 0.25859375 0.5296875 0.18359375 0.5078125 0.16484375 0.5109375 0.13984375 0.5015625 0.11796875 0.49296875 0.1171875 0.4828125 0.15390625 0.49375 0.17734375 0.4890625 0.18828125 0.4921875 0.24921875
0 0.51875 0.41953125 0.5234375 0.48828125 0.5375 0.47109375 0.534375 0.44609375 0.5421875 0.38828125 0.52109375 0.3640625 0.5109375 0.38984375 0.51875 0.41953125
0 0.4265625 0.58046875 0.43125 0.58515625 0.44609375 0.5859375 0.4625 0.57421875 0.45703125 0.540625 0.44296875 0.540625 0.43125 0.55078125 0.4265625 0.58046875
0 0.3703125 0.54296875 0.38125 0.55234375 0.390625 0.54609375 0.39375 0.52578125 0.3921875 0.51328125 0.38359375 0.50625 0.37265625 0.509375 0.3671875 0.52109375 0.3703125 0.54296875
0 0.3984375 0.55546875 0.4140625 0.57734375 0.421875 0.57109375 0.421875 0.54921875 0.40234375 0.5171875 0.3984375 0.55546875
0 0.1359375 0.54296875 0.1421875 0.59765625 0.1734375 0.58203125 0.1796875 0.55078125 0.1703125 0.51328125 0.16484375 0.5109375 0.15703125 0.5203125 0.14453125 0.503125 0.1359375 0.54296875
0 0.0984375 0.60390625 0.1078125 0.60703125 0.12890625 0.60625 0.134375 0.59765625 0.134375 0.52109375 0.14609375 0.4578125 0.1359375 0.45859375 0.13046875 0.484375 0.10546875 0.4859375 0.09375 0.49453125 0.059375 0.54609375 0.05625 0.58046875 0.065625 0.59609375 0.07265625 0.5984375 0.09453125 0.5765625 0.0984375 0.60390625
0 0.34921875 0.853125 0.359375 0.85546875 0.3671875 0.85390625 0.365625 0.80703125 0.34921875 0.79375 0.31953125 0.7921875 0.3171875 0.80234375 0.328125 0.83046875 0.34921875 0.853125
0 0.4765625 0.93984375 0.48125 0.95078125 0.50859375 0.9375 0.51328125 0.9421875 0.52578125 0.9359375 0.5390625 0.94609375 0.53359375 0.95 0.54453125 0.95 0.5578125 0.93984375 0.5625 0.88203125 0.54453125 0.8546875 0.51484375 0.8625 0.49921875 0.89375 0.48671875 0.878125 0.4765625 0.87890625 0.48515625 0.884375 0.4734375 0.88203125 0.471875 0.92421875 0.47421875 0.9296875 0.48046875 0.921875 0.484375 0.92578125 0.4828125 0.93671875 0.4765625 0.93984375
0 0.24140625 0.915625 0.240625 0.99921875 0.65 0.99921875 0.64296875 0.990625 0.61484375 0.9921875 0.59921875 0.9671875 0.59140625 0.9703125 0.58203125 0.95625 0.5625 0.95234375 0.5609375 0.87421875 0.55234375 0.859375 0.53359375 0.8546875 0.5078125 0.86640625 0.50078125 0.8890625 0.49375 0.88671875 0.48828125 0.8703125 0.46953125 0.871875 0.4640625 0.86328125 0.4625 0.88359375 0.4703125 0.88515625 0.4703125 0.89296875 0.46484375 0.8921875 0.4625 0.89921875 0.4703125 0.90078125 0.465625 0.93046875 0.4703125 0.93828125 0.4640625 0.94140625 0.4625 0.97109375 0.45546875 0.978125 0.44375 0.96953125 0.44921875 0.95625 0.421875 0.95078125 0.425 0.94296875 0.415625 0.93671875 0.43515625 0.9375 0.4375 0.92578125 0.409375 0.92265625 0.4140625 0.90390625 0.41015625 0.8953125 0.40234375 0.9015625 0.390625 0.88671875 0.396875 0.88203125 0.39140625 0.8609375 0.3890625 0.88359375 0.38359375 0.871875 0.371875 0.88359375 0.378125 0.88828125 0.3671875 0.88984375 0.36796875 0.896875 0.31328125 0.9046875 0.27265625 0.9015625 0.26484375 0.909375 0.24140625 0.915625
0 0.65625 0.87421875 0.6546875 0.99921875 0.99921875 1 0.996875 0.90546875 0.98671875 0.9046875 0.9765625 0.89453125 0.99296875 0.896875 0.9953125 0.89140625 0.99140625 0.8859375 0.9859375 0.88828125 0.9859375 0.88203125 1 0.87890625 0.93203125 0.8765625 0.93984375 0.8640625 0.94765625 0.8640625 0.95234375 0.8734375 0.9546875 0.86328125 0.90390625 0.85625 0.68203125 0.8546875 0.66171875 0.8625 0.65625 0.87421875
0 0.1921875 0.90390625 0.19375 0.99921875 0.234375 0.99921875 0.2328125 0.92421875 0.225 0.92265625 0.21796875 0.8984375 0.1921875 0.90390625
0 0.190625 0.89453125 0.1953125 0.90078125 0.2171875 0.89140625 0.2203125 0.86015625 0.21015625 0.8328125 0.2015625 0.83671875 0.190625 0.86015625 0.190625 0.89453125
0 0.2359375 0.79453125 0.2375 0.86796875 0.25078125 0.86875 0.259375 0.86171875 0.2578125 0.81328125 0.265625 0.79921875 0.26328125 0.7921875 0.2359375 0.79453125
0 0.7609375 0.23203125 0.775 0.25234375 0.8109375 0.19921875 0.815625 0.17890625 0.81171875 0.15 0.77421875 0.153125 0.753125 0.17421875 0.75 0.19296875 0.75625 0.19765625 0.7609375 0.23203125
0 0.725 0.13671875 0.75 0.14609375 0.75703125 0.146875 0.76875 0.12890625 0.7703125 0.09765625 0.76328125 0.0921875 0.74453125 0.1046875 0.72890625 0.1046875 0.7234375 0.11640625 0.725 0.13671875
0 0.9015625 0.21953125 0.9109375 0.28515625 0.9171875 0.28046875 0.91875 0.23828125 0.925 0.22890625 0.9265625 0.19140625 0.92109375 0.18125 0.9125 0.18515625 0.9015625 0.21953125
0 1 0.43203125 0.99375 0.43046875 0.9890625 0.38984375 0.97578125 0.38125 0.96875 0.38984375 0.971875 0.44140625 0.95625 0.46015625 0.9703125 0.47578125 0.9703125 0.53515625 0.9765625 0.54765625 0.98671875 0.5484375 0.99375 0.54140625 0.9921875 0.51953125 1 0.51015625 1 0.43203125