0 0.63828125 0.2671875 0.60234375 0.2734375 0.596875 0.28828125 0.5984375 0.33046875 0.5921875 0.33671875 0.5953125 0.43828125 0.7328125 0.44296875 0.8375 0.43984375 0.8484375 0.35234375 0.840625 0.31484375 0.828125 0.29140625 0.8296875 0.27109375 0.63828125 0.2671875
0 0.303125 0.33515625 0.29609375 0.3296875 0.27109375 0.3375 0.25390625 0.3265625 0.22421875 0.325 0.2125 0.33515625 0.190625 0.38984375 0.1953125 0.44296875 0.2015625 0.45859375 0.21640625 0.471875 0.265625 0.47578125 0.278125 0.46640625 0.278125 0.45078125 0.3 0.40703125 0.3015625 0.39296875 0.2875 0.36953125 0.303125 0.33515625
0 0.178125 0.30546875 0.14765625 0.2828125 0.12578125 0.28125 0.09765625 0.2890625 0.0515625 0.33359375 0.05 0.35859375 0.0703125 0.39765625 0.0625 0.43046875 0.06796875 0.434375 0.10078125 0.425 0.1203125 0.43359375 0.14609375 0.4296875 0.153125 0.42109375 0.153125 0.39140625 0.171875 0.38046875 0.18125 0.35078125 0.178125 0.30546875
0 0.61171875 0.6640625 0.59609375 0.665625 0.571875 0.68203125 0.5671875 0.69921875 0.55625 0.70234375 0.553125 0.72421875 0.5421875 0.74296875 0.5421875 0.75859375 0.5515625 0.76953125 0.5578125 0.82421875 0.58046875 0.8453125 0.6015625 0.84453125 0.6375 0.80703125 0.64375 0.76015625 0.64375 0.71484375 0.634375 0.69453125 0.6421875 0.68671875 0.61171875 0.6640625
0 0.659375 0.66171875 0.6609375 0.70078125 0.675 0.73671875 0.6765625 0.76171875 0.7109375 0.76796875 0.78984375 0.7671875 0.803125 0.76171875 0.8078125 0.66796875 0.80234375 0.6546875 0.67578125 0.6546875 0.659375 0.66171875
0 0.52578125 0.3984375 0.5203125 0.38671875 0.49921875 0.371875 0.46796875 0.371875 0.4515625 0.38515625 0.44375 0.43828125 0.44765625 0.446875 0.4875 0.45078125 0.5 0.44453125 0.50546875 0.43125 0.55859375 0.425 0.5625 0.40703125 0.54296875 0.3921875 0.52578125 0.3984375
0 0.15703125 0.0390625 0.18203125 0.0390625 0.18984375 0.046875 0.1984375 0.04609375 0.20859375 0.0421875 0.228125 0.01640625 0.21796875 0 0.1453125 0.00078125 0.15 0.03203125 0.15703125 0.0390625
0 0.303125 0.06953125 0.290625 0.07890625 0.2921875 0.09140625 0.30390625 0.103125 0.3234375 0.10859375 0.3390625 0.09140625 0.346875 0.05546875 0.34375 0.03515625 0.32734375 0.0296875 0.3078125 0.03984375 0.303125 0.06953125
0 0.14296875 0 0.140625 0.03203125 0.1578125 0.07734375 0.1734375 0.22109375 0.19453125 0.2265625 0.21171875 0.21875 0.23203125 0.21875 0.24609375 0.2203125 0.26640625 0.2359375 0.3296875 0.23515625 0.33828125 0.228125 0.35703125 0.2296875 0.36875 0.22421875 0.378125 0.18046875 0.3734375 0.14140625 0.3609375 0.11953125 0.3671875 0.09921875 0.3640625 0.00859375 0.35390625 0.0046875 0.34609375 0.0125 0.33828125 0 0.14296875 0
0 0.34609375 0.7109375 0.3671875 0.67421875 0.3890625 0.47890625 0.3953125 0.47421875 0.3796875 0.43359375 0.34609375 0.4265625 0.31640625 0.4296875 0.29921875 0.421875 0.2953125 0.43515625 0.29140625 0.43125 0.27890625 0.45 0.2609375 0.46015625 0.2609375 0.47109375 0.25078125 0.471875 0.21953125 0.4703125 0.20546875 0.4625 0.1953125 0.44921875 0.18515625 0.4125 0.18046875 0.41875 0.17421875 0.4109375 0.17265625 0.4171875 0.13671875 0.4359375 0.11015625 0.4375 0.09921875 0.428125 0.08125 0.44453125 0.078125 0.45234375 0.0828125 0.45546875 0.0765625 0.46015625 0.08125 0.46328125 0.06875 0.47421875 0.0734375 0.49453125 0.0671875 0.53671875 0.075 0.56796875 0.071875 0.60078125 0.0828125 0.62890625 0.08984375 0.63125 0.1015625 0.60546875 0.115625 0.59921875 0.12578125 0.571875 0.13359375 0.5671875 0.14453125 0.5734375 0.15859375 0.5703125 0.165625 0.57578125 0.1625 0.58828125 0.171875 0.60859375 0.1734375 0.62421875 0.1671875 0.62734375 0.1671875 0.63828125 0.18515625 0.646875 0.203125 0.67734375 0.2171875 0.68359375 0.22109375 0.703125 0.23671875 0.6984375 0.26328125 0.7125 0.27421875 0.728125 0.2859375 0.72734375 0.2890625 0.71484375 0.31015625 0.69375 0.32265625 0.69375 0.32890625 0.6875 0.3453125 0.69921875 0.34609375 0.7109375
0 0.32890625 0.546875 0.35703125 0.5453125 0.36953125 0.5515625 0.3765625 0.54765625 0.3875 0.49140625 0.4015625 0.47265625 0.415625 0.33515625 0.41171875 0.3109375 0.39453125 0.33125 0.38203125 0.328125 0.37421875 0.315625 0.34921875 0.3234375 0.33828125 0.315625 0.31484375 0.3140625 0.30390625 0.303125 0.290625 0.31015625 0.290625 0.32265625 0.28359375 0.3265625 0.26796875 0.321875 0.26328125 0.3140625 0.22109375 0.3234375 0.20546875 0.3140625 0.1921875 0.32265625 0.1859375 0.33828125 0.190625 0.34921875 0.184375 0.35078125 0.1828125 0.36640625 0.175 0.37265625 0.17734375 0.3765625 0.1859375 0.37109375 0.18828125 0.35625 0.19375 0.36640625 0.190625 0.38359375 0.18203125 0.3921875 0.17734375 0.3828125 0.1734375 0.38515625 0.175 0.42578125 0.1828125 0.43984375 0.184375 0.46171875 0.190625 0.46484375 0.1890625 0.53515625 0.19453125 0.5390625 0.19921875 0.5328125 0.20859375 0.546875 0.21328125 0.5359375 0.23203125 0.5375 0.246875 0.54453125 0.23203125 0.54375 0.23515625 0.55625 0.26015625 0.55625 0.2734375 0.56640625 0.26875 0.56171875 0.28984375 0.5515625 0.29453125 0.5421875 0.29921875 0.546875 0.32578125 0.5421875 0.32890625 0.546875
0 0.5921875 0.51171875 0.5921875 0.50546875 0.596875 0.50703125 0.5921875 0.49140625 0.59609375 0.49375 0.5984375 0.48671875 0.5921875 0.47578125 0.5984375 0.47734375 0.596875 0.46484375 0.60625 0.46015625 0.5875 0.43671875 0.5859375 0.34140625 0.57421875 0.3234375 0.56640625 0.321875 0.55078125 0.3328125 0.54296875 0.3171875 0.5265625 0.31015625 0.5328125 0.30234375 0.5171875 0.29921875 0.5328125 0.29453125 0.52265625 0.2890625 0.509375 0.29453125 0.50390625 0.315625 0.4796875 0.32578125 0.4484375 0.38671875 0.4421875 0.38828125 0.440625 0.40234375 0.4359375 0.40234375 0.440625 0.40859375 0.43125 0.42265625 0.4375 0.43984375 0.4328125 0.45078125 0.45 0.48046875 0.45390625 0.5390625 0.46640625 0.5421875 0.48671875 0.5234375 0.49921875 0.5296875 0.50703125 0.525 0.51484375 0.5328125 0.51796875 0.525 0.52734375 0.525 0.54140625 0.5515625 0.56171875 0.5515625 0.56640625 0.571875 0.57421875 0.559375 0.5828125 0.57109375 0.584375 0.56015625 0.59296875 0.55 0.596875 0.55390625 0.5984375 0.53828125 0.5984375 0.52109375 0.5921875 0.51171875
0 0.76640625 0.53125 0.7734375 0.53203125 0.7765625 0.56015625 0.784375 0.56015625 0.7765625 0.57109375 0.7875 0.56953125 0.79375 0.51328125 0.80625 0.49140625 0.803125 0.45859375 0.79453125 0.446875 0.64765625 0.4421875 0.5921875 0.44765625 0.5921875 0.47890625 0.5984375 0.47890625 0.5921875 0.48984375 0.5984375 0.49296875 0.6 0.50390625 0.6 0.56640625 0.6078125 0.58515625 0.603125 0.58828125 0.6078125 0.64921875 0.675 0.65234375 0.7828125 0.64765625 0.77734375 0.640625 0.7625 0.63984375 0.753125 0.60703125 0.7625 0.58515625 0.76640625 0.53125
0 0.65546875 0.671875 0.64296875 0.6609375 0.53515625 0.6578125 0.51953125 0.6625 0.515625 0.70390625 0.5109375 0.71796875 0.5015625 0.72265625 0.49375 0.74921875 0.5 0.79296875 0.51875 0.82890625 0.5171875 0.99921875 0.7828125 0.99921875 0.790625 0.76953125 0.8046875 0.75859375 0.8046875 0.65859375 0.67578125 0.65625 0.66328125 0.659375 0.65546875 0.671875
0 0.14296875 0 0.1421875 0.03671875 0.1546875 0.06328125 0.1671875 0.14140625 0.171875 0.22421875 0.17734375 0.2296875 0.23203125 0.225 0.25859375 0.240625 0.2734375 0.24140625 0.32265625 0.2390625 0.36640625 0.23125 0.371875 0.22421875 0.3796875 0.16328125 0.365625 0.12265625 0.3703125 0.06953125 0.365625 0.00546875 0.35703125 0 0.14296875 0
0 0.08984375 0.2203125 0.02890625 0.228125 0.021875 0.23671875 0.02890625 0.2421875 0.1359375 0.24140625 0.16640625 0.240625 0.171875 0.23515625 0.16484375 0.190625 0.13828125 0.20625 0.11953125 0.203125 0.08984375 0.2203125
0 0.57890625 0.21875 0.57578125 0.2296875 0.5578125 0.21171875 0.546875 0.17890625 0.53046875 0.171875 0.51171875 0.1765625 0.49375 0.19140625 0.4921875 0.21015625 0.503125 0.21953125 0.49609375 0.2296875 0.48671875 0.2171875 0.46796875 0.228125 0.45859375 0.215625 0.44921875 0.221875 0.43984375 0.2171875 0.41015625 0.2265625 0.38984375 0.2109375 0.375 0.22421875 0.3734375 0.23515625 0.37734375 0.240625 0.49921875 0.2390625 0.5703125 0.24453125 0.57578125 0.2375 0.61328125 0.240625 0.625 0.23203125 0.61328125 0.2109375 0.59765625 0.2078125 0.57890625 0.21875