0 0.7578125 0.03203125 0.75625 0.00078125 0.73515625 0 0.7 0.02109375 0.7015625 0.07109375 0.665625 0.11171875 0.6734375 0.14921875 0.6609375 0.18984375 0.6734375 0.21640625 0.68046875 0.221875 0.69453125 0.21875 0.703125 0.23515625 0.6921875 0.25078125 0.6875 0.27265625 0.659375 0.29453125 0.646875 0.32109375 0.65 0.33515625 0.671875 0.35546875 0.675 0.36640625 0.6625 0.41796875 0.6609375 0.47421875 0.6765625 0.51953125 0.690625 0.53671875 0.690625 0.56953125 0.69921875 0.58125 0.721875 0.59140625 0.725 0.61640625 0.715625 0.68359375 0.70546875 0.6890625 0.69453125 0.68125 0.67734375 0.6796875 0.66875 0.69453125 0.671875 0.73984375 0.69765625 0.7515625 0.7046875 0.76328125 0.6984375 0.82890625 0.70625 0.85390625 0.696875 0.87734375 0.69921875 0.8953125 0.721875 0.88671875 0.734375 0.85234375 0.746875 0.84296875 0.746875 0.80078125 0.77578125 0.7875 0.81328125 0.7875 0.82421875 0.76875 0.83828125 0.7875 0.8546875 0.75859375 0.86796875 0.75625 0.871875 0.74765625 0.86796875 0.7390625 0.84296875 0.74375 0.83125 0.71796875 0.85234375 0.7015625 0.88046875 0.70625 0.8875 0.69921875 0.8734375 0.63515625 0.88125 0.63046875 0.88125 0.62265625 0.86796875 0.6171875 0.84453125 0.63125 0.8390625 0.61953125 0.85625 0.50546875 0.8453125 0.43203125 0.83203125 0.4171875 0.8109375 0.41953125 0.80625 0.38359375 0.80078125 0.378125 0.77265625 0.36875 0.76015625 0.371875 0.7546875 0.36171875 0.753125 0.34140625 0.76796875 0.2984375 0.79609375 0.275 0.81015625 0.2734375 0.83515625 0.284375 0.840625 0.28046875 0.809375 0.23828125 0.7890625 0.11640625 0.78046875 0.1140625 0.76328125 0.1375 0.753125 0.13203125 0.7578125 0.10078125 0.74375 0.04921875 0.7578125 0.03203125
0 0.253125 0.36953125 0.246875 0.35546875 0.20703125 0.3546875 0.18125 0.37421875 0.1859375 0.41484375 0.17421875 0.453125 0.13359375 0.440625 0.096875 0.46328125 0.10625 0.48984375 0.1234375 0.50703125 0.1265625 0.52578125 0.125 0.53984375 0.0953125 0.56328125 0.09921875 0.571875 0.1203125 0.57734375 0.1015625 0.61171875 0.1015625 0.62421875 0.1125 0.63828125 0.1125 0.66171875 0.1 0.67734375 0.09375 0.71328125 0.1078125 0.75078125 0.1078125 0.76171875 0.0984375 0.76484375 0.10703125 0.7640625 0.1140625 0.76796875 0.11171875 0.7734375 0.1234375 0.77578125 0.13125 0.80703125 0.128125 0.81796875 0.1484375 0.83828125 0.153125 0.85859375 0.17265625 0.8578125 0.20625 0.87421875 0.2171875 0.90703125 0.21875 0.95234375 0.22421875 0.9609375 0.240625 0.95234375 0.26328125 0.9 0.26640625 0.9046875 0.29375 0.90078125 0.2921875 0.88515625 0.278125 0.87265625 0.2671875 0.81015625 0.2703125 0.79921875 0.27890625 0.796875 0.28125 0.81484375 0.28671875 0.809375 0.2921875 0.81484375 0.303125 0.75546875 0.29921875 0.7203125 0.2875 0.76171875 0.28359375 0.7265625 0.278125 0.75390625 0.2828125 0.70234375 0.2640625 0.66640625 0.2609375 0.63671875 0.2609375 0.55390625 0.2703125 0.48359375 0.2828125 0.46640625 0.2890625 0.42734375 0.28046875 0.403125 0.26640625 0.4078125 0.26328125 0.415625 0.2484375 0.40546875 0.253125 0.36953125
0 1 0.08359375 0.98515625 0.084375 0.975 0.09453125 0.9859375 0.13671875 0.971875 0.16328125 0.971875 0.18046875 0.98984375 0.2015625 1 0.19921875 1 0.08359375
0 1 0.00078125 0.9796875 0.00078125 0.984375 0.01953125 0.99296875 0.025 1 0.02421875 1 0.00078125
0 0.56875 0.60078125 0.5625 0.57734375 0.553125 0.57890625 0.546875 0.59296875 0.55546875 0.6125 0.56171875 0.6125 0.56875 0.60078125
0 0.5703125 0.51796875 0.5578125 0.50078125 0.5359375 0.51171875 0.5328125 0.53203125 0.5421875 0.55234375 0.55859375 0.559375 0.5703125 0.55078125 0.5703125 0.51796875
0 0.5796875 0.47890625 0.5703125 0.45390625 0.56171875 0.4546875 0.55625 0.46328125 0.559375 0.48203125 0.57421875 0.49375 0.5796875 0.47890625
0 0.3890625 0.42109375 0.384375 0.41328125 0.365625 0.42265625 0.36640625 0.440625 0.3859375 0.44140625 0.3890625 0.42109375
0 0.0453125 0.47890625 0.034375 0.46015625 0 0.47265625 0.00078125 0.5015625 0.03203125 0.5015625 0.040625 0.49453125 0.0453125 0.47890625
0 0.2546875 0.97265625 0.2390625 0.95390625 0.228125 0.95859375 0.2265625 0.97734375 0.23515625 0.9921875 0.24765625 0.996875 0.2546875 0.99140625 0.2546875 0.97265625
0 0.4890625 0.04765625 0.484375 0.00078125 0.46953125 0 0.4625 0.01796875 0.4625 0.03359375 0.47578125 0.0546875 0.4890625 0.04765625
0 0.33984375 0.0140625 0.346875 0.00078125 0.31640625 0 0.3171875 0.01484375 0.32890625 0.01875 0.33984375 0.0140625
0 0.525 0.33515625 0.5109375 0.32578125 0.49609375 0.3296875 0.49375 0.33671875 0.50625 0.36015625 0.51484375 0.3625 0.5234375 0.35703125 0.5265625 0.34296875 0.525 0.33515625
0 0.2234375 0.06640625 0.2171875 0.05859375 0.209375 0.06484375 0.2 0.09921875 0.2015625 0.11640625 0.21484375 0.121875 0.221875 0.11484375 0.2234375 0.06640625
0 0.2609375 0.02421875 0.2484375 0.01640625 0.2390625 0.02734375 0.2421875 0.05546875 0.26015625 0.065625 0.2671875 0.05859375 0.2671875 0.03828125 0.2609375 0.02421875
0 0.0234375 0.41640625 0.021875 0.38984375 0 0.39453125 0.00078125 0.415625 0.01328125 0.4203125 0.0234375 0.41640625