0 0.78046875 0.8859375 0.7890625 0.88359375 0.809375 0.76171875 0.840625 0.71953125 0.83515625 0.715625 0.81015625 0.7265625 0.79609375 0.725 0.76796875 0.7015625 0.753125 0.65859375 0.7546875 0.63828125 0.76015625 0.628125 0.77265625 0.63125 0.80078125 0.621875 0.80625 0.61640625 0.8109375 0.58046875 0.83203125 0.5828125 0.8453125 0.56796875 0.85625 0.49453125 0.8390625 0.38046875 0.84453125 0.36875 0.86796875 0.3828125 0.88125 0.37734375 0.88125 0.36953125 0.8734375 0.36484375 0.8875 0.30078125 0.88046875 0.29375 0.85234375 0.2984375 0.83125 0.28203125 0.84296875 0.25625 0.86796875 0.2609375 0.871875 0.25234375 0.86796875 0.24375 0.8546875 0.24140625 0.83828125 0.2125 0.82421875 0.23125 0.81328125 0.2125 0.77578125 0.2125 0.746875 0.19921875 0.746875 0.15703125 0.734375 0.14765625 0.721875 0.11328125 0.69921875 0.1046875 0.696875 0.12265625 0.70625 0.14609375 0.6984375 0.17109375 0.7046875 0.23671875 0.69765625 0.2484375 0.671875 0.26015625 0.66875 0.30546875 0.67734375 0.3203125 0.69453125 0.31875 0.70546875 0.3109375 0.715625 0.31640625 0.725 0.38359375 0.721875 0.40859375 0.69921875 0.41875 0.690625 0.43046875 0.690625 0.46328125 0.6765625 0.48046875 0.6609375 0.52578125 0.6625 0.58203125 0.675 0.63359375 0.671875 0.64453125 0.65 0.66484375 0.646875 0.67890625 0.659375 0.70546875 0.6875 0.72734375 0.6921875 0.74921875 0.703125 0.76484375 0.69453125 0.78125 0.68046875 0.778125 0.6734375 0.78359375 0.6609375 0.81015625 0.6734375 0.85078125 0.665625 0.88828125 0.7015625 0.92890625 0.7 0.97890625 0.73515625 1 0.75625 0.99921875 0.7578125 0.96796875 0.74375 0.95078125 0.7578125 0.89921875 0.753125 0.86796875 0.76328125 0.8625 0.78046875 0.8859375
0 0.2890625 0.57265625 0.2828125 0.53359375 0.2703125 0.51640625 0.2609375 0.44609375 0.2609375 0.36328125 0.2640625 0.33359375 0.2828125 0.29765625 0.278125 0.24609375 0.28359375 0.2734375 0.2875 0.23828125 0.29921875 0.2796875 0.303125 0.24453125 0.2921875 0.18515625 0.28671875 0.190625 0.28125 0.18515625 0.27890625 0.203125 0.2703125 0.20078125 0.2671875 0.18984375 0.278125 0.12734375 0.2921875 0.11484375 0.29375 0.09921875 0.26640625 0.0953125 0.26328125 0.1 0.240625 0.04765625 0.22421875 0.0390625 0.21875 0.04765625 0.2171875 0.09296875 0.20625 0.12578125 0.17265625 0.1421875 0.153125 0.14140625 0.1484375 0.16171875 0.128125 0.18203125 0.13125 0.19296875 0.1234375 0.22421875 0.11171875 0.2265625 0.1140625 0.23203125 0.10703125 0.2359375 0.0984375 0.23515625 0.1078125 0.23828125 0.1078125 0.24921875 0.09375 0.28671875 0.1 0.32265625 0.1125 0.33828125 0.1125 0.36171875 0.1015625 0.37578125 0.1015625 0.38828125 0.1203125 0.42265625 0.09921875 0.428125 0.0953125 0.43671875 0.125 0.46015625 0.1265625 0.47421875 0.1234375 0.49296875 0.10625 0.51015625 0.096875 0.53671875 0.13359375 0.559375 0.17421875 0.546875 0.1859375 0.58515625 0.18125 0.62578125 0.20703125 0.6453125 0.246875 0.64453125 0.253125 0.63046875 0.2484375 0.59453125 0.26328125 0.584375 0.26640625 0.5921875 0.28046875 0.596875 0.2890625 0.57265625
0 1 0.80078125 0.98984375 0.7984375 0.971875 0.81953125 0.971875 0.83671875 0.9859375 0.86328125 0.975 0.90546875 0.98515625 0.915625 1 0.91640625 1 0.80078125
0 1 0.97578125 0.99296875 0.975 0.984375 0.98046875 0.9796875 0.99921875 1 0.99921875 1 0.97578125
0 0.5625 0.42265625 0.56875 0.39921875 0.56171875 0.3875 0.55546875 0.3875 0.546875 0.40703125 0.553125 0.42109375 0.5625 0.42265625
0 0.5359375 0.48828125 0.5578125 0.49921875 0.5703125 0.48203125 0.5703125 0.44921875 0.55859375 0.440625 0.5421875 0.44765625 0.5328125 0.46796875 0.5359375 0.48828125
0 0.5703125 0.54609375 0.5796875 0.52109375 0.57421875 0.50625 0.559375 0.51796875 0.55625 0.53671875 0.56171875 0.5453125 0.5703125 0.54609375
0 0.3890625 0.57890625 0.3859375 0.55859375 0.36640625 0.559375 0.365625 0.57734375 0.384375 0.58671875 0.3890625 0.57890625
0 0.034375 0.53984375 0.0453125 0.52109375 0.040625 0.50546875 0.03203125 0.4984375 0.00078125 0.4984375 0 0.52734375 0.034375 0.53984375
0 0.228125 0.04140625 0.2390625 0.04609375 0.2546875 0.02734375 0.2546875 0.00859375 0.24765625 0.003125 0.23515625 0.0078125 0.2265625 0.02265625 0.228125 0.04140625
0 0.484375 0.99921875 0.4890625 0.95234375 0.47578125 0.9453125 0.4625 0.96640625 0.4625 0.98203125 0.46953125 1 0.484375 0.99921875
0 0.33984375 0.9859375 0.32890625 0.98125 0.3171875 0.98515625 0.31640625 1 0.346875 0.99921875 0.33984375 0.9859375
0 0.49375 0.66328125 0.49609375 0.6703125 0.5109375 0.67421875 0.525 0.66484375 0.5265625 0.65703125 0.5234375 0.64296875 0.51484375 0.6375 0.50625 0.63984375 0.49375 0.66328125
0 0.209375 0.93515625 0.2171875 0.94140625 0.2234375 0.93359375 0.221875 0.88515625 0.21484375 0.878125 0.2015625 0.88359375 0.2 0.90078125 0.209375 0.93515625
0 0.2390625 0.97265625 0.2484375 0.98359375 0.2609375 0.97578125 0.2671875 0.96171875 0.2671875 0.94140625 0.26015625 0.934375 0.2421875 0.94453125 0.2390625 0.97265625
0 0.0234375 0.58359375 0.01328125 0.5796875 0.00078125 0.584375 0 0.60546875 0.021875 0.61015625 0.0234375 0.58359375