0 0.2161859375 0.45673125 0.14407187500000002 0.45192343749999997 0.206571875 0.603365625 0.2354171875 0.5961531250000001 0.271475 0.39182656250000003 0.22820625 0.3677890625 0.2161859375 0.45673125
0 0.281090625 0.540865625 0.33157187499999996 0.5384609375 0.324359375 0.603365625 0.37724375 0.5769234375 0.3387828125 0.4014421875 0.2955140625 0.439903125 0.281090625 0.540865625
0 0.4205140625 0.615384375 0.461378125 0.584134375 0.4036859375 0.41826875 0.396475 0.5697109375 0.4205140625 0.615384375
0 0.18203125 0.3421875 0.1734375 0.35078125 0.16953125 0.3796875 0.153125 0.34765625 0.14375 0.34609375 0.1390625 0.37265625 0.1453125 0.39765625 0.1453125 0.43984375 0.1578125 0.44296875 0.16953125 0.4234375 0.18203125 0.428125 0.18984375 0.4421875 0.209375 0.42265625 0.21171875 0.3453125 0.18203125 0.3421875
0 0.48359375 0.0546875 0.4671875 0.05390625 0.4765625 0.09921875 0.4703125 0.17421875 0.471875 0.19765625 0.48046875 0.2015625 0.49140625 0.1953125 0.4953125 0.20703125 0.4984375 0.18671875 0.490625 0.15390625 0.5 0.11640625 0.4953125 0.06796875 0.48671875 0.0484375 0.48359375 0.0546875
0 0.5453125 0.32421875 0.5546875 0.33671875 0.57578125 0.3359375 0.5828125 0.32734375 0.56640625 0.2765625 0.55234375 0.278125 0.546875 0.28984375 0.5453125 0.32421875
0 0.734375 0.53828125 0.7515625 0.57109375 0.7578125 0.59765625 0.78203125 0.6015625 0.803125 0.62265625 0.8046875 0.60859375 0.8140625 0.60703125 0.8046875 0.56953125 0.76953125 0.51875 0.73984375 0.515625 0.734375 0.53828125
0 0.565625 0.75703125 0.55390625 0.75625 0.546875 0.77421875 0.553125 0.79296875 0.56875 0.80078125 0.565625 0.75703125
0 0.5765625 0.82890625 0.5765625 0.84453125 0.584375 0.84765625 0.59609375 0.8453125 0.603125 0.83359375 0.5984375 0.80234375 0.58828125 0.79375 0.58125 0.79921875 0.5765625 0.82890625
0 0.58203125 0.5765625 0.578125 0.58515625 0.5859375 0.58984375 0.590625 0.57890625 0.58203125 0.5765625
0 0.5328125 0.59453125 0.546875 0.60078125 0.5671875 0.58515625 0.55859375 0.525 0.55 0.53046875 0.5453125 0.56328125 0.5296875 0.58203125 0.5328125 0.59453125
0 0.5109375 0.57109375 0.49921875 0.5421875 0.475 0.56484375 0.475 0.57890625 0.4875 0.58203125 0.5109375 0.57109375
0 0.51875 0.92265625 0.51640625 0.8953125 0.4984375 0.90078125 0.5 0.92890625 0.50625 0.93046875 0.51875 0.92265625
0 0.8359375 0.72578125 0.83125 0.75859375 0.84375 0.76171875 0.8515625 0.75703125 0.85625 0.74140625 0.8421875 0.71171875 0.840625 0.68984375 0.82734375 0.6890625 0.8359375 0.72578125
0 0.79921875 0.696875 0.79375 0.71484375 0.8046875 0.72578125 0.809375 0.69921875 0.79921875 0.696875
0 0.5375 0.40859375 0.52734375 0.3890625 0.5171875 0.40078125 0.5171875 0.41171875 0.5265625 0.41640625 0.5375 0.40859375
0 0.034375 0.02734375 0.04765625 0.01875 0.06640625 0.021875 0.0875 0.00078125 0 0.00078125 0.00078125 0.015625 0.034375 0.02734375
0 0.20234375 0 0.1953125 0.01796875 0.196875 0.03515625 0.2078125 0.05390625 0.190625 0.10390625 0.190625 0.12578125 0.19375 0.13671875 0.2109375 0.15234375 0.23125 0.14140625 0.240625 0.11796875 0.2421875 0.08671875 0.225 0.04921875 0.234375 0.02109375 0.23359375 0 0.20234375 0
0 0 0.18359375 0.0078125 0.18359375 0.0328125 0.16015625 0.04375 0.11796875 0.0328125 0.08046875 0.01796875 0.0625 0.00859375 0.0625 0 0.07265625 0 0.18359375