0 0.3671875 0.36484375 0.35625 0.35234375 0.3328125 0.35703125 0.3296875 0.39765625 0.31171875 0.40625 0.29765625 0.428125 0.27890625 0.434375 0.275 0.44453125 0.2640625 0.45078125 0.2796875 0.46484375 0.2703125 0.46953125 0.2765625 0.47734375 0.265625 0.48984375 0.25625 0.52265625 0.2578125 0.60703125 0.271875 0.66953125 0.2671875 0.68671875 0.2734375 0.70078125 0.26875 0.70546875 0.2765625 0.71953125 0.2765625 0.73671875 0.2859375 0.74921875 0.265625 0.81328125 0.2671875 0.86171875 0.2578125 0.87421875 0.2578125 0.90546875 0.2609375 0.94296875 0.26875 0.95234375 0.278125 0.98828125 0.28515625 0.9921875 0.36796875 0.99375 0.40859375 0.9875 0.41875 0.94453125 0.4296875 0.93984375 0.4359375 0.92578125 0.434375 0.90859375 0.4453125 0.88671875 0.446875 0.85703125 0.46875 0.83984375 0.471875 0.71640625 0.4625 0.67734375 0.4671875 0.64921875 0.4609375 0.61015625 0.43671875 0.56875 0.415625 0.56484375 0.4 0.53828125 0.3953125 0.51328125 0.3640625 0.49296875 0.3515625 0.43828125 0.3671875 0.36484375
0 0.2296875 0.91484375 0.225 0.91015625 0.2046875 0.91328125 0.190625 0.96953125 0.16328125 1 0.2328125 0.99921875 0.2296875 0.91484375
0 0.1140625 0.58515625 0.1046875 0.57890625 0.0921875 0.59140625 0.090625 0.61640625 0.10390625 0.634375 0.11015625 0.634375 0.115625 0.59609375 0.1140625 0.58515625
0 0.4296875 0.18671875 0.425 0.16640625 0.4203125 0.20859375 0.4 0.22578125 0.39375 0.25078125 0.3921875 0.28046875 0.4 0.31015625 0.3921875 0.32890625 0.40390625 0.34375 0.41171875 0.34375 0.42265625 0.3328125 0.43203125 0.334375 0.4390625 0.32578125 0.43125 0.30078125 0.440625 0.26953125 0.440625 0.19609375 0.4296875 0.18671875
0 0.096875 0.05234375 0.0796875 0.03828125 0.06875 0.05078125 0.06875 0.06015625 0.075 0.08203125 0.08515625 0.0859375 0.1 0.07578125 0.1 0.06796875 0.096875 0.05234375
0 0.171875 0.22578125 0.1625 0.21328125 0.153125 0.22109375 0.1515625 0.23515625 0.16328125 0.2515625 0.171875 0.24140625 0.171875 0.22578125
0 0.2640625 0.15234375 0.2390625 0.13828125 0.22265625 0.140625 0.2125 0.14921875 0.2265625 0.15859375 0.23125 0.18359375 0.25234375 0.1875 0.26953125 0.18125 0.2734375 0.17265625 0.2640625 0.15234375
0 0.44765625 0.040625 0.425 0.03671875 0.4078125 0.04453125 0.40625 0.05859375 0.3921875 0.07265625 0.3921875 0.08515625 0.40703125 0.1 0.42109375 0.0796875 0.4265625 0.10390625 0.43828125 0.10625 0.4546875 0.08046875 0.4546875 0.05390625 0.44765625 0.040625
0 0.4359375 0.01171875 0.428125 0.00234375 0.40859375 0.003125 0.396875 0.01484375 0.3953125 0.02578125 0.4046875 0.03984375 0.40625 0.05546875 0.3921875 0.06953125 0.3921875 0.08515625 0.40390625 0.1 0.42109375 0.0890625 0.42890625 0.10625 0.43828125 0.10625 0.453125 0.08515625 0.45625 0.06328125 0.453125 0.04453125 0.43125 0.03671875 0.4359375 0.01171875
0 0.82734375 0.3765625 0.8109375 0.35546875 0.79296875 0.378125 0.77265625 0.36875 0.7484375 0.40546875 0.740625 0.48515625 0.75625 0.55234375 0.7453125 0.56015625 0.7390625 0.58359375 0.740625 0.59921875 0.75078125 0.609375 0.76328125 0.60625 0.77578125 0.59375 0.79140625 0.59375 0.81796875 0.56875 0.8375 0.56015625 0.846875 0.53828125 0.84375 0.50078125 0.8609375 0.48203125 0.8703125 0.45703125 0.87890625 0.4546875 0.8921875 0.43671875 0.8921875 0.39921875 0.88359375 0.390625 0.84140625 0.3703125 0.82734375 0.3765625
0 0.98046875 0.815625 0.9734375 0.80234375 0.9609375 0.80859375 0.9578125 0.83671875 0.99765625 0.846875 0.9953125 0.81796875 0.98046875 0.815625
0 0.896875 0.64921875 0.8734375 0.63515625 0.82890625 0.634375 0.815625 0.64921875 0.8171875 0.69609375 0.83984375 0.709375 0.86640625 0.7390625 0.87421875 0.728125 0.88671875 0.73125 0.9 0.72421875 0.9046875 0.69765625 0.896875 0.64921875