0 0.4 0.46171875 0.415625 0.43515625 0.43671875 0.43125 0.4609375 0.38984375 0.4671875 0.35078125 0.4625 0.32265625 0.471875 0.28359375 0.46875 0.16171875 0.46328125 0.1515625 0.446875 0.14921875 0.44375 0.11171875 0.434375 0.09296875 0.4359375 0.07578125 0.4296875 0.06015625 0.41875 0.05546875 0.40859375 0.0125 0.40390625 0.0171875 0.40234375 0.0125 0.35859375 0.00625 0.28515625 0.0078125 0.271875 0.02578125 0.26875 0.04765625 0.2609375 0.05703125 0.2578125 0.09140625 0.2578125 0.12734375 0.2671875 0.13828125 0.2640625 0.16171875 0.2703125 0.21640625 0.278125 0.24921875 0.2859375 0.25078125 0.28203125 0.259375 0.278125 0.25546875 0.2765625 0.27890625 0.2703125 0.27734375 0.271875 0.30859375 0.2640625 0.31171875 0.2703125 0.33515625 0.2578125 0.39140625 0.25625 0.47734375 0.2625 0.50234375 0.2796875 0.52578125 0.2734375 0.53046875 0.2796875 0.53828125 0.2640625 0.55078125 0.28046875 0.5671875 0.29765625 0.571875 0.31015625 0.59375 0.3265625 0.59921875 0.3328125 0.64296875 0.3546875 0.64765625 0.3671875 0.63671875 0.35625 0.60078125 0.3515625 0.55546875 0.365625 0.50234375 0.3953125 0.48671875 0.4 0.46171875
0 0.2234375 0.08984375 0.2296875 0.08515625 0.2328125 0.00078125 0.16328125 0 0.190625 0.03046875 0.2046875 0.08671875 0.2234375 0.08984375
0 0.0921875 0.40859375 0.103125 0.42109375 0.1140625 0.41484375 0.115625 0.40390625 0.1140625 0.37265625 0.10703125 0.3640625 0.090625 0.38203125 0.0921875 0.40859375
0 0.0671875 0.94296875 0.075 0.96171875 0.08125 0.96328125 0.0953125 0.95078125 0.1 0.93203125 0.1 0.92421875 0.08671875 0.9140625 0.075 0.91796875 0.0671875 0.94296875
0 0.1625 0.78671875 0.171875 0.77421875 0.171875 0.75859375 0.16328125 0.7484375 0.1515625 0.76484375 0.153125 0.77734375 0.1625 0.78671875
0 0.2296875 0.83671875 0.2125 0.85234375 0.2390625 0.86171875 0.2625 0.84921875 0.2734375 0.82734375 0.26953125 0.81875 0.25078125 0.8125 0.23125 0.81640625 0.2296875 0.83671875
0 0.40546875 0.6546875 0.3921875 0.67109375 0.4 0.68984375 0.3921875 0.71953125 0.39375 0.74921875 0.4 0.77421875 0.4203125 0.79140625 0.425 0.83359375 0.4296875 0.81328125 0.440625 0.80390625 0.440625 0.73046875 0.43125 0.69921875 0.4390625 0.67421875 0.40546875 0.6546875
0 0.4375 0.82109375 0.44375 0.85703125 0.45625 0.86015625 0.4640625 0.84765625 0.459375 0.82421875 0.46875 0.81640625 0.46015625 0.796875 0.45 0.80078125 0.4375 0.82109375
0 0.42109375 0.9203125 0.40546875 0.9 0.3921875 0.91484375 0.3921875 0.92734375 0.40625 0.94140625 0.4078125 0.95390625 0.425 0.96328125 0.44765625 0.959375 0.4546875 0.94453125 0.4546875 0.91953125 0.43828125 0.89375 0.4265625 0.89609375 0.42109375 0.9203125
0 0.43828125 0.89375 0.425 0.89765625 0.42109375 0.9171875 0.40859375 0.9 0.40078125 0.9015625 0.3921875 0.91484375 0.3921875 0.92890625 0.40625 0.94296875 0.40625 0.95703125 0.396875 0.97265625 0.3984375 0.98671875 0.40703125 0.99375 0.41640625 0.9890625 0.4296875 0.99609375 0.434375 0.98984375 0.4296875 0.96328125 0.4515625 0.95703125 0.45625 0.93515625 0.453125 0.91484375 0.43828125 0.89375
0 0.8921875 0.56328125 0.86875 0.54140625 0.8609375 0.51796875 0.846875 0.50234375 0.8453125 0.45234375 0.834375 0.43515625 0.81796875 0.43125 0.79140625 0.40625 0.77421875 0.40625 0.75078125 0.390625 0.740625 0.40078125 0.7390625 0.41640625 0.7453125 0.43984375 0.7546875 0.44609375 0.7421875 0.50703125 0.7484375 0.59453125 0.77265625 0.63125 0.79296875 0.621875 0.809375 0.64609375 0.821875 0.63671875 0.82734375 0.6234375 0.84140625 0.6296875 0.88671875 0.6078125 0.8921875 0.60078125 0.8921875 0.56328125
0 0.971875 0.19921875 0.98046875 0.184375 0.9953125 0.18203125 0.99765625 0.153125 0.9578125 0.16328125 0.9609375 0.19140625 0.971875 0.19921875