0 0.6328125 0.63515625 0.64375 0.64765625 0.6671875 0.64296875 0.6703125 0.60234375 0.68828125 0.59375 0.70234375 0.571875 0.72109375 0.565625 0.725 0.55546875 0.7359375 0.54921875 0.7203125 0.53515625 0.7296875 0.53046875 0.7234375 0.52265625 0.734375 0.51015625 0.74375 0.47734375 0.7421875 0.39296875 0.728125 0.33046875 0.7328125 0.31328125 0.7265625 0.29921875 0.73125 0.29453125 0.7234375 0.28046875 0.7234375 0.26328125 0.7140625 0.25078125 0.734375 0.18671875 0.7328125 0.13828125 0.7421875 0.12578125 0.7421875 0.09453125 0.7390625 0.05703125 0.73125 0.04765625 0.721875 0.01171875 0.71484375 0.0078125 0.63203125 0.00625 0.59140625 0.0125 0.58125 0.05546875 0.5703125 0.06015625 0.5640625 0.07421875 0.565625 0.09140625 0.5546875 0.11328125 0.553125 0.14296875 0.53125 0.16015625 0.528125 0.28359375 0.5375 0.32265625 0.5328125 0.35078125 0.5390625 0.38984375 0.56328125 0.43125 0.584375 0.43515625 0.6 0.46171875 0.6046875 0.48671875 0.6359375 0.50703125 0.6484375 0.56171875 0.6328125 0.63515625
0 0.7703125 0.08515625 0.775 0.08984375 0.7953125 0.08671875 0.809375 0.03046875 0.83671875 0 0.7671875 0.00078125 0.7703125 0.08515625
0 0.8859375 0.41484375 0.8953125 0.42109375 0.9078125 0.40859375 0.909375 0.38359375 0.89609375 0.365625 0.88984375 0.365625 0.884375 0.40390625 0.8859375 0.41484375
0 0.5703125 0.81328125 0.575 0.83359375 0.5796875 0.79140625 0.6 0.77421875 0.60625 0.74921875 0.6078125 0.71953125 0.6 0.68984375 0.6078125 0.67109375 0.59609375 0.65625 0.58828125 0.65625 0.57734375 0.6671875 0.56796875 0.665625 0.5609375 0.67421875 0.56875 0.69921875 0.559375 0.73046875 0.559375 0.80390625 0.5703125 0.81328125
0 0.903125 0.94765625 0.9203125 0.96171875 0.93125 0.94921875 0.93125 0.93984375 0.925 0.91796875 0.91484375 0.9140625 0.9 0.92421875 0.9 0.93203125 0.903125 0.94765625
0 0.828125 0.77421875 0.8375 0.78671875 0.846875 0.77890625 0.8484375 0.76484375 0.83671875 0.7484375 0.828125 0.75859375 0.828125 0.77421875
0 0.7359375 0.84765625 0.7609375 0.86171875 0.77734375 0.859375 0.7875 0.85078125 0.7734375 0.84140625 0.76875 0.81640625 0.74765625 0.8125 0.73046875 0.81875 0.7265625 0.82734375 0.7359375 0.84765625
0 0.55234375 0.959375 0.575 0.96328125 0.5921875 0.95546875 0.59375 0.94140625 0.6078125 0.92734375 0.6078125 0.91484375 0.59296875 0.9 0.57890625 0.9203125 0.5734375 0.89609375 0.56171875 0.89375 0.5453125 0.91953125 0.5453125 0.94609375 0.55234375 0.959375
0 0.5640625 0.98828125 0.571875 0.99765625 0.59140625 0.996875 0.603125 0.98515625 0.6046875 0.97421875 0.5953125 0.96015625 0.59375 0.94453125 0.6078125 0.93046875 0.6078125 0.91484375 0.59609375 0.9 0.57890625 0.9109375 0.57109375 0.89375 0.56171875 0.89375 0.546875 0.91484375 0.54375 0.93671875 0.546875 0.95546875 0.56875 0.96328125 0.5640625 0.98828125
0 0.17265625 0.6234375 0.1890625 0.64453125 0.20703125 0.621875 0.22734375 0.63125 0.2515625 0.59453125 0.259375 0.51484375 0.24375 0.44765625 0.2546875 0.43984375 0.2609375 0.41640625 0.259375 0.40078125 0.24921875 0.390625 0.23671875 0.39375 0.22421875 0.40625 0.20859375 0.40625 0.18203125 0.43125 0.1625 0.43984375 0.153125 0.46171875 0.15625 0.49921875 0.1390625 0.51796875 0.1296875 0.54296875 0.12109375 0.5453125 0.1078125 0.56328125 0.1078125 0.60078125 0.11640625 0.609375 0.15859375 0.6296875 0.17265625 0.6234375
0 0.01953125 0.184375 0.0265625 0.19765625 0.0390625 0.19140625 0.0421875 0.16328125 0.00234375 0.153125 0.0046875 0.18203125 0.01953125 0.184375
0 0.103125 0.35078125 0.1265625 0.36484375 0.17109375 0.365625 0.184375 0.35078125 0.1828125 0.30390625 0.16015625 0.290625 0.13359375 0.2609375 0.12578125 0.271875 0.11328125 0.26875 0.1 0.27578125 0.0953125 0.30234375 0.103125 0.35078125