0 0.21171875 0.0125 0.2046875 0.02265625 0.215625 0.06953125 0.3171875 0.42265625 0.3453125 0.49140625 0.3921875 0.66328125 0.40859375 0.678125 0.4453125 0.67734375 0.4625 0.66796875 0.471875 0.61640625 0.4859375 0.58984375 0.346875 0.07578125 0.31796875 0.0125 0.21171875 0.0125
0 0.48359375 1 0.48671875 0.9953125 0.49296875 1 0.6234375 0.99921875 0.6234375 0.91328125 0.6140625 0.90234375 0.625 0.88359375 0.61875 0.83203125 0.621875 0.80390625 0.6109375 0.81640625 0.6078125 0.85078125 0.58359375 0.8578125 0.571875 0.83203125 0.58125 0.82734375 0.571875 0.82421875 0.58203125 0.8234375 0.5859375 0.81328125 0.57734375 0.8 0.5703125 0.80078125 0.5765625 0.79765625 0.5671875 0.78515625 0.571875 0.78046875 0.56640625 0.771875 0.553125 0.78046875 0.565625 0.78515625 0.565625 0.81328125 0.5765625 0.81640625 0.54609375 0.821875 0.528125 0.81328125 0.534375 0.82421875 0.528125 0.82890625 0.5296875 0.91796875 0.5234375 0.95703125 0.51328125 0.975 0.4921875 0.98515625 0.49296875 0.9921875 0.46328125 0.9921875 0.446875 0.97265625 0.43125 0.91796875 0.425 0.82734375 0.446875 0.77109375 0.446875 0.75703125 0.4390625 0.75390625 0.43359375 0.740625 0.4234375 0.73828125 0.42890625 0.7328125 0.38046875 0.7328125 0.36171875 0.7390625 0.35546875 0.7328125 0.33828125 0.7328125 0.33359375 0.7421875 0.31953125 0.7359375 0.25234375 0.7359375 0.24453125 0.721875 0.234375 0.72578125 0.23203125 0.7375 0.22109375 0.740625 0.2171875 0.71796875 0.20390625 0.7140625 0.1921875 0.72578125 0.19375 0.76171875 0.17890625 0.7859375 0.1625 0.76953125 0.1609375 0.73984375 0.1546875 0.73046875 0.1546875 0.721875 0.15234375 0.7234375 0.14765625 0.7171875 0.14453125 0.7234375 0.13046875 0.7171875 0.115625 0.74140625 0.1296875 0.74609375 0.12890625 0.75625 0.1359375 0.75234375 0.14375 0.76953125 0.1375 0.77265625 0.1578125 0.78828125 0.15703125 0.79375 0.1640625 0.79453125 0.16484375 0.7828125 0.1703125 0.78515625 0.1671875 0.80078125 0.190625 0.84140625 0.1984375 0.90078125 0.19296875 1 0.48359375 1
0 0.7125 0.77890625 0.7171875 0.75390625 0.70625 0.74296875 0.703125 0.68359375 0.69140625 0.6796875 0.68359375 0.6984375 0.67421875 0.696875 0.6515625 0.70703125 0.646875 0.73515625 0.634375 0.73828125 0.628125 0.99921875 0.715625 0.99921875 0.7125 0.97421875 0.71875 0.94921875 0.70625 0.90546875 0.703125 0.83828125 0.7171875 0.78515625 0.7125 0.77890625
0 0.815625 0.74453125 0.7984375 0.75703125 0.7984375 0.91171875 0.7875 0.95234375 0.784375 0.99921875 0.8578125 0.99921875 0.85625 0.64140625 0.82578125 0.6390625 0.825 0.69921875 0.8125 0.71328125 0.81875 0.73046875 0.815625 0.74453125
0 0.72265625 0.9546875 0.7109375 0.98984375 0.71171875 1 0.81875 0.99921875 0.8109375 0.97265625 0.8046875 0.97734375 0.8015625 0.95859375 0.78359375 0.95 0.74140625 0.965625 0.72265625 0.9546875
0 0.47421875 0.234375 0.49140625 0.1984375 0.51328125 0.184375 0.5375 0.18046875 0.5453125 0.15703125 0.5453125 0.11484375 0.5515625 0.11484375 0.5609375 0.08359375 0.55625 0.04765625 0.56171875 0.015625 0.34765625 0.0125 0.334375 0.01796875 0.3375 0.04921875 0.353125 0.09140625 0.3578125 0.12421875 0.365625 0.13515625 0.371875 0.17578125 0.378125 0.18046875 0.396875 0.23671875 0.4078125 0.24140625 0.41796875 0.240625 0.41953125 0.234375 0.44296875 0.2328125 0.44296875 0.228125 0.46796875 0.2265625 0.47421875 0.234375
0 0.6015625 0.51796875 0.609375 0.51484375 0.603125 0.44765625 0.621875 0.26015625 0.6125 0.17578125 0.60078125 0.1625 0.58828125 0.165625 0.58203125 0.159375 0.571875 0.17734375 0.5671875 0.22734375 0.575 0.27890625 0.575 0.35390625 0.565625 0.41015625 0.559375 0.41640625 0.5609375 0.45390625 0.56875 0.46328125 0.5703125 0.47890625 0.5671875 0.55234375 0.571875 0.55546875 0.56875 0.56328125 0.578125 0.57109375 0.58203125 0.5640625 0.58515625 0.5703125 0.596875 0.56171875 0.5921875 0.55390625 0.603125 0.53671875 0.6015625 0.51796875
0 0.515625 0.46015625 0.5171875 0.45234375 0.4921875 0.42421875 0.4796875 0.39296875 0.475 0.31640625 0.4875 0.23984375 0.47109375 0.2140625 0.4625 0.21640625 0.4625 0.22265625 0.46640625 0.2171875 0.46875 0.22265625 0.46171875 0.2265625 0.40703125 0.2328125 0.40390625 0.2234375 0.3953125 0.23359375 0.4015625 0.29609375 0.4171875 0.33203125 0.4171875 0.35859375 0.440625 0.41015625 0.45 0.47578125 0.46875 0.49921875 0.47421875 0.4875 0.48046875 0.49375 0.48671875 0.4859375 0.50078125 0.484375 0.5015625 0.46953125 0.515625 0.46015625
0 0.6015625 0.48671875 0.590625 0.48359375 0.58984375 0.46875 0.58046875 0.465625 0.57734375 0.4703125 0.5734375 0.45703125 0.55625 0.44765625 0.5609375 0.43515625 0.55390625 0.4265625 0.53203125 0.4453125 0.5015625 0.44453125 0.5078125 0.47890625 0.496875 0.48828125 0.4875 0.58046875 0.490625 0.58984375 0.5015625 0.59609375 0.57421875 0.5921875 0.5984375 0.58203125 0.5921875 0.54140625 0.59609375 0.546875 0.6 0.53828125 0.6015625 0.48671875
0 0.84921875 0.2734375 0.840625 0.28203125 0.8265625 0.32109375 0.79296875 0.34375 0.790625 0.33828125 0.7984375 0.33203125 0.76953125 0.328125 0.75390625 0.2875 0.72890625 0.296875 0.70703125 0.296875 0.703125 0.27421875 0.690625 0.27578125 0.6875 0.55390625 0.69453125 0.5609375 0.7546875 0.56015625 0.87421875 0.5578125 0.8796875 0.55078125 0.8796875 0.28984375 0.878125 0.31015625 0.85859375 0.3125 0.84921875 0.2734375
0 0.69765625 0.1125 0.6890625 0.11796875 0.6890625 0.29609375 0.690625 0.31171875 0.7 0.31328125 0.71015625 0.2984375 0.7234375 0.29453125 0.728125 0.22734375 0.7453125 0.14609375 0.74140625 0.1125 0.69765625 0.1125
0 0.1625 0.76953125 0.1578125 0.74609375 0.15 0.74140625 0.153125 0.71484375 0.14140625 0.6953125 0.13125 0.70234375 0.13515625 0.7078125 0.12265625 0.7109375 0.11640625 0.7015625 0.11015625 0.715625 0.1015625 0.71328125 0.09609375 0.6984375 0.05546875 0.6953125 0.028125 0.71796875 0.0421875 0.99765625 0.1890625 0.99921875 0.196875 0.95859375 0.1953125 0.86484375 0.1859375 0.83203125 0.1671875 0.80078125 0.175 0.78515625 0.1625 0.76953125
0 0.1296875 0.38828125 0.1328125 0.36171875 0.1421875 0.35703125 0.13125 0.34140625 0.1296875 0.30703125 0.1171875 0.30234375 0.11328125 0.2890625 0.0859375 0.28203125 0.06328125 0.2375 0.05546875 0.240625 0.04921875 0.2359375 0.03984375 0.2484375 0.03515625 0.2421875 0.02734375 0.25 0.01953125 0.2421875 0.0109375 0.25078125 0.0125 0.36328125 0.0765625 0.58515625 0.078125 0.62734375 0.09453125 0.6328125 0.184375 0.63203125 0.196875 0.62734375 0.2046875 0.60078125 0.2046875 0.44921875 0.16484375 0.4375 0.159375 0.41484375 0.1296875 0.38828125
0 0.80546875 0.7546875 0.81171875 0.753125 0.81640625 0.7640625 0.82734375 0.7671875 0.8328125 0.78515625 0.84765625 0.803125 0.85625 0.80390625 0.8578125 0.64296875 0.84140625 0.6359375 0.84140625 0.6265625 0.809375 0.62265625 0.81171875 0.6171875 0.825 0.61640625 0.81328125 0.6140625 0.81328125 0.609375 0.83828125 0.6109375 0.83828125 0.6 0.80859375 0.6 0.78046875 0.5921875 0.63671875 0.6015625 0.58984375 0.628125 0.5859375 0.60234375 0.57421875 0.6078125 0.56953125 0.5984375 0.51328125 0.5984375 0.49453125 0.6125 0.490625 0.60859375 0.4890625 0.62109375 0.475 0.63359375 0.49453125 0.6453125 0.50390625 0.6359375 0.51796875 0.646875 0.528125 0.64609375 0.51875 0.65234375 0.5265625 0.66328125 0.5109375 0.66640625 0.5046875 0.69296875 0.49765625 0.690625 0.49375 0.69765625 0.5046875 0.76171875 0.515625 0.78359375 0.528125 0.78671875 0.5203125 0.78984375 0.52265625 0.7984375 0.5328125 0.79765625 0.53125 0.76953125 0.55078125 0.765625 0.5703125 0.76953125 0.58046875 0.8015625 0.5875 0.79765625 0.58359375 0.784375 0.59296875 0.7984375 0.61796875 0.7984375 0.6109375 0.78828125 0.625 0.77734375 0.61875 0.77109375 0.62734375 0.740625 0.6328125 0.76640625 0.63984375 0.7734375 0.65546875 0.76875 0.659375 0.78046875 0.67578125 0.7890625 0.70234375 0.7859375 0.70859375 0.790625 0.71484375 0.784375 0.72265625 0.8015625 0.73359375 0.784375 0.73984375 0.796875 0.74375 0.78359375 0.75078125 0.78125 0.753125 0.83203125 0.76328125 0.8375 0.7578125 0.82890625 0.76171875 0.7828125 0.7703125 0.80078125 0.7703125 0.83203125 0.765625 0.83515625 0.771875 0.83984375 0.7671875 0.84453125 0.7703125 0.85390625 0.7765625 0.83671875 0.775 0.80703125 0.78203125 0.80625 0.78515625 0.8125 0.7890625 0.80859375 0.80546875 0.7546875
0 0.23828125 0.753125 0.25234375 0.753125 0.25234375 0.759375 0.26171875 0.753125 0.26796875 0.759375 0.27421875 0.7515625 0.29921875 0.75 0.30234375 0.7359375 0.33203125 0.734375 0.33125 0.72265625 0.3421875 0.71796875 0.340625 0.71015625 0.3515625 0.69921875 0.3484375 0.68671875 0.3546875 0.68515625 0.359375 0.66640625 0.37109375 0.6640625 0.3765625 0.65546875 0.371875 0.62421875 0.17578125 0.6359375 0.06640625 0.63125 0.0578125 0.64765625 0.0640625 0.65859375 0.03515625 0.6625 0.028125 0.66953125 0.028125 0.70546875 0.0421875 0.72421875 0.0421875 0.74140625 0.06328125 0.7421875 0.065625 0.73828125 0.05625 0.73046875 0.07109375 0.7203125 0.10390625 0.7203125 0.1234375 0.75390625 0.125 0.76796875 0.1359375 0.77421875 0.13828125 0.7828125 0.146875 0.78203125 0.15234375 0.75625 0.15625 0.77421875 0.1515625 0.77734375 0.16640625 0.7765625 0.178125 0.78515625 0.2015625 0.76640625 0.1984375 0.75703125 0.20390625 0.753125 0.23515625 0.753125 0.23515625 0.759375 0.23828125 0.753125
0 0.69140625 0.109375 0.72421875 0.109375 0.7390625 0.09765625 0.74375 0.04296875 0.73828125 0.0296875 0.7234375 0.02734375 0.72265625 0.01875 0.71953125 0.0296875 0.71015625 0.0296875 0.70703125 0.021875 0.70234375 0.0296875 0.69140625 0.0140625 0.67578125 0.0125 0.67109375 0.0171875 0.64765625 0.0125 0.56875 0.01640625 0.575 0.03828125 0.5765625 0.09921875 0.5828125 0.10234375 0.584375 0.11796875 0.58203125 0.140625 0.5765625 0.12890625 0.571875 0.17734375 0.5734375 0.23203125 0.58125 0.23984375 0.5765625 0.24765625 0.584375 0.27734375 0.584375 0.32578125 0.565625 0.42890625 0.5765625 0.46328125 0.57734375 0.4890625 0.578125 0.45546875 0.5859375 0.45546875 0.59140625 0.5078125 0.596875 0.50546875 0.59375 0.48671875 0.6015625 0.48671875 0.6 0.57421875 0.609375 0.57890625 0.63984375 0.5765625 0.64453125 0.5640625 0.67265625 0.5640625 0.684375 0.54921875 0.6859375 0.11484375 0.69140625 0.109375