0 0.59140625 0.321875 0.5546875 0.32265625 0.5375 0.33203125 0.528125 0.38359375 0.5140625 0.41015625 0.653125 0.92421875 0.68203125 0.9875 0.78828125 0.9875 0.7953125 0.97734375 0.784375 0.93046875 0.6828125 0.57734375 0.6546875 0.50859375 0.6078125 0.33671875 0.59140625 0.321875
0 0.51640625 0 0.51328125 0.0046875 0.50703125 0 0.3765625 0.00078125 0.3765625 0.08671875 0.3859375 0.09765625 0.375 0.11640625 0.38125 0.16796875 0.378125 0.19609375 0.3890625 0.18359375 0.3921875 0.14921875 0.41640625 0.1421875 0.428125 0.16796875 0.41875 0.17265625 0.428125 0.17578125 0.41796875 0.1765625 0.4140625 0.18671875 0.42265625 0.2 0.4296875 0.19921875 0.4234375 0.20234375 0.4328125 0.21484375 0.428125 0.21953125 0.43359375 0.228125 0.446875 0.21953125 0.434375 0.21484375 0.434375 0.18671875 0.4234375 0.18359375 0.45390625 0.178125 0.471875 0.18671875 0.465625 0.17578125 0.471875 0.17109375 0.4703125 0.08203125 0.4765625 0.04296875 0.48671875 0.025 0.5078125 0.01484375 0.50703125 0.0078125 0.53671875 0.0078125 0.553125 0.02734375 0.56875 0.08203125 0.575 0.17265625 0.553125 0.22890625 0.553125 0.24296875 0.5609375 0.24609375 0.56640625 0.259375 0.5765625 0.26171875 0.57109375 0.2671875 0.61953125 0.2671875 0.63828125 0.2609375 0.64453125 0.2671875 0.66171875 0.2671875 0.66640625 0.2578125 0.68046875 0.2640625 0.74765625 0.2640625 0.75546875 0.278125 0.765625 0.27421875 0.76796875 0.2625 0.77890625 0.259375 0.7828125 0.28203125 0.79609375 0.2859375 0.8078125 0.27421875 0.80625 0.23828125 0.82109375 0.2140625 0.8375 0.23046875 0.8390625 0.26015625 0.8453125 0.26953125 0.8453125 0.278125 0.84765625 0.2765625 0.85234375 0.2828125 0.85546875 0.2765625 0.86953125 0.2828125 0.884375 0.25859375 0.8703125 0.25390625 0.87109375 0.24375 0.8640625 0.24765625 0.85625 0.23046875 0.8625 0.22734375 0.8421875 0.21171875 0.84296875 0.20625 0.8359375 0.20546875 0.83515625 0.2171875 0.8296875 0.21484375 0.8328125 0.19921875 0.809375 0.15859375 0.8015625 0.09921875 0.80703125 0 0.51640625 0
0 0.32578125 0.303125 0.3484375 0.29296875 0.353125 0.26484375 0.365625 0.26171875 0.371875 0.00078125 0.284375 0.00078125 0.2875 0.02578125 0.28125 0.05078125 0.29375 0.09453125 0.296875 0.16171875 0.2828125 0.21484375 0.2875 0.22109375 0.2828125 0.24609375 0.29375 0.25703125 0.296875 0.31640625 0.30859375 0.3203125 0.31640625 0.3015625 0.32578125 0.303125
0 0.14375 0.35859375 0.17421875 0.3609375 0.175 0.30078125 0.1875 0.28671875 0.18125 0.26953125 0.184375 0.25546875 0.2015625 0.24296875 0.2015625 0.08828125 0.2125 0.04765625 0.215625 0.00078125 0.1421875 0.00078125 0.14375 0.35859375
0 0.1984375 0.04140625 0.21640625 0.05 0.25859375 0.034375 0.27734375 0.0453125 0.2890625 0.01015625 0.28828125 0 0.18125 0.00078125 0.1890625 0.02734375 0.1953125 0.02265625 0.1984375 0.04140625
0 0.4484375 0.88515625 0.4390625 0.91640625 0.44375 0.95234375 0.43828125 0.984375 0.65234375 0.9875 0.665625 0.98203125 0.6625 0.95078125 0.646875 0.90859375 0.6421875 0.87578125 0.634375 0.86484375 0.628125 0.82421875 0.621875 0.81953125 0.603125 0.76328125 0.5921875 0.75859375 0.58203125 0.759375 0.58046875 0.765625 0.55703125 0.7671875 0.55703125 0.771875 0.53203125 0.7734375 0.52578125 0.765625 0.50859375 0.8015625 0.48671875 0.815625 0.4625 0.81953125 0.4546875 0.84296875 0.4546875 0.88515625 0.4484375 0.88515625
0 0.41171875 0.834375 0.41796875 0.840625 0.428125 0.82265625 0.4328125 0.77265625 0.425 0.72109375 0.425 0.64609375 0.434375 0.58984375 0.440625 0.58359375 0.4390625 0.54609375 0.43125 0.53671875 0.4296875 0.52109375 0.4328125 0.44765625 0.428125 0.44453125 0.43125 0.43671875 0.421875 0.42890625 0.41796875 0.4359375 0.41484375 0.4296875 0.403125 0.43828125 0.4078125 0.44609375 0.396875 0.46328125 0.3984375 0.48203125 0.390625 0.48515625 0.396875 0.55234375 0.378125 0.73984375 0.3875 0.82421875 0.39921875 0.8375 0.41171875 0.834375
0 0.52890625 0.7859375 0.5375 0.78359375 0.5375 0.77734375 0.53359375 0.7828125 0.53125 0.77734375 0.53828125 0.7734375 0.59296875 0.7671875 0.59609375 0.7765625 0.6046875 0.76640625 0.5984375 0.70390625 0.5828125 0.66796875 0.5828125 0.64140625 0.559375 0.58984375 0.55 0.52421875 0.53125 0.50078125 0.52578125 0.5125 0.51953125 0.50625 0.51328125 0.5140625 0.49921875 0.515625 0.4984375 0.53046875 0.484375 0.53984375 0.4828125 0.54765625 0.5078125 0.57578125 0.5203125 0.60703125 0.525 0.68359375 0.5125 0.76015625 0.52890625 0.7859375
0 0.44375 0.55234375 0.4390625 0.56484375 0.44609375 0.5734375 0.46796875 0.5546875 0.4984375 0.55546875 0.4921875 0.52109375 0.503125 0.51171875 0.5125 0.41953125 0.509375 0.41015625 0.4984375 0.40390625 0.42578125 0.4078125 0.4015625 0.41796875 0.4078125 0.45859375 0.40390625 0.453125 0.4 0.46171875 0.3984375 0.51328125 0.409375 0.51640625 0.41015625 0.53125 0.41953125 0.534375 0.42265625 0.5296875 0.4265625 0.54296875 0.44375 0.55234375
0 0.23046875 0.671875 0.24609375 0.7125 0.27109375 0.703125 0.29296875 0.703125 0.296875 0.72578125 0.309375 0.72421875 0.3125 0.44609375 0.30546875 0.4390625 0.2453125 0.43984375 0.12578125 0.4421875 0.1203125 0.44921875 0.1203125 0.71015625 0.121875 0.68984375 0.14140625 0.6875 0.15078125 0.7265625 0.159375 0.71796875 0.1734375 0.67890625 0.20703125 0.65625 0.209375 0.66171875 0.2015625 0.66796875 0.23046875 0.671875
0 0.2765625 0.70546875 0.271875 0.77265625 0.2546875 0.85390625 0.25859375 0.8875 0.30234375 0.8875 0.3109375 0.88203125 0.3109375 0.70390625 0.309375 0.68828125 0.3 0.68671875 0.28984375 0.7015625 0.2765625 0.70546875
0 0.86484375 0.2921875 0.87734375 0.2890625 0.88359375 0.2984375 0.88984375 0.284375 0.8984375 0.28671875 0.90390625 0.3015625 0.94453125 0.3046875 0.971875 0.28203125 0.9578125 0.00234375 0.8109375 0.00078125 0.803125 0.04140625 0.8046875 0.13515625 0.8140625 0.16796875 0.8328125 0.19921875 0.825 0.21484375 0.8375 0.23046875 0.8421875 0.25390625 0.85 0.25859375 0.846875 0.28515625 0.85859375 0.3046875 0.86875 0.29765625 0.86484375 0.2921875
0 0.88671875 0.7109375 0.9140625 0.71796875 0.93671875 0.7625 0.94453125 0.759375 0.95078125 0.7640625 0.96015625 0.7515625 0.96484375 0.7578125 0.97265625 0.75 0.98046875 0.7578125 0.9890625 0.74921875 0.9875 0.63671875 0.9234375 0.41484375 0.921875 0.37265625 0.90546875 0.3671875 0.815625 0.36796875 0.803125 0.37265625 0.7953125 0.39921875 0.7953125 0.55078125 0.83515625 0.5625 0.840625 0.58515625 0.8703125 0.61171875 0.8671875 0.63828125 0.8578125 0.64296875 0.86875 0.65859375 0.8703125 0.69296875 0.8828125 0.69765625 0.88671875 0.7109375
0 0.14375 0.19609375 0.1421875 0.35703125 0.15859375 0.3640625 0.15859375 0.3734375 0.190625 0.37734375 0.18828125 0.3828125 0.175 0.38359375 0.18671875 0.3859375 0.18671875 0.390625 0.16171875 0.3890625 0.16171875 0.4 0.19140625 0.4 0.21953125 0.4078125 0.36328125 0.3984375 0.41015625 0.371875 0.4140625 0.39765625 0.42578125 0.3921875 0.43046875 0.4015625 0.48671875 0.4015625 0.50546875 0.3875 0.509375 0.39140625 0.5109375 0.37890625 0.525 0.36640625 0.50546875 0.3546875 0.49609375 0.3640625 0.48203125 0.353125 0.471875 0.35390625 0.48125 0.34765625 0.4734375 0.33671875 0.4890625 0.33359375 0.4953125 0.30703125 0.50234375 0.309375 0.50625 0.30234375 0.4953125 0.23828125 0.484375 0.21640625 0.471875 0.21328125 0.4796875 0.21015625 0.47734375 0.2015625 0.4671875 0.20234375 0.46875 0.23046875 0.44921875 0.234375 0.4296875 0.23046875 0.41953125 0.1984375 0.4125 0.20234375 0.41640625 0.215625 0.40703125 0.2015625 0.38203125 0.2015625 0.3890625 0.21171875 0.375 0.22265625 0.38125 0.22890625 0.37265625 0.259375 0.3671875 0.23359375 0.36015625 0.2265625 0.34453125 0.23125 0.340625 0.21953125 0.32421875 0.2109375 0.29765625 0.2140625 0.29140625 0.209375 0.28515625 0.215625 0.27734375 0.1984375 0.26640625 0.215625 0.26015625 0.203125 0.25625 0.21640625 0.24921875 0.21875 0.246875 0.16796875 0.23671875 0.1625 0.2421875 0.17109375 0.23828125 0.2171875 0.2296875 0.19921875 0.2296875 0.16796875 0.234375 0.16484375 0.228125 0.16015625 0.2328125 0.15546875 0.2296875 0.14609375 0.2234375 0.16328125 0.225 0.19296875 0.21796875 0.19375 0.21484375 0.1875 0.2109375 0.19140625 0.19453125 0.2453125 0.18828125 0.246875 0.18359375 0.2359375 0.17265625 0.2328125 0.1671875 0.21484375 0.15234375 0.196875 0.14375 0.19609375
0 0.70078125 0.25 0.69765625 0.2640625 0.66796875 0.265625 0.66875 0.27734375 0.6578125 0.28203125 0.659375 0.28984375 0.6484375 0.30078125 0.6515625 0.31328125 0.6453125 0.31484375 0.640625 0.33359375 0.62890625 0.3359375 0.6234375 0.34453125 0.628125 0.37578125 0.82421875 0.3640625 0.93359375 0.36875 0.9421875 0.35234375 0.9359375 0.34140625 0.96484375 0.3375 0.971875 0.33046875 0.971875 0.29453125 0.9578125 0.27578125 0.9578125 0.25859375 0.93671875 0.2578125 0.934375 0.26171875 0.94375 0.26953125 0.92890625 0.2796875 0.89609375 0.2796875 0.8765625 0.24609375 0.875 0.23203125 0.8640625 0.22578125 0.86171875 0.2171875 0.853125 0.21796875 0.84765625 0.24375 0.84375 0.22578125 0.8484375 0.22265625 0.83359375 0.2234375 0.821875 0.21484375 0.7984375 0.23359375 0.8015625 0.24296875 0.79609375 0.246875 0.76484375 0.246875 0.76484375 0.240625 0.76171875 0.246875 0.74765625 0.246875 0.74765625 0.240625 0.73828125 0.246875 0.73203125 0.240625 0.72578125 0.2484375 0.70078125 0.25
0 0.27734375 0.98125 0.28046875 0.9703125 0.28984375 0.9703125 0.29296875 0.978125 0.29765625 0.9703125 0.30859375 0.9859375 0.32421875 0.9875 0.32890625 0.9828125 0.35234375 0.9875 0.43125 0.98359375 0.425 0.96171875 0.4234375 0.90078125 0.4171875 0.89765625 0.415625 0.88203125 0.41796875 0.859375 0.4234375 0.87109375 0.428125 0.82265625 0.4265625 0.76796875 0.41875 0.76015625 0.4234375 0.75234375 0.415625 0.72265625 0.415625 0.67421875 0.434375 0.57109375 0.4234375 0.53671875 0.42265625 0.5109375 0.421875 0.54453125 0.4140625 0.54453125 0.40859375 0.4921875 0.403125 0.49453125 0.40625 0.51328125 0.3984375 0.51328125 0.4 0.42578125 0.390625 0.42109375 0.36015625 0.4234375 0.35546875 0.4359375 0.32734375 0.4359375 0.315625 0.45078125 0.3140625 0.88515625 0.30859375 0.890625 0.27578125 0.890625 0.2609375 0.90234375 0.25625 0.95703125 0.26171875 0.9703125 0.2765625 0.97265625 0.27734375 0.98125