0 0.5375 0.66796875 0.5546875 0.67734375 0.59140625 0.678125 0.6078125 0.66328125 0.6546875 0.49140625 0.6828125 0.42265625 0.784375 0.06953125 0.7953125 0.02265625 0.78828125 0.0125 0.68203125 0.0125 0.653125 0.07578125 0.5140625 0.58984375 0.528125 0.61640625 0.5375 0.66796875
0 0.80703125 1 0.8015625 0.90078125 0.809375 0.84140625 0.8328125 0.80078125 0.8296875 0.78515625 0.83515625 0.7828125 0.8359375 0.79453125 0.84296875 0.79375 0.8421875 0.78828125 0.8625 0.77265625 0.85625 0.76953125 0.8640625 0.75234375 0.87109375 0.75625 0.8703125 0.74609375 0.884375 0.74140625 0.86953125 0.7171875 0.85546875 0.7234375 0.85234375 0.7171875 0.84765625 0.7234375 0.8453125 0.721875 0.8453125 0.73046875 0.8390625 0.73984375 0.8375 0.76953125 0.82109375 0.7859375 0.80625 0.76171875 0.8078125 0.72578125 0.79609375 0.7140625 0.7828125 0.71796875 0.77890625 0.740625 0.76796875 0.7375 0.765625 0.72578125 0.75546875 0.721875 0.74765625 0.7359375 0.68046875 0.7359375 0.66640625 0.7421875 0.66171875 0.7328125 0.64453125 0.7328125 0.63828125 0.7390625 0.61953125 0.7328125 0.57109375 0.7328125 0.5765625 0.73828125 0.56640625 0.740625 0.5609375 0.75390625 0.553125 0.75703125 0.553125 0.77109375 0.575 0.82734375 0.56875 0.91796875 0.553125 0.97265625 0.53671875 0.9921875 0.50703125 0.9921875 0.5078125 0.98515625 0.48671875 0.975 0.4765625 0.95703125 0.4703125 0.91796875 0.471875 0.82890625 0.465625 0.82421875 0.471875 0.81328125 0.45390625 0.821875 0.4234375 0.81640625 0.434375 0.81328125 0.434375 0.78515625 0.446875 0.78046875 0.43359375 0.771875 0.428125 0.78046875 0.4328125 0.78515625 0.4234375 0.79765625 0.4296875 0.80078125 0.42265625 0.8 0.4140625 0.81328125 0.41796875 0.8234375 0.428125 0.82421875 0.41875 0.82734375 0.428125 0.83203125 0.41640625 0.8578125 0.3921875 0.85078125 0.3890625 0.81640625 0.378125 0.80390625 0.38125 0.83203125 0.375 0.88359375 0.3859375 0.90234375 0.3765625 0.91328125 0.3765625 0.99921875 0.50703125 1 0.51328125 0.9953125 0.51640625 1 0.80703125 1
0 0.2875 0.97421875 0.284375 0.99921875 0.371875 0.99921875 0.365625 0.73828125 0.353125 0.73515625 0.3484375 0.70703125 0.32578125 0.696875 0.31640625 0.6984375 0.30859375 0.6796875 0.296875 0.68359375 0.29375 0.74296875 0.2828125 0.75390625 0.2875 0.77890625 0.2828125 0.78515625 0.296875 0.83828125 0.29375 0.90546875 0.28125 0.94921875 0.2875 0.97421875
0 0.14375 0.64140625 0.1421875 0.99921875 0.215625 0.99921875 0.2125 0.95234375 0.2015625 0.91171875 0.2015625 0.75703125 0.184375 0.74453125 0.18125 0.73046875 0.1875 0.71328125 0.175 0.69921875 0.17421875 0.6390625 0.14375 0.64140625
0 0.1890625 0.97265625 0.18125 0.99921875 0.28828125 1 0.2890625 0.98984375 0.27734375 0.9546875 0.25859375 0.965625 0.21640625 0.95 0.1984375 0.95859375 0.1953125 0.97734375 0.1890625 0.97265625
0 0.58203125 0.240625 0.5921875 0.24140625 0.603125 0.23671875 0.621875 0.18046875 0.628125 0.17578125 0.634375 0.13515625 0.6421875 0.12421875 0.646875 0.09140625 0.6625 0.04921875 0.665625 0.01796875 0.65234375 0.0125 0.43828125 0.015625 0.44375 0.04765625 0.4390625 0.08359375 0.4484375 0.11484375 0.4546875 0.11484375 0.4546875 0.15703125 0.4625 0.18046875 0.48671875 0.184375 0.50859375 0.1984375 0.52578125 0.234375 0.53203125 0.2265625 0.55703125 0.228125 0.55703125 0.2328125 0.58046875 0.234375 0.58203125 0.240625
0 0.41796875 0.5640625 0.421875 0.57109375 0.43125 0.56328125 0.428125 0.55546875 0.4328125 0.55234375 0.4296875 0.47890625 0.43125 0.46328125 0.4390625 0.45390625 0.440625 0.41640625 0.434375 0.41015625 0.425 0.35390625 0.425 0.27890625 0.4328125 0.22734375 0.428125 0.17734375 0.41796875 0.159375 0.41171875 0.165625 0.39921875 0.1625 0.3875 0.17578125 0.378125 0.26015625 0.396875 0.44765625 0.390625 0.51484375 0.3984375 0.51796875 0.396875 0.53671875 0.4078125 0.55390625 0.403125 0.56171875 0.41484375 0.5703125 0.41796875 0.5640625
0 0.52578125 0.4875 0.53125 0.49921875 0.55 0.47578125 0.559375 0.41015625 0.5828125 0.35859375 0.5828125 0.33203125 0.5984375 0.29609375 0.6046875 0.23359375 0.59609375 0.2234375 0.59296875 0.2328125 0.53828125 0.2265625 0.53125 0.22265625 0.53359375 0.2171875 0.5375 0.22265625 0.5375 0.21640625 0.52890625 0.2140625 0.5125 0.23984375 0.525 0.31640625 0.5203125 0.39296875 0.5078125 0.42421875 0.4828125 0.45234375 0.484375 0.46015625 0.4984375 0.46953125 0.49921875 0.484375 0.51328125 0.4859375 0.51953125 0.49375 0.52578125 0.4875
0 0.42578125 0.5921875 0.4984375 0.59609375 0.509375 0.58984375 0.5125 0.58046875 0.503125 0.48828125 0.4921875 0.47890625 0.4984375 0.44453125 0.46796875 0.4453125 0.44609375 0.4265625 0.4390625 0.43515625 0.44375 0.44765625 0.4265625 0.45703125 0.42265625 0.4703125 0.41953125 0.465625 0.41015625 0.46875 0.409375 0.48359375 0.3984375 0.48671875 0.4 0.53828125 0.40390625 0.546875 0.4078125 0.54140625 0.4015625 0.58203125 0.42578125 0.5921875
0 0.12578125 0.5578125 0.2453125 0.56015625 0.30546875 0.5609375 0.3125 0.55390625 0.309375 0.27578125 0.296875 0.27421875 0.29296875 0.296875 0.27109375 0.296875 0.24609375 0.2875 0.23046875 0.328125 0.2015625 0.33203125 0.209375 0.33828125 0.20703125 0.34375 0.1734375 0.32109375 0.159375 0.28203125 0.15078125 0.2734375 0.14140625 0.3125 0.121875 0.31015625 0.1203125 0.28984375 0.1203125 0.55078125 0.12578125 0.5578125
0 0.28984375 0.2984375 0.3 0.31328125 0.309375 0.31171875 0.3109375 0.29609375 0.3109375 0.11796875 0.30234375 0.1125 0.25859375 0.1125 0.2546875 0.14609375 0.271875 0.22734375 0.2765625 0.29453125 0.28984375 0.2984375
0 0.803125 0.95859375 0.8109375 0.99921875 0.9578125 0.99765625 0.971875 0.71796875 0.94453125 0.6953125 0.90390625 0.6984375 0.8984375 0.71328125 0.88984375 0.715625 0.88359375 0.7015625 0.87734375 0.7109375 0.86484375 0.7078125 0.86875 0.70234375 0.85859375 0.6953125 0.846875 0.71484375 0.85 0.74140625 0.8421875 0.74609375 0.8375 0.76953125 0.825 0.78515625 0.8328125 0.80078125 0.8140625 0.83203125 0.8046875 0.86484375 0.803125 0.95859375
0 0.803125 0.62734375 0.815625 0.63203125 0.90546875 0.6328125 0.921875 0.62734375 0.9234375 0.58515625 0.9875 0.36328125 0.9890625 0.25078125 0.98046875 0.2421875 0.97265625 0.25 0.96484375 0.2421875 0.96015625 0.2484375 0.95078125 0.2359375 0.94453125 0.240625 0.93671875 0.2375 0.9140625 0.28203125 0.88671875 0.2890625 0.8828125 0.30234375 0.8703125 0.30703125 0.86875 0.34140625 0.8578125 0.35703125 0.8671875 0.36171875 0.8703125 0.38828125 0.840625 0.41484375 0.83515625 0.4375 0.7953125 0.44921875 0.7953125 0.60078125 0.803125 0.62734375
0 0.2234375 0.83671875 0.2296875 0.85390625 0.2328125 0.84453125 0.228125 0.83984375 0.234375 0.83515625 0.2296875 0.83203125 0.2296875 0.80078125 0.23828125 0.7828125 0.2421875 0.82890625 0.23671875 0.8375 0.246875 0.83203125 0.24921875 0.78125 0.25625 0.78359375 0.26015625 0.796875 0.26640625 0.784375 0.27734375 0.8015625 0.28515625 0.784375 0.29140625 0.790625 0.29765625 0.7859375 0.32421875 0.7890625 0.340625 0.78046875 0.34453125 0.76875 0.36015625 0.7734375 0.3671875 0.76640625 0.37265625 0.740625 0.38125 0.77109375 0.375 0.77734375 0.3890625 0.78828125 0.38203125 0.7984375 0.40703125 0.7984375 0.41640625 0.784375 0.4125 0.79765625 0.41953125 0.8015625 0.4296875 0.76953125 0.44921875 0.765625 0.46875 0.76953125 0.4671875 0.79765625 0.47734375 0.7984375 0.4796875 0.78984375 0.471875 0.78671875 0.484375 0.78359375 0.4953125 0.76171875 0.50625 0.69765625 0.50234375 0.690625 0.4953125 0.69296875 0.4890625 0.66640625 0.4734375 0.66328125 0.48125 0.65234375 0.471875 0.64609375 0.48203125 0.646875 0.49609375 0.6359375 0.50546875 0.6453125 0.525 0.63359375 0.5109375 0.62109375 0.509375 0.60859375 0.50546875 0.6125 0.48671875 0.5984375 0.43046875 0.5984375 0.42578125 0.6078125 0.4140625 0.60234375 0.41015625 0.628125 0.36328125 0.6015625 0.21953125 0.5921875 0.19140625 0.6 0.16171875 0.6 0.16171875 0.6109375 0.18671875 0.609375 0.18671875 0.6140625 0.175 0.61640625 0.18828125 0.6171875 0.190625 0.62265625 0.15859375 0.6265625 0.15859375 0.6359375 0.1421875 0.64296875 0.14375 0.80390625 0.15234375 0.803125 0.1671875 0.78515625 0.17265625 0.7671875 0.18359375 0.7640625 0.18828125 0.753125 0.19453125 0.7546875 0.2109375 0.80859375 0.21484375 0.8125 0.21796875 0.80625 0.225 0.80703125 0.2234375 0.83671875
0 0.7984375 0.76640625 0.821875 0.78515625 0.83359375 0.7765625 0.8484375 0.77734375 0.84375 0.77421875 0.84765625 0.75625 0.853125 0.78203125 0.86171875 0.7828125 0.8640625 0.77421875 0.875 0.76796875 0.8765625 0.75390625 0.89609375 0.7203125 0.92890625 0.7203125 0.94375 0.73046875 0.934375 0.73828125 0.93671875 0.7421875 0.9578125 0.74140625 0.9578125 0.72421875 0.971875 0.70546875 0.971875 0.66953125 0.96484375 0.6625 0.9359375 0.65859375 0.9421875 0.64765625 0.93359375 0.63125 0.82421875 0.6359375 0.628125 0.62421875 0.6234375 0.65546875 0.62890625 0.6640625 0.640625 0.66640625 0.6453125 0.68515625 0.6515625 0.68671875 0.6484375 0.69921875 0.659375 0.71015625 0.6578125 0.71796875 0.66875 0.72265625 0.66796875 0.734375 0.69765625 0.7359375 0.70078125 0.75 0.72578125 0.7515625 0.73203125 0.759375 0.73828125 0.753125 0.74765625 0.759375 0.74765625 0.753125 0.76171875 0.753125 0.76484375 0.759375 0.76484375 0.753125 0.79609375 0.753125 0.8015625 0.75703125 0.7984375 0.76640625
0 0.36015625 0.5765625 0.390625 0.57890625 0.4 0.57421875 0.3984375 0.48671875 0.40625 0.48671875 0.403125 0.50546875 0.40859375 0.5078125 0.4140625 0.45546875 0.421875 0.45546875 0.42265625 0.4890625 0.4234375 0.46328125 0.434375 0.42890625 0.415625 0.32578125 0.415625 0.27734375 0.4234375 0.24765625 0.41875 0.23984375 0.4265625 0.23203125 0.428125 0.17734375 0.4234375 0.12890625 0.41796875 0.140625 0.415625 0.11796875 0.4171875 0.10234375 0.4234375 0.09921875 0.425 0.03828125 0.43125 0.01640625 0.35234375 0.0125 0.32890625 0.0171875 0.32421875 0.0125 0.30859375 0.0140625 0.29765625 0.0296875 0.29296875 0.021875 0.28984375 0.0296875 0.28046875 0.0296875 0.27734375 0.01875 0.2765625 0.02734375 0.26171875 0.0296875 0.25625 0.04296875 0.2609375 0.09765625 0.27578125 0.109375 0.30859375 0.109375 0.3140625 0.11484375 0.315625 0.54921875 0.32734375 0.5640625 0.35546875 0.5640625 0.36015625 0.5765625