0 0.4671875 0.27734375 0.446875 0.26953125 0.44375 0.23828125 0.425 0.20234375 0.421875 0.17421875 0.4390625 0.16015625 0.4390625 0.15078125 0.428125 0.09609375 0.41640625 0.084375 0.39765625 0.1140625 0.38671875 0.1125 0.37734375 0.0984375 0.37421875 0.109375 0.3640625 0.11015625 0.3609375 0.13984375 0.3671875 0.14140625 0.3640625 0.14609375 0.3703125 0.15703125 0.3828125 0.16171875 0.3859375 0.17890625 0.3703125 0.21953125 0.346875 0.23671875 0.325 0.26484375 0.315625 0.28984375 0.30625 0.29140625 0.2984375 0.33359375 0.32265625 0.325 0.3328125 0.36953125 0.3484375 0.39296875 0.37109375 0.39375 0.39765625 0.4375 0.4203125 0.43828125 0.43984375 0.4171875 0.45234375 0.4234375 0.4671875 0.41328125 0.4890625 0.35859375 0.4890625 0.31640625 0.4671875 0.27734375
0 0.2640625 0.23046875 0.2703125 0.27109375 0.28125 0.27109375 0.29453125 0.265625 0.303125 0.24921875 0.303125 0.22265625 0.29453125 0.2 0.28203125 0.2015625 0.2640625 0.23046875
0 0.603125 0.35390625 0.6 0.33203125 0.58984375 0.328125 0.5875 0.34609375 0.55625 0.39453125 0.5421875 0.43984375 0.5234375 0.46015625 0.5171875 0.50390625 0.525 0.55078125 0.5515625 0.59140625 0.57734375 0.59375 0.58984375 0.60625 0.6046875 0.60546875 0.609375 0.58046875 0.6265625 0.56328125 0.6375 0.53046875 0.640625 0.42265625 0.61875 0.36796875 0.603125 0.35390625
0 0.58671875 0.15 0.60078125 0.15625 0.60859375 0.1484375 0.62109375 0.153125 0.6375 0.12890625 0.6390625 0.09765625 0.62109375 0.0796875 0.60859375 0.084375 0.59921875 0.0765625 0.58828125 0.0765625 0.58828125 0.0671875 0.51796875 0.06875 0.509375 0.07578125 0.5171875 0.09140625 0.5140625 0.11484375 0.5375 0.14609375 0.5359375 0.18203125 0.5171875 0.19921875 0.51875 0.21328125 0.53046875 0.234375 0.55703125 0.215625 0.5625 0.22109375 0.5671875 0.25703125 0.575 0.26171875 0.603125 0.23203125 0.6078125 0.19921875 0.6015625 0.17890625 0.5796875 0.16796875 0.5796875 0.15390625 0.58671875 0.15
0 0.56015625 0.23125 0.51015625 0.21875 0.496875 0.23984375 0.5078125 0.29140625 0.4953125 0.31953125 0.5015625 0.32265625 0.5046875 0.33984375 0.5171875 0.34609375 0.53125 0.39609375 0.54375 0.41171875 0.578125 0.34765625 0.5703125 0.31953125 0.5828125 0.30234375 0.5859375 0.28515625 0.575 0.27421875 0.56015625 0.23125
0 0.79921875 0.3984375 0.8046875 0.39296875 0.8046875 0.37578125 0.7953125 0.33359375 0.76953125 0.30625 0.76328125 0.30625 0.74296875 0.3109375 0.7375 0.31953125 0.721875 0.36015625 0.721875 0.38984375 0.7390625 0.42890625 0.7328125 0.46328125 0.7734375 0.48359375 0.78125 0.46796875 0.771875 0.45390625 0.7671875 0.42578125 0.7796875 0.41640625 0.78359375 0.3984375 0.79921875 0.3984375
0 0.81171875 0.0828125 0.796875 0.08359375 0.8046875 0.05859375 0.78203125 0.034375 0.74921875 0.053125 0.73671875 0.0328125 0.71953125 0.03125 0.7234375 0.08359375 0.73359375 0.084375 0.74609375 0.0671875 0.7578125 0.09140625 0.7390625 0.13515625 0.7375 0.16640625 0.7734375 0.16640625 0.78203125 0.153125 0.79296875 0.1546875 0.8125 0.11953125 0.8265625 0.11328125 0.825 0.09609375 0.81171875 0.0828125
0 0.90625 0.15390625 0.9140625 0.22578125 0.92890625 0.2515625 0.9515625 0.25234375 0.96953125 0.2484375 0.9859375 0.22109375 0.9875 0.01953125 0.98203125 0.0140625 0.91015625 0.0140625 0.90625 0.15390625
0 0.8859375 0.67109375 0.9046875 0.66328125 0.9125 0.63671875 0.88828125 0.5921875 0.87421875 0.5890625 0.86875 0.61171875 0.8625 0.61015625 0.8625 0.57734375 0.83515625 0.553125 0.8265625 0.56484375 0.825 0.58046875 0.80625 0.60703125 0.8015625 0.65703125 0.8078125 0.69453125 0.8 0.71484375 0.80859375 0.7203125 0.82265625 0.7109375 0.834375 0.72109375 0.84375 0.75234375 0.8640625 0.76171875 0.871875 0.74765625 0.8546875 0.70703125 0.8546875 0.68671875 0.86015625 0.6796875 0.88046875 0.6921875 0.8859375 0.67109375
0 0.775 0.88359375 0.759375 0.87734375 0.7546875 0.81484375 0.74140625 0.803125 0.72578125 0.8203125 0.69453125 0.8203125 0.6875 0.83671875 0.6921875 0.89453125 0.7203125 0.91796875 0.728125 0.95234375 0.7390625 0.96015625 0.7453125 0.95390625 0.75 0.91328125 0.76171875 0.91875 0.77265625 0.915625 0.78125 0.89921875 0.775 0.88359375
0 0.62421875 0.7734375 0.615625 0.78046875 0.6125 0.79609375 0.6265625 0.80390625 0.63125 0.82578125 0.60625 0.87109375 0.603125 0.88984375 0.62265625 0.9203125 0.675 0.92890625 0.6875 0.91484375 0.684375 0.85390625 0.6703125 0.82265625 0.6484375 0.81015625 0.6484375 0.78515625 0.62421875 0.7734375
0 0.56328125 0.8390625 0.5546875 0.88671875 0.53671875 0.8890625 0.5203125 0.91328125 0.5296875 0.94296875 0.5234375 0.97421875 0.54453125 1 0.5859375 0.99921875 0.5859375 0.97109375 0.596875 0.95546875 0.5921875 0.92890625 0.596875 0.88046875 0.575 0.84453125 0.56328125 0.8390625
0 0.66796875 1 0.7265625 0.99921875 0.7234375 0.97734375 0.70546875 0.9515625 0.67890625 0.95 0.6546875 0.96484375 0.653125 0.97421875 0.66796875 1
0 0.35625 0.70390625 0.353125 0.68671875 0.33828125 0.6625 0.30703125 0.690625 0.29609375 0.6921875 0.2890625 0.70859375 0.2890625 0.73671875 0.3015625 0.79140625 0.3015625 0.85234375 0.309375 0.86328125 0.3125 0.91171875 0.3328125 0.91796875 0.3546875 0.90390625 0.35625 0.84453125 0.3703125 0.82109375 0.378125 0.78515625 0.371875 0.71484375 0.35625 0.70390625
0 0.10859375 1 0.11484375 0.9875 0.12578125 1 0.1578125 0.99921875 0.1609375 0.96953125 0.1515625 0.92109375 0.1796875 0.89453125 0.178125 0.88515625 0.165625 0.87578125 0.1671875 0.85859375 0.17734375 0.846875 0.18515625 0.8453125 0.2015625 0.86171875 0.21640625 0.9140625 0.2296875 0.90390625 0.23125 0.87578125 0.23984375 0.8625 0.2484375 0.86640625 0.2515625 0.89140625 0.26328125 0.8953125 0.2765625 0.86640625 0.29140625 0.8546875 0.30234375 0.8546875 0.3140625 0.91484375 0.34453125 0.9171875 0.3484375 0.93046875 0.35546875 0.9328125 0.365625 0.92578125 0.3578125 0.84765625 0.378125 0.78984375 0.371875 0.71953125 0.3578125 0.70390625 0.33828125 0.6640625 0.30546875 0.6890625 0.290625 0.68828125 0.28125 0.66171875 0.296875 0.64609375 0.2984375 0.63203125 0.29296875 0.6234375 0.26484375 0.6296875 0.23515625 0.6109375 0.20859375 0.609375 0.18125 0.62578125 0.178125 0.64296875 0.184375 0.66796875 0.1640625 0.73828125 0.13828125 0.765625 0.13046875 0.753125 0.121875 0.76171875 0.1171875 0.83515625 0.1109375 0.83671875 0.10234375 0.8546875 0.09296875 0.85 0.0828125 0.85546875 0.0875 0.89765625 0.071875 0.90703125 0.06875 0.93203125 0.046875 0.95390625 0.046875 0.97109375 0.05546875 0.9859375 0.07578125 0.9828125 0.08671875 0.96875 0.09453125 0.96875 0.09765625 1 0.10859375 1
0 0.0390625 0.76796875 0.0484375 0.81484375 0.0640625 0.81796875 0.0828125 0.80546875 0.0859375 0.78984375 0.06640625 0.7421875 0.05859375 0.75 0.04921875 0.746875 0.0390625 0.76796875
0 0.1625 0.30703125 0.1765625 0.28046875 0.15546875 0.25625 0.14921875 0.25625 0.1359375 0.29296875 0.14609375 0.3046875 0.1625 0.30703125