0 0.57578125 0.59375 0.5875 0.60546875 0.60625 0.60234375 0.6078125 0.58046875 0.625 0.56328125 0.6390625 0.50859375 0.6390625 0.42265625 0.6171875 0.36640625 0.6015625 0.35390625 0.59453125 0.328125 0.584375 0.33046875 0.5828125 0.34765625 0.546875 0.40703125 0.540625 0.43828125 0.5203125 0.46328125 0.5125 0.49140625 0.5296875 0.56484375 0.55390625 0.59375 0.57578125 0.59375
0 0.3859375 0.42734375 0.3984375 0.43671875 0.41015625 0.4328125 0.41953125 0.4375 0.43359375 0.4171875 0.45 0.41953125 0.44765625 0.4140625 0.4328125 0.41328125 0.4328125 0.38359375 0.43828125 0.3796875 0.4390625 0.38984375 0.446875 0.39296875 0.446875 0.36796875 0.4421875 0.36484375 0.446875 0.36171875 0.4484375 0.33046875 0.45859375 0.3203125 0.46171875 0.3296875 0.4734375 0.33046875 0.4671875 0.32421875 0.4671875 0.30390625 0.475 0.29453125 0.46171875 0.275 0.4453125 0.27109375 0.4421875 0.24140625 0.4234375 0.19609375 0.421875 0.17265625 0.4375 0.16171875 0.4375 0.14921875 0.41953125 0.084375 0.409375 0.08984375 0.39921875 0.1109375 0.38359375 0.109375 0.37109375 0.096875 0.359375 0.11328125 0.3515625 0.14921875 0.38125 0.16796875 0.38125 0.18046875 0.36171875 0.225 0.34765625 0.228125 0.33828125 0.2078125 0.328125 0.21015625 0.3265625 0.18828125 0.31328125 0.171875 0.30859375 0.1875 0.2828125 0.20078125 0.2984375 0.21328125 0.296875 0.26171875 0.30625 0.26640625 0.290625 0.34921875 0.30390625 0.3546875 0.31015625 0.34375 0.31953125 0.34375 0.334375 0.38203125 0.35078125 0.396875 0.36953125 0.39375 0.3859375 0.42734375
0 0.3875 0.45234375 0.390625 0.46015625 0.41953125 0.453125 0.43515625 0.4234375 0.45234375 0.425 0.4671875 0.41328125 0.490625 0.35859375 0.4859375 0.30859375 0.4671875 0.27890625 0.4453125 0.26640625 0.44375 0.24296875 0.425 0.19765625 0.421875 0.17578125 0.4390625 0.15546875 0.428125 0.09765625 0.41796875 0.0828125 0.39921875 0.109375 0.38359375 0.1078125 0.37265625 0.0953125 0.359375 0.10859375 0.35 0.14921875 0.3796875 0.16953125 0.36875 0.21640625 0.36171875 0.2234375 0.35234375 0.228125 0.3453125 0.22265625 0.31171875 0.1671875 0.29921875 0.190625 0.27734375 0.1921875 0.2734375 0.16796875 0.26484375 0.1546875 0.2578125 0.16015625 0.2640625 0.16953125 0.2640625 0.20078125 0.2453125 0.19609375 0.2484375 0.22109375 0.228125 0.23203125 0.2140625 0.25859375 0.2140625 0.27265625 0.22421875 0.2765625 0.228125 0.27109375 0.2234375 0.26796875 0.2296875 0.26328125 0.225 0.25234375 0.23046875 0.25 0.234375 0.26953125 0.225 0.28359375 0.24140625 0.2921875 0.25078125 0.2921875 0.25703125 0.284375 0.2578125 0.29921875 0.26640625 0.309375 0.27265625 0.3140625 0.2875 0.31171875 0.29296875 0.35625 0.30390625 0.35625 0.31640625 0.3453125 0.34453125 0.3953125 0.36640625 0.3953125 0.3765625 0.40390625 0.384375 0.42734375 0.3953125 0.43984375 0.3875 0.45234375
0 0.5609375 0.31484375 0.5625 0.33203125 0.58125 0.29609375 0.5734375 0.26328125 0.596875 0.23984375 0.60625 0.22109375 0.6046875 0.18828125 0.59296875 0.171875 0.58125 0.16953125 0.5796875 0.15390625 0.59921875 0.15625 0.60703125 0.1421875 0.62734375 0.1390625 0.6359375 0.12265625 0.6359375 0.09765625 0.62890625 0.0890625 0.63125 0.11953125 0.6171875 0.12109375 0.625 0.12890625 0.61484375 0.1359375 0.603125 0.13046875 0.60546875 0.1234375 0.6140625 0.12265625 0.603125 0.11640625 0.603125 0.11015625 0.6109375 0.10703125 0.60625 0.09453125 0.62421875 0.09375 0.625 0.08359375 0.60390625 0.08125 0.58359375 0.065625 0.51328125 0.0703125 0.5078125 0.07578125 0.515625 0.09453125 0.5125 0.11640625 0.534375 0.14609375 0.534375 0.18046875 0.515625 0.19609375 0.5171875 0.21953125 0.5046875 0.22265625 0.496875 0.24921875 0.50625 0.28046875 0.52421875 0.2859375 0.53203125 0.3046875 0.5390625 0.28984375 0.546875 0.28671875 0.55 0.31796875 0.55703125 0.328125 0.55625 0.31484375 0.5609375 0.31484375
0 0.7421875 0.46796875 0.74375 0.48515625 0.75703125 0.4859375 0.77734375 0.465625 0.7921875 0.46171875 0.7859375 0.42734375 0.8046875 0.38046875 0.8046875 0.36484375 0.7921875 0.34609375 0.7828125 0.31328125 0.76484375 0.3109375 0.76015625 0.3046875 0.7296875 0.33203125 0.71875 0.38046875 0.72421875 0.396875 0.7453125 0.39140625 0.7421875 0.41328125 0.7578125 0.42109375 0.7546875 0.44609375 0.7421875 0.46796875
0 0.8421875 0.75390625 0.8546875 0.76015625 0.86484375 0.7609375 0.8703125 0.74609375 0.85625 0.71328125 0.853125 0.68828125 0.86015625 0.6828125 0.87890625 0.690625 0.890625 0.66953125 0.903125 0.66328125 0.9109375 0.63828125 0.890625 0.59453125 0.87421875 0.5859375 0.86640625 0.5984375 0.859375 0.57421875 0.83515625 0.5515625 0.8046875 0.60859375 0.8 0.65859375 0.80625 0.69453125 0.7984375 0.71796875 0.80546875 0.7203125 0.82109375 0.7109375 0.8359375 0.72890625 0.8421875 0.75390625
0 0.7171875 0.92421875 0.7328125 0.96015625 0.74375 0.95390625 0.7484375 0.91484375 0.76796875 0.915625 0.778125 0.89921875 0.7734375 0.88359375 0.759375 0.87890625 0.753125 0.81484375 0.74453125 0.8046875 0.73671875 0.8046875 0.72578125 0.81875 0.69296875 0.8203125 0.6859375 0.83515625 0.690625 0.90078125 0.70859375 0.921875 0.7171875 0.92421875
0 0.59375 0.90546875 0.6015625 0.95703125 0.6078125 0.95390625 0.62109375 0.921875 0.65390625 0.925 0.66484375 0.934375 0.68046875 0.928125 0.6859375 0.91796875 0.684375 0.86328125 0.675 0.83359375 0.65859375 0.8125 0.6484375 0.81171875 0.65 0.78828125 0.62890625 0.771875 0.6140625 0.77890625 0.609375 0.79296875 0.625 0.80703125 0.6296875 0.82890625 0.6046875 0.87109375 0.59375 0.90546875
0 0.653125 0.96640625 0.665625 0.99921875 0.725 0.99921875 0.7203125 0.97265625 0.7078125 0.95703125 0.7078125 0.93203125 0.69765625 0.91875 0.68125 0.93046875 0.6765625 0.94921875 0.653125 0.96640625
0 0.3109375 0.91171875 0.31875 0.91796875 0.33828125 0.915625 0.3546875 0.89140625 0.3546875 0.84453125 0.3703125 0.81796875 0.375 0.79453125 0.3703125 0.71640625 0.3546875 0.70390625 0.3515625 0.68671875 0.33671875 0.6625 0.2890625 0.69921875 0.2890625 0.74140625 0.3 0.79609375 0.3 0.85234375 0.3078125 0.86328125 0.3109375 0.91171875
0 0.3125 0.91328125 0.3203125 0.91796875 0.33828125 0.915625 0.35625 0.88515625 0.3546875 0.84765625 0.371875 0.81484375 0.375 0.79609375 0.3703125 0.71796875 0.3546875 0.70234375 0.33828125 0.6640625 0.30390625 0.6890625 0.2890625 0.68828125 0.28125 0.66328125 0.2953125 0.64921875 0.29296875 0.6234375 0.26015625 0.6265625 0.23359375 0.6109375 0.20078125 0.609375 0.1765625 0.63203125 0.1828125 0.67109375 0.1609375 0.74140625 0.14453125 0.7703125 0.1359375 0.77265625 0.12890625 0.7546875 0.1171875 0.76796875 0.115625 0.83046875 0.1375 0.84921875 0.15234375 0.8921875 0.16875 0.88984375 0.1625 0.88203125 0.165625 0.85703125 0.18359375 0.84375 0.20625 0.87109375 0.21484375 0.9125 0.225 0.90390625 0.2265625 0.88359375 0.23828125 0.8625 0.2484375 0.87109375 0.2515625 0.88984375 0.26328125 0.89375 0.271875 0.86953125 0.29765625 0.853125 0.309375 0.86953125 0.3125 0.91328125
0 0.09140625 0.96875 0.0953125 0.99921875 0.11328125 1 0.11328125 0.990625 0.12109375 1 0.171875 0.99765625 0.16875 0.97265625 0.1546875 0.95703125 0.15625 0.90546875 0.15 0.87578125 0.14453125 0.8671875 0.128125 0.86328125 0.11796875 0.8359375 0.11015625 0.8375 0.10078125 0.8515625 0.08125 0.85546875 0.0859375 0.89609375 0.06875 0.90546875 0.065625 0.92890625 0.0453125 0.95390625 0.05546875 0.9796875 0.07734375 0.9796875 0.08515625 0.9671875 0.09140625 0.96875
0 0.7375 0.16328125 0.753125 0.16640625 0.77109375 0.165625 0.77890625 0.15 0.78984375 0.153125 0.809375 0.12109375 0.8234375 0.11484375 0.825 0.10390625 0.81171875 0.084375 0.7984375 0.09453125 0.79375 0.08046875 0.803125 0.06796875 0.8015625 0.05546875 0.77890625 0.034375 0.74921875 0.053125 0.73671875 0.0328125 0.71796875 0.03125 0.721875 0.08359375 0.73203125 0.084375 0.74453125 0.0671875 0.7546875 0.08203125 0.75625 0.09921875 0.7375 0.13671875 0.7375 0.16328125
0 0.92578125 0.2484375 0.9359375 0.25078125 0.96015625 0.246875 0.9703125 0.23359375 0.9546875 0.20859375 0.95 0.18671875 0.9546875 0.14921875 0.971875 0.12265625 0.94375 0.07578125 0.95390625 0.05625 0.9796875 0.05546875 0.94453125 0.034375 0.93203125 0.0328125 0.93125 0.05078125 0.91875 0.06171875 0.909375 0.08671875 0.9125 0.11484375 0.9078125 0.12734375 0.9296875 0.13515625 0.93125 0.15078125 0.921875 0.16640625 0.9234375 0.18203125 0.9078125 0.21171875 0.9078125 0.22265625 0.92578125 0.2484375