0 0 0.85390625 0.0171875 0.84609375 0.02734375 0.8203125 0.05546875 0.8203125 0.0703125 0.80859375 0.075 0.80078125 0.0640625 0.79453125 0.0640625 0.78828125 0.07578125 0.7671875 0.09296875 0.759375 0.11015625 0.7609375 0.1328125 0.78046875 0.12734375 0.7984375 0.10546875 0.8 0.1015625 0.80859375 0.1046875 0.83359375 0.128125 0.86640625 0.128125 0.87890625 0.115625 0.90078125 0.1171875 0.91171875 0.17109375 0.9171875 0.19375 0.93359375 0.2015625 0.95078125 0.2203125 0.93671875 0.2421875 0.88359375 0.2375 0.85546875 0.24609375 0.8421875 0.26328125 0.8421875 0.30703125 0.8125 0.35859375 0.809375 0.40546875 0.7859375 0.41640625 0.7890625 0.43828125 0.8125 0.47265625 0.8234375 0.478125 0.82109375 0.48359375 0.7953125 0.51484375 0.7984375 0.53125 0.78828125 0.528125 0.76171875 0.5390625 0.74765625 0.540625 0.73046875 0.56640625 0.7171875 0.58125 0.70078125 0.5734375 0.64609375 0.578125 0.63046875 0.5921875 0.61953125 0.5828125 0.59609375 0.5859375 0.53359375 0.578125 0.53046875 0.57734375 0.509375 0.55703125 0.5 0.53515625 0.5 0.5328125 0.51484375 0.51953125 0.51875 0.515625 0.53046875 0.50703125 0.5328125 0.503125 0.54609375 0.4921875 0.55390625 0.503125 0.56171875 0.5015625 0.57421875 0.5140625 0.59140625 0.5109375 0.60078125 0.534375 0.62421875 0.5359375 0.66015625 0.52734375 0.6703125 0.47578125 0.646875 0.45859375 0.646875 0.44453125 0.659375 0.43515625 0.6578125 0.41796875 0.6359375 0.39921875 0.6265625 0.37734375 0.625 0.34140625 0.6015625 0.32578125 0.60625 0.29296875 0.603125 0.27890625 0.56875 0.24453125 0.56875 0.23125 0.53828125 0.2375 0.51328125 0.25859375 0.5 0.28828125 0.5 0.30703125 0.4890625 0.328125 0.47109375 0.3375 0.45078125 0.33515625 0.43125 0.30703125 0.4265625 0.28671875 0.43125 0.24921875 0.4140625 0.203125 0.37890625 0.20625 0.34609375 0.2015625 0.32265625 0.21171875 0.309375 0.23046875 0.3046875 0.253125 0.27265625 0.2671875 0.23984375 0.26875 0.21484375 0.253125 0.18828125 0.2515625 0.16328125 0.22265625 0.1375 0.18515625 0.1453125 0.16328125 0.1296875 0.13671875 0.134375 0.09921875 0.1109375 0.096875 0.14609375 0.11328125 0.15625 0.14453125 0.15 0.1546875 0.16484375 0.1546875 0.18046875 0.140625 0.21015625 0.1390625 0.23828125 0.1140625 0.26953125 0.1046875 0.32421875 0.1078125 0.39453125 0.09453125 0.4125 0.0671875 0.42421875 0.065625 0.44453125 0.059375 0.44609375 0.0640625 0.46015625 0.05625 0.47109375 0.05625 0.48984375 0.065625 0.52421875 0.07421875 0.5296875 0.08984375 0.528125 0.10625 0.49453125 0.10625 0.46640625 0.11484375 0.45625 0.13828125 0.4921875 0.18046875 0.503125 0.1984375 0.53828125 0.178125 0.59453125 0.13984375 0.6296875 0.12421875 0.6234375 0.1109375 0.62734375 0.1046875 0.65390625 0.1265625 0.67734375 0.12265625 0.6890625 0.10859375 0.690625 0.07578125 0.6640625 0.05078125 0.6609375 0.03984375 0.684375 0 0.69453125 0 0.85390625
0 0.6875 0.33046875 0.6828125 0.29140625 0.71015625 0.24375 0.71796875 0.2609375 0.72265625 0.24375 0.72578125 0.2578125 0.73046875 0.2515625 0.73359375 0.2578125 0.73828125 0.2546875 0.74921875 0.275 0.784375 0.28984375 0.778125 0.30859375 0.7609375 0.32734375 0.759375 0.36171875 0.77890625 0.36875 0.80625 0.35703125 0.809375 0.34609375 0.8328125 0.32265625 0.7953125 0.28671875 0.80703125 0.278125 0.83203125 0.2875 0.8609375 0.26484375 0.8640625 0.21484375 0.8578125 0.19765625 0.875 0.16328125 0.87109375 0.1484375 0.85078125 0.15 0.83515625 0.128125 0.79921875 0.1265625 0.76640625 0.0859375 0.74921875 0.0859375 0.7421875 0.09765625 0.75625 0.11015625 0.7609375 0.12578125 0.75390625 0.153125 0.74140625 0.1578125 0.68359375 0.1546875 0.6015625 0.19765625 0.5984375 0.21328125 0.5703125 0.23203125 0.559375 0.24609375 0.5578125 0.25859375 0.56640625 0.271875 0.5859375 0.28359375 0.5921875 0.31640625 0.5890625 0.33515625 0.56875 0.35859375 0.5671875 0.38046875 0.57578125 0.39375 0.5921875 0.40078125 0.6 0.42109375 0.6046875 0.42109375 0.61875 0.40546875 0.6203125 0.36484375 0.63203125 0.35 0.66328125 0.3578125 0.6796875 0.35078125 0.6875 0.33046875
0 0.7625 0.08046875 0.7734375 0.10078125 0.80078125 0.1296875 0.84375 0.13046875 0.8609375 0.09140625 0.8546875 0.03203125 0.76953125 0.03125 0.7609375 0.04296875 0.765625 0.05859375 0.7625 0.08046875
0 0.559375 0.11953125 0.559375 0.10390625 0.51328125 0.0640625 0.49453125 0.0578125 0.48359375 0.065625 0.4875 0.08671875 0.475 0.09453125 0.471875 0.10546875 0.48125 0.13046875 0.51328125 0.14375 0.53984375 0.1421875 0.553125 0.14765625 0.559375 0.14609375 0.5609375 0.12421875 0.56484375 0.1328125 0.56875 0.12265625 0.56484375 0.1140625 0.559375 0.11953125
0 0.00078125 0 0 0.06171875 0.03671875 0.05 0.04765625 0.053125 0.059375 0.05859375 0.0625 0.07421875 0.08125 0.08828125 0.0859375 0.07109375 0.0640625 0.05234375 0.059375 0.02421875 0.01640625 0 0.00078125 0
0 0.93046875 0 0.92578125 0.009375 0.89921875 0.009375 0.875 0.02265625 0.9 0.02890625 0.9 0.06796875 0.91171875 0.0734375 0.92890625 0.0578125 0.95546875 0.0515625 0.965625 0.03203125 0.97890625 0.0234375 0.99375 0.03984375 0.975 0.06328125 0.9765625 0.07421875 0.9875 0.07734375 1 0.06796875 0.99921875 0 0.93046875 0
0 0.9 0.36640625 0.91640625 0.3796875 0.93125 0.38203125 0.9546875 0.33984375 0.9390625 0.30234375 0.915625 0.28671875 0.909375 0.26796875 0.90234375 0.2640625 0.9 0.36640625
0 1 0.22421875 0.98203125 0.225 0.978125 0.23203125 0.9875 0.25703125 0.99296875 0.2671875 1 0.26640625 1 0.22421875
0 0.90234375 0.2703125 0.9015625 0.36484375 0.91328125 0.378125 0.93125 0.38203125 0.95625 0.34140625 0.94375 0.30859375 0.93203125 0.3015625 0.91484375 0.3015625 0.9140625 0.27890625 0.90234375 0.2703125
0 1 0.83359375 0.984375 0.83203125 0.9984375 0.82421875 0.99765625 0.815625 0.984375 0.81640625 0.98828125 0.8109375 0.9953125 0.81328125 0.996875 0.80234375 0.97421875 0.803125 0.975 0.81328125 0.9828125 0.81328125 0.97265625 0.821875 0.9640625 0.81484375 0.9640625 0.78671875 0.95859375 0.7859375 0.940625 0.80859375 0.95 0.81171875 0.9421875 0.85390625 0.96484375 0.8796875 0.9890625 0.87890625 1 0.87734375 1 0.83359375
0 1 0.22109375 0.97265625 0.225 0.93046875 0.2046875 0.9234375 0.21640625 0.928125 0.23671875 0.91875 0.25390625 0.93359375 0.2578125 0.94765625 0.2703125 0.978125 0.27734375 1 0.27578125 1 0.22109375
0 1 0.63984375 0.98046875 0.6390625 0.96875 0.63203125 0.959375 0.59140625 0.9609375 0.56953125 0.94453125 0.5578125 0.9328125 0.56484375 0.925 0.61171875 0.90703125 0.615625 0.9 0.63671875 0.903125 0.66484375 0.91640625 0.6734375 0.93125 0.67265625 0.98046875 0.6609375 1 0.66640625 1 0.63984375
0 0.63671875 0.928125 0.6734375 0.93515625 0.6734375 0.91796875 0.62421875 0.875 0.596875 0.90703125 0.596875 0.91640625 0.61328125 0.934375 0.63671875 0.928125
0 0.7421875 0.93046875 0.7203125 0.93984375 0.7375 0.97734375 0.7859375 0.98046875 0.7765625 0.95546875 0.7828125 0.93046875 0.76796875 0.9171875 0.73828125 0.909375 0.734375 0.91484375 0.7421875 0.93046875
0 0.82109375 0.9109375 0.80625 0.91640625 0.790625 0.96953125 0.8140625 0.97734375 0.82109375 0.9703125 0.83359375 0.9734375 0.84453125 0.96875 0.853125 0.94921875 0.84375 0.92265625 0.82109375 0.9109375