0 0.31953125 0.5234375 0.2859375 0.52109375 0.13046875 0.5234375 0.1234375 0.53046875 0.11875 0.54921875 0.1265625 0.56796875 0.1203125 0.58828125 0.13125 0.59140625 0.121875 0.59296875 0.1234375 0.60234375 0.1078125 0.62109375 0.1046875 0.67265625 0.1140625 0.73359375 0.1390625 0.76171875 0.140625 0.79140625 0.1515625 0.80546875 0.1546875 0.83671875 0.14609375 0.8484375 0.10390625 0.8453125 0.0953125 0.85546875 0.09921875 0.8859375 0.12890625 0.875 0.13671875 0.865625 0.16953125 0.8703125 0.19140625 0.853125 0.22265625 0.8625 0.2515625 0.83828125 0.2515625 0.81484375 0.26875 0.78515625 0.2671875 0.76015625 0.2390625 0.70546875 0.203125 0.68515625 0.2046875 0.65078125 0.1984375 0.63203125 0.20703125 0.6125 0.22890625 0.60625 0.24453125 0.5875 0.30390625 0.5578125 0.30234375 0.5515625 0.3125 0.55859375 0.31328125 0.56875 0.3265625 0.56796875 0.334375 0.54921875 0.325 0.52890625 0.31953125 0.5234375
0 0.01640625 1 0.059375 0.97578125 0.0640625 0.94765625 0.0859375 0.92890625 0.08125 0.91171875 0.0625 0.92578125 0.0609375 0.93984375 0.04765625 0.946875 0.03671875 0.95 0 0.93828125 0.00078125 1 0.01640625 1
0 0.615625 0.59140625 0.6046875 0.58046875 0.5953125 0.59765625 0.57734375 0.6078125 0.5671875 0.62265625 0.56875 0.63984375 0.5921875 0.66484375 0.59375 0.68203125 0.5859375 0.71796875 0.5609375 0.73203125 0.559375 0.75390625 0.5984375 0.78671875 0.60546875 0.80625 0.65390625 0.8328125 0.68359375 0.8453125 0.74140625 0.8421875 0.75546875 0.846875 0.759375 0.87578125 0.7390625 0.90546875 0.74609375 0.915625 0.76484375 0.9171875 0.7890625 0.88515625 0.796875 0.86328125 0.7890625 0.85859375 0.790625 0.83828125 0.784375 0.83359375 0.7828125 0.73828125 0.796875 0.73046875 0.796875 0.72421875 0.79296875 0.7171875 0.78515625 0.7171875 0.75234375 0.7265625 0.740625 0.74140625 0.7359375 0.76328125 0.72734375 0.7703125 0.71953125 0.76875 0.69375 0.73828125 0.6828125 0.71328125 0.6859375 0.66953125 0.678125 0.64921875 0.66328125 0.64375 0.63203125 0.653125 0.61875 0.63515625 0.615625 0.59140625
0 0.86328125 0.7015625 0.8609375 0.67578125 0.85546875 0.6953125 0.846875 0.69296875 0.85 0.68828125 0.83671875 0.6765625 0.80703125 0.7015625 0.78828125 0.703125 0.77890625 0.715625 0.75078125 0.725 0.740625 0.73984375 0.740625 0.76171875 0.734375 0.77265625 0.7421875 0.77578125 0.7375 0.78359375 0.7515625 0.79609375 0.746875 0.80703125 0.7515625 0.81796875 0.7359375 0.83828125 0.75625 0.85234375 0.7578125 0.86796875 0.7546875 0.88359375 0.740625 0.89453125 0.7375 0.90703125 0.7640625 0.92890625 0.759375 0.95703125 0.77265625 0.96875 0.84765625 0.971875 0.89140625 0.96875 0.8953125 0.96171875 0.8953125 0.68359375 0.87578125 0.6921875 0.86953125 0.6890625 0.8703125 0.69765625 0.86328125 0.7015625
0 0.5859375 0.85078125 0.58125 0.83671875 0.57265625 0.8359375 0.53984375 0.85625 0.51796875 0.8546875 0.48203125 0.8671875 0.4703125 0.88203125 0.4734375 0.92578125 0.49765625 0.9421875 0.57109375 0.89375 0.5859375 0.85078125
0 0.39375 0.06796875 0.3859375 0.04921875 0.36875 0.06015625 0.3578125 0.09296875 0.340625 0.11953125 0.340625 0.13046875 0.35 0.14140625 0.346875 0.15390625 0.33828125 0.159375 0.31796875 0.159375 0.27578125 0.1890625 0.22421875 0.190625 0.18046875 0.2125 0.15234375 0.1859375 0.11015625 0.1734375 0.10390625 0.203125 0.07109375 0.2 0.0546875 0.21171875 0.0578125 0.23828125 0.046875 0.25546875 0.0453125 0.27109375 0.00625 0.29453125 0.0140625 0.34296875 0.009375 0.36640625 0 0.37421875 0.0046875 0.43515625 0 0.47109375 0.0078125 0.48984375 0.0265625 0.49765625 0.03515625 0.5171875 0.0765625 0.51484375 0.0703125 0.51015625 0.0703125 0.48671875 0.1 0.45078125 0.1015625 0.42890625 0.1078125 0.42265625 0.09921875 0.4140625 0.08984375 0.41875 0.08125 0.40859375 0.08125 0.39296875 0.059375 0.37890625 0.0546875 0.33515625 0.06015625 0.3328125 0.10703125 0.3578125 0.14921875 0.3546875 0.16953125 0.371875 0.20546875 0.378125 0.21484375 0.3890625 0.23984375 0.3984375 0.27578125 0.3953125 0.29765625 0.4 0.3046875 0.43671875 0.33203125 0.4515625 0.33828125 0.4453125 0.346875 0.45078125 0.3453125 0.48203125 0.3296875 0.49296875 0.32734375 0.5046875 0.3203125 0.50234375 0.33515625 0.5140625 0.39609375 0.5171875 0.40390625 0.5109375 0.43984375 0.515625 0.45 0.51171875 0.43984375 0.5015625 0.41953125 0.4984375 0.403125 0.50703125 0.4046875 0.49765625 0.3890625 0.46171875 0.39375 0.46015625 0.4078125 0.40703125 0.44921875 0.36875 0.46328125 0.378125 0.4765625 0.37578125 0.4828125 0.34453125 0.453125 0.31796875 0.45390625 0.3125 0.47578125 0.3078125 0.51015625 0.3375 0.54140625 0.340625 0.546875 0.33671875 0.54765625 0.3171875 0.5875 0.30390625 0.5875 0.15234375 0.58515625 0.1453125 0.57734375 0.146875 0.56875 0.15390625 0.55859375 0.1796875 0.53359375 0.178125 0.5171875 0.19296875 0.5234375 0.21328125 0.51484375 0.23125 0.50234375 0.2390625 0.48046875 0.240625 0.4546875 0.22109375 0.459375 0.20234375 0.48203125 0.2 0.4859375 0.18359375 0.48125 0.16484375 0.4625 0.14609375 0.4578125 0.13046875 0.471875 0.09296875 0.44921875 0.084375 0.42578125 0.0890625 0.41328125 0.0828125 0.39375 0.06796875
0 0.525 0.49453125 0.5265625 0.46640625 0.50234375 0.465625 0.4875 0.47421875 0.4765625 0.50859375 0.48203125 0.51875 0.534375 0.51953125 0.525 0.49453125
0 0.96640625 0.334375 0.934375 0.32890625 0.91484375 0.328125 0.903125 0.33671875 0.9015625 0.36796875 0.90703125 0.384375 0.9265625 0.38671875 0.9328125 0.43203125 0.94453125 0.4375 0.9578125 0.43203125 0.95625 0.40546875 0.975 0.35078125 0.96640625 0.334375
0 0.95390625 0.1171875 0.946875 0.11015625 0.9375 0.11015625 0.9359375 0.12109375 0.9359375 0.20390625 0.9453125 0.23046875 0.9421875 0.23515625 0.95859375 0.2390625 0.9703125 0.23671875 0.9953125 0.19453125 0.990625 0.17734375 0.9953125 0.14765625 0.98046875 0.1140625 0.95390625 0.1171875
0 0.63515625 0.071875 0.6109375 0.06640625 0.5984375 0.06953125 0.603125 0.08359375 0.64609375 0.1234375 0.65390625 0.1234375 0.6796875 0.09453125 0.66328125 0.06875 0.63515625 0.071875
0 0.78125 0.03203125 0.7671875 0.02265625 0.72890625 0.03125 0.71875 0.05078125 0.728125 0.07421875 0.75078125 0.0890625 0.7671875 0.08203125 0.78125 0.03203125
0 0.853125 0.05859375 0.834375 0.02265625 0.7890625 0.02265625 0.796875 0.04609375 0.7890625 0.05859375 0.790625 0.07109375 0.82890625 0.0921875 0.8375 0.08828125 0.8296875 0.06953125 0.853125 0.05859375
0 0.99921875 1 1 0.93203125 0.9875 0.92265625 0.975 0.92890625 0.975 0.93671875 0.99375 0.96171875 0.97890625 0.9765625 0.965625 0.96796875 0.95546875 0.9484375 0.92890625 0.9421875 0.91171875 0.9265625 0.9 0.93203125 0.8984375 0.97265625 0.875 0.97734375 0.88984375 0.9875 0.92578125 0.990625 0.93046875 1 0.99921875 1
0 0.9546875 0.66015625 0.93125 0.61796875 0.91640625 0.6203125 0.9 0.63359375 0.90234375 0.7359375 0.909375 0.73203125 0.9171875 0.71171875 0.9390625 0.69765625 0.9546875 0.66015625
0 0.80390625 0.6390625 0.78125 0.63203125 0.76328125 0.634375 0.75625 0.64921875 0.765625 0.67890625 0.79296875 0.70625 0.82734375 0.6859375 0.83125 0.67265625 0.8109375 0.65859375 0.80390625 0.6390625
0 1 0.73359375 0.99296875 0.7328125 0.9875 0.74296875 0.978125 0.76796875 0.98203125 0.775 1 0.77578125 1 0.73359375
0 1 0.73359375 0.990625 0.72734375 0.96796875 0.7265625 0.94609375 0.734375 0.93828125 0.7484375 0.921875 0.74765625 0.93125 0.76328125 0.925 0.78203125 0.93046875 0.796875 0.94609375 0.78125 0.97265625 0.771875 1 0.77734375 1 0.73359375
0 0.3046875 0.92578125 0.284375 0.89609375 0.2578125 0.91796875 0.25625 0.93984375 0.29609375 0.965625 0.31015625 0.965625 0.321875 0.93828125 0.3046875 0.92578125