0 0.30234375 0.45 0.27578125 0.425 0.24453125 0.4125 0.22890625 0.39375 0.20703125 0.3875 0.1984375 0.36796875 0.2046875 0.34921875 0.203125 0.31484375 0.2390625 0.29453125 0.2671875 0.23984375 0.26875 0.21484375 0.2515625 0.18515625 0.2515625 0.16171875 0.22265625 0.1375 0.18984375 0.146875 0.16953125 0.1296875 0.13671875 0.134375 0.12890625 0.125 0.09921875 0.1140625 0.0953125 0.14140625 0.10390625 0.1546875 0.14296875 0.15 0.1546875 0.16171875 0.1515625 0.19453125 0.140625 0.20859375 0.1390625 0.23828125 0.1140625 0.26640625 0.10625 0.32109375 0.1078125 0.37890625 0.1234375 0.39765625 0.12265625 0.4078125 0.140625 0.40859375 0.13828125 0.41875 0.125 0.42109375 0.1234375 0.46796875 0.13203125 0.4765625 0.290625 0.47734375 0.31796875 0.4765625 0.325 0.47109375 0.3265625 0.45546875 0.334375 0.45078125 0.3265625 0.44296875 0.3265625 0.43203125 0.31328125 0.43125 0.3109375 0.43671875 0.3203125 0.44140625 0.30234375 0.45
0 0.00078125 0 0 0.06171875 0.03671875 0.05 0.04765625 0.053125 0.0609375 0.06015625 0.0625 0.07421875 0.0796875 0.08828125 0.0859375 0.07109375 0.0640625 0.05234375 0.059375 0.02421875 0.01640625 0 0.00078125 0
0 0.6 0.21484375 0.609375 0.21953125 0.6171875 0.23671875 0.6046875 0.29921875 0.6109375 0.32578125 0.6046875 0.33359375 0.60859375 0.3390625 0.61328125 0.3359375 0.6140625 0.34609375 0.62109375 0.35 0.63671875 0.340625 0.64921875 0.35 0.6734375 0.35234375 0.684375 0.33359375 0.68125 0.28828125 0.6921875 0.26328125 0.7234375 0.22109375 0.7109375 0.21015625 0.721875 0.16171875 0.69296875 0.1546875 0.62109375 0.184375 0.6046875 0.19765625 0.6 0.21484375
0 0.78828125 0.1328125 0.7828125 0.13671875 0.78515625 0.14375 0.77265625 0.1453125 0.76484375 0.1359375 0.7546875 0.15859375 0.7421875 0.16171875 0.759375 0.16640625 0.7546875 0.18359375 0.7453125 0.18828125 0.7453125 0.20859375 0.734375 0.22734375 0.740625 0.25859375 0.75234375 0.275 0.790625 0.28984375 0.80078125 0.2765625 0.83359375 0.2859375 0.8625 0.26171875 0.8640625 0.21640625 0.8578125 0.19609375 0.875 0.15390625 0.87109375 0.1484375 0.85078125 0.1515625 0.83671875 0.13125 0.78828125 0.1328125
0 0.5859375 0.28203125 0.603125 0.34140625 0.6203125 0.34921875 0.6421875 0.33203125 0.6421875 0.25078125 0.628125 0.20078125 0.63671875 0.18125 0.60703125 0.1921875 0.5984375 0.21328125 0.57109375 0.23125 0.55625 0.25546875 0.56328125 0.2703125 0.5859375 0.28203125
0 0.47265625 0.2625 0.4703125 0.36640625 0.484375 0.36796875 0.4890625 0.39921875 0.4875 0.41484375 0.4734375 0.42578125 0.503125 0.42890625 0.54296875 0.428125 0.546875 0.41640625 0.5625 0.40390625 0.5640625 0.39296875 0.54453125 0.365625 0.52109375 0.35625 0.5015625 0.32578125 0.4828125 0.31484375 0.4828125 0.27578125 0.47265625 0.2625
0 0.5265625 0.14296875 0.5375 0.13515625 0.540625 0.09140625 0.51328125 0.065625 0.49453125 0.059375 0.484375 0.06953125 0.490625 0.08359375 0.4765625 0.11015625 0.48125 0.12578125 0.48828125 0.1359375 0.5265625 0.14296875
0 0.93046875 0 0.92578125 0.009375 0.88984375 0.0125 0.875 0.02265625 0.8984375 0.02734375 0.9 0.06796875 0.91171875 0.0734375 0.92890625 0.0578125 0.95546875 0.0515625 0.965625 0.03203125 0.97890625 0.0234375 0.99375 0.03828125 0.990625 0.04921875 0.975 0.06328125 0.9765625 0.07421875 0.9875 0.07734375 1 0.06796875 0.99921875 0 0.93046875 0
0 1 0.22265625 0.97265625 0.228125 0.94609375 0.21875 0.93046875 0.203125 0.925 0.21796875 0.93125 0.23671875 0.921875 0.25234375 0.93828125 0.2515625 0.94609375 0.265625 0.96796875 0.2734375 0.990625 0.27265625 1 0.26640625 1 0.22265625
0 0.9390625 0.30234375 0.9171875 0.28828125 0.909375 0.26796875 0.90234375 0.2640625 0.9 0.36640625 0.91640625 0.3796875 0.93125 0.38203125 0.9546875 0.33984375 0.9390625 0.30234375
0 0.47890625 0.8 0.46171875 0.8 0.4546875 0.77734375 0.48203125 0.7578125 0.50390625 0.7609375 0.515625 0.76953125 0.5234375 0.79609375 0.5140625 0.80234375 0.52578125 0.815625 0.53359375 0.821875 0.55703125 0.81875 0.56953125 0.846875 0.57890625 0.8546875 0.58515625 0.8546875 0.5875 0.84765625 0.5875 0.69609375 0.54921875 0.684375 0.54375 0.67890625 0.5453125 0.66328125 0.53515625 0.659375 0.50859375 0.6640625 0.47421875 0.69375 0.45546875 0.690625 0.4515625 0.68359375 0.4828125 0.65546875 0.4765625 0.62578125 0.46640625 0.621875 0.44765625 0.63125 0.4046875 0.58515625 0.3890625 0.53828125 0.396875 0.51171875 0.40546875 0.5 0.43671875 0.5 0.45 0.48828125 0.43984375 0.4828125 0.34609375 0.4828125 0.32265625 0.490625 0.3203125 0.49921875 0.346875 0.51953125 0.346875 0.55078125 0.33828125 0.55625 0.33359375 0.55 0.3046875 0.56328125 0.29765625 0.6015625 0.24140625 0.6015625 0.20546875 0.6234375 0.18515625 0.6234375 0.16796875 0.63125 0.15078125 0.6484375 0.13046875 0.6421875 0.10703125 0.64375 0.05859375 0.6671875 0.053125 0.63671875 0.0625 0.61328125 0.078125 0.60859375 0.08828125 0.58125 0.09609375 0.5796875 0.09921875 0.5859375 0.10625 0.57734375 0.0984375 0.54765625 0.0703125 0.51328125 0.0703125 0.48984375 0.1015625 0.48359375 0.03515625 0.4828125 0.0265625 0.50234375 0.0078125 0.51015625 0 0.53046875 0.0046875 0.56484375 0 0.62421875 0.0109375 0.63515625 0.0140625 0.65390625 0.00625 0.70390625 0.01484375 0.7140625 0.0453125 0.72890625 0.0484375 0.74765625 0.059375 0.76484375 0.0546875 0.78828125 0.07109375 0.8 0.10390625 0.796875 0.11015625 0.8265625 0.15078125 0.8140625 0.17734375 0.7859375 0.22578125 0.809375 0.27578125 0.8109375 0.31953125 0.840625 0.33828125 0.840625 0.346875 0.84609375 0.35 0.85859375 0.340625 0.86953125 0.340625 0.87890625 0.3703125 0.94296875 0.3875 0.95078125 0.3953125 0.93046875 0.41640625 0.915625 0.42734375 0.9109375 0.45078125 0.915625 0.471875 0.90859375 0.4578125 0.86796875 0.465625 0.84921875 0.4828125 0.83203125 0.484375 0.80703125 0.47890625 0.8
0 0.63515625 0.928125 0.66171875 0.93125 0.678125 0.91484375 0.6796875 0.90390625 0.65390625 0.8765625 0.64609375 0.8765625 0.603125 0.91640625 0.5984375 0.93046875 0.6109375 0.93359375 0.63515625 0.928125
0 0.75078125 0.9109375 0.728125 0.92578125 0.71875 0.94921875 0.72890625 0.96875 0.765625 0.97734375 0.78125 0.96796875 0.7671875 0.91796875 0.75078125 0.9109375
0 0.853125 0.94140625 0.83125 0.93203125 0.8375 0.91171875 0.82890625 0.9078125 0.790625 0.92890625 0.7890625 0.94140625 0.796875 0.95390625 0.7890625 0.97734375 0.834375 0.97734375 0.853125 0.94140625
0 0.9375 0.88984375 0.946875 0.88984375 0.95390625 0.8828125 0.98046875 0.8859375 0.9953125 0.85234375 0.990625 0.82265625 0.9953125 0.80390625 0.96953125 0.7625 0.94453125 0.7609375 0.9375 0.78515625 0.9359375 0.87890625 0.9375 0.88984375
0 0.903125 0.66328125 0.91484375 0.6703125 0.934375 0.67109375 0.96796875 0.665625 0.975 0.64921875 0.95625 0.59453125 0.959375 0.57109375 0.94453125 0.5625 0.9328125 0.56796875 0.9265625 0.61484375 0.90859375 0.615625 0.9015625 0.63203125 0.903125 0.66328125
0 1 0.64140625 0.98359375 0.6421875 0.96875 0.63515625 0.9671875 0.61484375 0.95625 0.59140625 0.959375 0.57109375 0.93828125 0.5625 0.9328125 0.56796875 0.9265625 0.61171875 0.90625 0.61640625 0.9015625 0.66171875 0.91484375 0.6734375 0.97109375 0.6671875 1 0.67578125 1 0.64140625
0 0.48203125 0.48125 0.4765625 0.49140625 0.4875 0.52578125 0.50234375 0.534375 0.525 0.53359375 0.525 0.50546875 0.534375 0.48046875 0.48203125 0.48125
0 0.321875 0.06171875 0.315625 0.03984375 0.30703125 0.0328125 0.29453125 0.034375 0.25625 0.05859375 0.259375 0.08515625 0.2859375 0.10546875 0.290625 0.09140625 0.321875 0.06171875