0 0.31875 0.32734375 0.3140625 0.29140625 0.334375 0.25234375 0.35390625 0.2328125 0.35703125 0.2390625 0.36171875 0.234375 0.3703125 0.23984375 0.38203125 0.2734375 0.4171875 0.28984375 0.4140625 0.30546875 0.396875 0.32578125 0.390625 0.35390625 0.39765625 0.3640625 0.41640625 0.365625 0.42890625 0.359375 0.459375 0.32890625 0.4609375 0.31640625 0.43203125 0.296875 0.4296875 0.28515625 0.43515625 0.278125 0.46953125 0.284375 0.49375 0.26640625 0.496875 0.21484375 0.490625 0.20078125 0.5078125 0.16484375 0.5078125 0.15078125 0.48984375 0.1484375 0.48125 0.13828125 0.490625 0.07734375 0.484375 0.02421875 0.47421875 0.0015625 0.46171875 0 0.4546875 0.00546875 0.45 0.03984375 0.43515625 0.06875 0.41875 0.06484375 0.41640625 0.046875 0.40078125 0.0453125 0.3984375 0.07421875 0.371875 0.08984375 0.371875 0.10078125 0.390625 0.12421875 0.3921875 0.14140625 0.38515625 0.1515625 0.35390625 0.159375 0.31796875 0.1546875 0.25390625 0.184375 0.2328125 0.20078125 0.2296875 0.21640625 0.19375 0.24453125 0.1921875 0.26171875 0.2203125 0.28203125 0.2265625 0.31484375 0.2265625 0.33203125 0.2046875 0.36015625 0.203125 0.38515625 0.240625 0.41328125 0.2484375 0.38984375 0.2484375 0.36484375 0.26171875 0.346875 0.30234375 0.353125 0.3109375 0.34765625 0.31875 0.32734375
0 0 0.06796875 0.00703125 0.075 0.01796875 0.078125 0.0265625 0.07109375 0.0265625 0.06015625 0.009375 0.04453125 0.015625 0.02890625 0.02578125 0.025 0.0375 0.03359375 0.04609375 0.053125 0.07265625 0.0609375 0.08671875 0.075 0.109375 0.07578125 0.10625 0.09609375 0.09375 0.11015625 0.09921875 0.125 0.14921875 0.14375 0.1625 0.14296875 0.19296875 0.140625 0.1984375 0.12578125 0.1734375 0.08984375 0.14609375 0.065625 0.12890625 0.0578125 0.1125 0.06015625 0.13125 0.03046875 0.12265625 0.0171875 0.08046875 0.0078125 0.07421875 0 0 0.00078125 0 0.06796875
0 0.07109375 0.203125 0.05546875 0.21875 0.03359375 0.225 0.015625 0.24765625 0.0078125 0.26796875 0.01328125 0.2734375 0.034375 0.27265625 0.05390625 0.2671875 0.06328125 0.2515625 0.078125 0.25234375 0.06875 0.23203125 0.0765625 0.21640625 0.07109375 0.203125
0 0 0.26796875 0.034375 0.27265625 0.05546875 0.265625 0.06328125 0.253125 0.078125 0.25234375 0.0703125 0.23671875 0.0765625 0.21640625 0.07109375 0.2046875 0.05546875 0.21875 0.02734375 0.2296875 0 0.22265625 0 0.26796875
0 0.115625 0.27421875 0.10859375 0.2625 0.09609375 0.2640625 0.0828125 0.29453125 0.0625 0.30390625 0.046875 0.34140625 0.06875 0.37734375 0.08125 0.38046875 0.11484375 0.3625 0.121875 0.34453125 0.1359375 0.33671875 0.134375 0.32578125 0.1125 0.31328125 0.115625 0.27421875
0 0.134375 0.32578125 0.115625 0.31484375 0.115625 0.27265625 0.11015625 0.2640625 0.09921875 0.2625 0.0828125 0.29140625 0.0625 0.30390625 0.046875 0.34453125 0.07265625 0.38125 0.08203125 0.38125 0.09765625 0.36875 0.121875 0.36484375 0.1234375 0.40546875 0.1046875 0.42890625 0.1171875 0.43671875 0.17421875 0.421875 0.19375 0.40546875 0.196875 0.39453125 0.17578125 0.365625 0.15234375 0.35625 0.134375 0.32578125
0 0.0421875 0.57109375 0.0453125 0.59453125 0.0359375 0.61171875 0.0328125 0.63671875 0.02109375 0.6421875 0.00078125 0.640625 0 0.66796875 0.02421875 0.6625 0.0890625 0.67265625 0.1015625 0.66171875 0.096875 0.61640625 0.075 0.61484375 0.06875 0.56796875 0.06015625 0.5609375 0.0421875 0.57109375
0 0 0.89296875 0.00625 0.89453125 0.01953125 0.8796875 0.04609375 0.884375 0.0515625 0.86484375 0.0640625 0.85078125 0.05625 0.82109375 0.0625 0.80546875 0.03359375 0.7640625 0.01953125 0.7671875 0 0.78671875 0 0.89296875
0 0.03515625 0.7640625 0.015625 0.76015625 0.0296875 0.73515625 0.01796875 0.7125 0 0.71484375 0.0015625 0.89609375 0.01640625 0.8828125 0.04609375 0.884375 0.05 0.86796875 0.0640625 0.85078125 0.0609375 0.80078125 0.03515625 0.7640625
0 0.68359375 0.840625 0.72109375 0.8125 0.77734375 0.809375 0.79921875 0.7921875 0.81640625 0.790625 0.82265625 0.784375 0.84921875 0.8125 0.88515625 0.8265625 0.8921875 0.82578125 0.89765625 0.796875 0.93359375 0.7984375 0.9453125 0.79140625 0.9421875 0.76484375 0.9546875 0.74453125 0.95625 0.72890625 0.98828125 0.7125 0.9953125 0.70234375 0.9859375 0.64765625 1 0.62421875 0.9953125 0.57265625 1 0.52734375 0.98828125 0.5078125 0.9734375 0.50234375 0.96640625 0.4828125 0.9578125 0.49140625 0.9578125 0.53515625 0.91171875 0.540625 0.903125 0.56171875 0.921875 0.58203125 0.928125 0.60859375 0.93828125 0.609375 0.946875 0.61953125 0.94609375 0.66875 0.93515625 0.6703125 0.89140625 0.646875 0.86328125 0.6546875 0.84140625 0.653125 0.81796875 0.6296875 0.79296875 0.6265625 0.76015625 0.603125 0.70390625 0.603125 0.6984375 0.56328125 0.67265625 0.5484375 0.66015625 0.5578125 0.6484375 0.52109375 0.640625 0.52109375 0.6453125 0.50546875 0.6390625 0.49609375 0.61328125 0.5 0.60859375 0.4859375 0.6015625 0.48984375 0.6 0.50703125 0.609375 0.51015625 0.6140625 0.53515625 0.5921875 0.59609375 0.55390625 0.63125 0.52890625 0.6234375 0.5203125 0.64140625 0.5203125 0.65546875 0.5453125 0.68203125 0.5421875 0.69140625 0.52265625 0.6921875 0.48984375 0.6640625 0.46171875 0.6609375 0.45390625 0.684375 0.4140625 0.69453125 0.415625 0.85859375 0.4359375 0.84296875 0.44140625 0.8203125 0.46796875 0.821875 0.48203125 0.8125 0.490625 0.80078125 0.478125 0.79453125 0.48125 0.78046875 0.49765625 0.7625 0.51953125 0.7578125 0.53203125 0.7734375 0.54375 0.77421875 0.5453125 0.78515625 0.53828125 0.8 0.52578125 0.7953125 0.515625 0.80546875 0.51875 0.83203125 0.5390625 0.85546875 0.54375 0.87109375 0.528125 0.91015625 0.55078125 0.915625 0.57734375 0.9125 0.60078125 0.9265625 0.6109375 0.95078125 0.6203125 0.95234375 0.634375 0.93984375 0.6421875 0.91015625 0.6609375 0.87578125 0.6515625 0.86171875 0.66015625 0.840625 0.68359375 0.840625
0 0.9515625 0.45234375 0.94609375 0.4296875 0.91640625 0.4265625 0.89921875 0.43125 0.85859375 0.4125 0.84609375 0.396875 0.8171875 0.38203125 0.8171875 0.31796875 0.8515625 0.29921875 0.884375 0.23828125 0.8859375 0.22109375 0.86875 0.18671875 0.8703125 0.16640625 0.8625 0.13359375 0.82734375 0.1328125 0.80390625 0.1421875 0.78359375 0.13125 0.75390625 0.1359375 0.73828125 0.1296875 0.71171875 0.13125 0.709375 0.14453125 0.71796875 0.1546875 0.76015625 0.15 0.7703125 0.16640625 0.7640625 0.19765625 0.7546875 0.20859375 0.7546875 0.23359375 0.746875 0.24921875 0.7296875 0.26328125 0.7234375 0.31484375 0.7171875 0.32421875 0.7234375 0.34921875 0.7203125 0.37578125 0.728125 0.39453125 0.7265625 0.41484375 0.7203125 0.41640625 0.73125 0.42265625 0.70078125 0.4234375 0.7 0.43203125 0.7078125 0.43515625 0.70546875 0.4421875 0.72265625 0.4421875 0.72265625 0.4375 0.7109375 0.43671875 0.7171875 0.43203125 0.7125 0.42734375 0.71953125 0.425 0.72265625 0.434375 0.73046875 0.425 0.73125 0.45546875 0.7453125 0.48359375 0.76171875 0.496875 0.79765625 0.503125 0.81328125 0.53125 0.8375 0.53359375 0.85 0.51171875 0.86953125 0.4984375 0.90234375 0.5 0.92578125 0.4859375 0.94375 0.46953125 0.9515625 0.45234375
0 0.60859375 0.525 0.62265625 0.534375 0.6328125 0.53359375 0.65625 0.50703125 0.65546875 0.4796875 0.5453125 0.48203125 0.55703125 0.4953125 0.59765625 0.5015625 0.60859375 0.525
0 0.4734375 0.53046875 0.5 0.53359375 0.5140625 0.52734375 0.5234375 0.48359375 0.46953125 0.478125 0.4671875 0.48515625 0.4765625 0.50390625 0.4734375 0.53046875
0 0.93125 0.08359375 0.93046875 0.0609375 0.9171875 0.06796875 0.91875 0.08359375 0.9265625 0.08515625 0.93125 0.08359375
0 0.98515625 0 0.9421875 0.02578125 0.93828125 0.0578125 0.96484375 0.05 1 0.06015625 0.99921875 0 0.98515625 0
0 0.265625 0.91640625 0.26015625 0.9078125 0.23046875 0.91875 0.2171875 0.93515625 0.225 0.95390625 0.2171875 0.97734375 0.25625 0.97890625 0.2640625 0.97734375 0.265625 0.96484375 0.2765625 0.95703125 0.28125 0.94296875 0.2578125 0.92890625 0.265625 0.91640625
0 0.15859375 0.96875 0.196875 0.97734375 0.2109375 0.96953125 0.1953125 0.91640625 0.17421875 0.9125 0.1578125 0.92265625 0.1484375 0.95078125 0.15859375 0.96875
0 0.328125 0.91796875 0.325 0.93203125 0.3328125 0.93671875 0.36640625 0.9265625 0.38828125 0.934375 0.4046875 0.91640625 0.4046875 0.90859375 0.37734375 0.875 0.328125 0.91796875
0 0.4921875 0.34140625 0.50234375 0.353125 0.509375 0.35234375 0.534375 0.33515625 0.528125 0.31640625 0.51640625 0.309375 0.50859375 0.309375 0.4921875 0.33046875 0.4921875 0.34140625