0 0.65625 0.54921875 0.646875 0.50390625 0.63359375 0.5046875 0.615625 0.52578125 0.6140625 0.59609375 0.62265625 0.6015625 0.63984375 0.603125 0.6453125 0.59609375 0.646875 0.55703125 0.65625 0.54921875
0 0.6578125 0.54296875 0.6453125 0.50390625 0.63515625 0.5046875 0.6171875 0.52109375 0.6140625 0.58671875 0.61796875 0.6 0.6375 0.60546875 0.6296875 0.66171875 0.6140625 0.67265625 0.6296875 0.72421875 0.6296875 0.89296875 0.63671875 0.9078125 0.65 0.86171875 0.67734375 0.846875 0.6921875 0.82265625 0.684375 0.79453125 0.675 0.78359375 0.6828125 0.74765625 0.6703125 0.73671875 0.6671875 0.67421875 0.653125 0.65234375 0.646875 0.56328125 0.6578125 0.54296875
0 0.18203125 0.375 0.16796875 0.3734375 0.1515625 0.31796875 0.1390625 0.32109375 0.15 0.32421875 0.1497802734375 0.3288330078125 0.13828125 0.325 0.13046875 0.3359375 0.1109375 0.34453125 0.11015625 0.3734375 0.0625 0.37890625 0.0609375 0.41015625 0.0484375 0.42578125 0.0359375 0.46328125 0.0359375 0.47421875 0.0765625 0.51640625 0.08671875 0.5484375 0.12578125 0.5609375 0.15703125 0.5390625 0.16953125 0.56875 0.18984375 0.5703125 0.203125 0.58359375 0.18203125 0.596875 0.146875 0.59453125 0.1484375 0.64765625 0.1640625 0.66328125 0.165625 0.69609375 0.1796875 0.70546875 0.18125 0.71640625 0.17734375 0.721875 0.15625 0.72265625 0.1421875 0.76484375 0.15234375 0.771875 0.17109375 0.7671875 0.20078125 0.7734375 0.209375 0.78828125 0.2125 0.81953125 0.1953125 0.83828125 0.20078125 0.846875 0.20390625 0.84375 0.24609375 0.8609375 0.2546875 0.85390625 0.259375 0.82734375 0.25625 0.79140625 0.27578125 0.765625 0.28359375 0.7671875 0.31015625 0.796875 0.36171875 0.815625 0.38515625 0.846875 0.4 0.85390625 0.39140625 0.8671875 0.38125 0.86953125 0.3796875 0.88515625 0.384375 0.92421875 0.39921875 0.934375 0.43984375 0.94375 0.45234375 0.9375 0.46640625 0.9390625 0.4703125 0.92421875 0.48515625 0.921875 0.48984375 0.9109375 0.49453125 0.9171875 0.50703125 0.9109375 0.51953125 0.9203125 0.55703125 0.928125 0.5578125 0.91796875 0.5375 0.90546875 0.54375 0.88359375 0.5359375 0.86484375 0.55078125 0.8546875 0.5703125 0.85703125 0.5765625 0.83203125 0.5703125 0.82578125 0.578125 0.82109375 0.58125 0.80703125 0.57734375 0.7890625 0.55703125 0.7875 0.54375 0.76953125 0.5421875 0.66328125 0.55625 0.65546875 0.559375 0.63828125 0.5359375 0.63046875 0.53046875 0.6078125 0.47890625 0.6296875 0.446875 0.62109375 0.45 0.58671875 0.4625 0.57109375 0.459375 0.54921875 0.41875 0.51796875 0.41328125 0.4890625 0.3734375 0.46640625 0.3703125 0.44609375 0.375 0.43203125 0.3671875 0.41484375 0.36640625 0.3828125 0.3453125 0.38359375 0.334375 0.40390625 0.328125 0.43515625 0.30234375 0.459375 0.28359375 0.4671875 0.25625 0.41953125 0.25625 0.37734375 0.23671875 0.378125 0.20859375 0.365625 0.18203125 0.375
0 0.3703125 0.12734375 0.3625 0.12265625 0.32421875 0.121875 0.29453125 0.1328125 0.28671875 0.153125 0.26015625 0.1515625 0.2453125 0.16484375 0.24375 0.17578125 0.24921875 0.18125 0.2703125 0.18984375 0.2625 0.21015625 0.265625 0.22421875 0.2484375 0.24609375 0.278125 0.25859375 0.2796875 0.29296875 0.2734375 0.30234375 0.29375 0.31640625 0.2921875 0.33359375 0.2703125 0.35234375 0.27109375 0.359375 0.31015625 0.365625 0.315625 0.36171875 0.3203125 0.32265625 0.3171875 0.28828125 0.309375 0.27109375 0.3265625 0.26328125 0.328125 0.25234375 0.3171875 0.23671875 0.334375 0.21796875 0.3359375 0.20703125 0.3484375 0.19921875 0.3515625 0.17109375 0.3703125 0.15703125 0.3703125 0.12734375
0 0.5625 0.02734375 0.5640625 0.00078125 0.5265625 0.00078125 0.5203125 0.02421875 0.5296875 0.03515625 0.528125 0.04609375 0.4875 0.07109375 0.484375 0.09140625 0.50703125 0.1203125 0.52734375 0.115625 0.5328125 0.13203125 0.55 0.14453125 0.540625 0.16171875 0.55625 0.18359375 0.5578125 0.21953125 0.571875 0.23046875 0.5890625 0.27890625 0.60859375 0.2828125 0.609375 0.25703125 0.5703125 0.07421875 0.5703125 0.03671875 0.5625 0.02734375
0 0.6953125 0.30703125 0.69375 0.28359375 0.67890625 0.284375 0.65 0.32421875 0.646875 0.34453125 0.65625 0.37578125 0.60546875 0.38125 0.584375 0.39921875 0.62890625 0.403125 0.64765625 0.4203125 0.68671875 0.4140625 0.73046875 0.4296875 0.77421875 0.425 0.7890625 0.38359375 0.784375 0.28515625 0.7703125 0.28671875 0.76171875 0.3125 0.72265625 0.31875 0.6953125 0.30703125
0 0.875 0.49765625 0.821875 0.47734375 0.80703125 0.4765625 0.8015625 0.48203125 0.8 0.51953125 0.81875 0.56953125 0.83359375 0.575 0.871875 0.54296875 0.875 0.49765625
0 0.5125 0.19609375 0.5046875 0.18203125 0.49453125 0.1828125 0.47578125 0.209375 0.45859375 0.2109375 0.459375 0.22265625 0.46796875 0.2125 0.47578125 0.2328125 0.50234375 0.2328125 0.509375 0.22265625 0.50625 0.20859375 0.5125 0.19609375
0 0.4515625 0.07109375 0.4390625 0.05859375 0.41953125 0.06875 0.39921875 0.06875 0.39375 0.07421875 0.3953125 0.08515625 0.42109375 0.09375 0.45078125 0.0890625 0.4515625 0.07109375
0 0.21953125 0.0234375 0.2375 0.00078125 0.20078125 0 0.1890625 0.01171875 0.1875 0.02421875 0.21953125 0.0234375
0 0.8265625 0.32734375 0.8171875 0.30859375 0.8109375 0.33359375 0.7953125 0.36015625 0.81640625 0.3671875 0.85234375 0.3640625 0.8546875 0.35390625 0.83984375 0.334375 0.8265625 0.32734375
0 0.89609375 0.465625 0.903125 0.43828125 0.86796875 0.4421875 0.865625 0.46484375 0.88203125 0.4703125 0.89609375 0.465625
0 0.7109375 0.02421875 0.70625 0.00703125 0.67265625 0.009375 0.65390625 0.0140625 0.653125 0.01953125 0.68046875 0.0234375 0.68515625 0.034375 0.69609375 0.0359375 0.7109375 0.02421875
0 0.31328125 0.8921875 0.290625 0.89140625 0.2765625 0.89453125 0.271875 0.91484375 0.33046875 0.9328125 0.3375 0.91328125 0.3296875 0.90234375 0.31328125 0.8921875
0 0.2015625 0.89921875 0.19375 0.88984375 0.15234375 0.8984375 0.1484375 0.90546875 0.15703125 0.9125 0.18984375 0.91875 0.2015625 0.89921875
0 0.1125 0.86328125 0.0921875 0.85390625 0.078125 0.85703125 0.0765625 0.87734375 0.09140625 0.884375 0.10390625 0.9015625 0.11328125 0.9 0.1125 0.86328125
0 0.99921875 0.8 1 0.77578125 0.97734375 0.7796875 0.9734375 0.79609375 0.99921875 0.8