0 0.3875 0.67890625 0.365625 0.64921875 0.35078125 0.65 0.3359375 0.67421875 0.3296875 0.71796875 0.3328125 0.73828125 0.31875 0.75078125 0.3265625 0.78359375 0.309375 0.81953125 0.31875 0.84140625 0.34765625 0.85625 0.36171875 0.8765625 0.36875 0.86953125 0.371875 0.72265625 0.378125 0.69296875 0.3875 0.67890625
0 0.87265625 0.3359375 0.8578125 0.31640625 0.84921875 0.315625 0.8421875 0.32265625 0.83515625 0.371875 0.82265625 0.375 0.79609375 0.365625 0.76953125 0.3765625 0.7421875 0.37890625 0.74375 0.41796875 0.734375 0.44296875 0.71640625 0.4671875 0.675 0.43359375 0.678125 0.41484375 0.6734375 0.40234375 0.659375 0.39296875 0.65625 0.38359375 0.63515625 0.3828125 0.6328125 0.41484375 0.621875 0.44140625 0.6265625 0.46640625 0.5859375 0.49296875 0.5828125 0.51484375 0.55078125 0.5375 0.5421875 0.55078125 0.5390625 0.57109375 0.5515625 0.58671875 0.5515625 0.61484375 0.52421875 0.628125 0.48828125 0.609375 0.47109375 0.6078125 0.46328125 0.6328125 0.440625 0.63828125 0.4421875 0.65390625 0.4578125 0.66171875 0.4578125 0.76484375 0.43671875 0.7875 0.4234375 0.78359375 0.4203125 0.81328125 0.43125 0.85546875 0.44921875 0.8546875 0.4671875 0.86484375 0.45625 0.88359375 0.4640625 0.90546875 0.44375 0.91796875 0.453125 0.92578125 0.44765625 0.940625 0.49609375 0.940625 0.4921875 0.93671875 0.5015625 0.93203125 0.4921875 0.92421875 0.50078125 0.921875 0.51953125 0.9234375 0.51953125 0.9328125 0.52421875 0.9234375 0.53046875 0.9234375 0.53671875 0.940625 0.54140625 0.9328125 0.55234375 0.9328125 0.55390625 0.940625 0.56171875 0.9421875 0.56171875 0.934375 0.5546875 0.93671875 0.55859375 0.93125 0.57578125 0.9375 0.60390625 0.9328125 0.61875 0.91953125 0.621875 0.88203125 0.6046875 0.86328125 0.603125 0.85234375 0.64140625 0.8140625 0.66953125 0.809375 0.69765625 0.79375 0.71796875 0.7671875 0.72890625 0.7671875 0.74375 0.78984375 0.746875 0.85234375 0.75234375 0.859375 0.76484375 0.8578125 0.8046875 0.83828125 0.790625 0.81953125 0.7953125 0.77734375 0.80546875 0.7703125 0.85625 0.76328125 0.8546875 0.74453125 0.8453125 0.72734375 0.8203125 0.71640625 0.8234375 0.70234375 0.834375 0.69765625 0.8359375 0.66640625 0.853125 0.64609375 0.8546875 0.59765625 0.81953125 0.596875 0.80078125 0.5875 0.7984375 0.57890625 0.80859375 0.5703125 0.82734375 0.56875 0.8359375 0.56015625 0.84140625 0.5390625 0.85078125 0.5390625 0.87265625 0.559375 0.91484375 0.5484375 0.9265625 0.51328125 0.965625 0.46640625 0.953125 0.42578125 0.940625 0.41171875 0.9390625 0.38046875 0.89296875 0.3734375 0.8890625 0.34296875 0.87265625 0.3359375
0 0.3859375 0.52421875 0.3625 0.50234375 0.35 0.51015625 0.3546875 0.52578125 0.34375 0.54453125 0.3546875 0.55703125 0.35625 0.59765625 0.37109375 0.603125 0.3875 0.59609375 0.3859375 0.52421875
0 0.1765625 0.48828125 0.15 0.47734375 0.1375 0.47890625 0.1296875 0.51171875 0.1390625 0.54921875 0.15703125 0.575 0.1765625 0.52109375 0.1765625 0.48828125
0 0.315625 0.28828125 0.30625 0.28046875 0.29375 0.28984375 0.26875 0.33203125 0.26875 0.35546875 0.2765625 0.37578125 0.22578125 0.38125 0.203125 0.39921875 0.25078125 0.403125 0.26796875 0.41875 0.31796875 0.415625 0.34765625 0.428125 0.39296875 0.4234375 0.409375 0.38359375 0.4015625 0.29921875 0.38828125 0.296875 0.38046875 0.3140625 0.34140625 0.31875 0.315625 0.30859375 0.315625 0.28828125
0 0.453125 0.02734375 0.45625 0.00078125 0.41875 0.00078125 0.41875 0.04765625 0.378125 0.07109375 0.3765625 0.09140625 0.39765625 0.1203125 0.41640625 0.11875 0.440625 0.14453125 0.43125 0.16328125 0.446875 0.18203125 0.45 0.22265625 0.4625 0.22890625 0.46875 0.26015625 0.484375 0.28671875 0.50234375 0.3 0.503125 0.27109375 0.4640625 0.08828125 0.4625 0.03828125 0.453125 0.02734375
0 0.70703125 0.1328125 0.6796875 0.12265625 0.63359375 0.125 0.63125 0.15703125 0.6484375 0.17109375 0.653125 0.18359375 0.646875 0.20390625 0.66328125 0.2078125 0.684375 0.23671875 0.671875 0.25859375 0.6890625 0.26953125 0.6796875 0.33046875 0.6859375 0.36328125 0.71171875 0.365625 0.734375 0.36015625 0.7125 0.33671875 0.709375 0.32109375 0.73125 0.30078125 0.7234375 0.28984375 0.725 0.26015625 0.73515625 0.253125 0.74921875 0.2546875 0.753125 0.24765625 0.7375 0.22578125 0.740625 0.20859375 0.73125 0.19453125 0.73828125 0.184375 0.75546875 0.1796875 0.7578125 0.16953125 0.74140625 0.1515625 0.71796875 0.1515625 0.70703125 0.1328125
0 0.4015625 0.22265625 0.3859375 0.19453125 0.37890625 0.19375 0.3734375 0.20546875 0.3734375 0.23203125 0.38359375 0.2359375 0.4015625 0.22265625
0 0.32734375 0.009375 0.3078125 0.00703125 0.29609375 0.00625 0.290625 0.01796875 0.30390625 0.0359375 0.31640625 0.034375 0.32109375 0.0234375 0.33046875 0.0234375 0.3359375 0.01640625 0.32734375 0.009375
0 0.925 0.87734375 0.9203125 0.85390625 0.890625 0.86015625 0.88828125 0.9 0.89765625 0.9015625 0.91015625 0.884375 0.925 0.87734375
0 0.85078125 0.8984375 0.8171875 0.88984375 0.8 0.89609375 0.81015625 0.91875 0.853125 0.90703125 0.85078125 0.8984375
0 0.9921875 0.79140625 0.975 0.76953125 0.9703125 0.80546875 0.971875 0.81484375 0.97734375 0.815625 0.9875 0.80703125 0.9921875 0.79140625
0 0.99375 0.88203125 0.9859375 0.86796875 0.971875 0.87109375 0.97734375 0.8921875 0.99375 0.88203125
0 0.325 0.94140625 0.321875 0.90078125 0.31171875 0.9015625 0.3 0.91640625 0.30390625 0.9484375 0.325 0.94140625
0 0 0.80234375 0.02734375 0.8 0.025 0.78046875 0.0046875 0.77421875 0 0.77421875 0 0.80234375