0 0.34765625 0.14375 0.31875 0.15859375 0.309375 0.18046875 0.3265625 0.21640625 0.31875 0.24921875 0.3328125 0.26171875 0.3296875 0.28203125 0.3359375 0.32578125 0.35078125 0.35 0.365625 0.35078125 0.3875 0.32109375 0.378125 0.30703125 0.371875 0.27734375 0.36875 0.13046875 0.36171875 0.1234375 0.34765625 0.14375
0 0.953125 0.57421875 0.965625 0.53359375 0.9265625 0.48671875 0.91484375 0.4515625 0.87265625 0.440625 0.85078125 0.4609375 0.84140625 0.4609375 0.8359375 0.43984375 0.82734375 0.43125 0.80859375 0.4296875 0.7984375 0.42109375 0.80078125 0.4125 0.81953125 0.403125 0.8546875 0.40234375 0.853125 0.35390625 0.8359375 0.33359375 0.834375 0.30234375 0.8234375 0.29765625 0.8203125 0.28359375 0.8453125 0.27265625 0.8546875 0.25546875 0.85625 0.23671875 0.80546875 0.2296875 0.7953125 0.22265625 0.790625 0.18046875 0.8046875 0.16171875 0.76484375 0.1421875 0.75234375 0.140625 0.746875 0.14765625 0.74375 0.21015625 0.72890625 0.2328125 0.71796875 0.2328125 0.69765625 0.20625 0.66953125 0.190625 0.64140625 0.1859375 0.603125 0.14765625 0.6046875 0.13671875 0.621875 0.11796875 0.61875 0.08046875 0.60390625 0.0671875 0.57578125 0.0625 0.55859375 0.06875 0.5546875 0.06328125 0.56171875 0.065625 0.56171875 0.0578125 0.55390625 0.059375 0.55234375 0.0671875 0.54140625 0.0671875 0.53671875 0.059375 0.53046875 0.0765625 0.52421875 0.0765625 0.51953125 0.0671875 0.51953125 0.0765625 0.50078125 0.078125 0.4921875 0.07578125 0.5015625 0.06796875 0.4921875 0.06328125 0.49609375 0.059375 0.44765625 0.059375 0.453125 0.07421875 0.44375 0.08203125 0.4640625 0.09453125 0.45625 0.11640625 0.4671875 0.13515625 0.44921875 0.1453125 0.43125 0.14453125 0.4203125 0.18671875 0.4234375 0.21640625 0.43671875 0.2125 0.4578125 0.23515625 0.4578125 0.33828125 0.4421875 0.34609375 0.440625 0.36171875 0.46328125 0.3671875 0.47109375 0.3921875 0.48828125 0.390625 0.52421875 0.371875 0.5515625 0.38515625 0.5515625 0.41328125 0.5390625 0.42890625 0.5421875 0.44921875 0.55078125 0.4625 0.5828125 0.48515625 0.5859375 0.50703125 0.6265625 0.53359375 0.621875 0.55859375 0.6328125 0.58515625 0.63515625 0.6171875 0.65625 0.61640625 0.659375 0.60703125 0.6734375 0.59765625 0.678125 0.58515625 0.675 0.56640625 0.71640625 0.5328125 0.734375 0.55703125 0.74375 0.58203125 0.7421875 0.62109375 0.76953125 0.6234375 0.79609375 0.634375 0.82265625 0.625 0.83515625 0.628125 0.8421875 0.67734375 0.84921875 0.684375 0.8578125 0.68359375 0.87265625 0.6640625 0.8890625 0.65703125 0.89296875 0.6265625 0.9390625 0.61953125 0.940625 0.58828125 0.953125 0.57421875
0 0.34375 0.45546875 0.3546875 0.47421875 0.35 0.48984375 0.3625 0.49765625 0.3859375 0.47578125 0.3875 0.40390625 0.37109375 0.396875 0.35625 0.40234375 0.3546875 0.44296875 0.34375 0.45546875
0 0.1375 0.52109375 0.15 0.52265625 0.1765625 0.51171875 0.1765625 0.47890625 0.15703125 0.425 0.1390625 0.45078125 0.1296875 0.48828125 0.1375 0.52109375
0 0.4015625 0.70078125 0.409375 0.61640625 0.39296875 0.5765625 0.34765625 0.571875 0.31796875 0.584375 0.26796875 0.58125 0.25078125 0.596875 0.203125 0.60078125 0.22578125 0.61875 0.2765625 0.62421875 0.26875 0.64453125 0.26875 0.66796875 0.29375 0.71015625 0.30625 0.71953125 0.315625 0.71171875 0.315625 0.69140625 0.34140625 0.68125 0.38046875 0.6859375 0.38828125 0.703125 0.4015625 0.70078125
0 0.484375 0.71328125 0.46875 0.73984375 0.4625 0.77109375 0.45 0.77734375 0.446875 0.81796875 0.43125 0.83671875 0.440625 0.85546875 0.41640625 0.88125 0.39765625 0.8796875 0.3765625 0.90859375 0.378125 0.92890625 0.41875 0.95234375 0.41875 0.99921875 0.45625 0.99921875 0.453125 0.97265625 0.4625 0.96171875 0.4640625 0.91171875 0.503125 0.72890625 0.50234375 0.7 0.484375 0.71328125
0 0.73828125 0.815625 0.73125 0.80546875 0.740625 0.79140625 0.7375 0.77421875 0.753125 0.75234375 0.74921875 0.7453125 0.73515625 0.746875 0.725 0.73984375 0.7234375 0.71015625 0.73125 0.69921875 0.709375 0.67890625 0.7125 0.66328125 0.734375 0.63984375 0.71171875 0.634375 0.6859375 0.63671875 0.6796875 0.66953125 0.6890625 0.73046875 0.671875 0.74140625 0.684375 0.76328125 0.66328125 0.7921875 0.646875 0.79609375 0.653125 0.81640625 0.6484375 0.82890625 0.63125 0.84296875 0.63359375 0.875 0.6796875 0.87734375 0.70703125 0.8671875 0.71796875 0.8484375 0.74140625 0.8484375 0.7578125 0.83046875 0.75546875 0.8203125 0.73828125 0.815625
0 0.3859375 0.80546875 0.4015625 0.77734375 0.38359375 0.7640625 0.3734375 0.76796875 0.3734375 0.79453125 0.37890625 0.80625 0.3859375 0.80546875
0 0.30390625 0.9640625 0.290625 0.98203125 0.29609375 0.99375 0.3078125 0.99296875 0.32734375 0.990625 0.3359375 0.98359375 0.33046875 0.9765625 0.32109375 0.9765625 0.31640625 0.965625 0.30390625 0.9640625
0 0.9203125 0.14609375 0.925 0.12265625 0.91015625 0.115625 0.89765625 0.0984375 0.88828125 0.1 0.890625 0.13984375 0.9203125 0.14609375
0 0.85078125 0.1015625 0.853125 0.09296875 0.81015625 0.08125 0.8 0.10390625 0.8171875 0.11015625 0.85078125 0.1015625
0 0.975 0.23046875 0.9921875 0.20859375 0.9875 0.19296875 0.97734375 0.184375 0.971875 0.18515625 0.9703125 0.19453125 0.975 0.23046875
0 0.97734375 0.1078125 0.971875 0.12890625 0.9859375 0.13203125 0.99375 0.11796875 0.97734375 0.1078125
0 0.325 0.05859375 0.30390625 0.0515625 0.3 0.08359375 0.31171875 0.0984375 0.321875 0.09921875 0.325 0.05859375
0 0 0.22578125 0.0046875 0.22578125 0.025 0.21953125 0.02734375 0.2 0 0.19765625 0 0.22578125