0 0.5484375 0.32109375 0.5421875 0.31640625 0.52890625 0.3171875 0.51640625 0.3359375 0.4984375 0.34453125 0.49765625 0.371875 0.453125 0.37890625 0.45 0.41328125 0.4375 0.42578125 0.421875 0.46484375 0.421875 0.47265625 0.4609375 0.50859375 0.47734375 0.55 0.52265625 0.5609375 0.54765625 0.546875 0.55703125 0.5671875 0.58203125 0.571875 0.5890625 0.57890625 0.58203125 0.5921875 0.53828125 0.5921875 0.534375 0.59765625 0.5375 0.64765625 0.5546875 0.66484375 0.5546875 0.69609375 0.565625 0.70234375 0.56875 0.71640625 0.5453125 0.72109375 0.53125 0.76171875 0.53671875 0.7671875 0.58984375 0.771875 0.596875 0.77890625 0.6015625 0.81953125 0.5859375 0.83828125 0.60078125 0.85 0.62578125 0.8578125 0.6421875 0.85390625 0.6484375 0.82734375 0.64375 0.79921875 0.66328125 0.7671875 0.67578125 0.76875 0.68984375 0.790625 0.71484375 0.80625 0.75234375 0.8171875 0.77734375 0.846875 0.83671875 0.8515625 0.84765625 0.846875 0.8765625 0.85546875 0.87109375 0.8671875 0.85546875 0.875 0.81796875 0.875 0.79609375 0.8578125 0.77890625 0.8671875 0.7703125 0.88203125 0.7703125 0.91171875 0.78359375 0.9296875 0.8046875 0.93203125 0.7953125 0.91640625 0.80078125 0.8875 0.83671875 0.8921875 0.84765625 0.9265625 0.87578125 0.9078125 0.92265625 0.90625 0.9296875 0.88359375 0.921875 0.87421875 0.921875 0.86328125 0.92890625 0.85625 0.9578125 0.84921875 0.95703125 0.8421875 0.940625 0.83359375 0.94375 0.82109375 0.95234375 0.8140625 0.96953125 0.8171875 0.9859375 0.79765625 0.97734375 0.778125 0.96328125 0.7890625 0.95078125 0.790625 0.9328125 0.76953125 0.9328125 0.67421875 0.928125 0.66171875 0.9421875 0.64296875 0.9234375 0.63046875 0.91796875 0.6109375 0.90390625 0.6125 0.87265625 0.6296875 0.85078125 0.6296875 0.8390625 0.61484375 0.8390625 0.58671875 0.8515625 0.57265625 0.85 0.55703125 0.83671875 0.5359375 0.809375 0.51796875 0.8046875 0.49296875 0.765625 0.46796875 0.775 0.45859375 0.775 0.44609375 0.7578125 0.41015625 0.7625 0.38671875 0.75859375 0.3796875 0.73125 0.38203125 0.7171875 0.41171875 0.715625 0.43203125 0.68984375 0.459375 0.67265625 0.465625 0.6484375 0.42109375 0.6484375 0.38203125 0.59921875 0.365625 0.56796875 0.375 0.55703125 0.371875 0.5484375 0.32109375
0 0.3859375 0.52578125 0.365625 0.50390625 0.353125 0.50546875 0.353125 0.52734375 0.3453125 0.53671875 0.3453125 0.54921875 0.3546875 0.56171875 0.35 0.63984375 0.334375 0.67578125 0.33125 0.73671875 0.31875 0.74921875 0.3265625 0.78203125 0.309375 0.81796875 0.31875 0.84296875 0.34765625 0.8578125 0.35625 0.86953125 0.36484375 0.9125 0.3734375 0.88984375 0.371875 0.73203125 0.3875 0.68046875 0.3875 0.67265625 0.371875 0.66171875 0.3640625 0.61328125 0.36640625 0.603125 0.3875 0.59453125 0.3859375 0.52578125
0 0.1765625 0.48828125 0.15 0.47734375 0.1375 0.47890625 0.1296875 0.51171875 0.1390625 0.54921875 0.15 0.56953125 0.15859375 0.5734375 0.1765625 0.52109375 0.1765625 0.48828125
0 0.3515625 0.32578125 0.3203125 0.28359375 0.30625 0.28515625 0.30234375 0.3109375 0.27890625 0.31875 0.24296875 0.3140625 0.23125 0.28515625 0.2171875 0.28515625 0.2125 0.38359375 0.22890625 0.4265625 0.24453125 0.4234375 0.27265625 0.4296875 0.31484375 0.4140625 0.35390625 0.41875 0.37265625 0.403125 0.40859375 0.403125 0.41875 0.39765625 0.39609375 0.38125 0.3453125 0.37578125 0.3546875 0.34609375 0.3515625 0.32578125
0 0.48125 0.02109375 0.4734375 0.00078125 0.4390625 0.00078125 0.440625 0.02734375 0.43125 0.03671875 0.43125 0.07265625 0.3921875 0.25546875 0.39296875 0.2828125 0.4140625 0.27734375 0.4296875 0.23046875 0.44375 0.22109375 0.446875 0.18046875 0.4609375 0.16328125 0.4515625 0.14453125 0.4703125 0.12890625 0.47421875 0.115625 0.49453125 0.1203125 0.515625 0.09453125 0.5140625 0.07421875 0.4734375 0.04765625 0.471875 0.03359375 0.48125 0.02109375
0 0.7609375 0.13203125 0.75 0.12265625 0.71328125 0.121875 0.67890625 0.134375 0.67265625 0.1515625 0.64609375 0.153125 0.6296875 0.17578125 0.659375 0.18984375 0.6515625 0.20703125 0.653125 0.22578125 0.6359375 0.24609375 0.6640625 0.25859375 0.665625 0.29140625 0.659375 0.30078125 0.68125 0.31796875 0.6765625 0.33828125 0.6546875 0.35703125 0.65859375 0.3640625 0.703125 0.36484375 0.709375 0.33203125 0.7 0.27109375 0.715625 0.26171875 0.7046875 0.23515625 0.721875 0.21953125 0.7234375 0.20859375 0.7375 0.19921875 0.740625 0.16953125 0.759375 0.15546875 0.7609375 0.13203125
0 0.32734375 0.009375 0.3078125 0.00703125 0.29609375 0.00625 0.290625 0.01796875 0.30390625 0.0359375 0.31640625 0.034375 0.32109375 0.0234375 0.3359375 0.01640625 0.32734375 0.009375
0 0.1890625 0.33203125 0.1875 0.31171875 0.18203125 0.3109375 0.175 0.32734375 0.153125 0.34453125 0.146875 0.35546875 0.14921875 0.3640625 0.18359375 0.3671875 0.203125 0.35859375 0.1890625 0.33203125
0 0.1359375 0.44453125 0.115625 0.43828125 0.0984375 0.43828125 0.103125 0.46328125 0.11484375 0.4703125 0.13359375 0.465625 0.1359375 0.44453125
0 0.49765625 0.8578125 0.484375 0.85390625 0.4671875 0.85390625 0.465625 0.87734375 0.49609375 0.903125 0.50625 0.89765625 0.5046875 0.87421875 0.49765625 0.8578125
0 0.5921875 0.89765625 0.58125 0.88984375 0.53828125 0.8984375 0.5359375 0.90546875 0.54453125 0.9125 0.58046875 0.91875 0.5921875 0.89765625
0 0.71015625 0.8953125 0.6765625 0.88984375 0.665625 0.89296875 0.66328125 0.91875 0.71484375 0.934375 0.721875 0.92890625 0.725 0.91015625 0.71015625 0.8953125
0 0.8390625 0.15703125 0.825 0.14921875 0.8125 0.15859375 0.81953125 0.1765625 0.8359375 0.16796875 0.8390625 0.15703125
0 0.8125 0.01171875 0.8015625 0.00078125 0.7640625 0.00078125 0.77890625 0.021875 0.81171875 0.0265625 0.8125 0.01171875
0 0.8921875 0.49609375 0.8875 0.49140625 0.86328125 0.490625 0.859375 0.51015625 0.87109375 0.5203125 0.88984375 0.521875 0.8921875 0.49609375
0 0.9140625 0.57734375 0.8953125 0.56484375 0.884375 0.57265625 0.8828125 0.59296875 0.89140625 0.603125 0.90078125 0.603125 0.9140625 0.57734375