0 0.646875 0.58203125 0.67265625 0.5328125 0.68984375 0.540625 0.7125 0.56328125 0.73125 0.61796875 0.75859375 0.6203125 0.7625 0.61328125 0.7578125 0.58828125 0.7734375 0.54296875 0.7640625 0.53671875 0.765625 0.53046875 0.8046875 0.50703125 0.8078125 0.48359375 0.83671875 0.4640625 0.85 0.44296875 0.8515625 0.42734375 0.8375 0.40546875 0.8375 0.38828125 0.84453125 0.3765625 0.8484375 0.37890625 0.8453125 0.37265625 0.87265625 0.3703125 0.91796875 0.3890625 0.9234375 0.36953125 0.94375 0.35703125 0.9296875 0.33984375 0.9328125 0.23046875 0.94609375 0.2109375 0.96328125 0.2109375 0.97734375 0.221875 0.9875 0.20546875 0.96953125 0.1828125 0.95390625 0.1859375 0.9421875 0.17578125 0.940625 0.16484375 0.959375 0.15390625 0.95703125 0.1484375 0.9234375 0.13984375 0.9203125 0.13203125 0.9296875 0.11171875 0.91953125 0.0921875 0.87578125 0.0921875 0.84765625 0.0734375 0.83671875 0.1078125 0.80234375 0.1125 0.796875 0.11015625 0.796875 0.08203125 0.8125 0.06796875 0.78515625 0.06875 0.7703125 0.08828125 0.77578125 0.13125 0.79765625 0.1390625 0.82109375 0.125 0.85546875 0.125 0.87421875 0.1328125 0.878125 0.14609375 0.84921875 0.153125 0.82109375 0.1484375 0.77578125 0.153125 0.75234375 0.1828125 0.69765625 0.2046875 0.67421875 0.2328125 0.66640625 0.234375 0.6453125 0.20703125 0.6484375 0.17578125 0.640625 0.14609375 0.61484375 0.1453125 0.5859375 0.16171875 0.6015625 0.17734375 0.596875 0.22265625 0.58828125 0.2296875 0.53671875 0.2328125 0.53125 0.23828125 0.5453125 0.27890625 0.5703125 0.28671875 0.5671875 0.29765625 0.55625 0.30234375 0.5546875 0.33671875 0.5375 0.35390625 0.534375 0.40078125 0.53828125 0.4078125 0.56171875 0.403125 0.58203125 0.4078125 0.590625 0.41640625 0.5890625 0.42421875 0.55546875 0.434375 0.54609375 0.453125 0.52109375 0.4390625 0.47734375 0.45 0.4625 0.48828125 0.421875 0.52734375 0.421875 0.53515625 0.4375 0.57421875 0.45 0.58671875 0.4515625 0.61953125 0.49765625 0.628125 0.5 0.65859375 0.51640625 0.6640625 0.52890625 0.6828125 0.5421875 0.68359375 0.55 0.67578125 0.55703125 0.628125 0.56953125 0.625 0.59765625 0.634375 0.6484375 0.61640625 0.646875 0.58203125
0 0.3875 0.32734375 0.3875 0.31953125 0.371875 0.26796875 0.3734375 0.11015625 0.36484375 0.0890625 0.35625 0.13046875 0.34765625 0.1421875 0.31875 0.15703125 0.309375 0.18203125 0.3265625 0.21796875 0.31875 0.25078125 0.33125 0.26328125 0.334375 0.32421875 0.35 0.36015625 0.3546875 0.43828125 0.3453125 0.45078125 0.3453125 0.46328125 0.353125 0.47265625 0.353125 0.49453125 0.365625 0.49609375 0.3859375 0.47421875 0.3875 0.40390625 0.36640625 0.396875 0.3640625 0.38671875 0.371875 0.33828125 0.3875 0.32734375
0 0.41015625 0.596875 0.37265625 0.596875 0.35390625 0.58125 0.31484375 0.5859375 0.27265625 0.5703125 0.22578125 0.575 0.221875 0.60078125 0.2125 0.61640625 0.2171875 0.71484375 0.2328125 0.71171875 0.24296875 0.6859375 0.27890625 0.68125 0.30234375 0.6890625 0.30625 0.71484375 0.3203125 0.71640625 0.353125 0.66953125 0.353125 0.64453125 0.3453125 0.62421875 0.39609375 0.61875 0.41875 0.60234375 0.41015625 0.596875
0 0.115625 0.56171875 0.1359375 0.55546875 0.13359375 0.534375 0.11484375 0.5296875 0.103125 0.53671875 0.0984375 0.56171875 0.115625 0.56171875
0 0.153125 0.65546875 0.175 0.67265625 0.18203125 0.6890625 0.1875 0.68828125 0.1890625 0.66796875 0.203125 0.64140625 0.18359375 0.6328125 0.14921875 0.6359375 0.146875 0.64453125 0.153125 0.65546875
0 0.49453125 0.8796875 0.47421875 0.884375 0.4703125 0.87109375 0.4515625 0.85546875 0.4609375 0.83671875 0.446875 0.81953125 0.44375 0.77890625 0.4296875 0.76953125 0.4140625 0.72265625 0.39296875 0.7171875 0.3921875 0.74453125 0.43125 0.92734375 0.43125 0.96328125 0.440625 0.97265625 0.4390625 0.99921875 0.4734375 0.99921875 0.48125 0.97890625 0.471875 0.96640625 0.4734375 0.95234375 0.5140625 0.92578125 0.515625 0.90390625 0.49453125 0.8796875
0 0.7046875 0.76171875 0.715625 0.74140625 0.7 0.73046875 0.709375 0.66796875 0.703125 0.63515625 0.66171875 0.6375 0.65625 0.64453125 0.6796875 0.66484375 0.6828125 0.68203125 0.6609375 0.69765625 0.665625 0.73984375 0.65390625 0.7484375 0.64296875 0.746875 0.6359375 0.75703125 0.653125 0.77421875 0.6515625 0.79296875 0.659375 0.81015625 0.6296875 0.82421875 0.64765625 0.8484375 0.67421875 0.85 0.68203125 0.8671875 0.71171875 0.878125 0.75 0.87734375 0.7609375 0.86640625 0.759375 0.84453125 0.740625 0.82890625 0.7390625 0.80078125 0.7234375 0.78984375 0.7046875 0.76171875
0 0.66328125 0.08125 0.665625 0.10703125 0.6765625 0.11015625 0.70390625 0.1078125 0.71640625 0.1 0.725 0.08984375 0.721875 0.07109375 0.71328125 0.065625 0.66328125 0.08125
0 0.5796875 0.11015625 0.5921875 0.10234375 0.58046875 0.08125 0.54453125 0.0875 0.5359375 0.09453125 0.53828125 0.1015625 0.5796875 0.11015625
0 0.4671875 0.14609375 0.484375 0.14609375 0.49765625 0.1421875 0.503125 0.13203125 0.50625 0.10234375 0.49765625 0.096875 0.465625 0.12265625 0.4671875 0.14609375
0 0.3234375 0.09921875 0.325 0.05703125 0.30703125 0.05 0.3 0.05859375 0.2984375 0.08046875 0.31328125 0.1 0.3234375 0.09921875