0 0.28671875 0.534375 0.3265625 0.56640625 0.328125 0.58984375 0.34609375 0.6203125 0.37109375 0.6171875 0.36875 0.58671875 0.3921875 0.54921875 0.38515625 0.5515625 0.3765625 0.53359375 0.415625 0.50859375 0.42578125 0.478125 0.46171875 0.453125 0.475 0.45234375 0.4671875 0.44609375 0.4625 0.42421875 0.47109375 0.4140625 0.484375 0.41640625 0.484375 0.44453125 0.49140625 0.446875 0.5125 0.41953125 0.509375 0.40859375 0.52265625 0.4078125 0.52578125 0.4 0.5359375 0.39765625 0.5390625 0.36953125 0.5609375 0.36484375 0.559375 0.34453125 0.5484375 0.33359375 0.5453125 0.31640625 0.5515625 0.31015625 0.5453125 0.30703125 0.5453125 0.28984375 0.553125 0.28828125 0.5453125 0.27421875 0.54921875 0.2796875 0.5546875 0.27265625 0.546875 0.26328125 0.5484375 0.24140625 0.5546875 0.23671875 0.5453125 0.23046875 0.578125 0.21484375 0.58125 0.18671875 0.5734375 0.13359375 0.56640625 0.1328125 0.55703125 0.1421875 0.540625 0.13046875 0.5484375 0.12265625 0.54375 0.10234375 0.5625 0.08359375 0.55859375 0.06875 0.55234375 0.065625 0.53671875 0.071875 0.53359375 0.0671875 0.53046875 0.075 0.5203125 0.07109375 0.52265625 0.065625 0.51484375 0.0671875 0.51484375 0.0734375 0.50078125 0.065625 0.49921875 0.0734375 0.49140625 0.0734375 0.49296875 0.065625 0.478125 0.06171875 0.49453125 0.059375 0.46640625 0.0546875 0.42421875 0.0578125 0.39296875 0.0671875 0.378125 0.09140625 0.38125 0.11171875 0.3765625 0.13046875 0.37890625 0.1390625 0.39140625 0.1390625 0.3953125 0.14453125 0.37734375 0.1515625 0.3765625 0.16171875 0.35390625 0.1859375 0.34140625 0.175 0.33359375 0.1890625 0.30546875 0.2046875 0.28046875 0.2296875 0.259375 0.21484375 0.259375 0.16640625 0.25625 0.14765625 0.24765625 0.1390625 0.20703125 0.15 0.18125 0.16953125 0.18515625 0.178125 0.18828125 0.1703125 0.19765625 0.16875 0.2046875 0.18046875 0.20625 0.20234375 0.19921875 0.2171875 0.1921875 0.21640625 0.19375 0.20703125 0.18515625 0.1984375 0.17578125 0.2078125 0.15 0.21171875 0.1390625 0.23984375 0.15 0.27890625 0.16640625 0.28125 0.16953125 0.2875 0.17421875 0.2828125 0.175 0.29140625 0.165625 0.30234375 0.1640625 0.33359375 0.146875 0.35546875 0.1453125 0.41171875 0.15390625 0.415625 0.16484375 0.409375 0.18828125 0.409375 0.1953125 0.42421875 0.16953125 0.4296875 0.15703125 0.4453125 0.15390625 0.4390625 0.15078125 0.4453125 0.14296875 0.4390625 0.13515625 0.4421875 0.1375 0.43515625 0.12890625 0.43125 0.12734375 0.4375 0.08828125 0.4484375 0.071875 0.48984375 0.0328125 0.53046875 0.0484375 0.57734375 0.059375 0.58984375 0.0609375 0.62109375 0.10703125 0.628125 0.1109375 0.65859375 0.13046875 0.665625 0.13984375 0.6828125 0.15625 0.68359375 0.16796875 0.628125 0.21171875 0.634375 0.23359375 0.6234375 0.259375 0.62265625 0.259375 0.57734375 0.28671875 0.534375
0 0.2765625 0.10546875 0.290625 0.10859375 0.31328125 0.1078125 0.3296875 0.09765625 0.3375 0.08671875 0.33046875 0.0671875 0.271875 0.08515625 0.2765625 0.10546875
0 0.19375 0.11015625 0.2015625 0.10234375 0.18984375 0.08125 0.15703125 0.0875 0.1484375 0.09453125 0.15234375 0.1015625 0.19375 0.11015625
0 0.078125 0.14296875 0.0921875 0.14609375 0.1125 0.13671875 0.11328125 0.1 0.10390625 0.0984375 0.09140625 0.115625 0.0765625 0.12265625 0.078125 0.14296875
0 0.684375 0.20546875 0.6921875 0.17578125 0.68046875 0.1546875 0.6515625 0.13984375 0.63515625 0.09375 0.6296875 0.10859375 0.6296875 0.27421875 0.6140625 0.32578125 0.6296875 0.33671875 0.6390625 0.39921875 0.6453125 0.40078125 0.653125 0.34609375 0.6671875 0.32421875 0.6703125 0.26328125 0.6828125 0.25078125 0.675 0.21796875 0.684375 0.20546875
0 0.7890625 0.61640625 0.77265625 0.5734375 0.75703125 0.5765625 0.73046875 0.5703125 0.68671875 0.5859375 0.64765625 0.5796875 0.62890625 0.596875 0.584375 0.60078125 0.60546875 0.61875 0.65625 0.62421875 0.646875 0.65546875 0.65 0.67578125 0.67890625 0.715625 0.6921875 0.71640625 0.6953125 0.69296875 0.72265625 0.68125 0.76171875 0.6875 0.7703125 0.71328125 0.784375 0.71484375 0.7890625 0.61640625
0 0.8015625 0.51796875 0.80703125 0.5234375 0.821875 0.52265625 0.875 0.50234375 0.871875 0.45703125 0.83359375 0.425 0.81875 0.43046875 0.8 0.48046875 0.8015625 0.51796875
0 0.8109375 0.66640625 0.8171875 0.69453125 0.8265625 0.67265625 0.853125 0.64921875 0.85234375 0.6359375 0.81484375 0.6328125 0.7953125 0.63984375 0.8109375 0.66640625
0 0.5875 0.72265625 0.571875 0.76953125 0.5578125 0.78046875 0.55625 0.81640625 0.540625 0.83828125 0.55 0.85546875 0.5328125 0.86796875 0.52578125 0.884375 0.50703125 0.8796875 0.484375 0.90859375 0.4859375 0.92734375 0.528125 0.95390625 0.528125 0.96796875 0.5203125 0.97578125 0.5265625 0.99921875 0.5640625 0.99921875 0.5625 0.97265625 0.571875 0.95546875 0.5703125 0.92734375 0.609375 0.74296875 0.60859375 0.7171875 0.5875 0.72265625
0 0.33828125 0.7921875 0.3171875 0.76171875 0.3296875 0.74609375 0.3265625 0.73515625 0.3109375 0.72734375 0.321875 0.67109375 0.3171875 0.63984375 0.31171875 0.6328125 0.26796875 0.6375 0.26875 0.64765625 0.2890625 0.66328125 0.2921875 0.68046875 0.2703125 0.69921875 0.278125 0.71015625 0.2765625 0.74140625 0.26640625 0.746875 0.25234375 0.74375 0.2484375 0.74921875 0.2484375 0.75859375 0.2640625 0.77578125 0.2625 0.79296875 0.2703125 0.80703125 0.2421875 0.82421875 0.2453125 0.83671875 0.26015625 0.8484375 0.28671875 0.8484375 0.29140625 0.865625 0.32265625 0.878125 0.3640625 0.87734375 0.3703125 0.87265625 0.3703125 0.84296875 0.3515625 0.82578125 0.3484375 0.80859375 0.3546875 0.79765625 0.33828125 0.7921875
0 0.21953125 0.9765625 0.1875 0.97578125 0.1890625 0.98828125 0.20078125 1 0.2359375 0.99921875 0.21953125 0.9765625
0 0.6453125 0.40390625 0.63984375 0.396875 0.62265625 0.3984375 0.6140625 0.40390625 0.615625 0.47421875 0.63359375 0.4953125 0.646875 0.49609375 0.6515625 0.48984375 0.646875 0.47578125 0.65625 0.46328125 0.65625 0.45078125 0.646875 0.44296875 0.6453125 0.40390625
0 0.9734375 0.20390625 0.97890625 0.2203125 1 0.22421875 0.99921875 0.2 0.9734375 0.20390625
0 0.703125 0.08046875 0.69609375 0.05 0.6765625 0.05546875 0.6765625 0.09921875 0.6890625 0.09921875 0.703125 0.08046875