0 0.6140625 0.40390625 0.615625 0.47421875 0.63359375 0.4953125 0.646875 0.49609375 0.65625 0.45078125 0.646875 0.44296875 0.6453125 0.40390625 0.63984375 0.396875 0.62265625 0.3984375 0.6140625 0.40390625
0 0.6828125 0.25234375 0.675 0.21640625 0.684375 0.20546875 0.6921875 0.17734375 0.67734375 0.153125 0.65 0.13828125 0.63671875 0.0921875 0.6296875 0.10703125 0.6296875 0.27578125 0.6140625 0.32734375 0.6296875 0.33828125 0.6375 0.39453125 0.61796875 0.4 0.6140625 0.41328125 0.6171875 0.47890625 0.63515625 0.4953125 0.6453125 0.49609375 0.6578125 0.45703125 0.646875 0.43671875 0.653125 0.34765625 0.6671875 0.32578125 0.6703125 0.26328125 0.6828125 0.25234375
0 0.28359375 0.5328125 0.30234375 0.540625 0.328125 0.56484375 0.334375 0.59609375 0.3453125 0.61640625 0.36640625 0.6171875 0.3671875 0.58515625 0.375 0.56796875 0.3703125 0.55390625 0.3734375 0.53359375 0.41328125 0.5109375 0.41875 0.48203125 0.459375 0.45078125 0.4625 0.42890625 0.45 0.41328125 0.446875 0.37890625 0.47890625 0.3703125 0.53046875 0.3921875 0.5359375 0.36953125 0.559375 0.36171875 0.55625 0.34453125 0.5421875 0.33671875 0.54375 0.23046875 0.55703125 0.2125 0.57734375 0.2109375 0.58125 0.19296875 0.578125 0.17890625 0.5703125 0.17421875 0.5765625 0.16796875 0.5703125 0.14296875 0.55078125 0.1453125 0.5359375 0.13515625 0.54375 0.11640625 0.5375 0.09453125 0.5578125 0.08203125 0.55703125 0.071875 0.51953125 0.0796875 0.50703125 0.0890625 0.49453125 0.0828125 0.48984375 0.0890625 0.48515625 0.078125 0.4703125 0.07578125 0.46640625 0.0609375 0.45234375 0.0625 0.43984375 0.05625 0.39921875 0.065625 0.384375 0.07578125 0.3796875 0.11484375 0.38125 0.13046875 0.39140625 0.1328125 0.4 0.14609375 0.38515625 0.153125 0.36171875 0.184375 0.31015625 0.203125 0.28359375 0.2328125 0.27578125 0.234375 0.25625 0.20859375 0.259375 0.17265625 0.2546875 0.14609375 0.24609375 0.1390625 0.20390625 0.15625 0.20078125 0.153125 0.1953125 0.16171875 0.2125 0.18046875 0.209375 0.21171875 0.20078125 0.2265625 0.17109375 0.2328125 0.15234375 0.228125 0.1421875 0.23515625 0.15625 0.27734375 0.17734375 0.278125 0.18125 0.28359375 0.1796875 0.29453125 0.165625 0.30390625 0.1640625 0.33671875 0.1484375 0.35234375 0.146875 0.40546875 0.18203125 0.403125 0.203125 0.41640625 0.18984375 0.4296875 0.16953125 0.43125 0.15703125 0.4609375 0.12578125 0.4390625 0.08671875 0.4515625 0.0765625 0.48359375 0.0359375 0.52578125 0.0359375 0.53671875 0.0484375 0.57421875 0.0609375 0.58984375 0.0625 0.62109375 0.11015625 0.6265625 0.1109375 0.65546875 0.13046875 0.6640625 0.13828125 0.675 0.1497802734375 0.6711669921875 0.15 0.67578125 0.1390625 0.67890625 0.1515625 0.68203125 0.16796875 0.6265625 0.18203125 0.625 0.20859375 0.634375 0.23671875 0.621875 0.25625 0.62265625 0.25625 0.58046875 0.28359375 0.5328125
0 0.334375 0.78203125 0.3171875 0.76328125 0.328125 0.74765625 0.3265625 0.73671875 0.309375 0.72890625 0.3171875 0.71171875 0.3203125 0.67734375 0.315625 0.63828125 0.31015625 0.634375 0.27109375 0.640625 0.2703125 0.64765625 0.2921875 0.66640625 0.29375 0.68359375 0.2734375 0.69765625 0.2796875 0.70703125 0.278125 0.74140625 0.2484375 0.75390625 0.265625 0.77578125 0.2625 0.78984375 0.2703125 0.81015625 0.24921875 0.81875 0.24375 0.82421875 0.2453125 0.83515625 0.26015625 0.8484375 0.28671875 0.846875 0.29453125 0.8671875 0.32421875 0.878125 0.3625 0.87734375 0.3703125 0.87265625 0.3703125 0.84296875 0.3515625 0.82890625 0.3484375 0.80078125 0.3359375 0.79296875 0.334375 0.78203125
0 0.5890625 0.72109375 0.571875 0.76953125 0.5578125 0.78046875 0.55625 0.81640625 0.540625 0.83828125 0.55 0.85546875 0.5328125 0.86796875 0.52734375 0.884375 0.50703125 0.8796875 0.484375 0.90859375 0.4875 0.92890625 0.528125 0.95390625 0.5296875 0.96484375 0.5203125 0.97578125 0.5265625 0.99921875 0.5640625 0.99921875 0.5625 0.97265625 0.5703125 0.96328125 0.5703125 0.92578125 0.609375 0.74296875 0.60859375 0.7171875 0.5890625 0.72109375
0 0.7890625 0.61640625 0.77421875 0.575 0.73046875 0.5703125 0.68671875 0.5859375 0.64765625 0.5796875 0.62890625 0.596875 0.584375 0.60078125 0.60546875 0.61875 0.65625 0.62421875 0.646875 0.65546875 0.65 0.67578125 0.67890625 0.715625 0.69375 0.71640625 0.6953125 0.69296875 0.72265625 0.68125 0.76171875 0.6875 0.7703125 0.71328125 0.784375 0.71484375 0.7890625 0.61640625
0 0.8015625 0.51796875 0.80703125 0.5234375 0.821875 0.52265625 0.875 0.50234375 0.871875 0.45703125 0.83359375 0.425 0.81875 0.43046875 0.8 0.48046875 0.8015625 0.51796875
0 0.46796875 0.7875 0.459375 0.77734375 0.45859375 0.7890625 0.47578125 0.790625 0.49453125 0.8171875 0.5046875 0.81796875 0.5125 0.80390625 0.50625 0.79140625 0.509375 0.77734375 0.50234375 0.7671875 0.47578125 0.7671875 0.46796875 0.7875
0 0.39921875 0.93125 0.41953125 0.93125 0.4390625 0.94140625 0.4515625 0.92890625 0.45078125 0.9109375 0.42109375 0.90625 0.3953125 0.91484375 0.39375 0.92578125 0.39921875 0.93125
0 0.21953125 0.9765625 0.1875 0.97578125 0.1890625 0.98828125 0.20078125 1 0.2375 0.99921875 0.21953125 0.9765625
0 0.7953125 0.63984375 0.8109375 0.66640625 0.8171875 0.69140625 0.8265625 0.67265625 0.83984375 0.665625 0.8546875 0.64609375 0.85234375 0.6359375 0.81640625 0.6328125 0.7953125 0.63984375
0 0.89609375 0.534375 0.88203125 0.5296875 0.865625 0.53515625 0.86796875 0.5578125 0.903125 0.56171875 0.89609375 0.534375
0 0.65390625 0.9859375 0.67265625 0.990625 0.70625 0.99296875 0.7109375 0.97578125 0.69609375 0.9640625 0.68515625 0.965625 0.68046875 0.9765625 0.653125 0.98046875 0.65390625 0.9859375
0 0.2765625 0.10546875 0.290625 0.10859375 0.31328125 0.1078125 0.3296875 0.09765625 0.3375 0.08671875 0.33046875 0.0671875 0.271875 0.08515625 0.2765625 0.10546875
0 0.19375 0.11015625 0.2015625 0.10078125 0.18984375 0.08125 0.15703125 0.0875 0.1484375 0.09453125 0.15234375 0.1015625 0.19375 0.11015625
0 0.078125 0.14296875 0.0921875 0.14609375 0.1125 0.13671875 0.11328125 0.1 0.10390625 0.0984375 0.09140625 0.115625 0.0765625 0.12265625 0.078125 0.14296875
0 0.9734375 0.20390625 0.97734375 0.2203125 1 0.22421875 0.99921875 0.2 0.9734375 0.20390625