0 0.6125 0.32109375 0.634375 0.35078125 0.64921875 0.35 0.6640625 0.32578125 0.6703125 0.28203125 0.6671875 0.26171875 0.68125 0.24921875 0.6734375 0.21640625 0.690625 0.18046875 0.68125 0.15859375 0.65234375 0.14375 0.63828125 0.1234375 0.63125 0.13046875 0.628125 0.27734375 0.621875 0.30703125 0.6125 0.32109375
0 0.12734375 0.6640625 0.1421875 0.68359375 0.15078125 0.684375 0.1578125 0.67734375 0.16484375 0.628125 0.17734375 0.625 0.20390625 0.634375 0.23046875 0.6234375 0.2578125 0.62109375 0.25625 0.58203125 0.265625 0.55703125 0.28359375 0.5328125 0.325 0.56640625 0.321875 0.58515625 0.3265625 0.59765625 0.340625 0.60703125 0.34375 0.61640625 0.36484375 0.6171875 0.3671875 0.58515625 0.378125 0.55859375 0.3734375 0.53359375 0.4140625 0.50703125 0.4171875 0.48515625 0.44921875 0.4625 0.4578125 0.44921875 0.4609375 0.42890625 0.4484375 0.41328125 0.4484375 0.38515625 0.47578125 0.371875 0.51171875 0.390625 0.52890625 0.3921875 0.53671875 0.3671875 0.559375 0.36171875 0.5578125 0.34609375 0.5421875 0.33828125 0.5421875 0.23515625 0.56328125 0.2125 0.5765625 0.21640625 0.5796875 0.18671875 0.56875 0.14453125 0.55078125 0.1453125 0.5328125 0.13515625 0.54375 0.11640625 0.5359375 0.09453125 0.55625 0.08203125 0.546875 0.07421875 0.55234375 0.059375 0.50390625 0.059375 0.5078125 0.06328125 0.4984375 0.06796875 0.5078125 0.07578125 0.49921875 0.078125 0.48046875 0.0765625 0.48046875 0.0671875 0.47578125 0.0765625 0.46953125 0.0765625 0.46328125 0.059375 0.45859375 0.0671875 0.44765625 0.0671875 0.44609375 0.059375 0.43828125 0.0578125 0.43828125 0.065625 0.4453125 0.06328125 0.44140625 0.06875 0.42421875 0.0625 0.39609375 0.0671875 0.38125 0.08046875 0.378125 0.11796875 0.3953125 0.13671875 0.396875 0.14765625 0.35859375 0.1859375 0.33046875 0.190625 0.30234375 0.20625 0.28203125 0.2328125 0.27109375 0.2328125 0.25625 0.21015625 0.253125 0.14765625 0.24765625 0.140625 0.23515625 0.1421875 0.1953125 0.16171875 0.209375 0.18046875 0.2046875 0.22265625 0.19453125 0.2296875 0.14375 0.23671875 0.1453125 0.25546875 0.1546875 0.27265625 0.1796875 0.28359375 0.1765625 0.29765625 0.165625 0.30234375 0.1640625 0.33359375 0.146875 0.35390625 0.1453125 0.40234375 0.18046875 0.403125 0.19921875 0.4125 0.2015625 0.42109375 0.19140625 0.4296875 0.17265625 0.43125 0.1640625 0.43984375 0.15859375 0.4609375 0.14921875 0.4609375 0.12734375 0.440625 0.08515625 0.4515625 0.0734375 0.48671875 0.034375 0.53359375 0.046875 0.57421875 0.059375 0.58828125 0.0609375 0.61953125 0.10703125 0.6265625 0.1109375 0.65703125 0.12734375 0.6640625
0 0.6140625 0.47578125 0.6375 0.49765625 0.65 0.48984375 0.6453125 0.47421875 0.65625 0.45546875 0.6453125 0.44296875 0.64375 0.40234375 0.62890625 0.396875 0.6125 0.40390625 0.6140625 0.47578125
0 0.8234375 0.51171875 0.85 0.52265625 0.8625 0.52109375 0.8703125 0.48828125 0.8609375 0.45078125 0.84296875 0.425 0.8234375 0.47890625 0.8234375 0.51171875
0 0.684375 0.71171875 0.69375 0.71953125 0.70625 0.71015625 0.73125 0.66796875 0.73125 0.64453125 0.7234375 0.62421875 0.77421875 0.61875 0.796875 0.60078125 0.74921875 0.596875 0.73203125 0.58125 0.68203125 0.584375 0.65234375 0.571875 0.60703125 0.5765625 0.590625 0.61640625 0.5984375 0.70078125 0.61171875 0.703125 0.61953125 0.6859375 0.65859375 0.68125 0.684375 0.69140625 0.684375 0.71171875
0 0.546875 0.97265625 0.54375 0.99921875 0.58125 0.99921875 0.58125 0.95234375 0.621875 0.92890625 0.6234375 0.90859375 0.60234375 0.8796875 0.58359375 0.88125 0.559375 0.85546875 0.56875 0.83671875 0.553125 0.81796875 0.55 0.77734375 0.5375 0.77109375 0.53125 0.73984375 0.515625 0.71328125 0.49765625 0.7 0.496875 0.72890625 0.5359375 0.91171875 0.5375 0.96171875 0.546875 0.97265625
0 0.29296875 0.8671875 0.3203125 0.87734375 0.36640625 0.875 0.36875 0.84296875 0.3515625 0.82890625 0.346875 0.81640625 0.353125 0.79609375 0.33671875 0.7921875 0.315625 0.76328125 0.328125 0.74140625 0.3109375 0.73046875 0.3203125 0.66953125 0.3140625 0.63671875 0.28828125 0.634375 0.265625 0.63984375 0.2875 0.66328125 0.290625 0.67890625 0.26875 0.69921875 0.2765625 0.71015625 0.275 0.73984375 0.26484375 0.746875 0.25078125 0.7453125 0.246875 0.75234375 0.2625 0.77421875 0.259375 0.79140625 0.26875 0.80546875 0.26171875 0.815625 0.24453125 0.8203125 0.2421875 0.83046875 0.25859375 0.8484375 0.28203125 0.8484375 0.29296875 0.8671875
0 0.5984375 0.77734375 0.6140625 0.80546875 0.62109375 0.80625 0.6265625 0.79453125 0.6265625 0.76796875 0.61640625 0.7640625 0.5984375 0.77734375
0 0.67265625 0.990625 0.6921875 0.99296875 0.70390625 0.99375 0.709375 0.98203125 0.69609375 0.9640625 0.68359375 0.965625 0.67890625 0.9765625 0.66953125 0.9765625 0.6640625 0.98359375 0.67265625 0.990625
0 0.075 0.12265625 0.0796875 0.14609375 0.109375 0.13984375 0.11171875 0.1 0.10234375 0.0984375 0.08984375 0.115625 0.075 0.12265625
0 0.14921875 0.1015625 0.1828125 0.11015625 0.2 0.10390625 0.18984375 0.08125 0.146875 0.09296875 0.14921875 0.1015625
0 0.0078125 0.20859375 0.025 0.23046875 0.0296875 0.19453125 0.028125 0.18515625 0.02265625 0.184375 0.0125 0.19296875 0.0078125 0.20859375
0 0.00625 0.11796875 0.0140625 0.13203125 0.028125 0.12890625 0.02265625 0.1078125 0.00625 0.11796875
0 0.675 0.05859375 0.678125 0.09921875 0.68828125 0.0984375 0.7 0.08359375 0.69609375 0.0515625 0.675 0.05859375
0 1 0.19765625 0.97265625 0.2 0.975 0.21953125 0.9953125 0.22578125 1 0.22578125 1 0.19765625