0 0.24140625 0.3796875 0.2375 0.38671875 0.2421875 0.41015625 0.225 0.44609375 0.225 0.45859375 0.234375 0.46796875 0.1953125 0.49296875 0.190625 0.51796875 0.16328125 0.5359375 0.15 0.55703125 0.1484375 0.57265625 0.1609375 0.58671875 0.1609375 0.61484375 0.14921875 0.6296875 0.12734375 0.6296875 0.09609375 0.6125 0.08203125 0.6109375 0.0765625 0.63046875 0.0578125 0.64296875 0.071875 0.66171875 0.0671875 0.67421875 0.0671875 0.76953125 0.04921875 0.790625 0.03671875 0.7890625 0.02265625 0.778125 0.0140625 0.79765625 0.03046875 0.8171875 0.04765625 0.8140625 0.05625 0.82109375 0.059375 0.83359375 0.04296875 0.8421875 0.0421875 0.84921875 0.07109375 0.85625 0.078125 0.86328125 0.078125 0.87421875 0.0703125 0.88359375 0.07734375 0.90625 0.12421875 0.9078125 0.15234375 0.9265625 0.16328125 0.8921875 0.19921875 0.8875 0.2046875 0.91640625 0.1953125 0.93203125 0.21640625 0.9296875 0.2296875 0.91171875 0.2296875 0.88203125 0.22109375 0.8671875 0.20390625 0.8578125 0.18203125 0.875 0.14453125 0.875 0.12890625 0.8671875 0.1234375 0.85546875 0.15234375 0.846875 0.16328125 0.8515625 0.22265625 0.846875 0.24765625 0.8171875 0.28515625 0.80625 0.31015625 0.790625 0.32421875 0.76875 0.33671875 0.7671875 0.35625 0.79921875 0.3515625 0.82734375 0.3578125 0.85390625 0.37421875 0.8578125 0.39921875 0.85 0.4140625 0.83828125 0.3984375 0.81953125 0.403125 0.77890625 0.41015625 0.771875 0.46328125 0.7671875 0.46875 0.76171875 0.4546875 0.72109375 0.43125 0.71640625 0.434375 0.70234375 0.4453125 0.69609375 0.4453125 0.66484375 0.4625 0.64765625 0.465625 0.59765625 0.46171875 0.5921875 0.41796875 0.5921875 0.4109375 0.57890625 0.41796875 0.571875 0.44296875 0.5671875 0.45234375 0.546875 0.47734375 0.5609375 0.52265625 0.55 0.5390625 0.50859375 0.578125 0.47265625 0.578125 0.46484375 0.5625 0.42578125 0.55 0.41328125 0.546875 0.37890625 0.50234375 0.371875 0.5015625 0.34453125 0.48359375 0.3359375 0.47109375 0.3171875 0.4578125 0.31640625 0.4515625 0.32109375 0.44296875 0.371875 0.43203125 0.375 0.40078125 0.365625 0.3515625 0.38203125 0.3515625 0.42109375 0.32734375 0.465625 0.31015625 0.459375 0.284375 0.43203125 0.2828125 0.41171875 0.26875 0.38203125 0.24140625 0.3796875
0 0.65234375 0.8578125 0.68125 0.84296875 0.690625 0.81796875 0.6734375 0.78203125 0.68125 0.74921875 0.66875 0.73671875 0.665625 0.67578125 0.65 0.63984375 0.6453125 0.56171875 0.6546875 0.54921875 0.6546875 0.53671875 0.646875 0.52734375 0.646875 0.50546875 0.634375 0.50390625 0.6140625 0.52578125 0.6125 0.59453125 0.63359375 0.603125 0.6359375 0.61328125 0.628125 0.66171875 0.6125 0.67265625 0.6125 0.68046875 0.628125 0.73203125 0.6265625 0.88984375 0.63515625 0.9125 0.64375 0.86953125 0.65234375 0.8578125
0 0.85 0.56953125 0.8609375 0.54921875 0.8703125 0.51171875 0.8625 0.47890625 0.85 0.47734375 0.8234375 0.48828125 0.8234375 0.52109375 0.84140625 0.5734375 0.85 0.56953125
0 0.77109375 0.4265625 0.7875 0.38359375 0.7828125 0.28515625 0.76875 0.28515625 0.75703125 0.3140625 0.72109375 0.31875 0.69765625 0.3109375 0.69375 0.28515625 0.6796875 0.28359375 0.6484375 0.32578125 0.6453125 0.34609375 0.6546875 0.37578125 0.60390625 0.38125 0.58125 0.39765625 0.59140625 0.403125 0.62734375 0.403125 0.64609375 0.41875 0.68515625 0.4140625 0.72734375 0.4296875 0.75546875 0.4234375 0.77109375 0.4265625
0 0.55625 0.22109375 0.5703125 0.23046875 0.5859375 0.27734375 0.60703125 0.2828125 0.6078125 0.25546875 0.56875 0.07265625 0.56875 0.03671875 0.559375 0.02734375 0.5609375 0.00078125 0.5265625 0.00078125 0.51875 0.02109375 0.528125 0.03359375 0.5265625 0.04765625 0.4859375 0.07421875 0.484375 0.09453125 0.50546875 0.1203125 0.52578125 0.115625 0.5296875 0.12890625 0.5484375 0.14453125 0.5390625 0.16328125 0.553125 0.18046875 0.55625 0.22109375
0 0.34140625 0.3640625 0.3453125 0.35703125 0.3234375 0.33828125 0.31875 0.31796875 0.340625 0.30078125 0.334375 0.29140625 0.3359375 0.25859375 0.3640625 0.24609375 0.346875 0.22578125 0.3484375 0.20703125 0.340625 0.18984375 0.3703125 0.17578125 0.35390625 0.153125 0.32734375 0.1515625 0.32109375 0.134375 0.28671875 0.121875 0.25 0.12265625 0.2390625 0.13203125 0.240625 0.15546875 0.259375 0.16953125 0.2625 0.19921875 0.2765625 0.20859375 0.278125 0.21953125 0.2953125 0.23515625 0.284375 0.26171875 0.3 0.27109375 0.290625 0.33203125 0.296875 0.36484375 0.34140625 0.3640625
0 0.68359375 0.034375 0.69609375 0.0359375 0.709375 0.01796875 0.70390625 0.00625 0.6921875 0.00703125 0.67265625 0.009375 0.6640625 0.01640625 0.67890625 0.0234375 0.68359375 0.034375
0 0.81640625 0.3671875 0.85078125 0.3640625 0.853125 0.35546875 0.846875 0.34453125 0.825 0.32734375 0.81796875 0.3109375 0.8125 0.31171875 0.8109375 0.33203125 0.796875 0.35859375 0.81640625 0.3671875
0 0.884375 0.43828125 0.8640625 0.44453125 0.86640625 0.465625 0.88515625 0.4703125 0.896875 0.46328125 0.9015625 0.43828125 0.884375 0.43828125
0 0.534375 0.87734375 0.5328125 0.85390625 0.515625 0.85390625 0.50234375 0.8578125 0.4953125 0.87421875 0.49375 0.89765625 0.50390625 0.903125 0.534375 0.87734375
0 0.41875 0.88984375 0.4078125 0.89765625 0.41953125 0.91875 0.45546875 0.9125 0.4640625 0.90546875 0.46171875 0.8984375 0.41875 0.88984375
0 0.33671875 0.91875 0.334375 0.89296875 0.3234375 0.88984375 0.28984375 0.8953125 0.275 0.91015625 0.278125 0.92890625 0.28515625 0.934375 0.33671875 0.91875
0 0.1640625 0.16796875 0.18046875 0.1765625 0.1875 0.15859375 0.175 0.14921875 0.1609375 0.15703125 0.1640625 0.16796875
0 0.18828125 0.0265625 0.22109375 0.021875 0.2359375 0.00078125 0.1984375 0.00078125 0.1875 0.01171875 0.18828125 0.0265625
0 0.1125 0.49140625 0.1078125 0.49609375 0.11015625 0.521875 0.12890625 0.5203125 0.140625 0.51015625 0.13671875 0.490625 0.1125 0.49140625
0 0.1046875 0.56484375 0.0859375 0.57734375 0.09921875 0.603125 0.10859375 0.603125 0.1171875 0.59296875 0.115625 0.57265625 0.1046875 0.56484375