0 0.3703125 0.56015625 0.54140625 0.7984375 0.55546875 0.8 0.59140625 0.7875 0.64296875 0.7890625 0.67109375 0.8015625 0.74609375 0.8609375 0.728125 0.82578125 0.7140625 0.77265625 0.725 0.73359375 0.73828125 0.715625 0.76015625 0.7 0.81171875 0.690625 0.84609375 0.696875 0.88671875 0.721875 0.8984375 0.72109375 0.86640625 0.684375 0.80078125 0.646875 0.7703125 0.61796875 0.7515625 0.58046875 0.746875 0.52578125 0.73671875 0.5140625 0.62578125 0.4828125 0.56796875 0.4796875 0.56328125 0.4671875 0.52578125 0.45625 0.43203125 0.4125 0.39375 0.38671875 0.384375 0.35234375 0.365625 0.33671875 0.346875 0.29140625 0.30703125 0.24375 0.28359375 0.228125 0.209375 0.22109375 0.16015625 0.2359375 0.1171875 0.27421875 0.09375 0.32109375 0.0921875 0.37734375 0.103125 0.41171875 0.13984375 0.4578125 0.20703125 0.475 0.21484375 0.4703125 0.27265625 0.4984375 0.29609375 0.4921875 0.30703125 0.4953125 0.3703125 0.56015625
0 0.53125 0.46015625 0.534375 0.49453125 0.528125 0.50703125 0.53828125 0.5265625 0.55078125 0.528125 0.56328125 0.54375 0.59921875 0.55 0.61328125 0.5484375 0.625 0.53671875 0.63203125 0.4859375 0.56953125 0.4796875 0.55859375 0.4640625 0.53125 0.46015625
0 0.5640625 0.79453125 0.546875 0.75234375 0.525 0.74921875 0.515625 0.76171875 0.534375 0.79609375 0.54296875 0.803125 0.56015625 0.8 0.5640625 0.79453125
0 0.18125 0.41796875 0.1546875 0.38828125 0.1453125 0.35703125 0.146875 0.33046875 0.1390625 0.32734375 0.128125 0.33671875 0.134375 0.37109375 0.12734375 0.378125 0.11171875 0.38125 0.09609375 0.3671875 0.0921875 0.37265625 0.103125 0.41171875 0.13984375 0.459375 0.20234375 0.478125 0.22265625 0.475 0.1765625 0.45546875 0.18125 0.41796875
0 0.225 0.27578125 0.18046875 0.2859375 0.146875 0.32421875 0.153125 0.38359375 0.16171875 0.3953125 0.18984375 0.4109375 0.24296875 0.40625 0.275 0.37890625 0.2859375 0.35390625 0.2859375 0.32890625 0.271875 0.30390625 0.24296875 0.278125 0.225 0.27578125
0 0.03359375 0.8484375 0.10234375 0.8515625 0.14453125 0.846875 0.15625 0.83359375 0.159375 0.56015625 0.1671875 0.49453125 0.1640625 0.47578125 0.13828125 0.4625 0.11875 0.44296875 0.0953125 0.39921875 0.0890625 0.33359375 0.109375 0.28203125 0.15234375 0.2359375 0.1734375 0.22265625 0.1671875 0.00078125 0.059375 0.00078125 0.0609375 0.01171875 0.053125 0.01953125 0.0609375 0.02265625 0.0515625 0.03203125 0.059375 0.03828125 0.05 0.04453125 0.0484375 0.22734375 0.0375 0.33515625 0.0421875 0.56484375 0.0328125 0.66328125 0.028125 0.83203125 0.03359375 0.8484375
0 0.1625 0.99765625 0.1703125 0.96015625 0.165625 0.85859375 0.16015625 0.85 0.140625 0.84921875 0.0203125 0.85390625 0.0078125 0.91484375 0.01015625 1 0.1625 0.99765625
0 0.1359375 0.85234375 0.1296875 0.85390625 0.12734375 0.8734375 0.10859375 0.8828125 0.09296875 0.8796875 0.075 0.88671875 0.0671875 0.89921875 0.07421875 0.934375 0.13984375 0.928125 0.1625 0.91484375 0.1671875 0.88671875 0.15625 0.86796875 0.1359375 0.85234375
0 0.61875 0.17109375 0.625 0.19296875 0.63359375 0.1984375 0.68359375 0.2 0.6953125 0.18359375 0.6953125 0.16953125 0.67734375 0.1671875 0.66328125 0.1484375 0.646875 0.14609375 0.625 0.15234375 0.61875 0.17109375
0 0.7359375 0.45234375 0.7390625 0.44296875 0.740625 0.40703125 0.7234375 0.27734375 0.73359375 0.2546875 0.7421875 0.25859375 0.73984375 0.2625 0.753125 0.26328125 0.753125 0.27109375 0.74765625 0.2671875 0.7390625 0.28515625 0.74921875 0.2859375 0.75234375 0.2796875 0.75625 0.28515625 0.759375 0.16328125 0.7546875 0.14453125 0.71796875 0.1015625 0.68203125 0.09375 0.6390625 0.09453125 0.61640625 0.096875 0.58984375 0.1109375 0.56875 0.14140625 0.5671875 0.20546875 0.596875 0.25859375 0.5703125 0.38203125 0.56875 0.42265625 0.575 0.45234375 0.59296875 0.4703125 0.66640625 0.484375 0.71171875 0.4734375 0.7359375 0.45234375
0 0.5328125 0.14453125 0.3953125 0.13984375 0.390625 0.28828125 0.39609375 0.2953125 0.41484375 0.2953125 0.4328125 0.26171875 0.4625 0.24140625 0.4484375 0.22421875 0.4421875 0.20546875 0.446875 0.19453125 0.47265625 0.1734375 0.49296875 0.171875 0.51484375 0.1796875 0.5328125 0.14453125
0 0.99453125 0.1125 0.7796875 0.11015625 0.775 0.15859375 0.7859375 0.20390625 0.76875 0.22109375 0.765625 0.23359375 0.78203125 0.2453125 0.89296875 0.25 0.93984375 0.240625 0.94921875 0.2484375 0.96953125 0.2484375 0.97578125 0.2296875 0.9984375 0.22421875 0.99453125 0.1125