0 0.83671875 0.2328125 0.79375 0.22734375 0.73359375 0.228125 0.69921875 0.240625 0.65 0.29765625 0.6359375 0.33671875 0.6109375 0.36171875 0.603125 0.39140625 0.56953125 0.4125 0.47109375 0.4578125 0.28203125 0.5078125 0.25859375 0.51875 0.253125 0.52734375 0.2484375 0.58046875 0.234375 0.61328125 0.19609375 0.65 0.13671875 0.6828125 0.1015625 0.72109375 0.11484375 0.721875 0.15234375 0.6984375 0.18046875 0.6921875 0.23203125 0.6984375 0.25703125 0.7140625 0.2765625 0.73984375 0.284375 0.78046875 0.275 0.81953125 0.25234375 0.8625 0.32890625 0.803125 0.35703125 0.790625 0.39296875 0.7875 0.45859375 0.8 0.6140625 0.58984375 0.6234375 0.56953125 0.69609375 0.4953125 0.73046875 0.5 0.78515625 0.471875 0.79453125 0.478125 0.85390625 0.4640625 0.86328125 0.4546875 0.87890625 0.459375 0.8828125 0.45703125 0.87109375 0.45625 0.8703125 0.45078125 0.87890625 0.4421875 0.8859375 0.45234375 0.884375 0.43359375 0.89453125 0.4171875 0.9 0.41953125 0.90625 0.38515625 0.90625 0.33359375 0.9 0.30390625 0.884375 0.27421875 0.871875 0.26484375 0.86796875 0.2484375 0.86015625 0.2515625 0.83671875 0.2328125
0 0.175 0.21640625 0.16875 0.00078125 0.05 0.00078125 0.05 0.20078125 0.0390625 0.32421875 0.0421875 0.59140625 0.0296875 0.79296875 0.0296875 0.83671875 0.03671875 0.8484375 0.08671875 0.85 0.0921875 0.83828125 0.09375 0.22578125 0.16484375 0.225 0.175 0.21640625
0 0.08671875 0.853125 0.0390625 0.85078125 0.02421875 0.8515625 0.015625 0.87109375 0.0078125 0.94453125 0.009375 0.99765625 0.16171875 1 0.171875 0.96171875 0.16875 0.88203125 0.09453125 0.8796875 0.08671875 0.853125
0 0.4 0.23984375 0.3875 0.22734375 0.278125 0.23046875 0.278125 0.25078125 0.2625 0.29296875 0.2390625 0.41015625 0.246875 0.45234375 0.27265625 0.4765625 0.30078125 0.4859375 0.34765625 0.4859375 0.38203125 0.475 0.409375 0.45234375 0.4125 0.40234375 0.39375 0.28671875 0.4 0.23984375
0 0.71171875 0.096875 0.6625 0.09296875 0.61796875 0.0984375 0.5828125 0.13046875 0.5703125 0.16484375 0.5703125 0.21796875 0.58203125 0.2234375 0.75703125 0.2203125 0.7625 0.15546875 0.7515625 0.12734375 0.71171875 0.096875
0 1 0.12265625 0.99296875 0.115625 0.8015625 0.11015625 0.78203125 0.109375 0.7765625 0.11953125 0.7765625 0.15859375 0.7875 0.19140625 0.7859375 0.20703125 0.778125 0.21640625 0.78203125 0.2234375 0.90234375 0.2234375 0.9109375 0.22734375 0.91484375 0.2453125 0.93984375 0.2390625 0.95078125 0.2484375 0.96953125 0.2484375 0.97734375 0.23125 1 0.22421875 1 0.12265625
0 0.9078125 0.86953125 0.90625 0.40703125 0.8765625 0.44921875 0.86171875 0.4640625 0.83828125 0.4734375 0.8328125 0.48359375 0.840625 0.58984375 0.84375 0.80703125 0.840625 0.86484375 0.8296875 0.86953125 0.83203125 0.875 0.89609375 0.8765625 0.9078125 0.86953125
0 0.6078125 0.29296875 0.60625 0.22578125 0.55703125 0.225 0.5390625 0.24140625 0.54296875 0.25 0.565625 0.26171875 0.58828125 0.296875 0.6078125 0.29296875
0 0.42421875 0.14375 0.4015625 0.13828125 0.3953125 0.13984375 0.3921875 0.18984375 0.3921875 0.22109375 0.39921875 0.225 0.44921875 0.2234375 0.44375 0.20078125 0.46328125 0.178125 0.49609375 0.171875 0.51484375 0.1796875 0.534375 0.14765625 0.53203125 0.140625 0.42421875 0.14375
0 0.871875 0.33984375 0.8609375 0.32890625 0.853125 0.33203125 0.8546875 0.36171875 0.8453125 0.39140625 0.81875 0.41953125 0.8234375 0.45703125 0.78671875 0.46875 0.7828125 0.47421875 0.78828125 0.4796875 0.86015625 0.4609375 0.903125 0.40078125 0.9046875 0.35390625 0.89609375 0.3765625 0.88671875 0.3828125 0.87265625 0.3796875 0.865625 0.37109375 0.871875 0.33984375
0 0.465625 0.49765625 0.4703125 0.46171875 0.43359375 0.465625 0.36796875 0.4875 0.375 0.53828125 0.39296875 0.553125 0.43515625 0.546875 0.44921875 0.5296875 0.46171875 0.528125 0.471875 0.51015625 0.465625 0.49765625
0 0.484375 0.76328125 0.4734375 0.75078125 0.45703125 0.75 0.45 0.76015625 0.4390625 0.79921875 0.45234375 0.8078125 0.4703125 0.79140625 0.484375 0.76328125
0 0.6203125 0.61796875 0.6125 0.59921875 0.559375 0.66171875 0.55078125 0.68125 0.615625 0.68203125 0.6203125 0.61796875
0 0.2609375 0.93203125 0.2421875 0.91796875 0.2421875 0.95859375 0.25234375 0.9765625 0.26953125 0.9765625 0.278125 0.96484375 0.2609375 0.93203125
0 0.24453125 0.9203125 0.2765625 0.87890625 0.25859375 0.878125 0.2359375 0.90546875 0.2359375 0.91640625 0.24453125 0.9203125