0 0.421875 0.37421875 0.4125 0.36171875 0.384375 0.38828125 0.384375 0.40703125 0.3921875 0.41484375 0.365625 0.45078125 0.37734375 0.4703125 0.42421875 0.46875 0.43046875 0.45 0.453125 0.44609375 0.45 0.43046875 0.4265625 0.40703125 0.421875 0.37421875
0 0.26640625 0.40625 0.2484375 0.37421875 0.2328125 0.39296875 0.228125 0.45078125 0.240625 0.46484375 0.259375 0.53046875 0.27734375 0.5390625 0.2890625 0.47890625 0.3125 0.41171875 0.30703125 0.3984375 0.28828125 0.409375 0.26640625 0.40625
0 0.3203125 0.06640625 0.31875 0.00078125 0.2328125 0.00078125 0.2171875 0.06328125 0.1984375 0.08515625 0.2015625 0.16171875 0.1796875 0.23984375 0.1796875 0.26171875 0.19375 0.27265625 0.2 0.30078125 0.2171875 0.33515625 0.2328125 0.40078125 0.2296875 0.44765625 0.240625 0.46328125 0.259375 0.52890625 0.27265625 0.5390625 0.2796875 0.53359375 0.2890625 0.47578125 0.3109375 0.41171875 0.309375 0.40234375 0.3015625 0.39921875 0.30390625 0.3890625 0.29609375 0.4046875 0.26796875 0.4046875 0.2546875 0.38828125 0.24375 0.33203125 0.25 0.31015625 0.2453125 0.25078125 0.2484375 0.22578125 0.26640625 0.2203125 0.2765625 0.22265625 0.27890625 0.2328125 0.28515625 0.221875 0.290625 0.22734375 0.2859375 0.23046875 0.3 0.23828125 0.29609375 0.2484375 0.30703125 0.246875 0.31484375 0.2546875 0.321875 0.24609375 0.321875 0.21796875 0.3296875 0.19609375 0.3296875 0.12890625 0.33515625 0.1203125 0.34375 0.12109375 0.34375 0.10859375 0.3203125 0.06640625
0 0.078125 0.22734375 0.06875 0.22265625 0.0578125 0.24453125 0.0703125 0.29921875 0.0734375 0.36796875 0.0890625 0.37734375 0.10234375 0.4125 0.1203125 0.39140625 0.121875 0.34296875 0.1109375 0.32421875 0.090625 0.25546875 0.078125 0.22734375
0 0.16484375 0.3296875 0.1546875 0.31484375 0.13828125 0.31875 0.134375 0.32578125 0.14375 0.36015625 0.15390625 0.3671875 0.1765625 0.34453125 0.175 0.32734375 0.16484375 0.3296875
0 0.0515625 0.27421875 0.040625 0.26640625 0.02421875 0.26875 0.0140625 0.28203125 0.0265625 0.30078125 0.0203125 0.33203125 0.02734375 0.35625 0.0515625 0.34921875 0.0578125 0.32265625 0.05 0.29453125 0.0515625 0.27421875
0 0 0.12265625 0.02109375 0.1421875 0.0375 0.13828125 0.0359375 0.04609375 0.05546875 0.0453125 0.0640625 0.03515625 0.059375 0.02578125 0.0640625 0.02265625 0.0546875 0.01640625 0.0546875 0.00078125 0 0.00078125 0 0.12265625
0 0.0546875 0.41328125 0.034375 0.37890625 0.02109375 0.3828125 0.0109375 0.39921875 0.02421875 0.421875 0.04765625 0.4203125 0.0546875 0.41328125
0 0.028125 0.65078125 0.028125 0.54609375 0.009375 0.55234375 0.0109375 0.60546875 0.003125 0.61953125 0.00859375 0.6578125 0.028125 0.65078125
0 0.0296875 0.72421875 0.01875 0.69765625 0.0109375 0.70390625 0.0078125 0.72421875 0.0140625 0.77109375 0.0109375 0.81796875 0.02578125 0.865625 0.0296875 0.72421875
0 0.19375 0.59921875 0.18125 0.58828125 0.1671875 0.59140625 0.1515625 0.62734375 0.15859375 0.6421875 0.18984375 0.6484375 0.2 0.64296875 0.1984375 0.61484375 0.19375 0.59921875
0 0.2125 0.53515625 0.20625 0.51328125 0.1765625 0.51484375 0.17734375 0.546875 0.225 0.54296875 0.2125 0.53515625
0 0.3484375 0.52265625 0.34375 0.51640625 0.33125 0.51640625 0.32578125 0.5453125 0.28046875 0.5453125 0.2734375 0.57421875 0.2578125 0.59765625 0.2390625 0.61015625 0.23984375 0.628125 0.25234375 0.6296875 0.26484375 0.6171875 0.27265625 0.634375 0.29140625 0.6375 0.290625 0.65703125 0.31328125 0.671875 0.32265625 0.6875 0.34375 0.67421875 0.34375 0.66640625 0.3125 0.63203125 0.309375 0.61640625 0.3234375 0.58359375 0.340625 0.57734375 0.3484375 0.52265625
0 0.4109375 0.52265625 0.4015625 0.51015625 0.390625 0.52578125 0.38515625 0.565625 0.40078125 0.5578125 0.409375 0.54296875 0.4109375 0.52265625
0 0.715625 0.03671875 0.71875 0.00078125 0.58046875 0 0.5625 0.01796875 0.5609375 0.03515625 0.546875 0.04765625 0.5453125 0.08515625 0.57265625 0.1015625 0.61171875 0.0921875 0.62265625 0.1046875 0.64140625 0.10625 0.6546875 0.09140625 0.653125 0.06953125 0.67890625 0.034375 0.715625 0.03671875
0 0.546875 0.12734375 0.53125 0.10234375 0.5140625 0.11640625 0.53125 0.15078125 0.55078125 0.171875 0.546875 0.12734375
0 0.528125 0.06796875 0.5171875 0.04296875 0.50546875 0.04375 0.4984375 0.06015625 0.52265625 0.0828125 0.528125 0.06796875
0 0.9515625 0.02890625 0.9328125 0.01015625 0.9171875 0.01484375 0.9140625 0.04609375 0.9265625 0.06171875 0.92578125 0.075 0.9390625 0.06640625 0.9375 0.08515625 0.94609375 0.0984375 0.9578125 0.09140625 0.9484375 0.06171875 0.9515625 0.02890625