0 0.42421875 0.53125 0.37734375 0.5296875 0.365625 0.54921875 0.3921875 0.58515625 0.384375 0.59296875 0.384375 0.61171875 0.4125 0.63828125 0.421875 0.62578125 0.4265625 0.59296875 0.45 0.56953125 0.453125 0.55390625 0.43046875 0.55 0.42421875 0.53125
0 0.27734375 0.4609375 0.259375 0.46953125 0.240625 0.53515625 0.228125 0.54921875 0.2328125 0.60703125 0.2484375 0.62578125 0.26640625 0.59375 0.28828125 0.590625 0.30703125 0.6015625 0.3125 0.58828125 0.2890625 0.52109375 0.27734375 0.4609375
0 0.3296875 0.80390625 0.321875 0.78203125 0.321875 0.75390625 0.31484375 0.7453125 0.30703125 0.753125 0.29609375 0.7515625 0.3 0.76171875 0.2859375 0.76953125 0.290625 0.77265625 0.28515625 0.778125 0.27890625 0.7671875 0.2765625 0.77734375 0.26640625 0.7796875 0.2484375 0.77421875 0.2453125 0.74921875 0.25 0.68984375 0.24375 0.66796875 0.2546875 0.61171875 0.26796875 0.5953125 0.29609375 0.5953125 0.30390625 0.6109375 0.3015625 0.60078125 0.309375 0.59765625 0.3109375 0.58828125 0.2890625 0.52421875 0.2796875 0.46640625 0.27265625 0.4609375 0.259375 0.47109375 0.240625 0.53671875 0.2296875 0.55234375 0.2328125 0.59921875 0.2171875 0.66484375 0.2 0.69921875 0.19375 0.72734375 0.1796875 0.73828125 0.1796875 0.76015625 0.2015625 0.83828125 0.1984375 0.91484375 0.2171875 0.93671875 0.2328125 0.99921875 0.31875 0.99921875 0.3203125 0.93359375 0.34375 0.89140625 0.34375 0.87890625 0.33515625 0.8796875 0.3296875 0.87109375 0.3296875 0.80390625
0 0.10234375 0.5875 0.0890625 0.62265625 0.0734375 0.63203125 0.0703125 0.70078125 0.0578125 0.75546875 0.06875 0.77734375 0.078125 0.77265625 0.090625 0.74453125 0.1109375 0.67578125 0.121875 0.65703125 0.1203125 0.60859375 0.10234375 0.5875
0 0.134375 0.67421875 0.13828125 0.68125 0.1546875 0.68515625 0.16484375 0.6703125 0.175 0.67265625 0.1765625 0.65546875 0.15390625 0.6328125 0.14375 0.63984375 0.134375 0.67421875
0 0.0203125 0.66796875 0.0265625 0.69921875 0.0140625 0.71796875 0.02421875 0.73125 0.040625 0.73359375 0.0515625 0.72578125 0.05 0.70546875 0.0578125 0.67734375 0.0515625 0.65078125 0.02734375 0.64375 0.0203125 0.66796875
0 0 0.99921875 0.0546875 0.99921875 0.0546875 0.98359375 0.0640625 0.97734375 0.059375 0.97421875 0.0640625 0.96484375 0.05546875 0.9546875 0.0359375 0.95390625 0.0375 0.86171875 0.02109375 0.8578125 0 0.87734375 0 0.99921875
0 0.034375 0.62109375 0.0546875 0.58671875 0.04765625 0.5796875 0.02421875 0.578125 0.0109375 0.60078125 0.02109375 0.6171875 0.034375 0.62109375
0 0.028125 0.45390625 0.028125 0.34921875 0.00859375 0.3421875 0.003125 0.38046875 0.0109375 0.39453125 0.009375 0.44765625 0.028125 0.45390625
0 0.0109375 0.29609375 0.01875 0.30234375 0.0296875 0.27578125 0.02578125 0.134375 0.0109375 0.18203125 0.0140625 0.22890625 0.0078125 0.27578125 0.0109375 0.29609375
0 0.1515625 0.37265625 0.1671875 0.40859375 0.18125 0.41171875 0.19375 0.40078125 0.1984375 0.38515625 0.2 0.35703125 0.18984375 0.3515625 0.15859375 0.3578125 0.1515625 0.37265625
0 0.2125 0.46484375 0.225 0.45703125 0.17734375 0.453125 0.1765625 0.48515625 0.20625 0.48671875 0.2125 0.46484375
0 0.34375 0.33359375 0.34375 0.32578125 0.32265625 0.3125 0.31328125 0.328125 0.290625 0.34296875 0.29140625 0.3625 0.27265625 0.365625 0.26484375 0.3828125 0.25234375 0.3703125 0.23984375 0.371875 0.2390625 0.38984375 0.2578125 0.40234375 0.2734375 0.42578125 0.28046875 0.4546875 0.32578125 0.4546875 0.33125 0.48359375 0.34375 0.48359375 0.3484375 0.47734375 0.340625 0.42265625 0.3234375 0.41640625 0.309375 0.38359375 0.3125 0.36796875 0.34375 0.33359375
0 0.4015625 0.48984375 0.4109375 0.47734375 0.409375 0.45703125 0.40078125 0.4421875 0.38515625 0.434375 0.390625 0.47421875 0.4015625 0.48984375
0 0.62265625 0.8953125 0.61171875 0.9078125 0.57265625 0.8984375 0.5453125 0.91484375 0.546875 0.95234375 0.5609375 0.96484375 0.5625 0.98203125 0.58046875 1 0.71875 0.99921875 0.715625 0.96328125 0.67890625 0.965625 0.653125 0.93046875 0.6546875 0.90859375 0.64140625 0.89375 0.62265625 0.8953125
0 0.546875 0.87265625 0.55078125 0.828125 0.53125 0.84921875 0.5140625 0.88359375 0.53125 0.89765625 0.546875 0.87265625
0 0.528125 0.93203125 0.52265625 0.9171875 0.4984375 0.93984375 0.50546875 0.95625 0.5171875 0.95703125 0.528125 0.93203125
0 0.9390625 0.93359375 0.92578125 0.925 0.9265625 0.93828125 0.9140625 0.95390625 0.9171875 0.98515625 0.9328125 0.98984375 0.9515625 0.97109375 0.9484375 0.93828125 0.9578125 0.90859375 0.94609375 0.9015625 0.9375 0.91484375 0.9390625 0.93359375