0 0.2328125 0.60859375 0.2484375 0.62578125 0.26640625 0.59375 0.28828125 0.590625 0.30703125 0.6015625 0.3125 0.58828125 0.2890625 0.52109375 0.27734375 0.4609375 0.259375 0.46953125 0.240625 0.53515625 0.228125 0.54921875 0.2328125 0.60859375
0 0.2453125 0.66171875 0.2546875 0.61484375 0.26796875 0.5953125 0.29140625 0.59375 0.30703125 0.6 0.3109375 0.59140625 0.2875 0.51640625 0.28125 0.46796875 0.27109375 0.4609375 0.2578125 0.47421875 0.2421875 0.53046875 0.2296875 0.54921875 0.2328125 0.59765625 0.2171875 0.66328125 0.19375 0.72578125 0.1796875 0.73671875 0.178125 0.74765625 0.2015625 0.83828125 0.1984375 0.91484375 0.2171875 0.93671875 0.23125 0.99921875 0.31875 0.99921875 0.3203125 0.93359375 0.33125 0.90703125 0.346875 0.88984375 0.3296875 0.86953125 0.328125 0.79140625 0.31796875 0.7796875 0.25078125 0.778125 0.2453125 0.74921875 0.25 0.71328125 0.2453125 0.66171875
0 0.06875 0.77578125 0.078125 0.77265625 0.121875 0.65703125 0.1203125 0.60859375 0.10234375 0.5875 0.0890625 0.62265625 0.0734375 0.63203125 0.071875 0.69140625 0.059375 0.75234375 0.0609375 0.76796875 0.06875 0.77578125
0 0.040625 0.73203125 0.0609375 0.72421875 0.053125 0.69921875 0.059375 0.66953125 0.05234375 0.63125 0.04609375 0.64375 0.0265625 0.64921875 0.0203125 0.67734375 0.028125 0.70234375 0.0265625 0.72734375 0.040625 0.73203125
0 0 0.99921875 0.0546875 0.99921875 0.0640625 0.97890625 0.0640625 0.96328125 0.05546875 0.953125 0.0359375 0.95234375 0.0375 0.86171875 0.02109375 0.8578125 0.009375 0.86328125 0.00546875 0.8765625 0 0.87578125 0 0.99921875
0 0.16484375 0.6703125 0.175 0.67265625 0.1765625 0.65546875 0.15390625 0.6328125 0.1453125 0.63515625 0.1328125 0.66796875 0.13828125 0.68125 0.14609375 0.678125 0.1546875 0.68515625 0.16484375 0.6703125
0 0.01875 0.39140625 0.0265625 0.36953125 0.01953125 0.3421875 0 0.34765625 0.0015625 0.45390625 0.01484375 0.45 0.0203125 0.43828125 0.01875 0.39140625
0 0.01875 0.44453125 0.01875 0.39296875 0.0265625 0.36796875 0.0140625 0.30390625 0.0234375 0.27578125 0.0125 0.21796875 0.01875 0.18515625 0.00078125 0.1296875 0.0015625 0.45390625 0.01875 0.44453125
0 0.31328125 0.328125 0.290625 0.34296875 0.29140625 0.3625 0.27265625 0.365625 0.26484375 0.3828125 0.25234375 0.3703125 0.24140625 0.3703125 0.2375 0.38203125 0.2390625 0.39140625 0.25703125 0.4015625 0.2734375 0.42578125 0.278125 0.45234375 0.32578125 0.4546875 0.3296875 0.48046875 0.3390625 0.48515625 0.3484375 0.47890625 0.340625 0.42265625 0.3234375 0.41640625 0.309375 0.38515625 0.3125 0.36796875 0.3375 0.34609375 0.34375 0.33203125 0.33984375 0.321875 0.32265625 0.3125 0.31328125 0.328125
0 0.20625 0.48671875 0.2125 0.46484375 0.225 0.45703125 0.17734375 0.453125 0.175 0.48359375 0.20625 0.48671875
0 0.1984375 0.38515625 0.2 0.35703125 0.18984375 0.3515625 0.15859375 0.3578125 0.1515625 0.37421875 0.1671875 0.40859375 0.18125 0.41171875 0.19375 0.40078125 0.1984375 0.38515625
0 0.375 0.57109375 0.3953125 0.58984375 0.403125 0.62890625 0.4140625 0.63828125 0.4375 0.61796875 0.440625 0.59609375 0.4328125 0.58515625 0.4578125 0.55546875 0.4578125 0.54296875 0.44765625 0.5296875 0.39921875 0.5296875 0.39296875 0.55 0.3703125 0.55546875 0.375 0.57109375
0 0.38515625 0.434375 0.3921875 0.48046875 0.4015625 0.48984375 0.4109375 0.47734375 0.409375 0.45546875 0.40078125 0.4421875 0.38515625 0.434375
0 0.53125 0.89765625 0.546875 0.87265625 0.55078125 0.8265625 0.53125 0.84921875 0.5140625 0.88359375 0.53125 0.89765625
0 0.5171875 0.95703125 0.528125 0.93359375 0.52265625 0.9171875 0.4984375 0.93984375 0.50546875 0.95625 0.5171875 0.95703125
0 0.4859375 0.78359375 0.4921875 0.77265625 0.490625 0.72421875 0.46796875 0.7125 0.471875 0.77421875 0.4859375 0.78359375
0 0.6078125 0.93203125 0.5921875 0.95703125 0.58203125 0.965625 0.54765625 0.9625 0.540625 0.97265625 0.54140625 1 0.6828125 0.99921875 0.7 0.98046875 0.7015625 0.96484375 0.715625 0.94921875 0.715625 0.91328125 0.68828125 0.8984375 0.65078125 0.9078125 0.63671875 0.8953125 0.61796875 0.8953125 0.609375 0.90703125 0.6078125 0.93203125
0 0.95703125 0.93125 0.9390625 0.94140625 0.934375 0.96796875 0.95234375 0.9890625 0.9625 0.98984375 0.9703125 0.98203125 0.9734375 0.96171875 0.95703125 0.93125
0 0.95390625 0.990625 0.9640625 0.98984375 0.971875 0.97734375 0.9703125 0.94921875 0.95859375 0.925 0.946875 0.93359375 0.9484375 0.91328125 0.94140625 0.9 0.928125 0.90859375 0.9375 0.93671875 0.934375 0.96953125 0.95390625 0.990625
0 0.6734375 0.40703125 0.68515625 0.3984375 0.690625 0.40390625 0.6921875 0.47890625 0.70703125 0.4890625 0.721875 0.48828125 0.7265625 0.48203125 0.71015625 0.478125 0.7046875 0.46640625 0.703125 0.41171875 0.709375 0.40390625 0.7015625 0.39765625 0.6921875 0.36328125 0.68359375 0.359375 0.678125 0.36171875 0.6734375 0.40703125
0 0.5828125 0.34296875 0.5828125 0.35703125 0.590625 0.35859375 0.6140625 0.34765625 0.5953125 0.33515625 0.59296875 0.315625 0.5828125 0.34296875