0 0.715625 0.04921875 0.6828125 0.00078125 0.54140625 0 0.540625 0.02734375 0.54765625 0.0375 0.58203125 0.034375 0.5921875 0.04296875 0.6078125 0.06796875 0.609375 0.09296875 0.61796875 0.1046875 0.63671875 0.1046875 0.65078125 0.0921875 0.68828125 0.1015625 0.715625 0.08671875 0.715625 0.04921875
0 0.25546875 0.4640625 0.2484375 0.45234375 0.2359375 0.45390625 0.2421875 0.45859375 0.259375 0.52578125 0.27421875 0.5375 0.28125 0.50859375 0.271875 0.50078125 0.2828125 0.49765625 0.2828125 0.48984375 0.27109375 0.49375 0.2640625 0.48828125 0.26953125 0.4828125 0.28671875 0.4828125 0.2875 0.47734375 0.271875 0.47421875 0.28125 0.46484375 0.27109375 0.453125 0.25546875 0.4640625
0 0.3203125 0.06640625 0.31875 0.00078125 0.23203125 0 0.2171875 0.06328125 0.196875 0.08984375 0.203125 0.11484375 0.2015625 0.16171875 0.1828125 0.22265625 0.178125 0.26015625 0.1953125 0.27421875 0.203125 0.30546875 0.2171875 0.33046875 0.2265625 0.38359375 0.23671875 0.3984375 0.2484375 0.38046875 0.2421875 0.33515625 0.2484375 0.30703125 0.2421875 0.25703125 0.246875 0.22109375 0.27578125 0.215625 0.30234375 0.2203125 0.31953125 0.2171875 0.328125 0.20703125 0.3296875 0.12890625 0.33515625 0.1203125 0.34375 0.11953125 0.3453125 0.10859375 0.3328125 0.09609375 0.3203125 0.06640625
0 0.128125 0.28671875 0.1265625 0.21484375 0.1109375 0.21796875 0.1109375 0.24296875 0.0890625 0.28203125 0.0796875 0.32734375 0.06875 0.34296875 0.0703125 0.38828125 0.08984375 0.4125 0.103125 0.37734375 0.1203125 0.36328125 0.121875 0.29921875 0.128125 0.28671875
0 0.0609375 0.27578125 0.0421875 0.26953125 0.0265625 0.27421875 0.028125 0.29765625 0.01875 0.31796875 0.0265625 0.35078125 0.04765625 0.35625 0.05234375 0.36875 0.059375 0.33046875 0.0546875 0.29921875 0.0609375 0.27578125
0 0.16484375 0.3296875 0.1546875 0.31484375 0.1359375 0.32109375 0.1328125 0.33671875 0.14375 0.36328125 0.15546875 0.3671875 0.175 0.35078125 0.1765625 0.33203125 0.17421875 0.3265625 0.16484375 0.3296875
0 0.0375 0.13984375 0.0328125 0.10078125 0.0125 0.11796875 0.01015625 0.1375 0.0375 0.13984375
0 0 0.12734375 0.02421875 0.1421875 0.0375 0.13671875 0.0359375 0.04296875 0.05546875 0.046875 0.0640625 0.03828125 0.0640625 0.01484375 0.0546875 0.00078125 0 0.00078125 0 0.12734375
0 0.01875 0.55390625 0.0015625 0.54609375 0.00078125 0.86875 0.01875 0.81171875 0.0140625 0.77265625 0.0234375 0.72890625 0.015625 0.68671875 0.0265625 0.63203125 0.01875 0.60546875 0.01875 0.55390625
0 0.3484375 0.52265625 0.34375 0.51640625 0.33125 0.51640625 0.32578125 0.5453125 0.27890625 0.546875 0.2734375 0.57421875 0.259375 0.59609375 0.2390625 0.61015625 0.23984375 0.628125 0.25546875 0.628125 0.26484375 0.6171875 0.27265625 0.634375 0.29140625 0.6375 0.290625 0.65703125 0.31328125 0.671875 0.32265625 0.6875 0.34375 0.67421875 0.34375 0.66640625 0.3125 0.63203125 0.309375 0.61640625 0.3234375 0.58359375 0.340625 0.57734375 0.3484375 0.52265625
0 0.19375 0.59921875 0.18125 0.58828125 0.1671875 0.59140625 0.1515625 0.62578125 0.15859375 0.6421875 0.18984375 0.6484375 0.2 0.64296875 0.1984375 0.61484375 0.19375 0.59921875
0 0.2125 0.53515625 0.20625 0.51328125 0.175 0.51640625 0.17734375 0.546875 0.225 0.54296875 0.2125 0.53515625
0 0.421875 0.37421875 0.4125 0.36171875 0.384375 0.38828125 0.384375 0.40703125 0.3921875 0.41484375 0.365625 0.45078125 0.37734375 0.4703125 0.42421875 0.46875 0.43046875 0.45 0.453125 0.44609375 0.45 0.43046875 0.4265625 0.40703125 0.421875 0.37421875
0 0.4921875 0.22734375 0.4859375 0.21640625 0.471875 0.22578125 0.46796875 0.2875 0.490625 0.27734375 0.4921875 0.22734375
0 0.65 0.48046875 0.64375 0.46484375 0.6265625 0.46796875 0.63515625 0.49375 0.65 0.48046875
0 0.546875 0.12734375 0.53125 0.10234375 0.5140625 0.11640625 0.53125 0.15078125 0.55078125 0.1734375 0.546875 0.12734375
0 0.528125 0.06640625 0.5171875 0.04296875 0.50546875 0.04375 0.4984375 0.06015625 0.52265625 0.0828125 0.528125 0.06640625
0 0.4796875 0.15390625 0.4703125 0.13828125 0.4609375 0.14296875 0.46328125 0.171875 0.4796875 0.15390625
0 0.9515625 0.02890625 0.93125 0.01015625 0.92265625 0.009375 0.915625 0.01796875 0.9140625 0.04453125 0.9265625 0.06171875 0.92734375 0.075 0.9390625 0.06484375 0.9375 0.08515625 0.94609375 0.0984375 0.9578125 0.09140625 0.9484375 0.06171875 0.9515625 0.02890625
0 0.7265625 0.51640625 0.721875 0.51171875 0.70703125 0.5109375 0.6921875 0.52109375 0.690625 0.59453125 0.68359375 0.6 0.6734375 0.59296875 0.6765625 0.63359375 0.68203125 0.640625 0.6921875 0.63671875 0.7015625 0.60234375 0.709375 0.59609375 0.703125 0.58671875 0.7046875 0.53671875 0.71015625 0.521875 0.7265625 0.51640625