0 0.73359375 0.40625 0.71171875 0.409375 0.69296875 0.3984375 0.6875 0.41171875 0.7109375 0.47890625 0.72265625 0.5390625 0.740625 0.53046875 0.759375 0.46484375 0.771875 0.45078125 0.7671875 0.39140625 0.7515625 0.37421875 0.73359375 0.40625
0 0.73203125 0.4046875 0.70859375 0.40625 0.69296875 0.4 0.6890625 0.40859375 0.7125 0.48359375 0.71875 0.53203125 0.72890625 0.5390625 0.7421875 0.52578125 0.7578125 0.46953125 0.7703125 0.45078125 0.7671875 0.40234375 0.7828125 0.33671875 0.80625 0.27421875 0.8203125 0.26328125 0.821875 0.25234375 0.7984375 0.16171875 0.8015625 0.08515625 0.7828125 0.06328125 0.76875 0.00078125 0.68125 0.00078125 0.6796875 0.06640625 0.66875 0.09296875 0.653125 0.11015625 0.6703125 0.13046875 0.671875 0.20859375 0.68203125 0.2203125 0.74921875 0.221875 0.7546875 0.25078125 0.75 0.28671875 0.7546875 0.33828125 0.7453125 0.38515625 0.73203125 0.4046875
0 0.878125 0.34296875 0.8796875 0.39140625 0.89765625 0.4125 0.9109375 0.37734375 0.9265625 0.36796875 0.928125 0.30859375 0.940625 0.24765625 0.9390625 0.23203125 0.93125 0.22421875 0.921875 0.22734375 0.878125 0.34296875
0 0.946875 0.30078125 0.940625 0.33046875 0.94765625 0.36875 0.95390625 0.35625 0.9734375 0.35078125 0.9796875 0.32265625 0.971875 0.29765625 0.9734375 0.27265625 0.959375 0.26796875 0.9390625 0.27578125 0.946875 0.30078125
0 1 0.00078125 0.9453125 0.00078125 0.9359375 0.02109375 0.9359375 0.03671875 0.94453125 0.046875 0.9640625 0.04765625 0.9625 0.13828125 0.97890625 0.1421875 0.990625 0.13671875 0.99453125 0.1234375 1 0.12421875 1 0.00078125
0 0.8234375 0.34453125 0.84609375 0.3671875 0.8546875 0.36484375 0.8671875 0.33203125 0.86171875 0.31875 0.85390625 0.321875 0.8453125 0.31484375 0.83515625 0.3296875 0.825 0.32734375 0.8234375 0.34453125
0 0.98046875 0.6578125 1 0.65234375 0.9984375 0.54609375 0.98515625 0.55 0.9796875 0.56171875 0.98125 0.60859375 0.9734375 0.63046875 0.98046875 0.6578125
0 0.9734375 0.63203125 0.9859375 0.69609375 0.9765625 0.72421875 0.9875 0.78203125 0.98125 0.81484375 0.99921875 0.8703125 0.9984375 0.54609375 0.98125 0.55546875 0.98125 0.60703125 0.9734375 0.63203125
0 0.70859375 0.6375 0.72734375 0.634375 0.73515625 0.6171875 0.74765625 0.6296875 0.75859375 0.6296875 0.7625 0.61796875 0.7609375 0.60859375 0.74296875 0.5984375 0.7265625 0.57421875 0.721875 0.54765625 0.67421875 0.5453125 0.6703125 0.51953125 0.6609375 0.51484375 0.6515625 0.52109375 0.659375 0.57734375 0.6765625 0.58359375 0.690625 0.61484375 0.6875 0.63203125 0.6625 0.65390625 0.65625 0.66796875 0.66015625 0.678125 0.67734375 0.6875 0.68671875 0.671875 0.709375 0.65703125 0.70859375 0.6375
0 0.775 0.54296875 0.82265625 0.546875 0.825 0.51640625 0.79375 0.51328125 0.7875 0.53515625 0.775 0.54296875
0 0.81015625 0.6484375 0.84140625 0.6421875 0.8484375 0.62578125 0.8328125 0.59140625 0.81875 0.58828125 0.80625 0.59921875 0.8015625 0.61484375 0.8 0.64296875 0.81015625 0.6484375
0 0.596875 0.37109375 0.5859375 0.36171875 0.5625 0.38203125 0.559375 0.40390625 0.5671875 0.41484375 0.5421875 0.44453125 0.5421875 0.45703125 0.55234375 0.4703125 0.60078125 0.4703125 0.60703125 0.45 0.6296875 0.44453125 0.625 0.42890625 0.6046875 0.41015625 0.596875 0.37109375
0 0.5984375 0.51015625 0.5890625 0.52265625 0.590625 0.54453125 0.59921875 0.5578125 0.61484375 0.565625 0.6078125 0.51953125 0.5984375 0.51015625
0 0.44921875 0.1734375 0.46875 0.15078125 0.4859375 0.11640625 0.46875 0.10234375 0.453125 0.12734375 0.44921875 0.1734375
0 0.47734375 0.0828125 0.5015625 0.06015625 0.49453125 0.04375 0.4828125 0.04296875 0.471875 0.06640625 0.47734375 0.0828125
0 0.509375 0.27578125 0.53203125 0.2875 0.528125 0.22578125 0.5140625 0.21640625 0.5078125 0.22734375 0.509375 0.27578125
0 0.41796875 0.034375 0.45234375 0.0375 0.459375 0.02734375 0.45859375 0 0.3171875 0.00078125 0.3 0.01953125 0.2984375 0.03515625 0.284375 0.05078125 0.284375 0.08671875 0.31171875 0.1015625 0.34921875 0.0921875 0.36328125 0.1046875 0.38203125 0.1046875 0.390625 0.09296875 0.3921875 0.06796875 0.4078125 0.04296875 0.41796875 0.034375
0 0.065625 0.03203125 0.04765625 0.0109375 0.0375 0.01015625 0.0296875 0.01796875 0.0265625 0.03828125 0.04296875 0.06875 0.0609375 0.05859375 0.065625 0.03203125
0 0.028125 0.02265625 0.0296875 0.05078125 0.04140625 0.075 0.053125 0.06640625 0.0515625 0.08671875 0.05859375 0.1 0.071875 0.09140625 0.0625 0.06328125 0.065625 0.03046875 0.04609375 0.009375 0.0359375 0.01015625 0.028125 0.02265625
0 0.309375 0.59609375 0.3078125 0.52109375 0.29296875 0.5109375 0.278125 0.51171875 0.2734375 0.51796875 0.28984375 0.521875 0.2953125 0.53359375 0.296875 0.58828125 0.290625 0.59609375 0.2984375 0.60234375 0.3078125 0.63671875 0.31640625 0.640625 0.321875 0.63828125 0.3265625 0.59296875 0.31484375 0.6015625 0.309375 0.59609375
0 0.409375 0.64140625 0.3859375 0.65234375 0.4046875 0.66484375 0.40703125 0.684375 0.4171875 0.65703125 0.4171875 0.64296875 0.409375 0.64140625