0 0.346875 0.55078125 0.34375 0.51640625 0.33125 0.51796875 0.32578125 0.5453125 0.27890625 0.546875 0.2734375 0.57421875 0.2484375 0.60859375 0.2390625 0.61171875 0.2390625 0.62421875 0.24453125 0.628125 0.26484375 0.6171875 0.27265625 0.634375 0.29140625 0.6375 0.2921875 0.65859375 0.31328125 0.671875 0.32265625 0.6875 0.33984375 0.678125 0.34375 0.66953125 0.3375 0.65390625 0.3109375 0.63046875 0.309375 0.61640625 0.325 0.58203125 0.340625 0.57578125 0.346875 0.55078125
0 0.3484375 0.52109375 0.3390625 0.51484375 0.3296875 0.51953125 0.32578125 0.5453125 0.278125 0.54765625 0.2734375 0.57421875 0.25703125 0.5984375 0.2390625 0.60859375 0.2375 0.61953125 0.24140625 0.6296875 0.25234375 0.6296875 0.26328125 0.615625 0.27265625 0.634375 0.29140625 0.6375 0.290625 0.65703125 0.31328125 0.671875 0.32265625 0.6875 0.33984375 0.678125 0.34375 0.66796875 0.3375 0.65390625 0.3125 0.63203125 0.309375 0.61484375 0.3234375 0.58359375 0.340625 0.57734375 0.3484375 0.52109375
0 0.26640625 0.40625 0.2484375 0.37421875 0.2328125 0.39296875 0.228125 0.45078125 0.240625 0.46484375 0.259375 0.53046875 0.27734375 0.5390625 0.2890625 0.47890625 0.3125 0.41171875 0.30703125 0.3984375 0.28984375 0.409375 0.26640625 0.40625
0 0.3203125 0.06640625 0.31875 0.00078125 0.2328125 0.00078125 0.2171875 0.06328125 0.1984375 0.08515625 0.2015625 0.16015625 0.178125 0.25390625 0.18125 0.26484375 0.19375 0.27265625 0.2 0.30078125 0.215625 0.33046875 0.2328125 0.40078125 0.2296875 0.44921875 0.240625 0.46328125 0.259375 0.52890625 0.27109375 0.5390625 0.2796875 0.53515625 0.2890625 0.47734375 0.3109375 0.41015625 0.3015625 0.39921875 0.30390625 0.3890625 0.29453125 0.4046875 0.26640625 0.403125 0.25 0.37578125 0.24375 0.32578125 0.2515625 0.30234375 0.246875 0.23359375 0.25234375 0.225 0.253125 0.24609375 0.2625 0.25078125 0.26015625 0.2609375 0.2546875 0.25234375 0.2546875 0.26328125 0.2625 0.26484375 0.26015625 0.2765625 0.2546875 0.26953125 0.25546875 0.278125 0.265625 0.28046875 0.26796875 0.234375 0.26875 0.24765625 0.2765625 0.24921875 0.27578125 0.2609375 0.2703125 0.25234375 0.2703125 0.26328125 0.278125 0.26640625 0.2765625 0.29453125 0.2828125 0.29453125 0.28359375 0.2859375 0.2859375 0.30234375 0.28984375 0.29375 0.30078125 0.296875 0.30234375 0.309375 0.30546875 0.29375 0.3171875 0.29609375 0.309375 0.32578125 0.31796875 0.359375 0.3265625 0.34453125 0.328125 0.27578125 0.3265625 0.25859375 0.3203125 0.25234375 0.3296875 0.19609375 0.3296875 0.12890625 0.33515625 0.1203125 0.34375 0.12109375 0.34375 0.10859375 0.3203125 0.06640625
0 0.19375 0.59921875 0.18125 0.58828125 0.1671875 0.59140625 0.1515625 0.62578125 0.15859375 0.6421875 0.18984375 0.6484375 0.2 0.64296875 0.1984375 0.61484375 0.19375 0.59921875
0 0.2109375 0.53203125 0.20625 0.51328125 0.175 0.51640625 0.17734375 0.546875 0.225 0.54453125 0.2109375 0.53203125
0 0.078125 0.22734375 0.0703125 0.22421875 0.059375 0.23515625 0.059375 0.24765625 0.071875 0.31015625 0.0734375 0.36796875 0.0890625 0.37734375 0.10234375 0.4125 0.1203125 0.39140625 0.121875 0.34296875 0.1140625 0.33359375 0.103125 0.28515625 0.078125 0.22734375
0 0.0609375 0.27578125 0.040625 0.26796875 0.0265625 0.27265625 0.028125 0.29765625 0.01875 0.31796875 0.0265625 0.35078125 0.04609375 0.35625 0.05234375 0.36875 0.059375 0.33046875 0.053125 0.30078125 0.0609375 0.27578125
0 0.16328125 0.328125 0.1546875 0.31328125 0.14609375 0.3203125 0.13828125 0.31875 0.1328125 0.33046875 0.14609375 0.36875 0.15703125 0.3671875 0.1765625 0.34609375 0.175 0.32734375 0.16328125 0.328125
0 0.0359375 0.14140625 0.0328125 0.10078125 0.0109375 0.12109375 0.01015625 0.1375 0.0359375 0.14140625
0 0 0.12421875 0.01796875 0.140625 0.0375 0.13828125 0.034375 0.05234375 0.03984375 0.04375 0.05703125 0.046875 0.065625 0.03515625 0.0578125 0.00078125 0 0.00078125 0 0.12421875
0 0.01484375 0.55 0.0015625 0.54609375 0 0.65234375 0.02109375 0.65625 0.0265625 0.62265625 0.01875 0.60859375 0.0203125 0.56171875 0.01484375 0.55
0 0.021875 0.71953125 0.0140625 0.70234375 0 0.71640625 0.00078125 0.8703125 0.01875 0.81484375 0.0125 0.77890625 0.0203125 0.75859375 0.021875 0.71953125
0 0.6984375 0.01796875 0.6828125 0.00078125 0.54140625 0 0.540625 0.02734375 0.54921875 0.0375 0.58515625 0.0359375 0.609375 0.07109375 0.609375 0.09296875 0.61953125 0.1046875 0.63671875 0.1046875 0.65078125 0.0921875 0.69453125 0.1 0.715625 0.08671875 0.715625 0.05078125 0.7015625 0.03671875 0.6984375 0.01796875
0 0.546875 0.12734375 0.53125 0.10234375 0.5140625 0.11640625 0.53125 0.15078125 0.55078125 0.1734375 0.546875 0.12734375
0 0.528125 0.06640625 0.515625 0.04140625 0.4984375 0.05078125 0.4984375 0.06015625 0.52265625 0.0828125 0.528125 0.06640625
0 0.4921875 0.22734375 0.4859375 0.21640625 0.471875 0.22578125 0.46796875 0.2875 0.490625 0.27734375 0.4921875 0.22734375
0 0.4390625 0.38515625 0.4140625 0.36171875 0.4046875 0.36796875 0.396875 0.40546875 0.3734375 0.43046875 0.3703125 0.44609375 0.39296875 0.45 0.40078125 0.4703125 0.44765625 0.4703125 0.4578125 0.45703125 0.4578125 0.44609375 0.4328125 0.41484375 0.440625 0.40390625 0.4390625 0.38515625
0 0.4078125 0.55078125 0.4125 0.50078125 0.3953125 0.50546875 0.384375 0.54765625 0.38515625 0.5671875 0.4078125 0.55078125
0 0.7265625 0.51640625 0.7171875 0.51015625 0.70546875 0.5109375 0.6921875 0.52109375 0.690625 0.59296875 0.68359375 0.6 0.6734375 0.59296875 0.6765625 0.63359375 0.68203125 0.640625 0.6921875 0.63671875 0.7015625 0.60234375 0.709375 0.59609375 0.703125 0.58671875 0.703125 0.55234375 0.709375 0.52265625 0.7265625 0.51640625
0 0.65 0.48046875 0.64375 0.46484375 0.6265625 0.46796875 0.63359375 0.49375 0.65 0.48046875
0 0.6140625 0.65234375 0.590625 0.64140625 0.5828125 0.64296875 0.5828125 0.65703125 0.59296875 0.684375 0.5953125 0.66640625 0.6140625 0.65234375
0 0.9734375 0.03828125 0.9640625 0.01015625 0.95078125 0.0125 0.934375 0.03203125 0.9375 0.05703125 0.95703125 0.0703125 0.9734375 0.03828125