0 0.70859375 0.6375 0.72734375 0.634375 0.73515625 0.6171875 0.75546875 0.628125 0.7609375 0.62421875 0.7609375 0.61171875 0.7515625 0.60859375 0.7265625 0.57421875 0.72109375 0.546875 0.67421875 0.5453125 0.66875 0.51796875 0.65625 0.51640625 0.653125 0.55078125 0.659375 0.57578125 0.675 0.58203125 0.690625 0.61640625 0.6890625 0.63046875 0.6625 0.65390625 0.65625 0.66953125 0.66015625 0.678125 0.67734375 0.6875 0.68671875 0.671875 0.7078125 0.65859375 0.70859375 0.6375
0 0.70859375 0.6375 0.72734375 0.634375 0.73671875 0.615625 0.74765625 0.6296875 0.75859375 0.6296875 0.7625 0.61953125 0.7609375 0.60859375 0.74296875 0.5984375 0.7265625 0.57421875 0.721875 0.54765625 0.67421875 0.5453125 0.6703125 0.51953125 0.6609375 0.51484375 0.6515625 0.52109375 0.659375 0.57734375 0.6765625 0.58359375 0.690625 0.61484375 0.6875 0.63203125 0.6625 0.65390625 0.65625 0.66796875 0.66015625 0.678125 0.67734375 0.6875 0.68671875 0.671875 0.709375 0.65703125 0.70859375 0.6375
0 0.73359375 0.40625 0.71015625 0.409375 0.69296875 0.3984375 0.6875 0.41171875 0.7109375 0.47890625 0.72265625 0.5390625 0.740625 0.53046875 0.759375 0.46484375 0.771875 0.45078125 0.7671875 0.39296875 0.7515625 0.37421875 0.73359375 0.40625
0 0.690625 0.32578125 0.6828125 0.29609375 0.69453125 0.29375 0.69765625 0.309375 0.69921875 0.296875 0.71015625 0.29375 0.7140625 0.30234375 0.71640625 0.2859375 0.7171875 0.29453125 0.7234375 0.29453125 0.721875 0.26640625 0.7296875 0.26328125 0.7296875 0.25234375 0.72421875 0.2609375 0.7234375 0.24921875 0.73125 0.24765625 0.73203125 0.234375 0.734375 0.28046875 0.74453125 0.278125 0.7453125 0.26953125 0.73984375 0.2765625 0.7375 0.26484375 0.7453125 0.26328125 0.7453125 0.25234375 0.73984375 0.2609375 0.7375 0.25078125 0.746875 0.24609375 0.74765625 0.225 0.753125 0.23359375 0.7484375 0.30234375 0.75625 0.32578125 0.75 0.37578125 0.73359375 0.403125 0.70546875 0.4046875 0.69609375 0.3890625 0.6984375 0.39921875 0.6890625 0.41015625 0.7109375 0.47734375 0.7203125 0.53515625 0.72890625 0.5390625 0.740625 0.52890625 0.759375 0.46328125 0.7703125 0.44921875 0.7671875 0.40078125 0.784375 0.33046875 0.8 0.30078125 0.80625 0.27265625 0.81875 0.26484375 0.821875 0.25390625 0.7984375 0.16015625 0.8015625 0.08515625 0.7828125 0.06328125 0.7671875 0.00078125 0.68125 0.00078125 0.6796875 0.06640625 0.65625 0.10859375 0.65625 0.12109375 0.66484375 0.1203125 0.6703125 0.12890625 0.6703125 0.19609375 0.6796875 0.25234375 0.6734375 0.25859375 0.671875 0.27578125 0.6734375 0.34453125 0.68203125 0.359375 0.690625 0.32578125
0 0.81015625 0.6484375 0.84140625 0.6421875 0.8484375 0.62578125 0.8328125 0.59140625 0.81875 0.58828125 0.80625 0.59921875 0.8015625 0.61484375 0.8 0.64296875 0.81015625 0.6484375
0 0.775 0.54453125 0.82265625 0.546875 0.825 0.51640625 0.79375 0.51328125 0.7890625 0.53203125 0.775 0.54453125
0 0.9296875 0.22421875 0.921875 0.22734375 0.896875 0.28515625 0.8859375 0.33359375 0.878125 0.34296875 0.8796875 0.39140625 0.89765625 0.4125 0.9109375 0.37734375 0.9265625 0.36796875 0.928125 0.31015625 0.940625 0.24765625 0.940625 0.23515625 0.9296875 0.22421875
0 0.946875 0.30078125 0.940625 0.33046875 0.94765625 0.36875 0.95390625 0.35625 0.9734375 0.35078125 0.98125 0.31796875 0.971875 0.29765625 0.9734375 0.27265625 0.959375 0.26796875 0.9390625 0.27578125 0.946875 0.30078125
0 0.8234375 0.34609375 0.84296875 0.3671875 0.85390625 0.36875 0.8671875 0.33046875 0.86171875 0.31875 0.85390625 0.3203125 0.8453125 0.31328125 0.83671875 0.328125 0.825 0.32734375 0.8234375 0.34609375
0 0.9671875 0.10078125 0.9640625 0.14140625 0.98984375 0.1375 0.9890625 0.12109375 0.9671875 0.10078125
0 1 0.00078125 0.9421875 0.00078125 0.934375 0.03515625 0.94296875 0.046875 0.96015625 0.04375 0.965625 0.05234375 0.9625 0.13828125 0.98203125 0.140625 1 0.12421875 1 0.00078125
0 0.97890625 0.65625 1 0.65234375 0.9984375 0.54609375 0.98515625 0.55 0.9796875 0.56171875 0.98125 0.60859375 0.9734375 0.62265625 0.97890625 0.65625
0 0.99921875 0.8703125 1 0.71640625 0.9859375 0.70234375 0.978125 0.71953125 0.9796875 0.75859375 0.9875 0.77890625 0.98125 0.81484375 0.99921875 0.8703125
0 0.45078125 0.0375 0.459375 0.02734375 0.45859375 0 0.3171875 0.00078125 0.3015625 0.01796875 0.2984375 0.03671875 0.284375 0.05078125 0.284375 0.08671875 0.30546875 0.1 0.34921875 0.0921875 0.36328125 0.1046875 0.38046875 0.1046875 0.390625 0.09296875 0.390625 0.07109375 0.41484375 0.0359375 0.45078125 0.0375
0 0.44921875 0.1734375 0.46875 0.15078125 0.4859375 0.11640625 0.46875 0.10234375 0.453125 0.12734375 0.44921875 0.1734375
0 0.47734375 0.0828125 0.5015625 0.06015625 0.5015625 0.05078125 0.484375 0.04140625 0.471875 0.06640625 0.47734375 0.0828125
0 0.509375 0.27734375 0.53203125 0.2875 0.528125 0.22578125 0.5140625 0.21640625 0.5078125 0.22734375 0.509375 0.27734375
0 0.5953125 0.36796875 0.5859375 0.36171875 0.5609375 0.38515625 0.559375 0.40390625 0.5671875 0.41484375 0.5421875 0.44609375 0.5421875 0.45703125 0.55234375 0.4703125 0.59921875 0.4703125 0.60703125 0.45 0.6296875 0.44609375 0.6265625 0.43046875 0.603125 0.40546875 0.5953125 0.36796875
0 0.61484375 0.5671875 0.615625 0.54765625 0.6046875 0.50546875 0.5875 0.50078125 0.5921875 0.55078125 0.61484375 0.5671875
0 0.309375 0.59296875 0.3078125 0.52109375 0.29453125 0.5109375 0.2828125 0.51015625 0.2734375 0.51640625 0.290625 0.52265625 0.296875 0.55234375 0.296875 0.58671875 0.290625 0.59609375 0.2984375 0.60234375 0.3078125 0.63671875 0.31796875 0.640625 0.3234375 0.63359375 0.3265625 0.59296875 0.31640625 0.6 0.309375 0.59296875
0 0.35625 0.46484375 0.35 0.48046875 0.36640625 0.49375 0.3734375 0.46796875 0.35625 0.46484375
0 0.409375 0.64140625 0.3859375 0.65234375 0.4046875 0.66640625 0.40703125 0.684375 0.4171875 0.65703125 0.4171875 0.64296875 0.409375 0.64140625
0 0.0359375 0.01015625 0.0265625 0.03828125 0.04296875 0.0703125 0.0625 0.05703125 0.065625 0.03203125 0.04921875 0.0125 0.0359375 0.01015625