0 0.92109375 0.6890625 0.9203125 0.80234375 0.925 0.80234375 0.9265625 0.77734375 0.9265625 0.69140625 0.92109375 0.6890625
0 0.915625 0.88515625 0.909375 0.99921875 0.93125 0.99921875 0.93125 0.89140625 0.9453125 0.87578125 0.934375 0.86328125 0.9328125 0.83203125 0.92421875 0.8140625 0.9078125 0.86171875 0.915625 0.88515625
0 0.7546875 0.85859375 0.759375 0.89453125 0.76953125 0.8828125 0.80078125 0.8953125 0.83046875 0.884375 0.8390625 0.84296875 0.79140625 0.84375 0.77890625 0.853125 0.76015625 0.85 0.7546875 0.85859375
0 0.8546875 0.85546875 0.8578125 0.88359375 0.87109375 0.878125 0.8796875 0.88359375 0.875 0.85390625 0.86796875 0.8453125 0.86015625 0.8453125 0.8546875 0.85546875
0 0.68125 0.89765625 0.6890625 0.90078125 0.696875 0.89765625 0.7 0.83984375 0.68203125 0.8359375 0.6765625 0.84765625 0.6765625 0.88359375 0.68125 0.89765625
0 0.6796875 0.77734375 0.6859375 0.78046875 0.7046875 0.76640625 0.7109375 0.74765625 0.70546875 0.7359375 0.684375 0.75703125 0.6796875 0.77734375
0 0.684375 0.91796875 0.684375 0.99921875 0.71953125 1 0.721875 0.98515625 0.721875 0.96484375 0.7078125 0.94453125 0.70625 0.90703125 0.696875 0.89296875 0.7 0.77734375 0.7109375 0.74921875 0.70546875 0.7359375 0.6875 0.74921875 0.678125 0.77578125 0.6828125 0.80078125 0.6765625 0.88828125 0.684375 0.91796875
0 0.175 0.99296875 0.1703125 0.99921875 0.63828125 0.9984375 0.646875 0.98515625 0.646875 0.87734375 0.6328125 0.86015625 0.6328125 0.83984375 0.6109375 0.82734375 0.60703125 0.80625 0.59609375 0.809375 0.5796875 0.79765625 0.57578125 0.7875 0.54921875 0.7796875 0.49765625 0.7375 0.43984375 0.7796875 0.4171875 0.80546875 0.415625 0.81171875 0.428125 0.82265625 0.4203125 0.83203125 0.42578125 0.8421875 0.41484375 0.840625 0.41171875 0.83125 0.38359375 0.8328125 0.35546875 0.8234375 0.32578125 0.8234375 0.27890625 0.8453125 0.26015625 0.8453125 0.21484375 0.8609375 0.18984375 0.8609375 0.18828125 0.85625 0.178125 0.86640625 0.1828125 0.90859375 0.178125 0.97421875 0.1703125 0.98203125 0.175 0.99296875
0 0.5859375 0.81640625 0.603125 0.82421875 0.61171875 0.809375 0.6234375 0.81328125 0.6265625 0.76484375 0.6109375 0.67265625 0.59375 0.63203125 0.5953125 0.62109375 0.5875 0.61640625 0.5859375 0.59296875 0.5921875 0.58671875 0.5921875 0.57421875 0.5859375 0.56171875 0.5875 0.54765625 0.57421875 0.5484375 0.5640625 0.53828125 0.5671875 0.52734375 0.5625 0.52265625 0.56875 0.51015625 0.5546875 0.46796875 0.5546875 0.30703125 0.5328125 0.29609375 0.5015625 0.18828125 0.48984375 0.175 0.4796875 0.18828125 0.478125 0.27890625 0.46953125 0.290625 0.45390625 0.2890625 0.45 0.28203125 0.4484375 0.33046875 0.434375 0.38046875 0.40703125 0.4015625 0.39296875 0.3984375 0.3828125 0.38046875 0.3796875 0.33046875 0.36328125 0.315625 0.34453125 0.3375 0.334375 0.31484375 0.328125 0.31796875 0.325 0.28359375 0.31640625 0.28125 0.3171875 0.28984375 0.321875 0.28828125 0.3171875 0.30234375 0.3234375 0.31015625 0.3171875 0.31484375 0.321875 0.32578125 0.3140625 0.32890625 0.31328125 0.353125 0.30859375 0.296875 0.3078125 0.32734375 0.3 0.33671875 0.3 0.34921875 0.30625 0.35390625 0.3 0.36171875 0.30625 0.42109375 0.2828125 0.44765625 0.3484375 0.55546875 0.3640625 0.59609375 0.36875 0.66328125 0.359375 0.81640625 0.37890625 0.821875 0.38828125 0.803125 0.41796875 0.8015625 0.48046875 0.7453125 0.49453125 0.7421875 0.53359375 0.7640625 0.55546875 0.7921875 0.57734375 0.7953125 0.5859375 0.81640625
0 0.20703125 0 0.2 0.00703125 0.19453125 0.0375 0.18046875 0.028125 0.14765625 0.0609375 0.12890625 0.0484375 0.121875 0.05234375 0.125 0.06015625 0.11875 0.06953125 0.125 0.07578125 0.1125 0.09765625 0.103125 0.10234375 0.10625 0.10703125 0.09765625 0.115625 0.08828125 0.115625 0.07734375 0.1328125 0.0671875 0.10078125 0.0609375 0.09921875 0.0515625 0.04765625 0.040625 0.04765625 0.040625 0.06171875 0.03046875 0.075 0.0203125 0.07421875 0.0125 0.04296875 0.0203125 0.02265625 0.0140625 0.02265625 0.0125 0.00078125 0.00234375 0 0 0.32890625 0.00625 0.32421875 0.00625 0.26640625 0.0140625 0.24765625 0.02109375 0.2421875 0.05234375 0.2484375 0.07890625 0.2421875 0.0984375 0.38671875 0.109375 0.41484375 0.12109375 0.41875 0.14453125 0.409375 0.15234375 0.4390625 0.1625 0.43828125 0.16328125 0.428125 0.1703125 0.43203125 0.1625 0.43984375 0.16484375 0.45625 0.18359375 0.4546875 0.19140625 0.4609375 0.19921875 0.4546875 0.20703125 0.4609375 0.209375 0.50546875 0.225 0.53359375 0.240625 0.53984375 0.24765625 0.540625 0.2546875 0.53046875 0.25 0.52265625 0.2546875 0.51640625 0.2546875 0.46953125 0.25 0.43359375 0.26328125 0.43125 0.26640625 0.440625 0.27890625 0.4453125 0.28984375 0.428125 0.3328125 0.40703125 0.33984375 0.384375 0.34453125 0.3890625 0.37109375 0.3671875 0.371875 0.38046875 0.378125 0.38203125 0.3765625 0.34609375 0.36875 0.33046875 0.36015625 0.328125 0.34765625 0.3421875 0.34453125 0.3375 0.34140625 0.346875 0.3359375 0.33515625 0.33125 0.24453125 0.3375 0.21796875 0.33125 0.16796875 0.334375 0.07734375 0.30859375 0.046875 0.296875 0.05859375 0.28828125 0 0.25234375 0 0.24296875 0.0078125 0.23828125 0 0.20703125 0
0 0.6265625 0.16796875 0.634375 0.20390625 0.646875 0.16953125 0.64296875 0.1546875 0.6265625 0.16796875
0 0.659375 0.21328125 0.671875 0.23671875 0.6828125 0.18671875 0.68125 0.13046875 0.67421875 0.115625 0.65859375 0.1125 0.6515625 0.15703125 0.659375 0.21328125
0 0.8703125 0.26796875 0.8765625 0.27109375 0.87890625 0.2421875 0.8703125 0.26796875
0 0.85 0.21171875 0.8609375 0.26796875 0.8640625 0.19140625 0.85390625 0.1875 0.85 0.21171875