0 0.07890625 0.6890625 0.0734375 0.69140625 0.0734375 0.77734375 0.075 0.80234375 0.0796875 0.80234375 0.07890625 0.6890625
0 0.0546875 0.87578125 0.06875 0.89140625 0.06875 0.99921875 0.090625 0.99921875 0.084375 0.88515625 0.0921875 0.86171875 0.07578125 0.8140625 0.0671875 0.83203125 0.065625 0.86328125 0.0546875 0.87578125
0 0.16953125 0.884375 0.19921875 0.8953125 0.23046875 0.8828125 0.240625 0.89453125 0.2453125 0.85859375 0.23984375 0.85 0.22109375 0.853125 0.20859375 0.84375 0.1609375 0.84296875 0.16953125 0.884375
0 0.12890625 0.878125 0.1421875 0.88359375 0.1453125 0.85546875 0.13984375 0.8453125 0.13203125 0.8453125 0.125 0.85390625 0.1203125 0.88359375 0.12890625 0.878125
0 0.303125 0.89765625 0.3109375 0.90078125 0.31875 0.89765625 0.3234375 0.88359375 0.3234375 0.84765625 0.31796875 0.8359375 0.3 0.83984375 0.303125 0.89765625
0 0.3140625 0.78046875 0.3203125 0.77734375 0.315625 0.75703125 0.29453125 0.7359375 0.2890625 0.74765625 0.2953125 0.76640625 0.3140625 0.78046875
0 0.29453125 0.7359375 0.2890625 0.74921875 0.3 0.77734375 0.303125 0.89296875 0.29375 0.90703125 0.2921875 0.94453125 0.278125 0.96484375 0.278125 0.98515625 0.28046875 1 0.315625 0.99921875 0.315625 0.91796875 0.3234375 0.88828125 0.3171875 0.80078125 0.321875 0.77578125 0.3125 0.74921875 0.29453125 0.7359375
0 0.81171875 0.85625 0.81015625 0.8609375 0.78515625 0.8609375 0.73984375 0.8453125 0.72109375 0.8453125 0.67421875 0.8234375 0.64453125 0.8234375 0.61640625 0.8328125 0.58828125 0.83125 0.58515625 0.840625 0.57421875 0.8421875 0.5796875 0.83203125 0.571875 0.82265625 0.584375 0.81171875 0.5828125 0.80546875 0.56015625 0.7796875 0.50234375 0.7375 0.45078125 0.7796875 0.42421875 0.7875 0.4203125 0.79765625 0.40390625 0.809375 0.39296875 0.80625 0.3890625 0.82734375 0.3671875 0.83984375 0.3671875 0.86015625 0.353125 0.87734375 0.353125 0.98515625 0.36171875 0.9984375 0.8296875 0.99921875 0.825 0.99296875 0.8296875 0.98203125 0.821875 0.97421875 0.8171875 0.90859375 0.821875 0.86640625 0.81171875 0.85625
0 0.51953125 0.7453125 0.58203125 0.8015625 0.61171875 0.803125 0.62109375 0.821875 0.640625 0.81640625 0.63125 0.66328125 0.6359375 0.59609375 0.6515625 0.55546875 0.7171875 0.44765625 0.69375 0.42109375 0.7 0.36171875 0.69375 0.35390625 0.7 0.34921875 0.7 0.33671875 0.6921875 0.32734375 0.69140625 0.296875 0.68671875 0.353125 0.6859375 0.32890625 0.678125 0.32578125 0.6828125 0.31484375 0.6765625 0.31015625 0.6828125 0.30234375 0.678125 0.28828125 0.6828125 0.28984375 0.68359375 0.28125 0.675 0.28359375 0.671875 0.31796875 0.665625 0.31484375 0.65546875 0.3375 0.63671875 0.315625 0.6203125 0.33046875 0.6171875 0.38046875 0.60703125 0.3984375 0.59296875 0.4015625 0.565625 0.38046875 0.5515625 0.33046875 0.55 0.28203125 0.54609375 0.2890625 0.53046875 0.290625 0.521875 0.27890625 0.5203125 0.18828125 0.51015625 0.175 0.4984375 0.18828125 0.4671875 0.29609375 0.4453125 0.30703125 0.4453125 0.46796875 0.43125 0.51015625 0.4375 0.52265625 0.4328125 0.52734375 0.4359375 0.53828125 0.42578125 0.5484375 0.4125 0.54765625 0.4140625 0.56171875 0.4078125 0.57421875 0.4078125 0.58671875 0.4140625 0.59296875 0.4125 0.61640625 0.4046875 0.62109375 0.40625 0.63203125 0.3890625 0.67265625 0.3734375 0.76484375 0.3765625 0.81328125 0.38828125 0.809375 0.396875 0.82421875 0.4140625 0.81640625 0.42265625 0.7953125 0.44453125 0.7921875 0.46640625 0.7640625 0.50546875 0.7421875 0.51953125 0.7453125
0 0.71171875 0 0.703125 0.05859375 0.69140625 0.046875 0.665625 0.07734375 0.66875 0.16796875 0.6625 0.21796875 0.66875 0.24453125 0.6640625 0.33515625 0.65859375 0.346875 0.65546875 0.3375 0.65234375 0.3421875 0.63984375 0.328125 0.63125 0.33046875 0.6234375 0.34609375 0.621875 0.38203125 0.628125 0.38046875 0.62890625 0.3671875 0.65546875 0.3890625 0.66015625 0.384375 0.6671875 0.40703125 0.71015625 0.428125 0.72109375 0.4453125 0.73359375 0.440625 0.73671875 0.43125 0.75 0.43359375 0.7453125 0.46953125 0.7453125 0.51640625 0.75 0.52265625 0.7453125 0.53046875 0.75234375 0.540625 0.759375 0.53984375 0.775 0.53359375 0.790625 0.50546875 0.79296875 0.4609375 0.80078125 0.4546875 0.80859375 0.4609375 0.81640625 0.4546875 0.83515625 0.45625 0.8375 0.43984375 0.8296875 0.43203125 0.83671875 0.428125 0.8375 0.43828125 0.84765625 0.4390625 0.85546875 0.409375 0.87890625 0.41875 0.890625 0.41484375 0.9015625 0.38671875 0.92109375 0.2421875 0.94765625 0.2484375 0.97890625 0.2421875 0.9859375 0.24765625 0.99375 0.26640625 0.99375 0.32421875 1 0.32890625 0.99765625 0 0.9875 0.00078125 0.9859375 0.02265625 0.9796875 0.02265625 0.9875 0.04296875 0.9796875 0.07421875 0.96953125 0.075 0.959375 0.06171875 0.959375 0.04765625 0.9484375 0.04765625 0.9390625 0.09921875 0.9328125 0.10078125 0.92265625 0.1328125 0.91171875 0.115625 0.90234375 0.115625 0.89375 0.10703125 0.896875 0.10234375 0.8875 0.09765625 0.875 0.07578125 0.88125 0.06953125 0.875 0.06015625 0.878125 0.05234375 0.87109375 0.0484375 0.85234375 0.0609375 0.81953125 0.028125 0.80546875 0.0375 0.8 0.00703125 0.79296875 0 0.76171875 0 0.75703125 0.0078125 0.74765625 0 0.71171875 0
0 0.35703125 0.1546875 0.353125 0.16953125 0.365625 0.20390625 0.3734375 0.16796875 0.35703125 0.1546875
0 0.3171875 0.18671875 0.328125 0.23671875 0.340625 0.21328125 0.3484375 0.15703125 0.34140625 0.1125 0.32578125 0.115625 0.31875 0.13046875 0.3171875 0.18671875
0 0.1234375 0.27109375 0.1296875 0.26796875 0.12109375 0.2421875 0.1234375 0.27109375
0 0.14609375 0.1875 0.1359375 0.19140625 0.1390625 0.26796875 0.15 0.21171875 0.14609375 0.1875