0 0.60078125 1 0.603125 0.98828125 0.615625 0.98515625 0.6125 0.97734375 0.6234375 0.96796875 0.625 0.89140625 0.63203125 0.8828125 0.6375 0.88671875 0.6359375 0.94609375 0.646875 0.95390625 0.646875 0.89140625 0.640625 0.88671875 0.646875 0.88359375 0.6328125 0.85859375 0.615625 0.69453125 0.5875 0.60703125 0.5921875 0.58515625 0.5859375 0.55390625 0.56875 0.54765625 0.5640625 0.51640625 0.56875 0.51640625 0.56875 0.50703125 0.5546875 0.47109375 0.5546875 0.31171875 0.54609375 0.303125 0.5234375 0.29921875 0.53125 0.29609375 0.53125 0.28515625 0.49296875 0.1796875 0.4859375 0.18203125 0.48125 0.19453125 0.4796875 0.27734375 0.471875 0.29453125 0.475 0.31171875 0.46953125 0.3296875 0.45859375 0.315625 0.4515625 0.31953125 0.440625 0.37890625 0.42578125 0.39375 0.39921875 0.40625 0.3828125 0.39453125 0.37890625 0.38125 0.375 0.40078125 0.37109375 0.3671875 0.36875 0.40078125 0.36171875 0.409375 0.32265625 0.4171875 0.29296875 0.43125 0.284375 0.44609375 0.3515625 0.55859375 0.365625 0.60546875 0.36875 0.65859375 0.3578125 0.82265625 0.32734375 0.8234375 0.27734375 0.846875 0.25859375 0.846875 0.24453125 0.8609375 0.2296875 0.85859375 0.225 0.99921875 0.2328125 0.99765625 0.2328125 0.88515625 0.24609375 0.871875 0.2390625 0.95390625 0.240625 0.98515625 0.253125 0.98984375 0.2421875 0.99609375 0.24921875 1 0.27890625 1 0.28203125 0.990625 0.28359375 1 0.31171875 1 0.3125 0.98828125 0.31796875 0.9875 0.32109375 1 0.34140625 1 0.3421875 0.98984375 0.34921875 0.9875 0.35234375 1 0.60078125 1
0 0.20546875 0 0.19453125 0.0375 0.18046875 0.0265625 0.14921875 0.0578125 0.12890625 0.04375 0.12109375 0.046875 0.1171875 0.08671875 0.10859375 0.1 0.1 0.10078125 0.09765625 0.1140625 0.08203125 0.11875 0.0734375 0.11484375 0.0609375 0.09140625 0.0515625 0.04140625 0.053125 0.00546875 0.03984375 0.0140625 0.02734375 0.0015625 0.00078125 0 0 0.34296875 0.009375 0.32578125 0.0140625 0.25234375 0.02265625 0.24375 0.05234375 0.25 0.08046875 0.24375 0.1 0.39453125 0.109375 0.41484375 0.11796875 0.41875 0.13671875 0.4109375 0.13984375 0.403125 0.1484375 0.40390625 0.14765625 0.4125 0.15859375 0.409375 0.178125 0.43203125 0.17890625 0.4421875 0.18828125 0.4484375 0.19921875 0.446875 0.215625 0.46328125 0.209375 0.47421875 0.215625 0.50390625 0.2234375 0.51015625 0.22578125 0.5234375 0.240625 0.52890625 0.2484375 0.51953125 0.2484375 0.46953125 0.240625 0.46328125 0.246875 0.46015625 0.25078125 0.428125 0.26953125 0.43125 0.2703125 0.43984375 0.28046875 0.44375 0.28515625 0.43125 0.32890625 0.4125 0.3390625 0.39296875 0.36015625 0.3796875 0.37578125 0.4 0.3859375 0.39765625 0.3765625 0.33671875 0.36875 0.32265625 0.36015625 0.3203125 0.34765625 0.3375 0.3390625 0.33203125 0.3328125 0.24140625 0.3390625 0.20703125 0.33125 0.16640625 0.334375 0.07578125 0.30859375 0.0453125 0.2953125 0.05390625 0.28828125 0 0.25078125 0 0.24296875 0.0078125 0.23828125 0 0.20546875 0
0 0.8828125 0.90546875 0.884375 0.98046875 0.890625 0.97734375 0.88984375 0.8875 0.8828125 0.90546875
0 0.90625 0.91796875 0.9078125 0.99921875 0.934375 0.99921875 0.93125 0.92109375 0.9453125 0.87421875 0.9359375 0.86484375 0.92734375 0.821875 0.915625 0.82890625 0.90625 0.86640625 0.9140625 0.88671875 0.90625 0.91796875
0 0.684375 0.93046875 0.684375 0.99921875 0.721875 0.99921875 0.7234375 0.96796875 0.709375 0.94453125 0.70625 0.90546875 0.6984375 0.89453125 0.7015625 0.77578125 0.7109375 0.74921875 0.70390625 0.7359375 0.6875 0.74921875 0.678125 0.77578125 0.6765625 0.89140625 0.684375 0.93046875
0 0.8546875 0.85703125 0.8609375 0.87734375 0.875 0.86796875 0.8734375 0.85234375 0.86640625 0.8453125 0.8578125 0.84765625 0.8546875 0.85703125
0 0.78125 0.93046875 0.78125 0.99921875 0.8015625 0.99921875 0.8046875 0.89921875 0.81484375 0.8890625 0.83125 0.88515625 0.83671875 0.8421875 0.79296875 0.84375 0.77890625 0.8546875 0.76015625 0.8515625 0.75625 0.85859375 0.759375 0.89140625 0.77578125 0.8828125 0.7875 0.89140625 0.78125 0.93046875
0 0.18125 0.86171875 0.1890625 0.86796875 0.2015625 0.86484375 0.2 0.83515625 0.19609375 0.828125 0.18515625 0.8265625 0.18125 0.86171875
0 0.1859375 0.86953125 0.1828125 0.99921875 0.203125 0.99921875 0.2015625 0.84921875 0.19296875 0.8265625 0.18125 0.83203125 0.1796875 0.86015625 0.1859375 0.86953125
0 0 0.88046875 0.0265625 0.87109375 0.01796875 0.8484375 0 0.86015625 0 0.88046875
0 0.00078125 0.73125 0 0.99921875 0.025 0.99921875 0.0171875 0.97421875 0.021875 0.91640625 0.0109375 0.88828125 0.025 0.86796875 0.015625 0.84765625 0.015625 0.73671875 0.00078125 0.73125
0 0.6546875 0.13671875 0.6671875 0.21015625 0.675 0.21015625 0.6796875 0.18828125 0.67265625 0.115625 0.6578125 0.11953125 0.6546875 0.13671875
0 0.790625 0.12265625 0.796875 0.13671875 0.803125 0.11015625 0.80390625 0.0265625 0.7859375 0.03203125 0.790625 0.12265625
0 0.8015625 0.31015625 0.8078125 0.32578125 0.815625 0.32421875 0.81171875 0.30625 0.8015625 0.31015625
0 0.6671875 0.49609375 0.6703125 0.51953125 0.6796875 0.51328125 0.6890625 0.47734375 0.6890625 0.45390625 0.68203125 0.44375 0.6671875 0.49609375
0 0.5625 0.54609375 0.5953125 0.57578125 0.60078125 0.5765625 0.5984375 0.56953125 0.6109375 0.56171875 0.6234375 0.50859375 0.6234375 0.48359375 0.6125 0.46328125 0.6125 0.43984375 0.61875 0.42890625 0.58203125 0.4125 0.55625 0.42421875 0.5484375 0.46015625 0.5609375 0.50390625 0.5625 0.54609375