0 0.24921875 0 0.2421875 0.00390625 0.253125 0.01015625 0.240625 0.01484375 0.2390625 0.04609375 0.24609375 0.128125 0.2328125 0.11484375 0.2328125 0.00234375 0.225 0.00078125 0.2296875 0.14140625 0.24453125 0.1390625 0.25859375 0.153125 0.27734375 0.153125 0.32734375 0.1765625 0.3578125 0.17734375 0.36875 0.34140625 0.365625 0.39453125 0.3515625 0.44140625 0.284375 0.55390625 0.29296875 0.56875 0.32265625 0.5828125 0.36171875 0.590625 0.36875 0.59921875 0.37109375 0.6328125 0.375 0.59921875 0.37890625 0.61875 0.3828125 0.60546875 0.39921875 0.59375 0.42578125 0.60625 0.440625 0.62109375 0.4515625 0.68046875 0.45859375 0.684375 0.46953125 0.6703125 0.475 0.68828125 0.471875 0.70546875 0.4796875 0.72265625 0.48125 0.80546875 0.4859375 0.81796875 0.49296875 0.8203125 0.53125 0.71484375 0.53125 0.70390625 0.5234375 0.70078125 0.54609375 0.696875 0.5546875 0.68828125 0.5546875 0.52890625 0.56875 0.49296875 0.56875 0.48359375 0.5640625 0.48359375 0.56875 0.45234375 0.5859375 0.44609375 0.5921875 0.41484375 0.5875 0.39296875 0.615625 0.30546875 0.6328125 0.14140625 0.646875 0.11640625 0.640625 0.11328125 0.646875 0.10859375 0.646875 0.04609375 0.6359375 0.05390625 0.6375 0.11328125 0.63203125 0.1171875 0.625 0.10859375 0.6234375 0.03203125 0.6125 0.02265625 0.615625 0.01484375 0.603125 0.01171875 0.60078125 0 0.35234375 0 0.34921875 0.0125 0.3421875 0.01015625 0.34140625 0 0.32109375 0 0.31796875 0.0125 0.3125 0.01171875 0.31171875 0 0.28359375 0 0.28203125 0.009375 0.27890625 0 0.24921875 0
0 0.28828125 1 0.2953125 0.94609375 0.30859375 0.9546875 0.334375 0.92421875 0.33125 0.83359375 0.3390625 0.79296875 0.3328125 0.75859375 0.3390625 0.66796875 0.34765625 0.6625 0.36015625 0.6796875 0.36875 0.67734375 0.3765625 0.66328125 0.3859375 0.60234375 0.37578125 0.6 0.36015625 0.6203125 0.3390625 0.60703125 0.32890625 0.5875 0.28515625 0.56875 0.28046875 0.55625 0.2703125 0.56015625 0.26953125 0.56875 0.25078125 0.571875 0.246875 0.53984375 0.240625 0.53671875 0.2484375 0.53046875 0.2484375 0.48046875 0.240625 0.47109375 0.22578125 0.4765625 0.2234375 0.48984375 0.215625 0.49609375 0.209375 0.52578125 0.215625 0.53671875 0.19921875 0.553125 0.18828125 0.5515625 0.17890625 0.5578125 0.178125 0.56796875 0.15859375 0.590625 0.14765625 0.5875 0.1484375 0.59609375 0.13984375 0.596875 0.13671875 0.5890625 0.11796875 0.58125 0.109375 0.58515625 0.1 0.60546875 0.08046875 0.75625 0.05234375 0.75 0.02265625 0.75625 0.0140625 0.74765625 0.009375 0.67421875 0 0.65703125 0.00078125 1 0.02734375 0.9984375 0.03984375 0.9859375 0.053125 0.99453125 0.0515625 0.95859375 0.0609375 0.90859375 0.0734375 0.88515625 0.08203125 0.88125 0.09765625 0.8859375 0.1 0.89921875 0.10859375 0.9 0.1171875 0.91328125 0.12109375 0.953125 0.12890625 0.95625 0.14921875 0.9421875 0.18046875 0.9734375 0.19453125 0.9625 0.20546875 1 0.23828125 1 0.24296875 0.9921875 0.25078125 1 0.28828125 1
0 0.884375 0.01953125 0.8828125 0.09453125 0.88984375 0.1125 0.890625 0.02265625 0.884375 0.01953125
0 0.9140625 0.11328125 0.90625 0.13359375 0.915625 0.17109375 0.92734375 0.178125 0.9359375 0.13515625 0.9453125 0.12578125 0.93125 0.07890625 0.934375 0.00078125 0.9078125 0.00078125 0.90625 0.08203125 0.9140625 0.11328125
0 0.721875 0.00078125 0.684375 0.00078125 0.684375 0.06953125 0.6765625 0.10859375 0.678125 0.22421875 0.6875 0.25078125 0.70390625 0.2640625 0.7109375 0.25078125 0.7015625 0.22421875 0.6984375 0.10546875 0.70625 0.09453125 0.709375 0.05546875 0.7234375 0.03203125 0.721875 0.00078125
0 0.8609375 0.12265625 0.8546875 0.14296875 0.8578125 0.15234375 0.86640625 0.1546875 0.8734375 0.14765625 0.875 0.13203125 0.8609375 0.12265625
0 0.8046875 0.10078125 0.8015625 0.00078125 0.78125 0.00078125 0.78125 0.06953125 0.7875 0.10859375 0.77578125 0.1171875 0.759375 0.10859375 0.75625 0.14140625 0.76015625 0.1484375 0.77890625 0.1453125 0.79296875 0.15625 0.83671875 0.1578125 0.83125 0.11484375 0.81484375 0.1109375 0.8046875 0.10078125
0 0.1890625 0.13203125 0.18125 0.13828125 0.18515625 0.1734375 0.19609375 0.171875 0.2 0.16484375 0.2015625 0.13515625 0.1890625 0.13203125
0 0.2015625 0.15078125 0.203125 0.00078125 0.1828125 0.00078125 0.1859375 0.13046875 0.1796875 0.13984375 0.18125 0.16796875 0.19296875 0.1734375 0.2015625 0.15078125
0 0 0.13984375 0.01796875 0.1515625 0.0265625 0.12890625 0 0.11953125 0 0.13984375
0 0.015625 0.15234375 0.025 0.13203125 0.0109375 0.11171875 0.021875 0.08359375 0.0171875 0.02578125 0.025 0.00078125 0 0.00078125 0.00078125 0.26875 0.015625 0.26328125 0.015625 0.15234375
0 0.6671875 0.78984375 0.6546875 0.86328125 0.6578125 0.88046875 0.67265625 0.884375 0.6796875 0.81171875 0.675 0.78984375 0.6671875 0.78984375
0 0.7859375 0.96796875 0.80390625 0.9734375 0.803125 0.88984375 0.796875 0.86328125 0.790625 0.87734375 0.7859375 0.96796875
0 0.8078125 0.67421875 0.8015625 0.68984375 0.81171875 0.69375 0.815625 0.67578125 0.8078125 0.67421875
0 0.6703125 0.48046875 0.6671875 0.50390625 0.68203125 0.55625 0.6890625 0.54609375 0.6890625 0.52265625 0.6796875 0.48671875 0.6703125 0.48046875
0 0.5984375 0.43046875 0.60078125 0.4234375 0.5953125 0.42421875 0.5625 0.45390625 0.5609375 0.49609375 0.5484375 0.53984375 0.55625 0.57578125 0.58203125 0.5875 0.61875 0.57109375 0.6125 0.56015625 0.6125 0.53671875 0.6234375 0.51640625 0.6234375 0.49140625 0.6109375 0.43828125 0.5984375 0.43046875