0 0.84296875 0.3171875 0.8765625 0.32421875 0.93828125 0.3234375 0.9578125 0.26015625 0.9578125 0.22890625 0.9515625 0.22421875 0.9421875 0.18671875 0.9375 0.14140625 0.93359375 0.1328125 0.91640625 0.1390625 0.90859375 0.11875 0.88046875 0.125 0.85859375 0.1453125 0.83984375 0.1453125 0.8234375 0.18671875 0.8078125 0.20859375 0.809375 0.23671875 0.803125 0.26328125 0.84296875 0.3171875
0 0.5484375 0.16953125 0.578125 0.18984375 0.5875 0.18671875 0.6 0.15703125 0.61875 0.14609375 0.625 0.13046875 0.6265625 0.09921875 0.6203125 0.08671875 0.6203125 0.06171875 0.61484375 0.0578125 0.6015625 0.06015625 0.58359375 0.1078125 0.5734375 0.10390625 0.56015625 0.084375 0.54609375 0.0875 0.5328125 0.10703125 0.53125 0.13046875 0.5484375 0.16953125
0 0.48125 0.31953125 0.4890625 0.33828125 0.50078125 0.3265625 0.51796875 0.3234375 0.5265625 0.30546875 0.540625 0.29765625 0.5390625 0.26640625 0.52421875 0.2421875 0.5140625 0.24453125 0.49375 0.29296875 0.4828125 0.30234375 0.48125 0.31953125
0 0.49375 0.43359375 0.5078125 0.43515625 0.5234375 0.43203125 0.5203125 0.39296875 0.48828125 0.365625 0.48125 0.36953125 0.4859375 0.41015625 0.49375 0.43359375
0 0.575 0.42421875 0.58125 0.42734375 0.59921875 0.4265625 0.6078125 0.41953125 0.6109375 0.38515625 0.60390625 0.371875 0.59921875 0.378125 0.58671875 0.378125 0.56796875 0.35625 0.5625 0.36171875 0.5625 0.37890625 0.571875 0.39296875 0.575 0.42421875
0 0.62265625 0.409375 0.61875 0.43671875 0.65390625 0.428125 0.6578125 0.41953125 0.64609375 0.4046875 0.63046875 0.4140625 0.62265625 0.409375
0 0.475 0.21015625 0.4875 0.23984375 0.496875 0.23359375 0.5 0.21484375 0.48515625 0.1921875 0.475 0.19921875 0.475 0.21015625
0 0.35546875 0.540625 0.3734375 0.54921875 0.4 0.53203125 0.4078125 0.51328125 0.40390625 0.3890625 0.39140625 0.4 0.37890625 0.3921875 0.3515625 0.41796875 0.334375 0.48671875 0.325 0.49765625 0.328125 0.51953125 0.34765625 0.5234375 0.35546875 0.540625
0 0.16796875 0.6265625 0.178125 0.63359375 0.1875 0.63203125 0.1984375 0.59921875 0.18046875 0.575 0.1390625 0.61171875 0.14453125 0.628125 0.16796875 0.6265625
0 0.22109375 0.9296875 0.2234375 0.93828125 0.24453125 0.9390625 0.2578125 0.93203125 0.2453125 0.83671875 0.25625 0.81953125 0.2578125 0.78515625 0.24765625 0.778125 0.23515625 0.7796875 0.2203125 0.79609375 0.2203125 0.82578125 0.203125 0.89140625 0.2015625 0.92265625 0.22109375 0.9296875
0 0.35625 0.92890625 0.3703125 0.95234375 0.38671875 0.946875 0.3875 0.93671875 0.38125 0.91015625 0.36328125 0.8796875 0.3515625 0.90390625 0.35625 0.92890625
0 0.7375 0.87421875 0.7578125 0.89453125 0.76875 0.89296875 0.7640625 0.87421875 0.7765625 0.81171875 0.7734375 0.71796875 0.70078125 0.6984375 0.715625 0.77734375 0.7171875 0.83828125 0.7375 0.87421875