0 0.9578125 0.76640625 0.96875 0.74296875 0.92421875 0.6828125 0.88828125 0.675 0.8328125 0.67578125 0.809375 0.74453125 0.8296875 0.85234375 0.83515625 0.8671875 0.85390625 0.8609375 0.85859375 0.8765625 0.86171875 0.871875 0.88203125 0.8765625 0.91015625 0.8546875 0.9328125 0.85078125 0.9421875 0.81796875 0.959375 0.79765625 0.9578125 0.76640625
0 0.6265625 0.90078125 0.625 0.86953125 0.61875 0.85390625 0.6 0.84296875 0.5859375 0.81171875 0.5796875 0.81015625 0.5484375 0.83046875 0.53125 0.87109375 0.5328125 0.89296875 0.54609375 0.9125 0.56171875 0.9140625 0.571875 0.89765625 0.58359375 0.8921875 0.6015625 0.93828125 0.61484375 0.9421875 0.6203125 0.93828125 0.6203125 0.91328125 0.6265625 0.90078125
0 0.5828125 0.75546875 0.603125 0.70703125 0.6140625 0.69765625 0.615625 0.67421875 0.603125 0.66015625 0.55625 0.70390625 0.5578125 0.73359375 0.57421875 0.7609375 0.5828125 0.75546875
0 0.61953125 0.63125 0.6203125 0.61953125 0.603125 0.57890625 0.6046875 0.55546875 0.58125 0.55234375 0.5734375 0.56015625 0.578125 0.61015625 0.60390625 0.634375 0.61953125 0.63125
0 0.6546875 0.56796875 0.64296875 0.55625 0.61875 0.55546875 0.6203125 0.58984375 0.63046875 0.5859375 0.64609375 0.5953125 0.6578125 0.58046875 0.6546875 0.56796875
0 0.503125 0.57421875 0.48984375 0.5796875 0.4859375 0.58828125 0.4890625 0.62421875 0.49296875 0.628125 0.49765625 0.621875 0.51171875 0.621875 0.5203125 0.63828125 0.53203125 0.64375 0.5359375 0.62890625 0.525 0.60703125 0.521875 0.57734375 0.503125 0.57421875
0 0.4875 0.75703125 0.475 0.79140625 0.475 0.80078125 0.48515625 0.8078125 0.4984375 0.78984375 0.4984375 0.77421875 0.4875 0.75703125
0 0.39765625 0.4765625 0.38984375 0.4609375 0.3703125 0.45546875 0.34765625 0.4640625 0.334375 0.48828125 0.33125 0.53203125 0.3359375 0.53828125 0.33984375 0.609375 0.35078125 0.6015625 0.36328125 0.609375 0.3921875 0.58203125 0.409375 0.51484375 0.41875 0.50234375 0.41328125 0.478125 0.39765625 0.4765625
0 0.70625 0.23359375 0.703125 0.27890625 0.70703125 0.284375 0.77109375 0.2984375 0.759375 0.16015625 0.734375 0.12109375 0.7125 0.10546875 0.7 0.19609375 0.7 0.22421875 0.70625 0.23359375
0 0.384375 0.07578125 0.36796875 0.046875 0.3546875 0.04765625 0.353125 0.07890625 0.365625 0.11484375 0.37734375 0.1203125 0.3859375 0.10234375 0.384375 0.07578125
0 0.23203125 0.0609375 0.2203125 0.06171875 0.2 0.06953125 0.203125 0.11796875 0.2140625 0.14921875 0.2015625 0.18203125 0.2 0.21484375 0.21796875 0.2234375 0.2390625 0.20234375 0.2390625 0.17421875 0.2578125 0.08671875 0.25390625 0.0734375 0.23828125 0.071875 0.23203125 0.0609375