0 0.16015625 0.1453125 0.14140625 0.1453125 0.11953125 0.125 0.09140625 0.11875 0.08359375 0.1390625 0.06640625 0.1328125 0.0625 0.14140625 0.0578125 0.18671875 0.0484375 0.22421875 0.0421875 0.22890625 0.0421875 0.26015625 0.06171875 0.3234375 0.1234375 0.32421875 0.15703125 0.3171875 0.196875 0.26328125 0.190625 0.23671875 0.1921875 0.20859375 0.1765625 0.18671875 0.16015625 0.1453125
0 0.4265625 0.10390625 0.41640625 0.1078125 0.3984375 0.06015625 0.38515625 0.0578125 0.3796875 0.06171875 0.3796875 0.08671875 0.3734375 0.09921875 0.375 0.13046875 0.38125 0.14609375 0.4 0.15703125 0.4125 0.18671875 0.421875 0.18984375 0.4515625 0.16953125 0.46875 0.13046875 0.4671875 0.10703125 0.45390625 0.0875 0.43984375 0.084375 0.4265625 0.10390625
0 0.4609375 0.26640625 0.459375 0.29765625 0.4734375 0.30546875 0.48203125 0.3234375 0.49921875 0.3265625 0.5109375 0.33828125 0.51875 0.31953125 0.5171875 0.30234375 0.50625 0.29296875 0.4859375 0.24453125 0.47578125 0.2421875 0.4609375 0.26640625
0 0.4765625 0.43203125 0.4921875 0.43515625 0.50625 0.43359375 0.5140625 0.41015625 0.51875 0.36953125 0.51171875 0.365625 0.4796875 0.39296875 0.4765625 0.43203125
0 0.41328125 0.378125 0.40078125 0.378125 0.39609375 0.371875 0.3890625 0.38515625 0.3921875 0.41953125 0.40078125 0.4265625 0.41875 0.42734375 0.425 0.42421875 0.428125 0.39296875 0.4375 0.37890625 0.4375 0.36171875 0.43203125 0.35625 0.41328125 0.378125
0 0.38125 0.43671875 0.37734375 0.409375 0.36953125 0.4140625 0.35390625 0.4046875 0.3421875 0.41953125 0.34609375 0.428125 0.38125 0.43671875
0 0.5125 0.23984375 0.525 0.21015625 0.525 0.19921875 0.51484375 0.1921875 0.5 0.21484375 0.503125 0.23359375 0.5125 0.23984375
0 0.6484375 0.41796875 0.62109375 0.3921875 0.60859375 0.4 0.59609375 0.3890625 0.5921875 0.51328125 0.6 0.53203125 0.6265625 0.54921875 0.64453125 0.540625 0.65234375 0.5234375 0.671875 0.51953125 0.675 0.49765625 0.665625 0.48671875 0.6484375 0.41796875
0 0.8125 0.63203125 0.821875 0.63359375 0.83203125 0.6265625 0.85546875 0.628125 0.8609375 0.61171875 0.81953125 0.575 0.8015625 0.59921875 0.8125 0.63203125
0 0.76484375 0.7796875 0.75234375 0.778125 0.7421875 0.78515625 0.74375 0.81953125 0.7546875 0.83671875 0.7421875 0.93203125 0.75546875 0.9390625 0.7765625 0.93828125 0.77890625 0.9296875 0.7984375 0.92265625 0.796875 0.89140625 0.7796875 0.82578125 0.7796875 0.79609375 0.76484375 0.7796875
0 0.61328125 0.946875 0.6296875 0.95234375 0.64375 0.92890625 0.6484375 0.90390625 0.63671875 0.8796875 0.61875 0.91015625 0.6125 0.93671875 0.61328125 0.946875
0 0.2234375 0.81171875 0.2359375 0.87421875 0.23125 0.89296875 0.2421875 0.89453125 0.2625 0.87421875 0.2828125 0.83828125 0.284375 0.77734375 0.29921875 0.6984375 0.2265625 0.71796875 0.2234375 0.81171875