0 0 0.99921875 0.51875 0.99921875 0.5171875 0.87421875 0.50625 0.82734375 0.49375 0.81640625 0.4921875 0.79609375 0.4875 0.79453125 0.4921875 0.78828125 0.48203125 0.7859375 0.4859375 0.77890625 0.4703125 0.76796875 0.4765625 0.74921875 0.4390625 0.72265625 0.4390625 0.69609375 0.46796875 0.6828125 0.471875 0.66953125 0.45 0.59453125 0.4296875 0.58046875 0.434375 0.54453125 0.4140625 0.46484375 0.40546875 0.4625 0.39375 0.47578125 0.4 0.50234375 0.39375 0.53046875 0.37890625 0.5390625 0.36953125 0.5359375 0.353125 0.55234375 0.35625 0.55859375 0.34921875 0.575 0.334375 0.57265625 0.32578125 0.5390625 0.303125 0.55234375 0.296875 0.57890625 0.28359375 0.5921875 0.27265625 0.590625 0.23203125 0.55 0.18203125 0.58125 0.16171875 0.575 0.14609375 0.5828125 0.13203125 0.56875 0.11796875 0.565625 0.10625 0.54453125 0.075 0.52265625 0.06640625 0.5015625 0.05703125 0.503125 0.021875 0.57578125 0.00859375 0.584375 0 0.57890625 0 0.68046875 0.00546875 0.6828125 0.009375 0.67734375 0.009375 0.68828125 0 0.68671875 0 0.99921875
0 0.78515625 0.8140625 0.78046875 0.8296875 0.7734375 0.81015625 0.7796875 0.80078125 0.76953125 0.7984375 0.76875 0.82578125 0.753125 0.83203125 0.75546875 0.8375 0.76640625 0.8328125 0.76875 0.83984375 0.75390625 0.8484375 0.74375 0.80859375 0.73515625 0.8 0.71640625 0.7984375 0.70078125 0.784375 0.68515625 0.78125 0.66796875 0.7875 0.65546875 0.784375 0.6421875 0.77265625 0.640625 0.75390625 0.63515625 0.75 0.61015625 0.7515625 0.59609375 0.7421875 0.58125 0.75390625 0.56796875 0.7875 0.54453125 0.7890625 0.53125 0.79765625 0.52890625 1 0.8484375 0.99921875 0.84453125 0.7609375 0.83984375 0.7671875 0.815625 0.76796875 0.81171875 0.821875 0.79921875 0.8234375 0.78515625 0.8140625
0 0.840625 0.59296875 0.82109375 0.5796875 0.81328125 0.584375 0.8203125 0.58828125 0.81484375 0.6125 0.79375 0.56171875 0.76484375 0.5546875 0.7421875 0.58828125 0.728125 0.64765625 0.7328125 0.68359375 0.75390625 0.7015625 0.7640625 0.70234375 0.753125 0.70390625 0.7515625 0.75078125 0.740625 0.75390625 0.74375 0.76484375 0.7359375 0.76796875 0.7359375 0.79609375 0.71953125 0.796875 0.71171875 0.7828125 0.68828125 0.7765625 0.67109375 0.7765625 0.66640625 0.7859375 0.65234375 0.78125 0.64765625 0.765625 0.64375 0.77109375 0.640625 0.75234375 0.6203125 0.74609375 0.634375 0.74296875 0.63203125 0.728125 0.62890625 0.740625 0.6078125 0.73671875 0.6171875 0.74921875 0.61328125 0.7515625 0.60078125 0.7375 0.58359375 0.7515625 0.57109375 0.7515625 0.56953125 0.784375 0.54921875 0.7828125 0.5296875 0.79140625 0.5375 0.81953125 0.5328125 0.82265625 0.534375 0.85234375 0.5265625 0.87109375 0.5265625 0.99765625 0.846875 0.99921875 0.85 0.69453125 0.846875 0.66796875 0.8359375 0.65078125 0.8453125 0.62578125 0.8390625 0.61640625 0.840625 0.59296875
0 0.95390625 0.125 0.9390625 0.14453125 0.921875 0.29765625 0.934375 0.38828125 0.92734375 0.3984375 0.91484375 0.4015625 0.9109375 0.41171875 0.9 0.63828125 0.90625 0.70390625 0.8984375 0.73046875 0.8984375 0.79609375 0.8921875 0.82890625 0.896875 0.84921875 0.89375 0.87421875 0.878125 0.89609375 0.875 0.91484375 0.8625 0.91796875 0.875 0.93046875 0.8625 0.93984375 0.8609375 0.96640625 0.85625 0.96953125 0.8609375 0.97578125 0.8546875 0.98671875 0.86171875 1 1 0.99921875 0.99921875 0.0796875 0.984375 0.09765625 0.975 0.15234375 0.96953125 0.1453125 0.9640625 0.15390625 0.95390625 0.125
0 1 0.07734375 0.98125 0.09609375 0.975 0.13828125 0.96953125 0.1328125 0.96484375 0.1375 0.9625 0.12421875 0.95625 0.12109375 0.95625 0.10234375 0.9625 0.10703125 0.9625 0.09296875 0.95625 0.08984375 0.95390625 0.0375 0.9453125 0.04296875 0.94140625 0.059375 0.9375 0.05390625 0.934375 0.06640625 0.9375 0.10078125 0.9453125 0.10390625 0.9328125 0.13828125 0.9328125 0.21796875 0.91875 0.30859375 0.9328125 0.37734375 0.92265625 0.396875 0.9046875 0.40390625 0.9109375 0.43203125 0.909375 0.48359375 0.9 0.51796875 0.8984375 0.53984375 0.903125 0.54296875 0.89375 0.56953125 0.8984375 0.57421875 0.8921875 0.58046875 0.896875 0.59296875 0.8890625 0.59765625 0.890625 0.61953125 0.896875 0.61953125 0.8890625 0.62734375 0.896875 0.64140625 0.89140625 0.640625 0.8890625 0.64765625 0.896875 0.65546875 0.87890625 0.6765625 0.8765625 0.63359375 0.87109375 0.659375 0.86875 0.63046875 0.86328125 0.646875 0.8609375 0.62734375 0.86328125 0.6171875 0.86875 0.62734375 0.87109375 0.609375 0.8765625 0.62578125 0.87734375 0.5953125 0.884375 0.61796875 0.884375 0.57265625 0.87265625 0.5703125 0.865625 0.57578125 0.875 0.58984375 0.87109375 0.60625 0.86875 0.59140625 0.86328125 0.5984375 0.86015625 0.5828125 0.8546875 0.59296875 0.859375 0.64296875 0.853125 0.68671875 0.85625 0.76640625 0.85 0.81640625 0.85 0.98359375 0.85390625 1 1 0.99921875 1 0.07734375
0 0.6859375 0.44296875 0.7171875 0.39765625 0.71328125 0.3734375 0.69296875 0.3734375 0.665625 0.42109375 0.6796875 0.44296875 0.6859375 0.44296875
0 0.6203125 0.48203125 0.615625 0.50390625 0.621875 0.51484375 0.65234375 0.509375 0.665625 0.50078125 0.66953125 0.4515625 0.65078125 0.453125 0.63984375 0.4765625 0.6203125 0.48203125
0 0.6125 0.36171875 0.615625 0.38515625 0.63125 0.41640625 0.63125 0.44609375 0.65 0.45078125 0.659375 0.43515625 0.6578125 0.39453125 0.6453125 0.35703125 0.6296875 0.34296875 0.62421875 0.325 0.6125 0.36171875
0 0.559375 0.47890625 0.5703125 0.40703125 0.56171875 0.3828125 0.546875 0.39609375 0.54375 0.41484375 0.5515625 0.47421875 0.559375 0.47890625
0 0.77265625 0.503125 0.7765625 0.49765625 0.75390625 0.46875 0.746875 0.49921875 0.75625 0.50390625 0.77265625 0.503125
0 0.240625 0.27578125 0.2359375 0.32265625 0.29140625 0.3609375 0.3046875 0.36171875 0.3109375 0.34609375 0.2890625 0.31953125 0.2765625 0.28359375 0.2765625 0.26484375 0.25390625 0.253125 0.240625 0.27578125
0 0.1 0.44765625 0.09375 0.42265625 0.065625 0.37265625 0.04609375 0.3640625 0.0375 0.37265625 0.0375 0.39140625 0.04375 0.40078125 0.040625 0.42109375 0.046875 0.43671875 0.040625 0.47734375 0.04609375 0.4828125 0.0609375 0.48203125 0.07578125 0.478125 0.07890625 0.4671875 0.0890625 0.47109375 0.08515625 0.4796875 0.09609375 0.48125 0.1 0.44765625
0 0.3203125 0.29921875 0.32578125 0.3 0.328125 0.29296875 0.32578125 0.2875 0.3203125 0.29140625 0.3203125 0.27265625 0.309375 0.25546875 0.31796875 0.2359375 0.33984375 0.2296875 0.35 0.23984375 0.340625 0.24453125 0.3578125 0.24765625 0.36015625 0.3203125 0.36953125 0.2953125 0.38203125 0.296875 0.396875 0.28828125 0.39375 0.26328125 0.38359375 0.253125 0.36484375 0.253125 0.3546875 0.23203125 0.34609375 0.2234375 0.33046875 0.225 0.3296875 0.21171875 0.31484375 0.2015625 0.2953125 0.21015625 0.2921875 0.23359375 0.27109375 0.259375 0.25859375 0.253125 0.2484375 0.25703125 0.2375 0.29140625 0.2359375 0.32109375 0.26015625 0.3421875 0.3015625 0.36328125 0.3125 0.35546875 0.3125 0.33984375 0.3 0.33046875 0.2984375 0.32109375 0.31796875 0.3203125 0.3203125 0.29921875
0 0.46484375 0.203125 0.4578125 0.22890625 0.4734375 0.23515625 0.475 0.20546875 0.46484375 0.203125