0 0.5 0.80390625 0.49453125 0.80625 0.490625 0.80078125 0.49375 0.77890625 0.4703125 0.76796875 0.4765625 0.74921875 0.4390625 0.72265625 0.440625 0.69140625 0.46015625 0.6875 0.471875 0.67109375 0.45 0.59453125 0.4296875 0.57890625 0.434375 0.54453125 0.41171875 0.4640625 0.40078125 0.465625 0.3953125 0.47578125 0.4 0.51015625 0.39375 0.53046875 0.37890625 0.5390625 0.36953125 0.5359375 0.3515625 0.55390625 0.3515625 0.57265625 0.34609375 0.5765625 0.3328125 0.56953125 0.32578125 0.5390625 0.30859375 0.546875 0.29375 0.58515625 0.28359375 0.5921875 0.27265625 0.590625 0.23203125 0.55 0.18515625 0.5796875 0.16484375 0.5734375 0.15078125 0.5828125 0.14296875 0.58125 0.13046875 0.5671875 0.11953125 0.565625 0.10078125 0.5390625 0.075 0.52265625 0.06796875 0.5015625 0.053125 0.50546875 0.0296875 0.56328125 0.01640625 0.58125 0.0015625 0.57734375 0.00625 0.56015625 0 0.56015625 0.00078125 1 0.5171875 0.99921875 0.5171875 0.87265625 0.5078125 0.82734375 0.503125 0.81640625 0.49375 0.81328125 0.5 0.81328125 0.5 0.80390625
0 0.834375 0.72421875 0.8234375 0.73046875 0.8328125 0.73828125 0.815625 0.76015625 0.8125 0.81953125 0.79765625 0.8234375 0.78984375 0.8140625 0.77578125 0.8140625 0.7765625 0.83203125 0.75390625 0.8484375 0.7453125 0.81171875 0.73671875 0.8 0.71640625 0.7984375 0.69609375 0.7828125 0.65234375 0.784375 0.6421875 0.77265625 0.640625 0.75390625 0.63203125 0.7484375 0.61015625 0.7515625 0.59609375 0.7421875 0.58125 0.75390625 0.571875 0.78515625 0.5609375 0.79609375 0.5640625 0.81015625 0.56953125 0.8125 0.57421875 0.80625 0.5828125 0.82421875 0.578125 0.84453125 0.58125 0.88828125 0.5671875 0.91796875 0.546875 0.92734375 0.53125 0.96015625 0.53359375 1 0.85 0.99921875 0.8453125 0.90078125 0.8484375 0.76484375 0.84296875 0.7109375 0.83359375 0.7125 0.8296875 0.71796875 0.834375 0.72421875
0 0.83828125 0.5921875 0.82109375 0.5828125 0.815625 0.60078125 0.8203125 0.61015625 0.81328125 0.6125 0.79375 0.56171875 0.76484375 0.5546875 0.7421875 0.58984375 0.7421875 0.61171875 0.734375 0.61640625 0.7375 0.62109375 0.728125 0.64921875 0.734375 0.68515625 0.75390625 0.7015625 0.7640625 0.70234375 0.753125 0.70546875 0.7515625 0.72578125 0.74375 0.73046875 0.7515625 0.73828125 0.7515625 0.74921875 0.740625 0.75390625 0.74375 0.76484375 0.734375 0.76953125 0.7359375 0.79609375 0.71953125 0.796875 0.71171875 0.7828125 0.68828125 0.7765625 0.67109375 0.7765625 0.66328125 0.7875 0.65234375 0.78125 0.64765625 0.753125 0.64375 0.77265625 0.6421875 0.74609375 0.63828125 0.7515625 0.6234375 0.74609375 0.6359375 0.74140625 0.63203125 0.7265625 0.62890625 0.740625 0.6078125 0.73515625 0.61328125 0.7515625 0.60078125 0.7375 0.58203125 0.7515625 0.57109375 0.7515625 0.56953125 0.784375 0.53828125 0.784375 0.5296875 0.79140625 0.5359375 0.81796875 0.5265625 0.87109375 0.5265625 0.99765625 0.846875 0.99921875 0.85 0.69453125 0.846875 0.66796875 0.8359375 0.65078125 0.8453125 0.62421875 0.8390625 0.61640625 0.83828125 0.5921875
0 0.240625 0.27578125 0.2359375 0.32265625 0.29140625 0.3609375 0.3046875 0.36171875 0.3109375 0.34609375 0.2890625 0.31953125 0.2765625 0.28515625 0.2765625 0.26484375 0.25390625 0.253125 0.240625 0.27578125
0 0.1 0.44765625 0.09375 0.42265625 0.065625 0.37265625 0.04609375 0.3640625 0.0375 0.37265625 0.046875 0.43828125 0.040625 0.47734375 0.04609375 0.4828125 0.0609375 0.48203125 0.07578125 0.478125 0.07890625 0.46875 0.0890625 0.47265625 0.08359375 0.4796875 0.09609375 0.48125 0.1 0.44765625
0 0.38046875 0.2390625 0.37421875 0.25 0.36796875 0.2484375 0.34296875 0.2140625 0.33671875 0.2140625 0.33359375 0.2234375 0.32734375 0.2078125 0.30703125 0.2015625 0.2953125 0.20859375 0.2921875 0.23203125 0.27265625 0.2578125 0.25546875 0.2515625 0.246875 0.25859375 0.2390625 0.28046875 0.2359375 0.32265625 0.29296875 0.3625 0.30703125 0.3625 0.31796875 0.35 0.33203125 0.365625 0.3421875 0.36484375 0.3453125 0.34453125 0.365625 0.31953125 0.36875 0.30078125 0.396875 0.28984375 0.39375 0.26171875 0.38046875 0.2390625
0 0.6125 0.36171875 0.615625 0.38515625 0.63125 0.41640625 0.63125 0.44609375 0.65 0.45078125 0.6578125 0.43984375 0.6578125 0.39296875 0.646875 0.36015625 0.6296875 0.34296875 0.62421875 0.325 0.6125 0.36171875
0 0.6859375 0.44296875 0.7171875 0.39765625 0.71328125 0.3734375 0.69296875 0.3734375 0.665625 0.42109375 0.665625 0.42890625 0.6859375 0.44296875
0 0.6203125 0.48203125 0.615625 0.50390625 0.6234375 0.51484375 0.65234375 0.509375 0.665625 0.50078125 0.66953125 0.4515625 0.64921875 0.453125 0.640625 0.47578125 0.6203125 0.48203125
0 0.559375 0.48046875 0.5703125 0.40703125 0.56328125 0.3828125 0.5484375 0.39296875 0.54375 0.41484375 0.5515625 0.47734375 0.559375 0.48046875
0 0.39609375 0.4109375 0.3625 0.42890625 0.365625 0.44609375 0.35625 0.46328125 0.3546875 0.49765625 0.3296875 0.52578125 0.334375 0.53046875 0.3328125 0.56171875 0.34296875 0.571875 0.35 0.56328125 0.35 0.54921875 0.36640625 0.5328125 0.38203125 0.5359375 0.390625 0.53046875 0.3984375 0.50390625 0.3890625 0.47109375 0.41015625 0.4578125 0.415625 0.46171875 0.4359375 0.53984375 0.4375 0.56015625 0.43125 0.57890625 0.45 0.58828125 0.4546875 0.60859375 0.4703125 0.62734375 0.4734375 0.49921875 0.45 0.45390625 0.45 0.41171875 0.40859375 0.390625 0.4 0.39609375 0.39609375 0.4109375
0 0.96171875 0.146875 0.95625 0.15234375 0.95234375 0.125 0.9359375 0.15859375 0.9375 0.19765625 0.921875 0.29765625 0.934375 0.38828125 0.9140625 0.40390625 0.9109375 0.41328125 0.9125 0.48203125 0.90625 0.51171875 0.9 0.64609375 0.90625 0.70390625 0.896875 0.74609375 0.8953125 0.86015625 0.878125 0.89765625 0.8765625 0.91484375 0.86875 0.91796875 0.8765625 0.93203125 0.8703125 0.93359375 0.87109375 0.940625 0.8625 0.94140625 0.8609375 0.98046875 0.8546875 0.98515625 0.86171875 1 1 0.99921875 0.99921875 0.08125 0.984375 0.10078125 0.975 0.15390625 0.96953125 0.1484375 0.96484375 0.15625 0.96171875 0.146875
0 1 0.57109375 0.9921875 0.55390625 1 0.54609375 0.9953125 0.53671875 1 0.53203125 0.99921875 0 0 0.00078125 0 0.54296875 0.0140625 0.55234375 0.01640625 0.5609375 0.02734375 0.5625 0.0328125 0.55703125 0.0234375 0.55390625 0.034375 0.53359375 0.03125 0.53046875 0.05 0.52578125 0.04375 0.52265625 0.0484375 0.49921875 0.06796875 0.496875 0.0765625 0.50546875 0.078125 0.51953125 0.08984375 0.5296875 0.09765625 0.528125 0.1171875 0.55859375 0.13046875 0.559375 0.14296875 0.575 0.15078125 0.5765625 0.16484375 0.5640625 0.18984375 0.5671875 0.18828125 0.5609375 0.20078125 0.5625 0.21171875 0.5515625 0.21640625 0.5546875 0.22109375 0.5453125 0.23984375 0.5421875 0.253125 0.55390625 0.25078125 0.559375 0.27890625 0.578125 0.278125 0.57265625 0.2890625 0.56640625 0.28125 0.56171875 0.2921875 0.55859375 0.2890625 0.55390625 0.29921875 0.5375 0.31796875 0.534375 0.31484375 0.528125 0.3359375 0.52421875 0.3375 0.53046875 0.328125 0.53359375 0.33046875 0.553125 0.33203125 0.5359375 0.340625 0.53828125 0.33828125 0.5515625 0.36484375 0.5203125 0.37421875 0.53125 0.3890625 0.51484375 0.3796875 0.50703125 0.3890625 0.49609375 0.378125 0.49140625 0.378125 0.47421875 0.38828125 0.475 0.39296875 0.4640625 0.40625 0.46796875 0.40546875 0.4625 0.38125 0.46015625 0.39296875 0.4578125 0.39609375 0.45 0.39921875 0.45625 0.42734375 0.45 0.4375 0.45546875 0.4375 0.48046875 0.4328125 0.48359375 0.4390625 0.48984375 0.43125 0.49453125 0.4375 0.50390625 0.43125 0.51484375 0.4375 0.51796875 0.4390625 0.53671875 0.446875 0.53828125 0.4390625 0.53984375 0.4390625 0.57734375 0.44453125 0.575 0.4546875 0.59140625 0.4546875 0.60703125 0.46015625 0.60625 0.4640625 0.61640625 0.4625 0.62890625 0.46875 0.62890625 0.4625 0.63671875 0.4765625 0.64609375 0.4734375 0.65234375 0.4796875 0.66640625 0.49296875 0.66875 0.50234375 0.678125 0.515625 0.67578125 0.5171875 0.63046875 0.525 0.63046875 0.515625 0.62421875 0.51953125 0.615625 0.52734375 0.6265625 0.54375 0.62890625 0.5375 0.63671875 0.54375 0.64453125 0.528125 0.65546875 0.53203125 0.671875 0.54765625 0.675 0.55390625 0.6703125 0.56328125 0.68125 0.57265625 0.68125 0.57734375 0.690625 0.58046875 0.68125 0.60390625 0.6875 0.61640625 0.684375 0.65546875 0.6984375 0.659375 0.68203125 0.6671875 0.67578125 0.659375 0.66796875 0.66796875 0.66875 0.68203125 0.65 0.6875 0.65703125 0.6890625 0.64765625 0.678125 0.64609375 0.68671875 0.64375 0.6890625 0.63515625 0.6765625 0.62890625 0.67890625 0.6234375 0.68671875 0.6265625 0.6890625 0.61953125 0.67890625 0.6171875 0.678125 0.60859375 0.68671875 0.6109375 0.69375 0.59609375 0.68359375 0.596875 0.6796875 0.58203125 0.68671875 0.5796875 0.68984375 0.5875 0.69921875 0.58125 0.70703125 0.584375 0.70703125 0.5734375 0.71484375 0.58125 0.7234375 0.57265625 0.71015625 0.571875 0.7125 0.56640625 0.70078125 0.5625 0.69921875 0.55625 0.69609375 0.5640625 0.68515625 0.5578125 0.67578125 0.5640625 0.66796875 0.55625 0.66328125 0.5640625 0.65234375 0.55625 0.64765625 0.5625 0.63828125 0.55625 0.60234375 0.55625 0.60234375 0.5625 0.58671875 0.5578125 0.5890625 0.56171875 0.58046875 0.5640625 0.5640625 0.56171875 0.57734375 0.5578125 0.54453125 0.553125 0.52578125 0.5609375 0.52890625 0.5484375 0.56953125 0.54375 0.84140625 0.55 0.84453125 0.5546875 0.82421875 0.5546875 0.8234375 0.56171875 0.8140625 0.56484375 0.815625 0.57109375 0.8078125 0.57578125 0.8140625 0.57578125 0.8140625 0.58671875 0.8078125 0.59296875 0.81875 0.58671875 0.81953125 0.575 0.83671875 0.578125 0.8390625 0.58984375 0.8453125 0.59140625 0.846875 0.63203125 0.8390625 0.63828125 0.8515625 0.68671875 0.846875 0.68984375 0.8515625 0.69453125 0.846875 0.69765625 0.8515625 0.70078125 0.846875 0.70546875 0.846875 0.71640625 0.8515625 0.71640625 0.846875 0.73984375 0.8515625 0.74453125 0.846875 0.74609375 0.853125 0.75546875 0.853125 0.78984375 0.84765625 0.7671875 0.8453125 0.78515625 0.846875 0.82265625 0.8515625 0.82578125 0.846875 0.84140625 0.853125 0.84453125 0.8546875 0.99921875 0.86171875 1 0.8625 0.98671875 0.86796875 0.990625 0.871875 0.98515625 0.8625 0.97109375 0.86796875 0.975 0.86875 0.96328125 0.87578125 0.9671875 0.88125 0.96171875 0.87578125 0.95625 0.86953125 0.9609375 0.86796875 0.9546875 0.8625 0.95859375 0.8625 0.92421875 0.86796875 0.928125 0.87421875 0.921875 0.8828125 0.92578125 0.878125 0.93828125 0.890625 0.94140625 0.8890625 0.95078125 0.88125 0.95234375 0.8890625 0.95703125 0.878125 0.96953125 0.8875 0.97265625 0.8765625 0.98515625 0.88828125 0.9875 0.88515625 0.99375 0.89453125 0.99375 0.89765625 1 0.92578125 0.99375 0.93671875 1 0.94140625 0.9953125 0.94453125 1 0.96875 0.99765625 0.9640625 0.98828125 0.9703125 0.94921875 0.9640625 0.91953125 0.96875 0.89453125 0.9640625 0.88671875 0.96953125 0.8875 0.9703125 0.87890625 0.98046875 0.871875 0.9953125 0.87578125 0.99375 0.89921875 0.9796875 0.89921875 0.990625 0.90234375 0.9875 0.90703125 0.996875 0.92578125 0.99296875 0.946875 0.9828125 0.93828125 0.990625 0.93046875 0.9859375 0.92421875 0.978125 0.93046875 0.9828125 0.93359375 0.9765625 0.94140625 0.9796875 0.96953125 0.971875 0.97734375 0.978125 0.97734375 0.98046875 1 0.9875 0.99765625 0.98984375 0.9859375 0.9921875 0.99765625 1 0.99921875 0.99921875 0.7359375 0.9890625 0.75390625 0.9953125 0.76328125 0.990625 0.80234375 0.98515625 0.7984375 0.9796875 0.81171875 0.990625 0.81796875 0.97421875 0.825 0.96953125 0.8203125 0.94921875 0.81875 0.94140625 0.825 0.9375 0.82109375 0.94140625 0.8140625 0.95390625 0.81875 0.95625 0.81328125 0.9515625 0.75078125 0.95625 0.74453125 0.9453125 0.74609375 0.9484375 0.75234375 0.940625 0.75703125 0.94453125 0.765625 0.928125 0.74921875 0.93359375 0.7515625 0.9421875 0.74140625 0.93828125 0.7359375 0.93046875 0.7375 0.9234375 0.76015625 0.9171875 0.76015625 0.91796875 0.76875 0.925 0.76328125 0.92578125 0.7765625 0.9265625 0.76171875 0.934375 0.76015625 0.9328125 0.80078125 0.93046875 0.80625 0.925 0.80390625 0.925 0.81328125 0.9359375 0.81640625 0.93125 0.82890625 0.94375 0.83203125 0.940625 0.84453125 0.9515625 0.84765625 0.946875 0.85078125 0.94921875 0.8609375 0.96640625 0.8609375 0.9703125 0.86640625 0.9609375 0.87109375 0.965625 0.87890625 0.95859375 0.8890625 0.95390625 0.878125 0.9484375 0.88359375 0.9515625 0.89453125 0.946875 0.90078125 0.9515625 0.90234375 0.9453125 0.90234375 0.95 0.91015625 0.9453125 0.91015625 0.94453125 0.928125 0.9390625 0.92578125 0.94375 0.91484375 0.9390625 0.91171875 0.94375 0.89921875 0.9390625 0.88515625 0.93125 0.88984375 0.9359375 0.89296875 0.93125 0.89921875 0.9359375 0.90390625 0.9296875 0.90078125 0.9359375 0.91953125 0.9296875 0.91796875 0.9296875 0.92734375 0.9359375 0.92578125 0.92734375 0.9375 0.9234375 0.88515625 0.9171875 0.89140625 0.91953125 0.896875 0.91484375 0.8921875 0.91171875 0.896875 0.90703125 0.8921875 0.90234375 0.8984375 0.89375 0.89609375 0.9 0.87890625 0.89375 0.88046875 0.8921875 0.85234375 0.89375 0.80078125 0.9078125 0.77734375 0.9 0.77265625 0.8984375 0.75703125 0.9078125 0.73828125 0.9046875 0.72578125 0.909375 0.70546875 0.9171875 0.69921875 0.9125 0.69453125 0.9171875 0.69453125 0.92109375 0.709375 0.925 0.69765625 0.925 0.65859375 0.909375 0.65390625 0.909375 0.63515625 0.9046875 0.63203125 0.909375 0.60390625 0.9203125 0.60546875 0.9171875 0.61640625 0.92421875 0.63125 0.925 0.61953125 0.9328125 0.62265625 0.9328125 0.61015625 0.92578125 0.6140625 0.925 0.60390625 0.9328125 0.60703125 0.928125 0.60078125 0.93359375 0.59375 0.93671875 0.6 0.94140625 0.59375 0.94609375 0.6 0.9484375 0.58671875 0.94140625 0.5921875 0.940625 0.57890625 0.94609375 0.584375 0.9484375 0.57109375 0.95390625 0.575 0.96015625 0.5703125 0.9640625 0.58515625 0.95625 0.60078125 0.9625 0.60859375 0.95625 0.61640625 0.96171875 0.615625 0.96953125 0.6296875 0.97265625 0.625 1 0.62421875 0.99296875 0.6109375 0.98984375 0.621875 0.9796875 0.61640625 0.98984375 0.60625 1 0.60859375 0.99375 0.60078125 0.99609375 0.59375 1 0.59609375 1 0.57109375