0 0 0.42109375 0.00859375 0.415625 0.021875 0.42421875 0.05703125 0.496875 0.06640625 0.4984375 0.075 0.47734375 0.10625 0.45546875 0.11796875 0.434375 0.13203125 0.43125 0.14609375 0.4171875 0.16171875 0.425 0.18203125 0.41875 0.23203125 0.45 0.27265625 0.409375 0.28359375 0.4078125 0.296875 0.42109375 0.303125 0.44765625 0.32578125 0.4609375 0.334375 0.42734375 0.34921875 0.425 0.35625 0.44140625 0.353125 0.44765625 0.36953125 0.4640625 0.37890625 0.4609375 0.39375 0.46953125 0.4 0.49765625 0.39375 0.52421875 0.40546875 0.5375 0.4140625 0.53515625 0.434375 0.45546875 0.4296875 0.41953125 0.45 0.40546875 0.471875 0.33046875 0.46796875 0.3171875 0.4390625 0.30390625 0.4390625 0.27734375 0.4765625 0.25078125 0.4703125 0.23203125 0.4859375 0.22109375 0.48203125 0.2140625 0.4921875 0.21171875 0.4875 0.20546875 0.4921875 0.20390625 0.49375 0.18359375 0.50625 0.17265625 0.5171875 0.12578125 0.51875 0.00078125 0 0.00078125 0 0.31328125 0.009375 0.31171875 0.009375 0.32265625 0.00546875 0.3171875 0 0.31953125 0 0.42109375
0 0.84453125 0.2390625 0.8484375 0.00078125 0.52890625 0 0.53125 0.20234375 0.54453125 0.2109375 0.56796875 0.2125 0.58125 0.24609375 0.59609375 0.2578125 0.61015625 0.2484375 0.63515625 0.25 0.640625 0.24609375 0.6421875 0.22734375 0.65546875 0.215625 0.66796875 0.2125 0.68515625 0.21875 0.70078125 0.215625 0.71640625 0.2015625 0.73515625 0.2 0.74375 0.19140625 0.75390625 0.1515625 0.76875 0.16015625 0.76640625 0.1671875 0.75546875 0.1625 0.753125 0.16796875 0.76875 0.17421875 0.76953125 0.2015625 0.7796875 0.19921875 0.7734375 0.18984375 0.78046875 0.1703125 0.78515625 0.1859375 0.79921875 0.1765625 0.81171875 0.178125 0.815625 0.23203125 0.83984375 0.2328125 0.84453125 0.2390625
0 0.85 0.30546875 0.846875 0.00078125 0.5265625 0.00234375 0.5265625 0.12890625 0.534375 0.14765625 0.5328125 0.17734375 0.5375 0.18046875 0.5296875 0.20859375 0.54921875 0.2171875 0.56953125 0.215625 0.57109375 0.2484375 0.58359375 0.2484375 0.60078125 0.2625 0.61328125 0.2484375 0.6171875 0.25078125 0.6078125 0.26328125 0.62890625 0.259375 0.63203125 0.271875 0.634375 0.25703125 0.6203125 0.25390625 0.640625 0.24765625 0.64375 0.22890625 0.64765625 0.234375 0.65234375 0.21875 0.66640625 0.2140625 0.67109375 0.2234375 0.68828125 0.2234375 0.71171875 0.2171875 0.71953125 0.203125 0.7359375 0.20390625 0.7359375 0.23203125 0.74375 0.23515625 0.740625 0.24609375 0.7515625 0.24921875 0.753125 0.29609375 0.7640625 0.29765625 0.75390625 0.2984375 0.7328125 0.31640625 0.728125 0.35234375 0.7421875 0.41171875 0.76484375 0.4453125 0.79375 0.43828125 0.81484375 0.3875 0.8203125 0.41171875 0.81328125 0.415625 0.82109375 0.4203125 0.840625 0.40703125 0.8390625 0.38359375 0.8453125 0.37421875 0.8359375 0.34921875 0.846875 0.33203125 0.85 0.30546875
0 0.99921875 0.9203125 1 0.00078125 0.86171875 0 0.8546875 0.01328125 0.8609375 0.02421875 0.85625 0.03046875 0.8609375 0.03359375 0.8625 0.06015625 0.875 0.06953125 0.8625 0.08203125 0.875 0.08515625 0.878125 0.10390625 0.89375 0.12578125 0.896875 0.15078125 0.8921875 0.17109375 0.8984375 0.20390625 0.8984375 0.26953125 0.90625 0.29609375 0.9 0.36171875 0.9109375 0.58828125 0.91484375 0.5984375 0.92734375 0.6015625 0.934375 0.61171875 0.921875 0.70234375 0.9390625 0.85546875 0.95390625 0.875 0.9640625 0.84609375 0.96953125 0.8546875 0.975 0.84765625 0.984375 0.90234375 0.99921875 0.9203125
0 1 0.00078125 0.85390625 0 0.85 0.01640625 0.85 0.18359375 0.85625 0.23359375 0.853125 0.31328125 0.859375 0.35703125 0.8546875 0.40703125 0.86015625 0.4171875 0.86328125 0.4015625 0.86875 0.40859375 0.87109375 0.39375 0.875 0.41015625 0.865625 0.42421875 0.87265625 0.4296875 0.884375 0.42734375 0.884375 0.38203125 0.87734375 0.4046875 0.8765625 0.37421875 0.87109375 0.390625 0.86875 0.37265625 0.86328125 0.3828125 0.8609375 0.37265625 0.86328125 0.353125 0.86875 0.36953125 0.87109375 0.340625 0.8765625 0.36640625 0.87890625 0.3234375 0.896875 0.34453125 0.8890625 0.35234375 0.89140625 0.359375 0.896875 0.35859375 0.8890625 0.37265625 0.896875 0.38046875 0.890625 0.38046875 0.8890625 0.40234375 0.896875 0.40703125 0.8921875 0.41953125 0.8984375 0.42578125 0.89375 0.43046875 0.903125 0.45703125 0.8984375 0.46015625 0.9 0.48203125 0.909375 0.51640625 0.9109375 0.56796875 0.9046875 0.59609375 0.92265625 0.603125 0.9328125 0.62265625 0.91875 0.69140625 0.9328125 0.78203125 0.9328125 0.86171875 0.9453125 0.89609375 0.9375 0.89921875 0.934375 0.93359375 0.9375 0.94609375 0.94140625 0.940625 0.9453125 0.95703125 0.95390625 0.9625 0.95625 0.91015625 0.9625 0.90703125 0.9625 0.89296875 0.95625 0.89765625 0.95625 0.87890625 0.9625 0.87578125 0.96484375 0.8625 0.96953125 0.8671875 0.975 0.86171875 0.98125 0.90390625 1 0.92265625 1 0.00078125
0 0.7171875 0.60234375 0.6859375 0.55703125 0.6796875 0.55703125 0.665625 0.57890625 0.69296875 0.6265625 0.71328125 0.6265625 0.7171875 0.60234375
0 0.65234375 0.490625 0.621875 0.48515625 0.615625 0.49609375 0.6203125 0.51796875 0.63984375 0.5234375 0.65078125 0.546875 0.66953125 0.5484375 0.665625 0.49921875 0.65234375 0.490625
0 0.659375 0.56484375 0.65 0.54921875 0.63125 0.55390625 0.63125 0.58359375 0.615625 0.61484375 0.6125 0.63828125 0.62421875 0.675 0.6296875 0.65703125 0.6453125 0.64296875 0.6578125 0.60546875 0.659375 0.56484375
0 0.5703125 0.59296875 0.559375 0.52109375 0.5515625 0.52578125 0.54375 0.58515625 0.546875 0.60390625 0.56171875 0.6171875 0.5703125 0.59296875
0 0.77265625 0.496875 0.75625 0.49609375 0.746875 0.50078125 0.75390625 0.53125 0.7765625 0.50234375 0.77265625 0.496875
0 0.3109375 0.65390625 0.3046875 0.63828125 0.29140625 0.6390625 0.2359375 0.67734375 0.240625 0.72421875 0.25390625 0.746875 0.2765625 0.73515625 0.2765625 0.71640625 0.2890625 0.68046875 0.3109375 0.65390625
0 0.07578125 0.521875 0.0609375 0.51796875 0.04609375 0.5171875 0.040625 0.52265625 0.046875 0.56328125 0.040625 0.57890625 0.04375 0.59921875 0.0375 0.60859375 0.0375 0.62734375 0.04609375 0.6359375 0.065625 0.62734375 0.09375 0.57734375 0.1 0.55234375 0.09609375 0.51875 0.08515625 0.5203125 0.0890625 0.52890625 0.07890625 0.5328125 0.07578125 0.521875
0 0.3125 0.64453125 0.3015625 0.63671875 0.26015625 0.6578125 0.2359375 0.67890625 0.2375 0.70859375 0.2484375 0.74296875 0.25859375 0.746875 0.27109375 0.740625 0.2921875 0.76640625 0.2953125 0.78984375 0.31484375 0.7984375 0.3296875 0.78828125 0.33046875 0.775 0.34609375 0.7765625 0.3546875 0.76796875 0.36484375 0.746875 0.38359375 0.746875 0.39375 0.73671875 0.396875 0.71171875 0.38203125 0.703125 0.36953125 0.7046875 0.36015625 0.6796875 0.3578125 0.75234375 0.340625 0.75546875 0.35 0.76015625 0.33984375 0.7703125 0.31796875 0.7640625 0.309375 0.74453125 0.3203125 0.72734375 0.3203125 0.70859375 0.32578125 0.7125 0.328125 0.70703125 0.32578125 0.7 0.3203125 0.70078125 0.31796875 0.6796875 0.2984375 0.67890625 0.3 0.66953125 0.3125 0.66015625 0.3125 0.64453125
0 0.475 0.79453125 0.4734375 0.76484375 0.4578125 0.77109375 0.46484375 0.796875 0.475 0.79453125