0 0.5625 0.65078125 0.5296875 0.00078125 0.4359375 0.00078125 0.44375 0.31171875 0.4390625 0.40390625 0.44375 0.65859375 0.446875 0.69921875 0.45546875 0.7109375 0.46875 0.69453125 0.46875 0.68203125 0.4625 0.67578125 0.46796875 0.6546875 0.51640625 0.6609375 0.5625 0.65078125
0 0.6984375 0.99296875 0.753125 0.00078125 0.6421875 0.00234375 0.5703125 0.93515625 0.5703125 0.98515625 0.57890625 0.99375 0.6984375 0.99296875
0 0.9515625 0.11015625 0.9296875 0.00078125 0.7953125 0.00078125 0.8203125 0.19765625 0.825 0.28984375 0.8484375 0.43671875 0.853125 0.52421875 0.8625 0.55546875 0.87734375 0.565625 0.89609375 0.56875 0.94921875 0.5671875 0.9640625 0.54921875 0.9515625 0.50703125 0.9984375 0.47734375 0.9515625 0.11015625
0 0.5625 0.65078125 0.5296875 0.00078125 0.4359375 0.00078125 0.44375 0.31640625 0.4390625 0.34140625 0.44375 0.65703125 0.446875 0.70078125 0.45546875 0.7109375 0.46875 0.69453125 0.4625 0.67421875 0.46796875 0.6546875 0.51484375 0.6609375 0.5625 0.65078125
0 0.4421875 0.60703125 0.4234375 0.00078125 0.3515625 0.00078125 0.3546875 0.28671875 0.35 0.30390625 0.35 0.42421875 0.3515625 0.45703125 0.38671875 0.4625 0.39375 0.46953125 0.3984375 0.53359375 0.4140625 0.61796875 0.43828125 0.64375 0.4421875 0.60703125
0 0.3453125 0.36015625 0.34375 0.00078125 0.29375 0.00078125 0.2890625 0.34921875 0.29375 0.36640625 0.30078125 0.36875 0.33671875 0.36875 0.3453125 0.36015625
0 0.2859375 0.51015625 0.28125 0.00078125 0.2453125 0.00078125 0.2453125 0.51640625 0.24921875 0.5234375 0.26953125 0.5265625 0.284375 0.52265625 0.2859375 0.51015625
0 0.2421875 0.55859375 0.240625 0.00078125 0.215625 0.00078125 0.2109375 0.03984375 0.2078125 0.43203125 0.209375 0.55703125 0.21640625 0.5734375 0.23984375 0.571875 0.2421875 0.55859375
0 0.2109375 0.03671875 0.2046875 0.03046875 0.19296875 0.0296875 0.1875 0.04140625 0.1828125 0.16953125 0.175 0.68671875 0.18671875 0.6953125 0.2015625 0.69140625 0.2015625 0.55859375 0.20625 0.54453125 0.2109375 0.03671875
0 0.1828125 0.10546875 0.178125 0.10078125 0.1671875 0.10859375 0.165625 0.14140625 0.1703125 0.14609375 0.1640625 0.15546875 0.1703125 0.16015625 0.1609375 0.17109375 0.1546875 0.43203125 0.15625 0.54765625 0.16796875 0.553125 0.175 0.54921875 0.178125 0.46171875 0.1828125 0.10546875
0 0.1625 0.19921875 0.1578125 0.16328125 0.1484375 0.16328125 0.1453125 0.17734375 0.1359375 0.39140625 0.1359375 0.48984375 0.14921875 0.4953125 0.1546875 0.48671875 0.1625 0.19921875
0 0.1375 0.35078125 0.1390625 0.21171875 0.13125 0.21640625 0.1296875 0.25390625 0.115625 0.25703125 0.1125 0.29609375 0.103125 0.30390625 0.1 0.33203125 0.0859375 0.34609375 0.09140625 0.4078125 0.1 0.39453125 0.1 0.36015625 0.12890625 0.353125 0.13515625 0.3578125 0.1375 0.35078125
0 0.265625 0.77578125 0.2546875 0.72890625 0.2453125 0.72890625 0.2421875 0.74140625 0.2421875 0.99921875 0.28359375 1 0.284375 0.79140625 0.27109375 0.7859375 0.265625 0.77578125
0 0.2421875 0.95546875 0.2359375 0.94765625 0.22109375 0.9578125 0.20859375 0.953125 0.203125 0.95703125 0.20078125 1 0.2421875 0.99921875 0.2421875 0.95546875
0 0.11328125 0.95 0.1109375 0.86796875 0.08671875 0.884375 0.0734375 0.90234375 0.08125 0.90390625 0.07890625 0.9140625 0.059375 0.91640625 0.059375 0.92734375 0.06484375 0.9234375 0.06875 0.92890625 0.0578125 0.93046875 0.0578125 0.98046875 0.0671875 0.98515625 0.07265625 1 0.09921875 0.990625 0.10234375 1 0.128125 0.99453125 0.1296875 0.93203125 0.121875 0.91796875 0.1265625 0.89765625 0.1171875 0.89296875 0.11328125 0.95