0 0.1453125 0.48203125 0.140625 0.48046875 0.14140625 0.4890625 0.1296875 0.48359375 0.13046875 0.4765625 0.1265625 0.47890625 0.125 0.49921875 0.13359375 0.49375 0.1390625 0.49921875 0.12265625 0.50625 0.11015625 0.490625 0.08828125 0.49375 0.07890625 0.4890625 0.07421875 0.49375 0.06328125 0.4828125 0.06015625 0.4921875 0.05703125 0.4875 0.01953125 0.5140625 0.01796875 0.5234375 0.01328125 0.5171875 0.00625 0.53203125 0.0078125 0.58046875 0.0109375 0.59921875 0.01875 0.60078125 0.0234375 0.68828125 0.06875 0.99453125 0.07109375 1 0.2015625 0.99921875 0.1796875 0.80390625 0.178125 0.73359375 0.159375 0.62890625 0.1625 0.61171875 0.1515625 0.56171875 0.1453125 0.48203125
0 0.3796875 0.00234375 0.25078125 0 0.271875 0.39765625 0.321875 0.99921875 0.4375 0.99921875 0.3796875 0.00234375
0 0.54140625 0.2875 0.5328125 0.30390625 0.53359375 0.34375 0.51015625 0.3390625 0.44453125 0.34375 0.4390625 0.34765625 0.4390625 0.38046875 0.471875 0.99765625 0.5609375 0.99921875 0.5640625 0.65390625 0.553125 0.49765625 0.5578125 0.37578125 0.5546875 0.31484375 0.5484375 0.29140625 0.54140625 0.2875
0 0.5703125 0.54296875 0.5640625 0.99921875 0.6484375 0.99921875 0.6546875 0.80234375 0.6515625 0.41328125 0.64609375 0.35625 0.6234375 0.38203125 0.6015625 0.53671875 0.5703125 0.54296875
0 0.65625 0.99921875 0.7078125 0.99921875 0.7140625 0.87421875 0.7125 0.64765625 0.70703125 0.634375 0.66171875 0.63125 0.65625 0.63671875 0.65625 0.99921875
0 0.715625 0.83984375 0.71796875 0.8765625 0.7296875 0.85859375 0.7234375 0.85234375 0.73046875 0.8453125 0.734375 0.85234375 0.7359375 0.97109375 0.73984375 0.9765625 0.74609375 0.9703125 0.7484375 0.98515625 0.7546875 0.98671875 0.7578125 0.50546875 0.75625 0.47734375 0.74453125 0.471875 0.72109375 0.478125 0.7171875 0.48828125 0.715625 0.83984375
0 0.73359375 0.940625 0.73046875 0.93125 0.72578125 0.940625 0.721875 0.92578125 0.7171875 0.98984375 0.71953125 1 0.7578125 0.99921875 0.75390625 0.83125 0.74375 0.93359375 0.74140625 0.9390625 0.73828125 0.925 0.7375 0.93671875 0.73359375 0.940625
0 0.7921875 0.44296875 0.78671875 0.4265625 0.76171875 0.428125 0.759375 0.44921875 0.7578125 0.81328125 0.765625 0.81640625 0.77734375 0.784375 0.778125 0.79609375 0.78671875 0.803125 0.790625 0.79921875 0.79375 0.56953125 0.7921875 0.44296875
0 0.8140625 0.03203125 0.8296875 0.02578125 0.82890625 0 0.803125 0.00234375 0.80625 0.06953125 0.8140625 0.03203125
0 0.8140625 0.42578125 0.80078125 0.41875 0.7953125 0.48984375 0.796875 0.64296875 0.8 0.58046875 0.8125 0.57578125 0.81171875 0.5703125 0.803125 0.56953125 0.8140625 0.56328125 0.8140625 0.42578125
0 0.7796875 0.59609375 0.7828125 0.56796875 0.78046875 0.55 0.778125 0.58515625 0.76953125 0.5859375 0.76875 0.51796875 0.7625 0.51328125 0.7671875 0.48671875 0.76171875 0.4671875 0.7609375 0.99921875 0.7859375 0.99921875 0.79375 0.67578125 0.784375 0.67109375 0.78125 0.62734375 0.76875 0.62421875 0.76875 0.59609375 0.7796875 0.59609375
0 0.715625 0.99921875 0.72734375 1 0.721875 0.98984375 0.72890625 0.9875 0.734375 0.98984375 0.73359375 1 0.7546875 0.99921875 0.7578125 0.48359375 0.75390625 0.4734375 0.74453125 0.471875 0.71875 0.48046875 0.7171875 0.50390625 0.715625 0.99921875
0 0.7796875 0.94609375 0.77265625 0.946875 0.771875 0.93828125 0.7796875 0.93515625 0.78203125 0.915625 0.78984375 0.975 0.80546875 0.975 0.80625 0.96640625 0.821875 0.95390625 0.83125 0.90234375 0.8375 0.89921875 0.846875 0.85546875 0.871875 0.79921875 0.871875 0.77734375 0.8796875 0.77734375 0.8890625 0.70703125 0.89453125 0.7171875 0.896875 0.71171875 0.8953125 0.69765625 0.9 0.69453125 0.8890625 0.69921875 0.890625 0.67578125 0.88203125 0.6578125 0.87421875 0.6625 0.8609375 0.65859375 0.86328125 0.665625 0.87421875 0.6640625 0.87578125 0.66875 0.85078125 0.66875 0.84296875 0.6765625 0.82109375 0.66875 0.81171875 0.6796875 0.79765625 0.66875 0.78515625 0.675 0.76796875 0.6734375 0.765625 0.64453125 0.759375 0.64296875 0.7546875 0.69453125 0.759375 0.85078125 0.7515625 0.93828125 0.759375 0.96171875 0.753125 0.96796875 0.759375 0.97734375 0.753125 0.98515625 0.7703125 0.99296875 0.7640625 0.98984375 0.771875 0.96484375 0.7671875 0.95703125 0.77109375 0.9515625 0.778125 0.95390625 0.7796875 0.94609375
0 0.7453125 0.26484375 0.75625 0.27109375 0.7609375 0.24765625 0.759375 0.00078125 0.71953125 0 0.7171875 0.20546875 0.7328125 0.21796875 0.7453125 0.26484375
0 0.7703125 0.05546875 0.78203125 0.0421875 0.796875 0.04453125 0.79921875 0 0.759375 0.00078125 0.759375 0.04765625 0.7703125 0.05546875
0 0.88671875 0.1546875 0.90234375 0.1296875 0.9078125 0.13984375 0.909375 0.17734375 0.9234375 0.17734375 0.9296875 0.00390625 0.85859375 0 0.8546875 0.07265625 0.871875 0.09765625 0.8734375 0.14765625 0.88671875 0.1546875
0 0.865625 0.66015625 0.8734375 0.65546875 0.8671875 0.65234375 0.871875 0.64765625 0.865625 0.63671875 0.865625 0.51484375 0.85390625 0.50625 0.83984375 0.50625 0.83203125 0.49375 0.8265625 0.50234375 0.8296875 0.51484375 0.8234375 0.54921875 0.821875 0.68671875 0.8265625 0.68828125 0.82890625 0.678125 0.83203125 0.6875 0.840625 0.67109375 0.8453125 0.71328125 0.85546875 0.703125 0.8609375 0.70703125 0.8640625 0.67421875 0.871875 0.67265625 0.871875 0.66171875 0.865625 0.66015625