0 0.4390625 0.59609375 0.44375 0.68828125 0.4359375 0.99921875 0.5296875 0.99921875 0.5625 0.34921875 0.51640625 0.3390625 0.46796875 0.3453125 0.4625 0.32421875 0.46875 0.31796875 0.46875 0.30546875 0.45546875 0.2890625 0.446875 0.30078125 0.44375 0.34140625 0.4390625 0.59609375
0 0.5703125 0.06484375 0.6421875 0.99765625 0.753125 0.99921875 0.6984375 0.00703125 0.57890625 0.00625 0.5703125 0.01484375 0.5703125 0.06484375
0 0.8484375 0.56328125 0.825 0.71015625 0.8203125 0.80234375 0.7953125 0.99921875 0.9296875 0.99921875 0.9515625 0.88984375 0.9984375 0.52265625 0.9515625 0.49296875 0.9640625 0.45078125 0.94921875 0.4328125 0.89609375 0.43125 0.87734375 0.434375 0.8625 0.44453125 0.853125 0.47578125 0.8484375 0.56328125
0 0.44375 0.68359375 0.4359375 0.99921875 0.5296875 0.99921875 0.5625 0.34921875 0.51484375 0.3390625 0.46796875 0.3453125 0.4625 0.32578125 0.46875 0.30546875 0.45546875 0.2890625 0.446875 0.29921875 0.44375 0.34296875 0.4390625 0.65859375 0.44375 0.68359375
0 0.3546875 0.71328125 0.3515625 0.99921875 0.4234375 0.99921875 0.4421875 0.39296875 0.43828125 0.35625 0.4140625 0.38203125 0.3984375 0.46640625 0.39375 0.53046875 0.38671875 0.5375 0.3515625 0.54296875 0.35 0.57578125 0.35 0.69609375 0.3546875 0.71328125
0 0.30078125 0.63125 0.29375 0.63359375 0.2890625 0.65078125 0.29375 0.99921875 0.34375 0.99921875 0.3453125 0.63984375 0.33671875 0.63125 0.30078125 0.63125
0 0.26953125 0.4734375 0.24921875 0.4765625 0.2453125 0.48359375 0.2453125 0.99921875 0.28125 0.99921875 0.2859375 0.48984375 0.284375 0.47734375 0.26953125 0.4734375
0 0.23984375 0.428125 0.21640625 0.4265625 0.209375 0.44296875 0.2078125 0.56796875 0.2109375 0.96015625 0.215625 0.99921875 0.240625 0.99921875 0.2421875 0.44140625 0.23984375 0.428125
0 0.2046875 0.96953125 0.2109375 0.96328125 0.20625 0.45546875 0.2015625 0.44140625 0.2015625 0.30859375 0.18671875 0.3046875 0.175 0.31328125 0.1828125 0.83046875 0.1875 0.95859375 0.19296875 0.9703125 0.2046875 0.96953125
0 0.1703125 0.85390625 0.165625 0.85859375 0.1671875 0.89140625 0.178125 0.89921875 0.1828125 0.89453125 0.178125 0.53828125 0.175 0.45078125 0.16796875 0.446875 0.15625 0.45234375 0.1546875 0.56796875 0.1609375 0.82890625 0.1703125 0.83984375 0.1640625 0.84453125 0.1703125 0.85390625
0 0.1546875 0.51328125 0.14921875 0.5046875 0.1359375 0.51015625 0.1359375 0.60859375 0.1453125 0.82265625 0.1484375 0.83671875 0.1578125 0.83671875 0.1625 0.80078125 0.1546875 0.51328125
0 0.1125 0.70390625 0.115625 0.74296875 0.1296875 0.74609375 0.13125 0.78359375 0.1390625 0.78828125 0.1375 0.64921875 0.13515625 0.6421875 0.12890625 0.646875 0.1 0.63984375 0.1 0.60546875 0.09140625 0.5921875 0.0859375 0.65390625 0.1 0.66796875 0.103125 0.69609375 0.1125 0.70390625
0 0.27109375 0.2140625 0.284375 0.20859375 0.28359375 0 0.2421875 0.00078125 0.2421875 0.25859375 0.2453125 0.27109375 0.2546875 0.27109375 0.265625 0.22421875 0.27109375 0.2140625
0 0.20078125 0 0.203125 0.04296875 0.20859375 0.046875 0.22109375 0.0421875 0.2359375 0.05234375 0.2421875 0.04453125 0.2421875 0.00078125 0.20078125 0
0 0.0671875 0.01484375 0.0578125 0.01953125 0.0578125 0.06953125 0.06875 0.07109375 0.06484375 0.0765625 0.059375 0.07265625 0.059375 0.08359375 0.07890625 0.0859375 0.08125 0.09609375 0.0734375 0.09765625 0.08671875 0.115625 0.1109375 0.13203125 0.11328125 0.05 0.1171875 0.10703125 0.1265625 0.10234375 0.121875 0.08203125 0.1296875 0.06796875 0.128125 0.00546875 0.10234375 0 0.09921875 0.009375 0.07265625 0 0.0671875 0.01484375