0 0.32578125 0.1921875 0.29453125 0.1765625 0.26796875 0.175 0.24453125 0.1828125 0.2234375 0.20234375 0.2078125 0.24296875 0.2078125 0.26640625 0.2171875 0.32734375 0.2265625 0.34765625 0.25546875 0.371875 0.2875 0.37734375 0.31796875 0.36875 0.34375 0.34140625 0.35 0.31796875 0.3515625 0.25234375 0.34375 0.21171875 0.32578125 0.1921875
0 0.3015625 0.52421875 0.3140625 0.52890625 0.3265625 0.43984375 0.32265625 0.4328125 0.30078125 0.440625 0.27578125 0.4375 0.2953125 0.51015625 0.3015625 0.52421875
0 0.19609375 0.4421875 0.209375 0.43203125 0.21015625 0.4203125 0.27578125 0.4453125 0.2953125 0.44453125 0.2984375 0.43984375 0.28671875 0.4375 0.27734375 0.4234375 0.20390625 0.4109375 0.1828125 0.39921875 0.19609375 0.4421875
0 0.396875 0.39140625 0.39609375 0.3578125 0.3828125 0.38359375 0.396875 0.39140625
0 0.4265625 0.44921875 0.4234375 0.46953125 0.440625 0.49609375 0.45 0.46796875 0.4515625 0.43046875 0.4453125 0.39453125 0.43203125 0.3671875 0.4203125 0.41171875 0.4265625 0.44921875
0 0.36953125 0.5328125 0.340625 0.55078125 0.3375 0.58203125 0.328125 0.59296875 0.35703125 0.5921875 0.3546875 0.60859375 0.4125 0.55703125 0.4296875 0.53359375 0.43046875 0.521875 0.40703125 0.5453125 0.38828125 0.534375 0.36953125 0.5328125
0 0.29765625 0.5546875 0.29296875 0.5484375 0.29296875 0.5546875 0.27890625 0.5484375 0.24765625 0.5484375 0.24453125 0.5546875 0.23203125 0.5484375 0.19921875 0.5484375 0.19765625 0.5546875 0.16875 0.56640625 0.1734375 0.58203125 0.18515625 0.59375 0.22578125 0.61875 0.25859375 0.6265625 0.3 0.62578125 0.32734375 0.621875 0.3578125 0.60546875 0.35625 0.59609375 0.3390625 0.58203125 0.33828125 0.5625 0.29765625 0.5546875
0 0.1328125 0.48046875 0.13046875 0.46875 0.128125 0.49140625 0.134375 0.51953125 0.1703125 0.57578125 0.171875 0.55859375 0.1609375 0.51328125 0.153125 0.51171875 0.153125 0.49921875 0.14296875 0.484375 0.1328125 0.48046875
0 0.5234375 0.43984375 0.5140625 0.49140625 0.51875 0.55390625 0.496875 0.75234375 0.490625 0.99921875 0.5765625 0.99921875 0.5859375 0.71484375 0.584375 0.54765625 0.5671875 0.44921875 0.55234375 0.434375 0.52890625 0.434375 0.5234375 0.43984375
0 0.5171875 0.53046875 0.51875 0.54609375 0.4953125 0.76015625 0.4890625 0.99765625 0.578125 0.99921875 0.5859375 0.63671875 0.578125 0.49140625 0.56015625 0.434375 0.49453125 0.43125 0.490625 0.49296875 0.5171875 0.53046875
0 0.59296875 0.4875 0.59765625 0.4734375 0.6046875 0.47890625 0.6 0.48671875 0.60390625 0.490625 0.6484375 0.48984375 0.70234375 0.484375 0.7078125 0.47734375 0.7078125 0.43515625 0.66484375 0.43125 0.5921875 0.43671875 0.59296875 0.4875
0 1 0.46015625 0.75703125 0.440625 0.72265625 0.4390625 0.7140625 0.44453125 0.7140625 0.46171875 0.71796875 0.4578125 0.7203125 0.46328125 0.7140625 0.46484375 0.71484375 0.471875 0.76875 0.48203125 0.74609375 0.490625 0.79375 0.49140625 0.80703125 0.478125 0.82421875 0.478125 0.82421875 0.484375 0.85546875 0.478125 0.87109375 0.4890625 0.99453125 0.4859375 1 0.48359375 1 0.46015625
0 0.759375 0.43203125 0.746875 0.43515625 0.75703125 0.440625 1 0.45703125 0.99921875 0.434375 0.7296875 0.41171875 0.74375 0.41640625 0.74609375 0.434375 0.74921875 0.4296875 0.759375 0.43203125
0 0.8765625 0.61171875 0.8828125 0.61953125 0.8796875 0.63671875 0.88671875 0.64375 0.896875 0.64296875 0.90703125 0.640625 0.909375 0.63203125 0.896875 0.62109375 0.89375 0.60390625 0.88671875 0.6015625 0.8765625 0.61171875
0 0.7328125 0.69296875 0.72421875 0.678125 0.715625 0.68359375 0.715625 0.69140625 0.728125 0.70078125 0.7328125 0.69296875
0 0.91875 0.82421875 0.9171875 0.81796875 0.88359375 0.8078125 0.8984375 0.83046875 0.9078125 0.83359375 0.91875 0.82421875