0 0.4171875 0.54609375 0.415625 0.72421875 0.421875 0.89140625 0.4171875 0.99765625 0.5109375 0.99921875 0.50625 0.76171875 0.4828125 0.55859375 0.4828125 0.52890625 0.509375 0.49296875 0.5109375 0.44296875 0.50703125 0.4328125 0.44453125 0.4328125 0.4375 0.43671875 0.4265625 0.47890625 0.4171875 0.54609375
0 0.39609375 0.43125 0.334375 0.43671875 0.390625 0.43984375 0.415625 0.43515625 0.39609375 0.43125
0 0.0046875 0.48671875 0.00546875 0.4921875 0.0921875 0.49296875 0.109375 0.48671875 0.0046875 0.48671875
0 0.1 0.46484375 0.11171875 0.465625 0.115625 0.46015625 0.01171875 0.4515625 0.003125 0.47109375 0.00546875 0.4765625 0.08125 0.47734375 0.10703125 0.4734375 0.1 0.46484375
0 0.1703125 0.46015625 0.29921875 0.459375 0.3203125 0.45390625 0.31171875 0.4453125 0.29921875 0.453125 0.29609375 0.4390625 0.29140625 0.446875 0.26328125 0.4421875 0.125 0.45390625 0.12578125 0.4609375 0.1703125 0.46015625
0 0.39140625 0.4328125 0.3140625 0.43984375 0.3203125 0.44453125 0.32578125 0.46875 0.365625 0.47109375 0.37734375 0.4703125 0.39375 0.45703125 0.39140625 0.4328125
0 0.653125 0.22890625 0.6515625 0.31640625 0.68828125 0.3671875 0.70859375 0.3765625 0.7375 0.37578125 0.75859375 0.36875 0.7890625 0.33671875 0.79375 0.29453125 0.790625 0.22421875 0.778125 0.19921875 0.75546875 0.1828125 0.73359375 0.175 0.69609375 0.1765625 0.66875 0.19609375 0.653125 0.22890625
0 0.5890625 0.48671875 0.5890625 0.42421875 0.58125 0.38828125 0.56953125 0.36875 0.55 0.38828125 0.55 0.49296875 0.5734375 0.49453125 0.58515625 0.49375 0.5890625 0.48671875
0 0.66015625 0.5828125 0.684375 0.55546875 0.684375 0.54296875 0.66015625 0.53125 0.63046875 0.540625 0.6203125 0.55390625 0.6078125 0.59296875 0.61171875 0.6015625 0.6171875 0.60078125 0.66015625 0.5828125
0 0.65390625 0.6140625 0.67265625 0.621875 0.725 0.62734375 0.77578125 0.61875 0.8109375 0.59609375 0.78515625 0.59375 0.76796875 0.584375 0.71953125 0.5921875 0.69140625 0.5875 0.68671875 0.578125 0.68359375 0.6 0.65 0.60234375 0.65390625 0.6140625
0 0.7921875 0.56015625 0.7890625 0.59140625 0.8046875 0.60078125 0.834375 0.57578125 0.85078125 0.5453125 0.80703125 0.546875 0.7921875 0.56015625
0 0.85546875 0.4984375 0.8390625 0.50390625 0.83125 0.54296875 0.83984375 0.5546875 0.8484375 0.55390625 0.8671875 0.52265625 0.86953125 0.5015625 0.85546875 0.4984375
0 0.32421875 0.50625 0.35390625 0.5109375 0.37734375 0.50625 0.38515625 0.496875 0.39296875 0.50625 0.40703125 0.503125 0.4078125 0.48828125 0 0.50390625 0.01015625 0.51875 0.034375 0.52265625 0.07734375 0.51875 0.08671875 0.5125 0.17734375 0.515625 0.20078125 0.5109375 0.21484375 0.5140625 0.21328125 0.51875 0.22890625 0.51875 0.24765625 0.509375 0.30703125 0.5125 0.32421875 0.50625