0 0.75859375 0.715625 0.7375 0.70703125 0.69140625 0.7109375 0.6515625 0.73828125 0.6546875 0.77578125 0.665625 0.79921875 0.69609375 0.8234375 0.74609375 0.821875 0.77421875 0.8046875 0.7875 0.78671875 0.7921875 0.74140625 0.75859375 0.715625
0 0.50625 0.23828125 0.5109375 0.00078125 0.415625 0.00234375 0.4203125 0.05859375 0.4171875 0.45390625 0.4375 0.56015625 0.45078125 0.5671875 0.50703125 0.5671875 0.5109375 0.56171875 0.509375 0.50546875 0.4828125 0.46953125 0.4828125 0.44140625 0.50625 0.23828125
0 0.4140625 0.53046875 0.409375 0.50859375 0.29765625 0.5140625 0.29375 0.56484375 0.33515625 0.56875 0.41015625 0.5640625 0.4140625 0.53046875
0 0.28984375 0.5625 0.2921875 0.52265625 0.26015625 0.5234375 0.25859375 0.534375 0.27578125 0.528125 0.27578125 0.534375 0.284375 0.53671875 0.27265625 0.5421875 0.24921875 0.5390625 0.240625 0.54765625 0.24453125 0.553125 0.23515625 0.540625 0.22890625 0.5453125 0.20546875 0.5453125 0.20078125 0.5390625 0.18984375 0.5421875 0.18515625 0.53125 0.178125 0.53203125 0.184375 0.53671875 0.17734375 0.5421875 0.16484375 0.5390625 0.16171875 0.54375 0.15390625 0.5375 0.14296875 0.5421875 0.13828125 0.5375 0.11953125 0.54375 0.11484375 0.5359375 0.09140625 0.54375 0.01953125 0.5421875 0.00625 0.53671875 0.02578125 0.53125 0.0015625 0.53359375 0.00703125 0.55 0.11953125 0.5484375 0.28984375 0.5625
0 0.70625 0.48984375 0.6953125 0.47265625 0.6828125 0.47890625 0.6859375 0.51328125 0.6796875 0.55078125 0.66640625 0.578125 0.69296875 0.5609375 0.734375 0.56015625 0.7234375 0.55234375 0.709375 0.52578125 0.70625 0.48984375
0 0.76484375 0.5703125 0.7125 0.55859375 0.7015625 0.56015625 0.7046875 0.57734375 0.71328125 0.584375 0.77578125 0.5890625 0.7859375 0.58359375 0.76484375 0.5703125
0 0.76796875 0.378125 0.725 0.37109375 0.69140625 0.3734375 0.6640625 0.38359375 0.66796875 0.396875 0.6859375 0.40234375 0.68671875 0.4265625 0.69140625 0.41875 0.7 0.41796875 0.690625 0.41484375 0.70078125 0.4109375 0.72265625 0.4140625 0.73828125 0.4078125 0.76796875 0.415625 0.78828125 0.3984375 0.7984375 0.39765625 0.76796875 0.378125
0 0.65390625 0.4109375 0.6171875 0.39921875 0.609375 0.40859375 0.621875 0.45078125 0.634375 0.46484375 0.6203125 0.46953125 0.68359375 0.471875 0.684375 0.44453125 0.6671875 0.42265625 0.65390625 0.4109375
0 0.57265625 0.5140625 0.565625 0.50703125 0.55625 0.51640625 0.5515625 0.53828125 0.55625 0.60078125 0.58203125 0.603125 0.59296875 0.59375 0.59921875 0.6 0.6015625 0.51953125 0.57890625 0.5140625 0.57734375 0.5078125 0.57265625 0.5140625
0 0.8265625 0.41484375 0.7890625 0.38984375 0.7828125 0.39140625 0.784375 0.40859375 0.7984375 0.44921875 0.82421875 0.4515625 0.83046875 0.44375 0.84140625 0.4453125 0.8265625 0.41484375
0 0.8671875 0.48046875 0.8328125 0.42734375 0.828125 0.44140625 0.8359375 0.50234375 0.87265625 0.5296875 0.8671875 0.48046875
0 0.875 0.56953125 0.871875 0.52734375 0.86875 0.53828125 0.85859375 0.55 0.8546875 0.54765625 0.8515625 0.56015625 0.853125 0.57578125 0.846875 0.58671875 0.85546875 0.615625 0.865625 0.60546875 0.875 0.56953125
0 0.76015625 0.6328125 0.7265625 0.62265625 0.70859375 0.6234375 0.68515625 0.6359375 0.6515625 0.68359375 0.65 0.74453125 0.65546875 0.7703125 0.659375 0.73671875 0.68671875 0.715625 0.71015625 0.7078125 0.75546875 0.715625 0.784375 0.74140625 0.78828125 0.7515625 0.79375 0.74765625 0.7875 0.66015625 0.76015625 0.6328125
0 0.55546875 0.5859375 0.5546875 0.57890625 0.5578125 0.61015625 0.57734375 0.6484375 0.5875 0.63515625 0.5828125 0.59921875 0.55546875 0.5859375