0 0.24140625 0.284375 0.2625 0.29296875 0.30859375 0.2890625 0.3484375 0.26171875 0.3453125 0.22421875 0.334375 0.20078125 0.30390625 0.1765625 0.25390625 0.178125 0.22578125 0.1953125 0.2125 0.21328125 0.2078125 0.25859375 0.24140625 0.284375
0 0.49375 0.76171875 0.4890625 0.99921875 0.584375 0.99765625 0.5796875 0.94140625 0.5828125 0.54609375 0.5625 0.43984375 0.54921875 0.4328125 0.49296875 0.4328125 0.4890625 0.43828125 0.490625 0.49453125 0.5171875 0.53046875 0.5171875 0.55859375 0.49375 0.76171875
0 0.5859375 0.46953125 0.590625 0.49140625 0.70234375 0.4859375 0.70625 0.43515625 0.66484375 0.43125 0.58984375 0.4359375 0.5859375 0.46953125
0 0.71015625 0.4375 0.7078125 0.47734375 0.73984375 0.4765625 0.74140625 0.465625 0.72421875 0.471875 0.72421875 0.465625 0.715625 0.46328125 0.72734375 0.4578125 0.75078125 0.4609375 0.759375 0.45234375 0.75546875 0.446875 0.76484375 0.459375 0.77109375 0.4546875 0.79453125 0.4546875 0.79921875 0.4609375 0.81015625 0.4578125 0.81484375 0.46875 0.821875 0.46796875 0.815625 0.46328125 0.82265625 0.4578125 0.83515625 0.4609375 0.83828125 0.45625 0.84609375 0.4625 0.85703125 0.4578125 0.86171875 0.4625 0.88046875 0.45625 0.88515625 0.4640625 0.90859375 0.45625 0.98046875 0.4578125 0.99375 0.46328125 0.97421875 0.46875 0.9984375 0.46640625 0.99296875 0.45 0.88046875 0.4515625 0.71015625 0.4375
0 0.29375 0.51015625 0.3046875 0.52734375 0.3171875 0.52109375 0.3140625 0.48671875 0.3203125 0.44921875 0.33359375 0.421875 0.30703125 0.4390625 0.265625 0.43984375 0.2765625 0.44765625 0.290625 0.47421875 0.29375 0.51015625
0 0.23515625 0.4296875 0.2875 0.44140625 0.2984375 0.43984375 0.2953125 0.42265625 0.28671875 0.415625 0.22421875 0.4109375 0.2140625 0.41640625 0.23515625 0.4296875
0 0.23203125 0.621875 0.275 0.62890625 0.30859375 0.6265625 0.3359375 0.61640625 0.33203125 0.603125 0.3140625 0.59765625 0.31328125 0.5734375 0.30859375 0.58125 0.3 0.58203125 0.309375 0.58515625 0.29921875 0.5890625 0.27734375 0.5859375 0.26171875 0.5921875 0.23203125 0.584375 0.21171875 0.6015625 0.2015625 0.60234375 0.23203125 0.621875
0 0.34609375 0.5890625 0.3828125 0.60078125 0.390625 0.59140625 0.378125 0.54921875 0.365625 0.53515625 0.3796875 0.53046875 0.31640625 0.528125 0.315625 0.55546875 0.3328125 0.57734375 0.34609375 0.5890625
0 0.42734375 0.4859375 0.434375 0.49296875 0.44375 0.48359375 0.4484375 0.46171875 0.44375 0.39921875 0.41796875 0.396875 0.40703125 0.40625 0.40078125 0.4 0.3984375 0.48046875 0.42109375 0.4859375 0.42265625 0.4921875 0.42734375 0.4859375
0 0.1734375 0.58515625 0.2109375 0.61015625 0.2171875 0.60859375 0.215625 0.59140625 0.2015625 0.55078125 0.17578125 0.5484375 0.16953125 0.55625 0.15859375 0.5546875 0.1734375 0.58515625
0 0.1328125 0.51953125 0.1671875 0.57265625 0.171875 0.55859375 0.1640625 0.49765625 0.12734375 0.4703125 0.1328125 0.51953125
0 0.125 0.43046875 0.128125 0.47265625 0.13125 0.46171875 0.14140625 0.45 0.1453125 0.45234375 0.1484375 0.43984375 0.146875 0.42421875 0.153125 0.41328125 0.14453125 0.384375 0.134375 0.39453125 0.125 0.43046875
0 0.23984375 0.3671875 0.2734375 0.37734375 0.29140625 0.3765625 0.31484375 0.3640625 0.3484375 0.31640625 0.35 0.25546875 0.34453125 0.2296875 0.340625 0.26328125 0.31328125 0.284375 0.28984375 0.2921875 0.24453125 0.284375 0.215625 0.25859375 0.21171875 0.2484375 0.20625 0.25234375 0.2125 0.33984375 0.23984375 0.3671875
0 0.44453125 0.4140625 0.4453125 0.42109375 0.4421875 0.38984375 0.42265625 0.3515625 0.4125 0.36484375 0.4171875 0.40078125 0.44453125 0.4140625