0 0.88046875 0.5046875 0.9734375 0.50703125 0.99453125 0.5078125 1 0.50078125 0.99921875 0.2859375 0.975 0.31640625 0.99609375 0.4140625 0.96171875 0.3171875 0.92109375 0.33125 0.90546875 0.325 0.87421875 0.328125 0.85 0.34765625 0.859375 0.38515625 0.8546875 0.41328125 0.8875 0.43984375 0.8609375 0.44765625 0.85625 0.47578125 0.8609375 0.49921875 0.88046875 0.5046875
0 0.1140625 0.76484375 0.121875 0.76953125 0.18828125 0.7640625 0.21953125 0.7515625 0.22265625 0.7453125 0.24296875 0.7421875 0.2546875 0.73359375 0.25390625 0.7265625 0.25703125 0.73125 0.265625 0.72421875 0.24140625 0.7234375 0.23828125 0.7328125 0.23671875 0.725 0.228125 0.72265625 0.26640625 0.721875 0.271875 0.68203125 0.26484375 0.678125 0.25390625 0.6859375 0.2390625 0.68671875 0.24296875 0.70625 0.253125 0.70234375 0.246875 0.69921875 0.25390625 0.6875 0.2625 0.69140625 0.2546875 0.69453125 0.2625 0.70703125 0.2546875 0.71015625 0.26015625 0.715625 0.24140625 0.7078125 0.24140625 0.7140625 0.2484375 0.71484375 0.23671875 0.7171875 0.2375 0.71015625 0.228125 0.70703125 0.2375 0.70234375 0.2328125 0.69921875 0.23671875 0.69375 0.18203125 0.69375 0.14453125 0.6796875 0.10234375 0.6765625 0.0984375 0.68359375 0.10625 0.74453125 0.1140625 0.76484375
0 0 0.50078125 0.06484375 0.5015625 0.06953125 0.496875 0.09921875 0.50625 0.18984375 0.5078125 0.20234375 0.5015625 0.21171875 0.5078125 0.28828125 0.5078125 0.29765625 0.50625 0.31328125 0.484375 0.3390625 0.53046875 0.3515625 0.53828125 0.3828125 0.49765625 0.3875 0.47578125 0.39453125 0.4703125 0.41484375 0.4734375 0.4265625 0.44296875 0.4296875 0.33359375 0.4078125 0.24921875 0.40625 0.20234375 0.4125 0.16796875 0.4 0.13984375 0.4078125 0.06640625 0.39921875 0.0609375 0.38359375 0.075 0.365625 0.09609375 0.3546875 0.12265625 0.33125 0.13828125 0.2984375 0.33203125 0.27890625 0.3578125 0.24609375 0.3796875 0.1953125 0.37421875 0.2 0.36171875 0.184375 0.33046875 0.184375 0.28671875 0.146875 0.22109375 0.153125 0.14296875 0.13671875 0.159375 0.1203125 0.16484375 0.10703125 0.1921875 0.08671875 0.1921875 0.07109375 0.2046875 0.00625 0.15703125 0.00078125 0.1328125 0 0.38203125 0.01015625 0.3828125 0.0143880203125 0.3912760421875 0 0.39296875 0 0.50078125
0 0.54296875 0.5046875 0.55625 0.50703125 0.61953125 0.50625 0.65390625 0.496875 0.66953125 0.503125 0.68125 0.49921875 0.6875 0.45703125 0.696875 0.43515625 0.69375 0.36953125 0.6875 0.35078125 0.7078125 0.31484375 0.6875 0.23984375 0.7109375 0.19921875 0.73203125 0.184375 0.80546875 0.1921875 0.83359375 0.2015625 0.8546875 0.19453125 0.84140625 0.1765625 0.81484375 0.175 0.79296875 0.159375 0.71640625 0.13125 0.6890625 0.08671875 0.66953125 0.0703125 0.6578125 0.07578125 0.63125 0.11796875 0.6234375 0.14609375 0.60390625 0.1765625 0.5984375 0.17421875 0.59375 0.08359375 0.58359375 0.0703125 0.575 0.07578125 0.54453125 0.1296875 0.51171875 0.134375 0.48671875 0.1296875 0.4390625 0.16015625 0.44296875 0.171875 0.45859375 0.178125 0.49140625 0.18125 0.52265625 0.1765625 0.528125 0.18984375 0.5109375 0.27109375 0.54765625 0.2609375 0.56875 0.28671875 0.5640625 0.31015625 0.56875 0.35078125 0.55859375 0.365625 0.546875 0.35703125 0.546875 0.34609375 0.540625 0.34140625 0.54453125 0.334375 0.5328125 0.34140625 0.50625 0.37734375 0.5015625 0.42265625 0.515625 0.48203125 0.54296875 0.5046875
0 0.79375 0.50546875 0.80625 0.51640625 0.8265625 0.51015625 0.8296875 0.48828125 0.8140625 0.36953125 0.80390625 0.359375 0.79296875 0.359375 0.778125 0.37890625 0.7734375 0.40078125 0.7875 0.44140625 0.79375 0.50546875
0 0.8875 0.76328125 0.8859375 0.99921875 1 0.99921875 0.99765625 0.5171875 0.87265625 0.5140625 0.86328125 0.515625 0.85625 0.52578125 0.8671875 0.73046875 0.878125 0.75703125 0.8875 0.76328125
0 0.565625 0.88359375 0.5765625 0.89609375 0.68046875 0.8890625 0.703125 0.87421875 0.7265625 0.83515625 0.7515625 0.77109375 0.784375 0.74296875 0.7890625 0.72578125 0.7859375 0.67265625 0.77734375 0.6546875 0.7578125 0.65390625 0.7125 0.76796875 0.70078125 0.7828125 0.66015625 0.803125 0.61484375 0.84375 0.58828125 0.840625 0.5609375 0.84921875 0.565625 0.88359375
0 0.325 0.77734375 0.31875 0.81015625 0.35546875 0.8015625 0.3734375 0.78828125 0.3890625 0.76328125 0.38359375 0.73125 0.3203125 0.76171875 0.325 0.77734375
0 0.321875 0.75859375 0.3203125 0.81015625 0.35390625 0.8015625 0.378125 0.78203125 0.3890625 0.75859375 0.38359375 0.728125 0.36953125 0.740625 0.321875 0.75859375
0 0.3765625 0.68671875 0.3828125 0.71328125 0.39375 0.68046875 0.3875 0.64140625 0.36796875 0.615625 0.34453125 0.6140625 0.3171875 0.63984375 0.3125 0.66015625 0.3046875 0.66640625 0.3046875 0.68046875 0.31328125 0.6921875 0.32109375 0.6828125 0.33203125 0.6890625 0.35234375 0.6640625 0.36171875 0.6640625 0.3765625 0.68671875
0 0.109375 0.76484375 0.11875 0.76953125 0.19453125 0.765625 0.25234375 0.7421875 0.2703125 0.72578125 0.2734375 0.67109375 0.22109375 0.690625 0.18046875 0.6890625 0.15078125 0.678125 0.10078125 0.6734375 0.10625 0.75234375 0.109375 0.76484375
0 0.2046875 0.89921875 0.1765625 0.99921875 0.2328125 0.99921875 0.2421875 0.91640625 0.25390625 0.8859375 0.2609375 0.93046875 0.28984375 0.934375 0.30859375 0.9546875 0.33671875 0.9515625 0.36953125 0.9328125 0.375 0.92265625 0.3703125 0.86328125 0.3765625 0.83671875 0.31328125 0.8359375 0.3046875 0.86328125 0.303125 0.90234375 0.28984375 0.909375 0.278125 0.87109375 0.275 0.83046875 0.26953125 0.8234375 0.24140625 0.8234375 0.225 0.84765625 0.2046875 0.89921875
0 0.6265625 0.73984375 0.6375 0.75234375 0.64375 0.75234375 0.6546875 0.73046875 0.6578125 0.67265625 0.63515625 0.6578125 0.6203125 0.66640625 0.6171875 0.69296875 0.6265625 0.73984375
0 0.7265625 0.48046875 0.75625 0.51171875 0.81796875 0.5125 0.828125 0.50546875 0.81875 0.41171875 0.81484375 0.4046875 0.79921875 0.4109375 0.78671875 0.40625 0.78359375 0.415625 0.77265625 0.396875 0.72421875 0.3625 0.70390625 0.3578125 0.6921875 0.37265625 0.6953125 0.41171875 0.7171875 0.44609375 0.7265625 0.48046875
0 0.03515625 0.5984375 0.05 0.63828125 0.0578125 0.62890625 0.0515625 0.51953125 0.03984375 0.5140625 0.00078125 0.5140625 0 0.59453125 0.03515625 0.5984375
0 0.1046875 0.74765625 0.1203125 0.77109375 0.19609375 0.7640625 0.25234375 0.7421875 0.2703125 0.72421875 0.275 0.68203125 0.2671875 0.67578125 0.271875 0.67109375 0.26640625 0.6671875 0.265625 0.67578125 0.25390625 0.684375 0.21328125 0.6953125 0.10703125 0.6765625 0.10078125 0.6671875 0.1046875 0.74765625
0 0.15546875 0.3734375 0.1828125 0.37421875 0.2 0.36640625 0.1796875 0.31484375 0.184375 0.29296875 0.178125 0.29140625 0.184375 0.28671875 0.1609375 0.25390625 0.1546875 0.25390625 0.15546875 0.2453125 0.146875 0.25546875 0.1578125 0.25859375 0.1578125 0.27578125 0.1671875 0.27578125 0.16484375 0.284375 0.16015625 0.2796875 0.1546875 0.28359375 0.15234375 0.2609375 0.14765625 0.2703125 0.14453125 0.265625 0.13984375 0.2703125 0.13671875 0.2625 0.13359375 0.26875 0.1234375 0.26640625 0.12421875 0.228125 0.12890625 0.2578125 0.1390625 0.25703125 0.13984375 0.2421875 0.14453125 0.246875 0.1546875 0.24140625 0.146875 0.23671875 0.1453125 0.20390625 0.1390625 0.20390625 0.153125 0.16953125 0.15234375 0.1421875 0.13828125 0.159375 0.12421875 0.1609375 0.115625 0.16953125 0.10546875 0.1984375 0.084375 0.20078125 0.0859375 0.21796875 0.1015625 0.22109375 0.09140625 0.225 0.11875 0.22890625 0.10859375 0.2375 0.1015625 0.23046875 0.1125 0.24765625 0.11015625 0.2546875 0.08984375 0.2375 0.075 0.25390625 0.084375 0.29765625 0.08125 0.32578125 0.0921875 0.33046875 0.09296875 0.3515625 0.12109375 0.3515625 0.12265625 0.359375 0.1359375 0.36171875 0.13984375 0.3734375 0.15234375 0.36875 0.15546875 0.3734375
0 0.0984375 0.61484375 0.153125 0.63515625 0.17578125 0.634375 0.18984375 0.6171875 0.23046875 0.621875 0.25390625 0.6140625 0.265625 0.59921875 0.2953125 0.51953125 0.2921875 0.50078125 0.29765625 0.50625 0.31015625 0.484375 0.3171875 0.48671875 0.3390625 0.52890625 0.35234375 0.5390625 0.384375 0.49453125 0.3875 0.47734375 0.39453125 0.471875 0.4171875 0.47265625 0.4265625 0.44453125 0.43125 0.36328125 0.4046875 0.22890625 0.4125 0.17265625 0.4 0.13984375 0.4078125 0.08359375 0.4078125 0.06640625 0.40234375 0.0625 0.3734375 0.08671875 0.3546875 0.12265625 0.33671875 0.1328125 0.3265625 0.14765625 0.3015625 0.32421875 0.28515625 0.3546875 0.24921875 0.3796875 0.20234375 0.375 0.16171875 0.3828125 0.13671875 0.3765625 0.13046875 0.3828125 0.09140625 0.3640625 0.0828125 0.36640625 0.084375 0.38671875 0.075 0.42265625 0.0875 0.45546875 0.0875 0.47265625 0.078125 0.49140625 0.09453125 0.5015625 0.17578125 0.5015625 0.17890625 0.5078125 0.18359375 0.5015625 0.18671875 0.5125 0.209375 0.51328125 0.20703125 0.51875 0.19140625 0.521875 0.18671875 0.515625 0.13984375 0.515625 0.0984375 0.54921875 0.0984375 0.61484375
0 0.565625 0.88359375 0.578125 0.89609375 0.67421875 0.890625 0.69921875 0.8796875 0.7265625 0.83828125 0.7546875 0.77265625 0.77265625 0.759375 0.7875 0.76484375 0.7875 0.81328125 0.77578125 0.815625 0.775 0.82109375 0.78046875 0.8171875 0.7765625 0.82421875 0.7890625 0.82890625 0.775 0.83359375 0.7890625 0.84296875 0.784375 0.84921875 0.79296875 0.8703125 0.81171875 0.8734375 0.82578125 0.8515625 0.84140625 0.8546875 0.84921875 0.8640625 0.86484375 0.8546875 0.878125 0.85859375 0.884375 0.85078125 0.884375 0.78515625 0.8609375 0.73828125 0.8609375 0.69140625 0.84296875 0.5828125 0.80546875 0.653125 0.75625 0.65078125 0.70859375 0.7734375 0.67734375 0.796875 0.64140625 0.8078125 0.64375 0.81328125 0.63828125 0.8171875 0.62890625 0.815625 0.628125 0.82890625 0.60859375 0.84375 0.58984375 0.8390625 0.5625 0.84609375 0.565625 0.88359375
0 0.7046875 0.71015625 0.7109375 0.73359375 0.7171875 0.72890625 0.7265625 0.68828125 0.73984375 0.6890625 0.7453125 0.68359375 0.7625 0.64765625 0.74453125 0.5703125 0.71015625 0.58125 0.703125 0.59921875 0.7046875 0.71015625
0 0.61171875 0.6171875 0.634375 0.62109375 0.66015625 0.6171875 0.6640625 0.60390625 0.65390625 0.596875 0.596875 0.59765625 0.61171875 0.6171875
0 0.5203125 0.63671875 0.5359375 0.66484375 0.575 0.59140625 0.58828125 0.5796875 0.62265625 0.56875 0.63828125 0.546875 0.60390625 0.5453125 0.58203125 0.553125 0.56484375 0.54375 0.5359375 0.54296875 0.5203125 0.63671875
0 0.4484375 0.63359375 0.4640625 0.64140625 0.4703125 0.63984375 0.471875 0.61171875 0.44765625 0.5828125 0.43125 0.59453125 0.4296875 0.60390625 0.4484375 0.63359375