0 0.84921875 0.3203125 0.89765625 0.3265625 0.9015625 0.31328125 0.8890625 0.24296875 0.87578125 0.2296875 0.8484375 0.23046875 0.80078125 0.2375 0.74453125 0.2609375 0.725 0.28046875 0.71875 0.31328125 0.7125 0.31640625 0.7171875 0.32578125 0.7109375 0.33203125 0.72265625 0.3328125 0.73203125 0.3234375 0.77109375 0.3078125 0.81328125 0.3078125 0.84921875 0.3203125
0 1 0.49765625 0.98046875 0.490625 0.91953125 0.496875 0.83046875 0.4875 0.77890625 0.4890625 0.796875 0.47578125 0.79921875 0.4671875 0.81171875 0.46875 0.81484375 0.48125 0.82578125 0.478125 0.82890625 0.4828125 0.85390625 0.48125 0.8671875 0.47265625 0.84765625 0.4640625 0.82265625 0.4609375 0.81484375 0.465625 0.8 0.45078125 0.80546875 0.4375 0.81953125 0.4375 0.83046875 0.4484375 0.85234375 0.44375 0.86796875 0.4484375 0.87734375 0.465625 0.896875 0.44921875 0.8984375 0.38828125 0.84921875 0.3671875 0.828125 0.36796875 0.81328125 0.3921875 0.77734375 0.38125 0.75859375 0.38125 0.740625 0.39140625 0.71875 0.43984375 0.71875 0.46171875 0.7125 0.46328125 0.68984375 0.5125 0.6796875 0.51015625 0.6609375 0.47265625 0.64453125 0.4609375 0.6125 0.51640625 0.60234375 0.525 0.58359375 0.521875 0.5671875 0.55390625 0.5640625 0.62734375 0.56875 0.66953125 0.5921875 0.76015625 0.5859375 0.83203125 0.5984375 0.86171875 0.590625 0.91484375 0.59453125 0.9375 0.63125 0.90859375 0.6484375 0.87421875 0.66875 0.85859375 0.6984375 0.67265625 0.71796875 0.64375 0.75546875 0.6203125 0.78046875 0.6203125 0.79453125 0.628125 0.8125 0.66796875 0.8140625 0.71640625 0.8515625 0.78359375 0.8453125 0.85390625 0.86015625 0.840625 0.88046875 0.834375 0.89296875 0.809375 0.91171875 0.8109375 0.92890625 0.8046875 0.98984375 0.8484375 1 0.87109375 1 0.49765625
0 0.19609375 0.6078125 0.203125 0.60234375 0.20625 0.61015625 0.1953125 0.62265625 0.20390625 0.625 0.2171875 0.59921875 0.2140625 0.58671875 0.225 0.58828125 0.225 0.56484375 0.26484375 0.55625 0.27265625 0.5625 0.278125 0.55078125 0.26875 0.51796875 0.24296875 0.4921875 0.21015625 0.4953125 0.1828125 0.48984375 0.1703125 0.49609375 0.171875 0.52265625 0.1796875 0.56015625 0.18515625 0.5578125 0.1875 0.56328125 0.1828125 0.57109375 0.1953125 0.57890625 0.1859375 0.58828125 0.19921875 0.5890625 0.2046875 0.59609375 0.19375 0.60390625 0.19609375 0.6078125
0 0.26484375 0.8125 0.18046875 0.8046875 0.16015625 0.796875 0.14921875 0.7984375 0.1421875 0.80703125 0.15546875 0.8234375 0.18203125 0.825 0.21015625 0.84375 0.27890625 0.8671875 0.30625 0.90234375 0.309375 0.91484375 0.32890625 0.9296875 0.3421875 0.92265625 0.39453125 0.825 0.4 0.82734375 0.4046875 0.91640625 0.41171875 0.928125 0.4234375 0.92265625 0.45546875 0.86875 0.47421875 0.8640625 0.51015625 0.8703125 0.5609375 0.83984375 0.55234375 0.825 0.54140625 0.821875 0.50703125 0.81875 0.48203125 0.825 0.4703125 0.81953125 0.48515625 0.728125 0.45390625 0.740625 0.44140625 0.7359375 0.43046875 0.7171875 0.3703125 0.78359375 0.3828125 0.75859375 0.4328125 0.69453125 0.428125 0.64453125 0.434375 0.59453125 0.44375 0.59453125 0.4359375 0.59921875 0.4359375 0.61484375 0.45 0.62421875 0.46484375 0.65 0.490625 0.62265625 0.496875 0.56796875 0.48125 0.51953125 0.45390625 0.4953125 0.38125 0.49140625 0.35703125 0.4984375 0.32421875 0.49375 0.3140625 0.50546875 0.309375 0.54453125 0.3 0.56484375 0.3046875 0.63046875 0.3109375 0.64609375 0.2921875 0.67890625 0.3078125 0.75234375 0.3015625 0.78671875 0.26953125 0.8203125 0.26484375 0.8125
0 0.12578125 0.6671875 0.1421875 0.64921875 0.1375 0.60703125 0.14375 0.58828125 0.13125 0.57578125 0.13203125 0.56875 0.1015625 0.56015625 0.11875 0.55078125 0.12109375 0.5359375 0.1296875 0.54453125 0.1234375 0.55078125 0.13125 0.55234375 0.1234375 0.55703125 0.1328125 0.55546875 0.1421875 0.53515625 0.140625 0.49296875 0.13359375 0.4875 0.0140625 0.48828125 0.01171875 0.53125 0.00625 0.52109375 0.009375 0.49921875 0.00390625 0.5046875 0 0.50078125 0.00078125 0.7125 0.0203125 0.68828125 0.02578125 0.66875 0.03828125 0.68125 0.06953125 0.66875 0.11015625 0.671875 0.12578125 0.6671875
0 0 0.59296875 0.00078125 0.709375 0.0234375 0.68203125 0.0234375 0.67109375 0 0.59296875
0 0 0.58203125 0.0109375 0.59765625 0.028125 0.66796875 0.03671875 0.6796875 0.06484375 0.66875 0.09296875 0.6734375 0.12109375 0.66875 0.1375 0.65546875 0.1421875 0.63359375 0.1375 0.61953125 0.140625 0.58828125 0.13515625 0.5828125 0.11640625 0.571875 0.09140625 0.571875 0.07578125 0.5609375 0.05859375 0.565625 0.04765625 0.5578125 0.03515625 0.559375 0 0.53984375 0 0.58203125
0 0.22734375 0.3203125 0.215625 0.31953125 0.21953125 0.328125 0.2265625 0.32421875 0.22265625 0.3328125 0.23828125 0.33125 0.2546875 0.31171875 0.2875 0.22734375 0.31953125 0.203125 0.36015625 0.184375 0.3875 0.15234375 0.39375 0.11484375 0.4078125 0.11328125 0.39140625 0.1078125 0.3390625 0.10859375 0.32421875 0.109375 0.29921875 0.121875 0.2765625 0.15703125 0.24375 0.23671875 0.2453125 0.24609375 0.23984375 0.240625 0.2359375 0.24609375 0.228125 0.30234375 0.2390625 0.31015625 0.23515625 0.31875 0.23046875 0.309375 0.22734375 0.3203125
0 0.62265625 0.1640625 0.68515625 0.1640625 0.6921875 0.15234375 0.6953125 0.09453125 0.70859375 0.0890625 0.7125 0.16953125 0.73984375 0.178125 0.7640625 0.16953125 0.79375 0.09921875 0.821875 0.00546875 0.82109375 0 0.7640625 0.00078125 0.7609375 0.05703125 0.74453125 0.1140625 0.74375 0.08046875 0.7375 0.06640625 0.72421875 0.0625 0.70859375 0.06875 0.68984375 0.0453125 0.66015625 0.0484375 0.625 0.06953125 0.628125 0.13515625 0.61875 0.15234375 0.62265625 0.1640625
0 0.6078125 0.25546875 0.61484375 0.2671875 0.6734375 0.23984375 0.671875 0.21640625 0.678125 0.19921875 0.678125 0.19140625 0.6734375 0.19140625 0.63359375 0.203125 0.609375 0.23046875 0.6078125 0.25546875
0 0.6265625 0.31953125 0.61875 0.26953125 0.6125 0.26953125 0.6015625 0.31015625 0.60625 0.34921875 0.61953125 0.3765625 0.63671875 0.3890625 0.64765625 0.3890625 0.6875 0.35234375 0.6875 0.29921875 0.67578125 0.2875 0.66640625 0.2890625 0.6515625 0.32734375 0.64140625 0.3359375 0.6265625 0.31953125
0 0.4 0.35234375 0.359375 0.34921875 0.3515625 0.36015625 0.3546875 0.46328125 0.36640625 0.4703125 0.40234375 0.475 0.47109375 0.4703125 0.478125 0.46015625 0.4734375 0.44453125 0.45390625 0.428125 0.42265625 0.41875 0.4078125 0.40546875 0.4 0.38671875 0.4 0.35234375
0 0.3921875 0.36796875 0.4046875 0.40234375 0.41796875 0.4171875 0.45546875 0.4296875 0.47734375 0.45 0.478125 0.35078125 0.4140625 0.34765625 0.38359375 0.35 0.378125 0.35546875 0.3921875 0.36796875
0 0.1921875 0.17578125 0.18359375 0.1546875 0.16015625 0.153125 0.14765625 0.1390625 0.12890625 0.146875 0.1171875 0.13984375 0.1203125 0.18046875 0.115625 0.21796875 0.1390625 0.26796875 0.1390625 0.32421875 0.15703125 0.409375 0.16875 0.39921875 0.178125 0.36953125 0.19296875 0.346875 0.20078125 0.34375 0.23671875 0.3515625 0.2421875 0.34609375 0.2859375 0.23203125 0.30234375 0.2140625 0.34609375 0.19375 0.35546875 0.18125 0.36171875 0.184375 0.38671875 0.153125 0.43125 0.15234375 0.43125 0.11171875 0.42578125 0.1140625 0.421875 0.10703125 0.41796875 0.1265625 0.41484375 0.109375 0.390625 0.10703125 0.32109375 0.109375 0.29921875 0.1203125 0.2703125 0.16484375 0.2453125 0.22890625 0.22734375 0.2390625 0.203125 0.23046875 0.2046875 0.22265625 0.1921875 0.20390625 0.2 0.19921875 0.2 0.19140625 0.1890625 0.18359375 0.1921875 0.17578125
0 0 0.48359375 0.13515625 0.4890625 0.1421875 0.47890625 0.14375 0.45390625 0.134375 0.29921875 0.13125 0.26796875 0.1109375 0.23203125 0.1140625 0.18671875 0.10625 0.08515625 0.1078125 0.02265625 0.1140625 0.01953125 0.1078125 0.00703125 0.1140625 0.00234375 0.028125 0.00078125 0.028125 0.02265625 0.021875 0.02578125 0.0265625 0.03046875 0.01953125 0.0453125 0.0140625 0.04140625 0.0109375 0.08203125 0 0.09140625 0 0.48359375
0 0.2734375 0.52265625 0.24296875 0.4890625 0.1890625 0.48359375 0.17578125 0.4859375 0.16875 0.49453125 0.1859375 0.63359375 0.20546875 0.640625 0.22734375 0.60625 0.26953125 0.6390625 0.29609375 0.646875 0.3078125 0.62734375 0.30625 0.59765625 0.2984375 0.57265625 0.2765625 0.54453125 0.2734375 0.52265625
0 0.25 0.58984375 0.259375 0.59921875 0.2484375 0.60703125 0.2671875 0.61484375 0.2578125 0.61953125 0.26640625 0.628125 0.27734375 0.625 0.27734375 0.6359375 0.28671875 0.63125 0.303125 0.64765625 0.2890625 0.68671875 0.303125 0.72265625 0.3046875 0.76015625 0.28515625 0.80625 0.23515625 0.8109375 0.21640625 0.8046875 0.17890625 0.8046875 0.15859375 0.796875 0.1453125 0.80390625 0.14921875 0.81875 0.18203125 0.825 0.21171875 0.8453125 0.27734375 0.8671875 0.3015625 0.89453125 0.309375 0.91484375 0.32890625 0.9296875 0.340625 0.92578125 0.3515625 0.90078125 0.371875 0.87734375 0.375 0.85546875 0.39453125 0.8265625 0.4046875 0.87265625 0.4046875 0.91953125 0.41484375 0.9296875 0.4234375 0.92421875 0.45390625 0.8703125 0.46328125 0.865625 0.51328125 0.86875 0.55625 0.84609375 0.5609375 0.83671875 0.54921875 0.8234375 0.51328125 0.8171875 0.47578125 0.821875 0.475 0.77265625 0.4890625 0.72890625 0.44609375 0.7359375 0.43359375 0.7171875 0.421875 0.71328125 0.4359375 0.69296875 0.4296875 0.66953125 0.4328125 0.63828125 0.43828125 0.65 0.44296875 0.6359375 0.4453125 0.65234375 0.45078125 0.6515625 0.4515625 0.66328125 0.45859375 0.6640625 0.4859375 0.63984375 0.4984375 0.61171875 0.4953125 0.58671875 0.5 0.56796875 0.48203125 0.5140625 0.45078125 0.4921875 0.39140625 0.4890625 0.34765625 0.4984375 0.32421875 0.4921875 0.3109375 0.50703125 0.303125 0.56015625 0.28984375 0.5703125 0.28125 0.56015625 0.2703125 0.51640625 0.24765625 0.4921875 0.1875 0.48515625 0.1703125 0.49453125 0.1703125 0.51796875 0.184375 0.57578125 0.1859375 0.62421875 0.196875 0.63046875 0.19609375 0.6375 0.215625 0.63046875 0.23125 0.59140625 0.22734375 0.575 0.23828125 0.5703125 0.2546875 0.58359375 0.25 0.58984375