0 0.6671875 0.88046875 0.675 0.85859375 0.6859375 0.78671875 0.7015625 0.73671875 0.6984375 0.57890625 0.690625 0.50078125 0.6828125 0.48984375 0.6734375 0.38359375 0.65625 0.30703125 0.63125 0.26015625 0.61328125 0.246875 0.59375 0.24296875 0.57890625 0.2484375 0.55859375 0.2671875 0.45078125 0.2640625 0.38671875 0.271875 0.38125 0.27890625 0.3796875 0.93359375 0.38828125 0.9515625 0.48984375 0.9484375 0.54609375 0.9265625 0.61015625 0.91875 0.64453125 0.90625 0.6671875 0.88046875
0 0.346875 0.33203125 0.3546875 0.25234375 0.3671875 0.21015625 0.3765625 0.19921875 0.3765625 0.15859375 0.3671875 0.15546875 0.3359375 0.17890625 0.3109375 0.25390625 0.303125 0.36796875 0.2875 0.47109375 0.2859375 0.86328125 0.29375 0.99140625 0.30546875 0.9984375 0.3296875 0.99609375 0.31875 0.79453125 0.31875 0.66328125 0.3375 0.36796875 0.346875 0.33203125
0 0.5859375 0.22890625 0.5859375 0.18671875 0.565625 0.11640625 0.575 0.09140625 0.59453125 0.084375 0.6078125 0.06640625 0.615625 0.03359375 0.6125 0.00546875 0.61015625 0 0.4796875 0.00078125 0.503125 0.05859375 0.496875 0.05390625 0.4953125 0.10546875 0.4875 0.10859375 0.4859375 0.12109375 0.459375 0.15078125 0.4453125 0.17890625 0.4390625 0.20859375 0.440625 0.25078125 0.44609375 0.2578125 0.55390625 0.265625 0.5859375 0.22890625
0 0.721875 0.66796875 0.721875 0.68671875 0.7375 0.69296875 0.7328125 0.70078125 0.73515625 0.7203125 0.86484375 0.7046875 0.88984375 0.6984375 0.90234375 0.6875 0.92109375 0.6953125 0.946875 0.67890625 0.94296875 0.61875 0.87265625 0.615625 0.85078125 0.5984375 0.82265625 0.5921875 0.81171875 0.5765625 0.8046875 0.57734375 0.79140625 0.59375 0.76640625 0.5796875 0.7578125 0.58203125 0.765625 0.58359375 0.76328125 0.5890625 0.77734375 0.5890625 0.77578125 0.596875 0.8359375 0.63046875 0.79296875 0.6375 0.77734375 0.646875 0.74765625 0.6375 0.721875 0.66796875
0 0.24609375 0.8875 0.25546875 0.890625 0.278125 0.88046875 0.275 0.83984375 0.259375 0.83359375 0.24609375 0.8359375 0.240625 0.84453125 0.2390625 0.87578125 0.24609375 0.8875
0 0.2765625 0.96171875 0.2734375 0.94765625 0.2640625 0.94296875 0.25234375 0.94375 0.2375 0.96484375 0.24296875 1 0.275 0.99921875 0.2765625 0.96171875
0 0.26953125 0.7265625 0.275 0.72265625 0.2734375 0.68515625 0.26796875 0.678125 0.253125 0.67890625 0.2421875 0.68828125 0.24375 0.71953125 0.24765625 0.725 0.26953125 0.7265625
0 0.2421875 0.50546875 0.2375 0.54765625 0.25234375 0.559375 0.2625 0.54609375 0.265625 0.51640625 0.25859375 0.5078125 0.2421875 0.50546875
0 0.25625 0.36796875 0.24765625 0.35625 0.23125 0.35703125 0.225 0.37890625 0.2296875 0.40390625 0.23671875 0.4078125 0.2546875 0.39453125 0.25625 0.36796875
0 0.2171875 0.24765625 0.2171875 0.28984375 0.24453125 0.290625 0.246875 0.25234375 0.2171875 0.24765625
0 0.77109375 0.40625 0.77578125 0.3984375 0.77890625 0.40625 0.78671875 0.3984375 0.80859375 0.4125 0.81953125 0.4109375 0.82265625 0.4046875 0.84140625 0.4125 0.87265625 0.4140625 0.8703125 0.41796875 0.88046875 0.421875 0.89765625 0.4203125 0.89765625 0.4140625 0.90546875 0.4203125 0.92109375 0.4203125 0.9109375 0.36953125 0.8953125 0.33359375 0.87578125 0.3109375 0.8609375 0.30390625 0.76484375 0.3046875 0.66484375 0.315625 0.665625 0.33984375 0.684375 0.40234375 0.68984375 0.3828125 0.70078125 0.3984375 0.72109375 0.39375 0.74453125 0.396875 0.74921875 0.4046875 0.74921875 0.3984375 0.76015625 0.396875 0.77109375 0.40625