0 0.42109375 0.2484375 0.40625 0.24296875 0.38671875 0.246875 0.36875 0.26015625 0.34375 0.30703125 0.3265625 0.38359375 0.3171875 0.48984375 0.309375 0.50078125 0.3015625 0.57890625 0.2984375 0.73671875 0.3140625 0.78671875 0.325 0.85859375 0.3328125 0.88046875 0.35546875 0.90625 0.38984375 0.91875 0.45390625 0.9265625 0.51015625 0.9484375 0.61171875 0.9515625 0.6203125 0.93359375 0.61875 0.27890625 0.61328125 0.271875 0.54921875 0.2640625 0.44140625 0.2671875 0.42109375 0.2484375
0 0.6640625 0.17890625 0.6328125 0.15546875 0.6234375 0.15859375 0.6234375 0.19921875 0.6328125 0.21015625 0.6453125 0.25234375 0.653125 0.33203125 0.6625 0.36796875 0.68125 0.66328125 0.68125 0.79453125 0.6703125 0.99609375 0.69453125 0.9984375 0.70625 0.99140625 0.7140625 0.86328125 0.7125 0.47109375 0.696875 0.36796875 0.6890625 0.25390625 0.6640625 0.17890625
0 0.496875 0.05859375 0.5203125 0.00078125 0.38984375 0 0.3875 0.00546875 0.384375 0.03359375 0.3921875 0.06640625 0.40546875 0.084375 0.425 0.09140625 0.434375 0.11640625 0.4140625 0.18671875 0.4140625 0.22890625 0.44609375 0.265625 0.55390625 0.2578125 0.559375 0.25078125 0.5609375 0.20859375 0.5546875 0.17890625 0.540625 0.15078125 0.5140625 0.12109375 0.5125 0.10859375 0.5046875 0.10546875 0.503125 0.05390625 0.496875 0.05859375
0 0.20859375 0.59375 0.1953125 0.57734375 0.18828125 0.5765625 0.17734375 0.5921875 0.14921875 0.5984375 0.12734375 0.615625 0.05703125 0.61875 0.053125 0.67890625 0.07890625 0.6953125 0.09765625 0.6875 0.11015625 0.6984375 0.13515625 0.7046875 0.26484375 0.7203125 0.2671875 0.70078125 0.2625 0.69296875 0.278125 0.68671875 0.278125 0.66796875 0.25234375 0.6375 0.22265625 0.646875 0.20703125 0.6375 0.1640625 0.63046875 0.22421875 0.596875 0.22265625 0.5890625 0.23671875 0.5890625 0.234375 0.58359375 0.2421875 0.58203125 0.23359375 0.5796875 0.20859375 0.59375
0 0.75390625 0.8359375 0.740625 0.83359375 0.725 0.83984375 0.721875 0.88046875 0.74453125 0.890625 0.75390625 0.8875 0.7609375 0.87578125 0.759375 0.84453125 0.75390625 0.8359375
0 0.74765625 0.94375 0.7359375 0.94296875 0.7265625 0.94765625 0.7234375 0.96171875 0.725 0.99921875 0.75703125 1 0.7625 0.96484375 0.74765625 0.94375
0 0.7578125 0.68828125 0.746875 0.67890625 0.73203125 0.678125 0.7265625 0.68515625 0.725 0.72265625 0.73046875 0.7265625 0.75234375 0.725 0.75625 0.71953125 0.7578125 0.68828125
0 0.7625 0.54765625 0.7578125 0.50546875 0.74140625 0.5078125 0.734375 0.51640625 0.7375 0.54609375 0.74765625 0.559375 0.7625 0.54765625
0 0.775 0.37890625 0.76875 0.35703125 0.75234375 0.35625 0.74375 0.36796875 0.7453125 0.39453125 0.76328125 0.4078125 0.7703125 0.40390625 0.775 0.37890625
0 0.7828125 0.28984375 0.7828125 0.24765625 0.753125 0.25234375 0.75546875 0.290625 0.7828125 0.28984375
0 0.23515625 0.3046875 0.1390625 0.30390625 0.12421875 0.3109375 0.1046875 0.33359375 0.0890625 0.36953125 0.07890625 0.4203125 0.09453125 0.4203125 0.10234375 0.4140625 0.10234375 0.4203125 0.11953125 0.421875 0.1296875 0.41796875 0.12734375 0.4140625 0.15859375 0.4125 0.17734375 0.4046875 0.18046875 0.4109375 0.19140625 0.4125 0.21328125 0.3984375 0.22109375 0.40625 0.22421875 0.3984375 0.22890625 0.40625 0.23984375 0.396875 0.25078125 0.3984375 0.25078125 0.4046875 0.25546875 0.396875 0.27890625 0.39375 0.29921875 0.3984375 0.31015625 0.3828125 0.315625 0.40234375 0.334375 0.33984375 0.33515625 0.315625 0.23515625 0.3046875