0 0.6203125 0.06640625 0.61171875 0.0484375 0.51015625 0.0515625 0.45390625 0.0734375 0.38984375 0.08125 0.35546875 0.09375 0.3328125 0.11953125 0.325 0.14140625 0.3140625 0.21328125 0.2984375 0.26328125 0.3015625 0.42109375 0.309375 0.49921875 0.3171875 0.51015625 0.3265625 0.61640625 0.34375 0.69296875 0.36875 0.73984375 0.38671875 0.753125 0.40625 0.75703125 0.42109375 0.7515625 0.44140625 0.7328125 0.54921875 0.7359375 0.61328125 0.728125 0.61875 0.72109375 0.6203125 0.06640625
0 0.70625 0.00859375 0.69453125 0.0015625 0.6703125 0.00390625 0.68125 0.20546875 0.68125 0.33671875 0.6625 0.63203125 0.653125 0.66796875 0.6453125 0.74765625 0.6328125 0.78984375 0.6234375 0.80078125 0.6234375 0.84140625 0.6328125 0.84453125 0.6640625 0.82109375 0.6890625 0.74609375 0.696875 0.63203125 0.7125 0.52890625 0.7140625 0.13671875 0.70625 0.00859375
0 0.540625 0.84921875 0.5546875 0.82109375 0.5609375 0.79140625 0.559375 0.74921875 0.55390625 0.7421875 0.44609375 0.734375 0.4140625 0.77109375 0.4140625 0.81328125 0.434375 0.88359375 0.425 0.90859375 0.40546875 0.915625 0.3921875 0.93359375 0.384375 0.96640625 0.3875 0.99453125 0.38984375 1 0.5203125 0.99921875 0.496875 0.94140625 0.503125 0.94609375 0.5046875 0.89453125 0.5125 0.89140625 0.5140625 0.87890625 0.540625 0.84921875
0 0.22265625 0.4109375 0.22421875 0.403125 0.1640625 0.36953125 0.20703125 0.3625 0.22265625 0.353125 0.25234375 0.3625 0.278125 0.33203125 0.278125 0.31328125 0.2625 0.30703125 0.2671875 0.29921875 0.26484375 0.2796875 0.13515625 0.2953125 0.11015625 0.3015625 0.09765625 0.3125 0.07890625 0.3046875 0.053125 0.32109375 0.05703125 0.38125 0.12734375 0.384375 0.14921875 0.4015625 0.17734375 0.4078125 0.18828125 0.4234375 0.1953125 0.42265625 0.20859375 0.40625 0.23359375 0.4203125 0.2421875 0.41796875 0.234375 0.41640625 0.23671875 0.4109375 0.22265625 0.4109375
0 0.721875 0.11953125 0.725 0.16015625 0.740625 0.16640625 0.75390625 0.1640625 0.759375 0.15546875 0.7609375 0.12421875 0.75390625 0.1125 0.74453125 0.109375 0.721875 0.11953125
0 0.7265625 0.05234375 0.7359375 0.05703125 0.74765625 0.05625 0.7625 0.03515625 0.75703125 0 0.725 0.00078125 0.7234375 0.03828125 0.7265625 0.05234375
0 0.7265625 0.31484375 0.73203125 0.321875 0.746875 0.32109375 0.7578125 0.31171875 0.75625 0.28046875 0.75234375 0.275 0.73046875 0.2734375 0.725 0.27734375 0.7265625 0.31484375
0 0.7578125 0.49453125 0.7625 0.45234375 0.74765625 0.440625 0.7375 0.45390625 0.734375 0.48359375 0.74140625 0.4921875 0.7578125 0.49453125
0 0.75234375 0.64375 0.76875 0.64296875 0.775 0.62109375 0.7703125 0.59609375 0.76328125 0.5921875 0.7453125 0.60546875 0.74375 0.63203125 0.75234375 0.64375
0 0.75546875 0.709375 0.753125 0.74765625 0.7828125 0.75234375 0.7828125 0.71015625 0.75546875 0.709375
0 0.29921875 0.6015625 0.27890625 0.60625 0.25546875 0.603125 0.25078125 0.5953125 0.25078125 0.6015625 0.23984375 0.603125 0.22890625 0.59375 0.22421875 0.6015625 0.22109375 0.59375 0.21328125 0.6015625 0.19140625 0.5875 0.18046875 0.5890625 0.17734375 0.5953125 0.15859375 0.5875 0.12734375 0.5859375 0.1296875 0.58203125 0.11953125 0.578125 0.10234375 0.5796875 0.10234375 0.5859375 0.09453125 0.5796875 0.07890625 0.5796875 0.0890625 0.63046875 0.1046875 0.66640625 0.12421875 0.6890625 0.1390625 0.69609375 0.23515625 0.6953125 0.33515625 0.684375 0.334375 0.66015625 0.315625 0.59765625 0.31015625 0.6171875 0.29921875 0.6015625