0 0.61875 0.72265625 0.6203125 0.06640625 0.61328125 0.0484375 0.51171875 0.0515625 0.46171875 0.071875 0.36171875 0.0890625 0.3328125 0.11796875 0.325 0.13984375 0.3140625 0.21328125 0.2984375 0.26171875 0.3015625 0.42890625 0.30625 0.43203125 0.309375 0.49921875 0.315625 0.50546875 0.3265625 0.61796875 0.34375 0.69296875 0.36875 0.73828125 0.38046875 0.75 0.4046875 0.75703125 0.40859375 0.7515625 0.42109375 0.7515625 0.44140625 0.7328125 0.55078125 0.7359375 0.60546875 0.7296875 0.61875 0.72265625
0 0.5046875 0.89765625 0.50703125 0.890625 0.5125 0.89921875 0.5140625 0.87890625 0.55 0.83359375 0.559375 0.80390625 0.5578125 0.74609375 0.44765625 0.734375 0.41875 0.76015625 0.4140625 0.77109375 0.4140625 0.81328125 0.434375 0.88359375 0.4234375 0.91015625 0.40546875 0.915625 0.3921875 0.93359375 0.384375 0.96484375 0.3875 0.99921875 0.5234375 0.99921875 0.503125 0.95546875 0.50625 0.94140625 0.51015625 0.946875 0.5125 0.93828125 0.503125 0.92265625 0.5046875 0.89765625
0 0.7140625 0.14609375 0.70625 0.00859375 0.69609375 0.0015625 0.66875 0.00546875 0.6796875 0.21015625 0.678125 0.36328125 0.6703125 0.52265625 0.6609375 0.61640625 0.65 0.64921875 0.6484375 0.69296875 0.64453125 0.6984375 0.640625 0.69296875 0.63671875 0.66875 0.6375 0.67890625 0.6234375 0.68359375 0.625 0.81953125 0.628125 0.84140625 0.634375 0.84140625 0.65234375 0.8328125 0.6609375 0.82109375 0.6875 0.74765625 0.696875 0.63046875 0.709375 0.55859375 0.7140625 0.14609375
0 0.721875 0.12109375 0.725 0.16015625 0.740625 0.16640625 0.75390625 0.1640625 0.759375 0.15546875 0.7609375 0.12421875 0.74453125 0.109375 0.72890625 0.1125 0.721875 0.12109375
0 0.7359375 0.05703125 0.74765625 0.05625 0.7625 0.03515625 0.75703125 0 0.725 0.00234375 0.725 0.04453125 0.7359375 0.05703125
0 0.7265625 0.31484375 0.73203125 0.321875 0.746875 0.32109375 0.7578125 0.31171875 0.75625 0.28046875 0.75234375 0.275 0.73046875 0.2734375 0.725 0.27734375 0.7265625 0.31484375
0 0.7578125 0.49453125 0.7625 0.45078125 0.74765625 0.440625 0.7375 0.45390625 0.734375 0.48359375 0.74140625 0.4921875 0.7578125 0.49453125
0 0.75234375 0.64375 0.76875 0.64296875 0.775 0.62109375 0.7703125 0.59609375 0.76328125 0.5921875 0.7453125 0.60546875 0.74375 0.63359375 0.75234375 0.64375
0 0.1671875 0.36953125 0.20546875 0.3640625 0.22421875 0.353125 0.24140625 0.3625 0.25703125 0.359375 0.275 0.33828125 0.2828125 0.31796875 0.27578125 0.303125 0.26953125 0.3109375 0.2625 0.30703125 0.26875 0.28671875 0.26484375 0.2796875 0.13515625 0.2953125 0.11015625 0.3015625 0.09765625 0.3125 0.08203125 0.3046875 0.053125 0.32109375 0.053125 0.36640625 0.05859375 0.3828125 0.12578125 0.384375 0.15078125 0.403125 0.17890625 0.409375 0.19375 0.42421875 0.2140625 0.40390625 0.209375 0.39296875 0.20078125 0.3828125 0.18828125 0.3796875 0.18515625 0.36875 0.1671875 0.36953125
0 0.20625 0.39609375 0.21796875 0.4140625 0.23515625 0.4234375 0.24765625 0.421875 0.28125 0.44609375 0.2875 0.43984375 0.28359375 0.415625 0.25078125 0.3984375 0.23046875 0.3984375 0.22421875 0.3859375 0.20625 0.39609375
0 0.0546875 0.27890625 0.0671875 0.30546875 0.0625 0.31015625 0.0984375 0.31171875 0.1046875 0.30078125 0.078125 0.28515625 0.0734375 0.24453125 0.06328125 0.225 0.053125 0.25546875 0.0546875 0.27890625