0 0.45390625 0.0640625 0.33046875 0.0640625 0.321875 0.07109375 0.31875 0.12890625 0.3203125 0.69609375 0.33203125 0.709375 0.4375 0.71328125 0.60546875 0.7125 0.6171875 0.70546875 0.6203125 0.11328125 0.60390625 0.0890625 0.57109375 0.075 0.45390625 0.0640625
0 0.2828125 0.41171875 0.2984375 0.36171875 0.28984375 0.2625 0.05234375 0.2609375 0.0390625 0.26640625 0.03984375 0.4109375 0.2828125 0.41171875
0 0.7078125 0.02109375 0.69921875 0.0015625 0.659375 0.00546875 0.66875 0.01640625 0.671875 0.04453125 0.6765625 0.26796875 0.671875 0.37890625 0.665625 0.40859375 0.66875 0.50859375 0.66015625 0.540625 0.65546875 0.4890625 0.64453125 0.6703125 0.640625 0.62109375 0.63203125 0.65 0.6234375 0.62578125 0.6234375 0.83984375 0.6328125 0.84453125 0.6640625 0.82109375 0.6875 0.74921875 0.696875 0.62265625 0.709375 0.55859375 0.7140625 0.15390625 0.7078125 0.02109375
0 0.40859375 0.74375 0.4015625 0.78046875 0.4109375 0.82578125 0.4234375 0.84765625 0.4578125 0.87890625 0.46875 0.89765625 0.48359375 0.9125 0.5 0.91484375 0.5359375 0.90703125 0.5296875 0.87578125 0.55 0.82265625 0.55 0.76640625 0.51953125 0.740625 0.40859375 0.74375
0 0.47421875 1 0.575 0.99921875 0.575 0.94453125 0.56171875 0.9171875 0.53203125 0.9125 0.49375 0.92265625 0.4734375 0.95390625 0.47421875 1
0 0.73828125 0.490625 0.75625 0.49453125 0.7609375 0.48984375 0.7625 0.45234375 0.74765625 0.440625 0.7375 0.45390625 0.734375 0.48359375 0.73828125 0.490625
0 0.7265625 0.31484375 0.73203125 0.321875 0.746875 0.32109375 0.7578125 0.31171875 0.75625 0.28046875 0.75234375 0.275 0.73046875 0.2734375 0.725 0.27734375 0.7265625 0.31484375
0 0.725 0.16015625 0.740625 0.16640625 0.75390625 0.1640625 0.759375 0.15546875 0.7609375 0.12421875 0.74453125 0.109375 0.721875 0.11953125 0.725 0.16015625
0 0.73203125 0.0578125 0.7375 0.05703125 0.74765625 0.05625 0.7625 0.03515625 0.75703125 0 0.725 0.00078125 0.725 0.04609375 0.73203125 0.0578125
0 0.75234375 0.64375 0.76875 0.64296875 0.775 0.62109375 0.7703125 0.59609375 0.76328125 0.5921875 0.7453125 0.60546875 0.74375 0.63359375 0.75234375 0.64375
0 0.75546875 0.709375 0.753125 0.74921875 0.7828125 0.75234375 0.7828125 0.71015625 0.75546875 0.709375