0 0.59140625 0.7515625 0.5953125 0.75703125 0.61953125 0.75 0.63125 0.73828125 0.65625 0.69296875 0.6734375 0.61796875 0.684375 0.50546875 0.690625 0.49921875 0.69375 0.43203125 0.6984375 0.42890625 0.7015625 0.26171875 0.6859375 0.21328125 0.675 0.13984375 0.6671875 0.11796875 0.63828125 0.0890625 0.53828125 0.071875 0.48828125 0.0515625 0.38671875 0.0484375 0.3796875 0.06640625 0.38125 0.72265625 0.39453125 0.7296875 0.44921875 0.7359375 0.55859375 0.7328125 0.57890625 0.7515625 0.59140625 0.7515625
0 0.496875 0.95546875 0.4765625 0.99921875 0.6125 0.99921875 0.615625 0.96484375 0.6078125 0.93359375 0.59453125 0.915625 0.5765625 0.91015625 0.565625 0.88359375 0.5859375 0.81328125 0.5859375 0.77109375 0.58125 0.76015625 0.55234375 0.734375 0.4421875 0.74609375 0.440625 0.80390625 0.45 0.83359375 0.4859375 0.87890625 0.4875 0.89921875 0.49296875 0.890625 0.4953125 0.89765625 0.496875 0.92265625 0.4875 0.93828125 0.48984375 0.946875 0.49375 0.94140625 0.496875 0.95546875
0 0.34765625 0.8328125 0.365625 0.84140625 0.371875 0.84140625 0.375 0.81953125 0.3765625 0.68359375 0.3625 0.67890625 0.36328125 0.66875 0.359375 0.69296875 0.35546875 0.6984375 0.3515625 0.69296875 0.35 0.64921875 0.3390625 0.61640625 0.3296875 0.52265625 0.321875 0.36328125 0.3203125 0.21015625 0.33125 0.00546875 0.30390625 0.0015625 0.29375 0.00859375 0.2859375 0.14609375 0.290625 0.55859375 0.303125 0.63046875 0.3125 0.74765625 0.3390625 0.82109375 0.34765625 0.8328125
0 0.24609375 0.1640625 0.259375 0.16640625 0.275 0.16015625 0.278125 0.12109375 0.27109375 0.1125 0.25546875 0.109375 0.2390625 0.12421875 0.240625 0.15546875 0.24609375 0.1640625
0 0.25234375 0.05625 0.2640625 0.05703125 0.275 0.04453125 0.275 0.00234375 0.24296875 0 0.2375 0.03515625 0.25234375 0.05625
0 0.2421875 0.31171875 0.253125 0.32109375 0.26796875 0.321875 0.2734375 0.31484375 0.275 0.27734375 0.26953125 0.2734375 0.24765625 0.275 0.24375 0.28046875 0.2421875 0.31171875
0 0.2375 0.45078125 0.2421875 0.49453125 0.25859375 0.4921875 0.265625 0.48359375 0.2625 0.45390625 0.25234375 0.440625 0.2375 0.45078125
0 0.225 0.62109375 0.23125 0.64296875 0.24765625 0.64375 0.25625 0.63359375 0.2546875 0.60546875 0.23671875 0.5921875 0.2296875 0.59609375 0.225 0.62109375
0 0.7859375 0.40390625 0.80625 0.42421875 0.82109375 0.409375 0.84921875 0.403125 0.87421875 0.384375 0.94140625 0.3828125 0.946875 0.36640625 0.946875 0.32109375 0.91796875 0.3046875 0.90234375 0.3125 0.88984375 0.3015625 0.86484375 0.2953125 0.73515625 0.2796875 0.73125 0.28671875 0.7375 0.30703125 0.73046875 0.3109375 0.72421875 0.303125 0.7171875 0.31796875 0.725 0.33828125 0.74296875 0.359375 0.75859375 0.3625 0.77578125 0.353125 0.79453125 0.3640625 0.8328125 0.36953125 0.81484375 0.36875 0.81171875 0.3796875 0.79921875 0.3828125 0.790625 0.39296875 0.7859375 0.40390625
0 0.7125 0.43984375 0.71875 0.44609375 0.75234375 0.421875 0.76484375 0.4234375 0.78203125 0.4140625 0.79375 0.39609375 0.77578125 0.3859375 0.76953125 0.3984375 0.74921875 0.3984375 0.71640625 0.415625 0.7125 0.43984375
0 0.8953125 0.30078125 0.9015625 0.31171875 0.9375 0.31015625 0.9328125 0.30546875 0.9453125 0.27890625 0.946875 0.25546875 0.93671875 0.225 0.9265625 0.24453125 0.921875 0.28515625 0.8953125 0.30078125