0 0.63515625 0.5734375 0.6828125 0.59140625 0.72109375 0.590625 0.74765625 0.5734375 0.8046875 0.49765625 0.8171875 0.44921875 0.84375 0.39453125 0.85 0.35078125 0.846875 0.31328125 0.83515625 0.2953125 0.8140625 0.28046875 0.8140625 0.26640625 0.83046875 0.2546875 0.89921875 0.23125 0.934375 0.20859375 0.946875 0.16015625 0.9515625 0.09453125 0.94453125 0.0828125 0.89921875 0.0578125 0.78828125 0.0546875 0.76171875 0.0796875 0.70078125 0.103125 0.675 0.15546875 0.6734375 0.20390625 0.6203125 0.26484375 0.61875 0.28046875 0.6265625 0.29921875 0.6234375 0.33046875 0.56484375 0.3640625 0.45234375 0.409375 0.43515625 0.421875 0.4 0.43203125 0.40625 0.45078125 0.42890625 0.4765625 0.48046875 0.49375 0.51640625 0.496875 0.56796875 0.515625 0.60859375 0.5453125 0.63515625 0.5734375
0 0.1671875 0.58046875 0.1828125 0.59296875 0.190625 0.57421875 0.18828125 0.565625 0.19921875 0.5765625 0.26171875 0.578125 0.26640625 0.584375 0.28046875 0.5765625 0.29296875 0.584375 0.31640625 0.584375 0.32578125 0.5765625 0.34453125 0.575 0.3671875 0.56328125 0.375 0.53203125 0.3875 0.52578125 0.38984375 0.5171875 0.41015625 0.515625 0.4234375 0.50234375 0.4140625 0.49921875 0.4203125 0.48515625 0.4078125 0.47421875 0.396875 0.44765625 0.384375 0.44296875 0.384375 0.43203125 0.39453125 0.41875 0.4234375 0.41171875 0.4171875 0.36953125 0.409375 0.36328125 0.409375 0.33828125 0.41484375 0.3328125 0.34453125 0.3328125 0.334375 0.35546875 0.28515625 0.396875 0.23984375 0.415625 0.21640625 0.41875 0.21484375 0.4265625 0.18046875 0.4390625 0.13515625 0.44375 0.1109375 0.45546875 0.1109375 0.50390625 0.11875 0.52265625 0.115625 0.54921875 0.1203125 0.56328125 0.13359375 0.5671875 0.13671875 0.575 0.14375 0.56640625 0.1390625 0.56171875 0.14296875 0.55625 0.15703125 0.559375 0.1671875 0.58046875
0 0.8109375 0.49765625 0.815625 0.50390625 0.87109375 0.5015625 0.90078125 0.475 0.94296875 0.4546875 1 0.44765625 0.99921875 0.0953125 0.97421875 0.0953125 0.965625 0.10234375 0.9546875 0.13046875 0.9515625 0.17109375 0.9359375 0.21484375 0.86953125 0.253125 0.84296875 0.2578125 0.825 0.27109375 0.83046875 0.28125 0.8578125 0.29921875 0.859375 0.31328125 0.8515625 0.38203125 0.8171875 0.46328125 0.8109375 0.49765625
0 0.7234375 0.69140625 0.734375 0.69765625 0.78515625 0.6875 0.80234375 0.6796875 0.8171875 0.66015625 0.8015625 0.65546875 0.79921875 0.5625 0.79375 0.56953125 0.8 0.52890625 0.8140625 0.51171875 0.81484375 0.484375 0.7890625 0.53046875 0.725 0.59921875 0.7140625 0.64453125 0.7234375 0.69140625
0 0.5234375 0.73671875 0.54375 0.75390625 0.62890625 0.7359375 0.65234375 0.7203125 0.79140625 0.6828125 0.803125 0.66796875 0.796875 0.65859375 0.80234375 0.65 0.80703125 0.6546875 0.83984375 0.653125 0.86484375 0.64375 0.86953125 0.65 0.88984375 0.640625 0.90078125 0.646875 0.91328125 0.6375 0.91640625 0.646875 0.93359375 0.6453125 0.93828125 0.6390625 0.97890625 0.6296875 1 0.61484375 0.99921875 0.096875 0.97109375 0.0953125 0.9625 0.10390625 0.9515625 0.17265625 0.93203125 0.21875 0.87109375 0.2515625 0.84609375 0.2546875 0.821875 0.27109375 0.83046875 0.2875 0.84140625 0.2890625 0.8578125 0.30703125 0.853125 0.37109375 0.84375 0.40703125 0.821875 0.45078125 0.80625 0.51015625 0.7890625 0.53515625 0.7609375 0.56171875 0.73515625 0.6 0.68984375 0.6046875 0.68203125 0.6125 0.65703125 0.615625 0.63671875 0.63125 0.54921875 0.6671875 0.5234375 0.70234375 0.521875 0.71328125 0.515625 0.71484375 0.5234375 0.73671875
0 0.3265625 0.12890625 0.3328125 0.19609375 0.33984375 0.1890625 0.40703125 0.1875 0.4234375 0.17421875 0.43359375 0.15 0.4625 0.13359375 0.4671875 0.10546875 0.44765625 0.0640625 0.36484375 0.1 0.3265625 0.12890625
0 0.54921875 0 0.525 0.02109375 0.5265625 0.03984375 0.53359375 0.03125 0.53671875 0.0421875 0.53984375 0.0375 0.54375 0.04140625 0.5515625 0.07421875 0.571875 0.09453125 0.5765625 0.11953125 0.5890625 0.13359375 0.60859375 0.13125 0.6265625 0.10703125 0.63046875 0.090625 0.6625 0.07890625 0.6671875 0.05546875 0.659375 0.00859375 0.67734375 0.00625 0.67421875 0 0.54921875 0
0 0.00078125 0.7796875 0 0.99921875 0.25546875 1 0.2765625 0.89140625 0.28125 0.81640625 0.2765625 0.80859375 0.25859375 0.7921875 0.22734375 0.7796875 0.18359375 0.7828125 0.07890625 0.7671875 0.04921875 0.7875 0.01015625 0.7875 0.00078125 0.7796875
0 0.00078125 0 0 0.22890625 0.02734375 0.20625 0.04296875 0.2015625 0.06796875 0.1703125 0.13984375 0.11875 0.20703125 0.08125 0.23984375 0.0515625 0.28671875 0.0328125 0.3234375 0.00078125 0.00078125 0
0 0.0625 0.37265625 0.06875 0.39296875 0.1171875 0.39296875 0.1203125 0.33515625 0.13125 0.33046875 0.1265625 0.32109375 0.13046875 0.3125 0.14453125 0.340625 0.1734375 0.33515625 0.1734375 0.31484375 0.16796875 0.3234375 0.159375 0.31484375 0.16640625 0.3015625 0.1765625 0.29921875 0.15546875 0.2953125 0.14765625 0.3046875 0.146875 0.27578125 0.1203125 0.26796875 0.12890625 0.2609375 0.10859375 0.2609375 0.0640625 0.29140625 0.0625 0.37265625
0 0.16796875 0.2703125 0.1921875 0.27265625 0.2203125 0.26484375 0.22265625 0.2375 0.25078125 0.2359375 0.25234375 0.2296875 0.25859375 0.2375 0.26484375 0.2359375 0.26484375 0.228125 0.27421875 0.2296875 0.28671875 0.21875 0.32578125 0.203125 0.3296875 0.14296875 0.27734375 0.1421875 0.27109375 0.171875 0.24296875 0.1796875 0.20859375 0.2046875 0.16953125 0.2171875 0.15546875 0.240625 0.1328125 0.24765625 0.14921875 0.246875 0.15625 0.26328125 0.16796875 0.2703125