0 0.5515625 0.79921875 0.553125 0.78515625 0.5609375 0.78046875 0.553125 0.77734375 0.5671875 0.77265625 0.54921875 0.7625 0.54609375 0.771875 0.52578125 0.7734375 0.5203125 0.76171875 0.5359375 0.75703125 0.51796875 0.75 0.48671875 0.7546875 0.48515625 0.7625 0.47109375 0.7546875 0.46484375 0.7578125 0.465625 0.74765625 0.47109375 0.753125 0.4828125 0.73828125 0.4734375 0.73515625 0.4796875 0.72578125 0.45078125 0.66875 0.39296875 0.6390625 0.36328125 0.6375 0.36171875 0.6296875 0.35859375 0.6375 0.35078125 0.6359375 0.3546875 0.63203125 0.346875 0.62734375 0.35390625 0.6234375 0.3203125 0.61328125 0.33828125 0.60625 0.28671875 0.6015625 0.284375 0.59609375 0.31015625 0.590625 0.31484375 0.5953125 0.36015625 0.578125 0.42734375 0.51875 0.46015625 0.5109375 0.46484375 0.515625 0.47421875 0.5015625 0.51328125 0.4953125 0.51796875 0.5 0.53828125 0.4875 0.57578125 0.4765625 0.590625 0.46171875 0.5984375 0.43203125 0.43515625 0.3625 0.38125 0.33203125 0.3734375 0.30546875 0.3796875 0.27890625 0.3765625 0.26171875 0.328125 0.20546875 0.325 0.15546875 0.3046875 0.10859375 0.29609375 0.1015625 0.24765625 0.0828125 0.21171875 0.05625 0.15703125 0.05625 0.15390625 0.0609375 0.14453125 0.0546875 0.11015625 0.05625 0.05546875 0.084375 0.0453125 0.09765625 0.04765625 0.1375 0.03671875 0.096875 0.00078125 0.096875 0 0.99921875 0.4890625 0.99921875 0.4890625 0.87890625 0.4953125 0.84765625 0.52265625 0.8234375 0.540625 0.81953125 0.5421875 0.80078125 0.5515625 0.79921875
0 0.85234375 0.5984375 0.884375 0.56015625 0.8828125 0.52109375 0.890625 0.47890625 0.9546875 0.42578125 0.959375 0.41953125 0.95625 0.41171875 0.88671875 0.4140625 0.86484375 0.4359375 0.80703125 0.4328125 0.78984375 0.41875 0.74609375 0.4125 0.71484375 0.4015625 0.70234375 0.3890625 0.69921875 0.39375 0.67109375 0.3640625 0.66015625 0.3734375 0.65546875 0.3640625 0.64453125 0.375 0.61953125 0.371875 0.621875 0.39296875 0.61953125 0.396875 0.61875 0.38828125 0.6140625 0.38984375 0.6078125 0.41796875 0.621875 0.43671875 0.60625 0.44765625 0.60625 0.46015625 0.5984375 0.46328125 0.596875 0.48828125 0.6078125 0.49140625 0.6078125 0.51171875 0.615625 0.52109375 0.6125 0.52578125 0.61953125 0.5265625 0.625 0.53671875 0.621875 0.55078125 0.634375 0.58046875 0.65546875 0.5953125 0.66640625 0.590625 0.66640625 0.5984375 0.72421875 0.6 0.7265625 0.61015625 0.73046875 0.596875 0.76171875 0.6078125 0.81015625 0.603125 0.81640625 0.609375 0.82265625 0.603125 0.85234375 0.5984375
0 0.684375 0.61640625 0.678125 0.61015625 0.6796875 0.58359375 0.6640625 0.56953125 0.665625 0.55859375 0.6796875 0.55390625 0.68125 0.51015625 0.67109375 0.4984375 0.64453125 0.50625 0.640625 0.47890625 0.61640625 0.4765625 0.60234375 0.4640625 0.57109375 0.484375 0.50625 0.50703125 0.5109375 0.51171875 0.5046875 0.51484375 0.5109375 0.51796875 0.5046875 0.52265625 0.5046875 0.54765625 0.5109375 0.55234375 0.5046875 0.55390625 0.5109375 0.56015625 0.50703125 0.5578125 0.503125 0.56484375 0.5 0.60546875 0.490625 0.61328125 0.4984375 0.63203125 0.5125 0.64296875 0.51875 0.66484375 0.55390625 0.6859375 0.55703125 0.6953125 0.61484375 0.7046875 0.62890625 0.71875 0.63671875 0.7140625 0.6453125 0.71953125 0.659375 0.70859375 0.66328125 0.675 0.665625 0.68828125 0.671875 0.68828125 0.6734375 0.62265625 0.684375 0.61640625
0 0.76796875 0.578125 0.75390625 0.5765625 0.753125 0.58515625 0.73828125 0.5953125 0.73359375 0.58125 0.72421875 0.5984375 0.684375 0.60390625 0.6859375 0.61640625 0.7015625 0.62421875 0.7 0.66640625 0.6921875 0.67890625 0.69453125 0.7078125 0.8046875 0.71015625 0.8125 0.70390625 0.8140625 0.61640625 0.80859375 0.5984375 0.78046875 0.578125 0.76953125 0.5859375 0.76796875 0.578125
0 0.725 0.80859375 0.7203125 0.81640625 0.725 0.90234375 0.74609375 1 1 0.99921875 0.99921875 0.7875 0.95390625 0.790625 0.92734375 0.7703125 0.91171875 0.76875 0.75390625 0.7921875 0.725 0.80859375
0 0.4453125 0.09609375 0.453125 0.09296875 0.4515625 0.07109375 0.46328125 0.0546875 0.4765625 0.05546875 0.48125 0.02109375 0.44765625 0 0.31171875 0.003125 0.31796875 0.015625 0.3234375 0.01328125 0.31796875 0.03125 0.32109375 0.021875 0.3296875 0.02109375 0.328125 0.00859375 0.340625 0.00859375 0.33125 0.05703125 0.3375 0.08046875 0.34765625 0.084375 0.38984375 0.1328125 0.4078125 0.13671875 0.4375 0.12265625 0.43125 0.11015625 0.43984375 0.1015625 0.44296875 0.1078125 0.453125 0.10703125 0.4453125 0.09609375
0 0.56953125 0.075 0.5625 0.07890625 0.5625 0.09140625 0.55625 0.09453125 0.559375 0.12265625 0.5734375 0.13984375 0.5765625 0.16796875 0.58828125 0.18125 0.64765625 0.184375 0.66796875 0.1890625 0.67421875 0.2015625 0.715625 0.20234375 0.7265625 0.19921875 0.72265625 0.140625 0.67421875 0.1390625 0.66328125 0.1203125 0.63515625 0.1015625 0.56953125 0.075
0 0.78125 0.26484375 0.815625 0.26796875 0.83046875 0.2640625 0.8359375 0.25546875 0.8328125 0.21953125 0.81015625 0.2125 0.78203125 0.215625 0.78125 0.26484375
0 0.49453125 0.025 0.5 0.03203125 0.484375 0.04609375 0.4859375 0.07890625 0.4953125 0.09296875 0.4875 0.11484375 0.490625 0.12421875 0.49765625 0.13125 0.5625 0.14765625 0.575 0.11484375 0.571875 0.08984375 0.578125 0.08359375 0.5765625 0.07578125 0.52109375 0.034375 0.49453125 0.025
0 0.4515625 0.20234375 0.47734375 0.225 0.4875 0.22421875 0.496875 0.19609375 0.5078125 0.18515625 0.5078125 0.17265625 0.49296875 0.15625 0.46015625 0.15625 0.4515625 0.20234375
0 0.2234375 0.01640625 0.2390625 0.04765625 0.296875 0.08203125 0.3078125 0.07890625 0.31015625 0.065625 0.328125 0.06171875 0.315625 0.00078125 0.22578125 0 0.2234375 0.01640625
0 0.86015625 0.11875 0.93203125 0.1703125 0.95703125 0.2015625 0.97265625 0.20625 1 0.22890625 0.99921875 0 0.6765625 0.00078125 0.71484375 0.034375 0.76015625 0.0515625 0.79296875 0.08125 0.86015625 0.11875