0 0.5265625 0.46640625 0.515625 0.46015625 0.50625 0.52109375 0.4875 0.53984375 0.4796875 0.55703125 0.48828125 0.6203125 0.503125 0.61328125 0.51953125 0.58125 0.53203125 0.6046875 0.5453125 0.59921875 0.55 0.58359375 0.5546875 0.52421875 0.5328125 0.48984375 0.5265625 0.46640625
0 0.49609375 0.290625 0.459375 0.27890625 0.43359375 0.2796875 0.40546875 0.2953125 0.3921875 0.32890625 0.3921875 0.51015625 0.39375 0.51953125 0.4296875 0.54765625 0.43046875 0.5609375 0.43671875 0.5546875 0.47109375 0.553125 0.503125 0.51328125 0.509375 0.31796875 0.49609375 0.290625
0 0.74765625 0.471875 0.7203125 0.49296875 0.715625 0.56640625 0.721875 0.60859375 0.74453125 0.6296875 0.77109375 0.640625 0.796875 0.62734375 0.83125 0.57578125 0.8203125 0.48671875 0.80078125 0.4703125 0.7734375 0.46796875 0.74765625 0.471875
0 0.825 0.40703125 0.78203125 0.384375 0.7640625 0.38515625 0.72578125 0.396875 0.7171875 0.41171875 0.715625 0.58671875 0.71875 0.60390625 0.74140625 0.628125 0.77265625 0.640625 0.79296875 0.63125 0.821875 0.59765625 0.83125 0.57734375 0.83125 0.54140625 0.8234375 0.49140625 0.825 0.40703125
0 0.85 0.44296875 0.87109375 0.46875 0.87578125 0.4671875 0.8890625 0.41796875 0.8703125 0.34921875 0.80703125 0.3078125 0.76640625 0.265625 0.7453125 0.26328125 0.7109375 0.27890625 0.70625 0.30234375 0.690625 0.33203125 0.7109375 0.39140625 0.71953125 0.3984375 0.72890625 0.390625 0.77578125 0.3828125 0.81015625 0.4 0.82265625 0.3984375 0.8328125 0.41953125 0.8453125 0.42734375 0.85 0.44296875
0 0.17578125 0.3640625 0.13359375 0.3484375 0.1125 0.34921875 0.08984375 0.3625 0.08125 0.37734375 0.0703125 0.55859375 0.0796875 0.58671875 0.10703125 0.615625 0.14453125 0.6203125 0.165625 0.60234375 0.1703125 0.57734375 0.1796875 0.57265625 0.1890625 0.54296875 0.1953125 0.39453125 0.17578125 0.3640625
0 0.2328125 0.47265625 0.2234375 0.46953125 0.2140625 0.48828125 0.19921875 0.490625 0.1921875 0.50234375 0.19375 0.53515625 0.178125 0.58828125 0.1765625 0.60703125 0.19921875 0.6671875 0.2328125 0.62578125 0.2546875 0.52421875 0.246875 0.48203125 0.23515625 0.4828125 0.2328125 0.47265625
0 0.5140625 0.32421875 0.5078125 0.34453125 0.50625 0.40234375 0.52109375 0.446875 0.55625 0.42265625 0.56875 0.39765625 0.5671875 0.36796875 0.534375 0.34296875 0.58359375 0.3390625 0.584375 0.32890625 0.57109375 0.325 0.56796875 0.3125 0.559375 0.31640625 0.5640625 0.28984375 0.54609375 0.265625 0.47734375 0.2453125 0.4296875 0.24140625 0.33046875 0.2515625 0.3125 0.27265625 0.3171875 0.30703125 0.38046875 0.384375 0.390625 0.36953125 0.3921875 0.31484375 0.40078125 0.2921875 0.44296875 0.2734375 0.46953125 0.271875 0.48828125 0.28125 0.50625 0.29921875 0.5140625 0.32421875
0 0.57890625 0.5859375 0.5890625 0.55234375 0.5890625 0.52578125 0.5828125 0.49609375 0.575 0.49453125 0.56875 0.50078125 0.5625 0.53515625 0.5671875 0.57734375 0.57890625 0.5859375
0 0.5875 0.48984375 0.59296875 0.49375 0.596875 0.44296875 0.5890625 0.44140625 0.5859375 0.47109375 0.5875 0.48984375
0 0.4625 0.55703125 0.44140625 0.546875 0.4296875 0.54765625 0.4234375 0.59453125 0.4328125 0.62265625 0.44921875 0.6328125 0.4625 0.61953125 0.4625 0.55703125