0 0.49375 0.76171875 0.51875 0.78203125 0.55078125 0.8359375 0.57890625 0.8453125 0.63046875 0.8765625 0.65078125 0.8796875 0.68046875 0.9 0.70859375 0.896875 0.75390625 0.8765625 0.78984375 0.834375 0.81953125 0.8296875 0.8640625 0.79140625 0.86875 0.67578125 0.875 0.67421875 0.87578125 0.6859375 0.884375 0.68359375 0.884375 0.66640625 0.87265625 0.665625 0.8578125 0.64765625 0.8640625 0.63828125 0.85 0.62421875 0.84609375 0.6015625 0.83828125 0.6078125 0.81328125 0.5859375 0.725 0.58671875 0.70859375 0.5953125 0.65078125 0.5953125 0.61953125 0.6015625 0.56796875 0.628125 0.55234375 0.6296875 0.54375 0.65703125 0.51875 0.67421875 0.5140625 0.69453125 0.49453125 0.7046875 0.4828125 0.72265625 0.4828125 0.74140625 0.49375 0.76171875
0 0.90390625 0.646875 0.94296875 0.646875 0.953125 0.63671875 0.9640625 0.58515625 0.93125 0.57109375 0.93359375 0.5765625 0.91953125 0.5734375 0.9015625 0.58046875 0.90390625 0.646875
0 0.9421875 0.70703125 0.9328125 0.72109375 0.99921875 0.7625 1 0.66640625 0.9859375 0.66640625 0.96484375 0.671875 0.95703125 0.684375 0.940625 0.69296875 0.9421875 0.70703125
0 0.99765625 0.946875 0.95234375 0.9453125 0.89296875 0.953125 0.84453125 0.9453125 0.7125 0.94609375 0.6984375 0.94921875 0.69765625 1 1 0.99921875 0.99765625 0.946875
0 0.58671875 0.465625 0.66640625 0.465625 0.74453125 0.4484375 0.79921875 0.44375 0.815625 0.43046875 0.81875 0.41484375 0.88125 0.35546875 0.8859375 0.31328125 0.8546875 0.27421875 0.8671875 0.26328125 0.8703125 0.25078125 0.8546875 0.22265625 0.859375 0.20234375 0.853125 0.18984375 0.84609375 0.1828125 0.790625 0.17265625 0.77265625 0.1875 0.76796875 0.1828125 0.76328125 0.190625 0.59140625 0.1734375 0.53046875 0.1875 0.44609375 0.2234375 0.4046875 0.26484375 0.396875 0.33671875 0.4015625 0.39921875 0.45078125 0.43125 0.51953125 0.45625 0.58671875 0.465625
0 1 0.13359375 0.9953125 0.12890625 0.99921875 0.071875 0.8171875 0.07109375 0.8046875 0.07265625 0.8015625 0.14765625 0.80703125 0.1703125 0.98671875 0.1734375 1 0.16796875 1 0.13359375
0 0.31875 0.53984375 0.31875 0.52734375 0.303125 0.49765625 0.3015625 0.46328125 0.2796875 0.46328125 0.25546875 0.4796875 0.23359375 0.478125 0.2015625 0.48671875 0.2015625 0.49765625 0.171875 0.53671875 0.18515625 0.5734375 0.21171875 0.5734375 0.22734375 0.584375 0.24140625 0.5859375 0.27421875 0.575 0.30234375 0.5453125 0.31875 0.53984375
0 0.428125 0.46953125 0.434375 0.44921875 0.43046875 0.4375 0.41640625 0.4296875 0.3671875 0.42734375 0.36796875 0.49375 0.40390625 0.496875 0.4328125 0.48515625 0.428125 0.46953125
0 0.41796875 0.5578125 0.46171875 0.5609375 0.48125 0.53828125 0.4828125 0.52421875 0.4171875 0.50234375 0.4109375 0.51328125 0.4125 0.53515625 0.4 0.55078125 0.41796875 0.5578125
0 0.234375 0.27421875 0.23046875 0.2671875 0.225 0.26953125 0.225 0.26171875 0.2140625 0.25078125 0.2234375 0.23671875 0.1703125 0.23203125 0.14140625 0.2375 0.12578125 0.25 0.11171875 0.2515625 0.1 0.27734375 0.075 0.30703125 0.071875 0.32265625 0.11171875 0.34375 0.15703125 0.3421875 0.17421875 0.3640625 0.20859375 0.3515625 0.2140625 0.28515625 0.234375 0.27421875
0 0.23359375 0.1234375 0.23671875 0.115625 0.24296875 0.125 0.25859375 0.128125 0.29765625 0.121875 0.315625 0.09296875 0.315625 0.07734375 0.328125 0.07421875 0.21015625 0.0734375 0.20390625 0.0828125 0.19296875 0.071875 0.025 0.07265625 0.01328125 0.075 0.0046875 0.08515625 0.00625 0.11796875 0.02734375 0.1234375 0.028125 0.13359375 0.03671875 0.1390625 0.07265625 0.146875 0.13671875 0.146875 0.16015625 0.134375 0.20078125 0.134375 0.21640625 0.1234375 0.23359375 0.1234375
0 0.3125 0.09609375 0.3015625 0.11015625 0.3 0.13828125 0.31640625 0.15625 0.33515625 0.1640625 0.37578125 0.1515625 0.3875 0.14140625 0.3875 0.07578125 0.3234375 0.07265625 0.315625 0.07421875 0.3125 0.09609375
0 0.059375 0.44453125 0.0578125 0.41484375 0.0265625 0.41171875 0.009375 0.42578125 0.0140625 0.45078125 0.02109375 0.45625 0.05390625 0.4578125 0.059375 0.44453125