0 0.48046875 0.41875 0.46796875 0.3953125 0.4546875 0.40078125 0.45 0.41640625 0.4453125 0.47578125 0.4671875 0.51015625 0.4734375 0.53359375 0.484375 0.53984375 0.49375 0.47890625 0.5125 0.46015625 0.5203125 0.44296875 0.51171875 0.3796875 0.496875 0.38671875 0.48046875 0.41875
0 0.5703125 0.45234375 0.56953125 0.4390625 0.56328125 0.4453125 0.52890625 0.446875 0.496875 0.48671875 0.490625 0.68203125 0.50390625 0.709375 0.540625 0.72109375 0.56640625 0.7203125 0.59453125 0.7046875 0.6078125 0.67109375 0.6078125 0.48984375 0.60625 0.48046875 0.5703125 0.45234375
0 0.22890625 0.359375 0.203125 0.37265625 0.16875 0.42421875 0.1796875 0.51328125 0.19921875 0.5296875 0.2265625 0.53203125 0.25234375 0.528125 0.2796875 0.50703125 0.284375 0.43359375 0.278125 0.39140625 0.25546875 0.3703125 0.22890625 0.359375
0 0.22734375 0.359375 0.20703125 0.36875 0.178125 0.40234375 0.16875 0.42265625 0.16875 0.45859375 0.1765625 0.50859375 0.175 0.59296875 0.21796875 0.615625 0.2359375 0.61484375 0.27421875 0.603125 0.2828125 0.58828125 0.284375 0.41328125 0.28125 0.39609375 0.25859375 0.371875 0.22734375 0.359375
0 0.27109375 0.609375 0.22421875 0.6171875 0.18984375 0.6 0.17734375 0.6015625 0.1671875 0.58046875 0.1546875 0.57265625 0.15 0.55703125 0.12890625 0.53125 0.12421875 0.5328125 0.1109375 0.58203125 0.1296875 0.65078125 0.19296875 0.6921875 0.23359375 0.734375 0.2546875 0.73671875 0.2890625 0.72109375 0.29375 0.69765625 0.309375 0.66796875 0.2890625 0.60859375 0.28046875 0.6015625 0.27109375 0.609375
0 0.85546875 0.3796875 0.834375 0.39765625 0.8296875 0.42265625 0.8203125 0.42734375 0.8109375 0.45703125 0.8046875 0.60546875 0.82421875 0.6359375 0.86640625 0.6515625 0.8875 0.65078125 0.91015625 0.6375 0.91875 0.62265625 0.9296875 0.44140625 0.9203125 0.41328125 0.89296875 0.384375 0.85546875 0.3796875
0 0.8234375 0.39296875 0.80078125 0.3328125 0.7671875 0.37421875 0.7453125 0.47578125 0.753125 0.51796875 0.76484375 0.5171875 0.7671875 0.52734375 0.7765625 0.53046875 0.7859375 0.51171875 0.80078125 0.509375 0.8078125 0.49765625 0.80625 0.46484375 0.821875 0.41171875 0.8234375 0.39296875
0 0.6078125 0.68515625 0.59921875 0.7078125 0.55703125 0.7265625 0.53046875 0.728125 0.51171875 0.71875 0.49375 0.70078125 0.4859375 0.67578125 0.4921875 0.65546875 0.49375 0.59765625 0.47890625 0.553125 0.44375 0.57734375 0.43125 0.60234375 0.4328125 0.63203125 0.465625 0.65703125 0.41640625 0.6609375 0.415625 0.67109375 0.42890625 0.675 0.43203125 0.6875 0.440625 0.68359375 0.4359375 0.71015625 0.45390625 0.734375 0.52265625 0.7546875 0.5703125 0.75859375 0.66953125 0.7484375 0.6875 0.72734375 0.6828125 0.69296875 0.61953125 0.615625 0.609375 0.63046875 0.6078125 0.68515625
0 0.4109375 0.47421875 0.4171875 0.50390625 0.425 0.50546875 0.43125 0.49921875 0.4375 0.46484375 0.4328125 0.42265625 0.42109375 0.4140625 0.4109375 0.44765625 0.4109375 0.47421875
0 0.4140625 0.52890625 0.4125 0.51015625 0.40703125 0.50625 0.403125 0.55703125 0.4109375 0.55859375 0.4140625 0.52890625
0 0.55859375 0.453125 0.5703125 0.45234375 0.5765625 0.40546875 0.5671875 0.37734375 0.55078125 0.3671875 0.5375 0.38046875 0.5375 0.44296875 0.55859375 0.453125