0 0.5109375 0.87890625 0.5109375 0.99921875 1 0.99921875 0.99921875 0.096875 0.96328125 0.096875 0.95234375 0.1375 0.9546875 0.09765625 0.94453125 0.084375 0.88984375 0.05625 0.85546875 0.0546875 0.84609375 0.0609375 0.84296875 0.05625 0.78828125 0.05625 0.75234375 0.0828125 0.70390625 0.1015625 0.6953125 0.10859375 0.675 0.15546875 0.671875 0.20546875 0.6234375 0.26171875 0.6203125 0.27890625 0.6265625 0.30546875 0.61875 0.33203125 0.56484375 0.3625 0.4015625 0.43203125 0.409375 0.46171875 0.42421875 0.4765625 0.46171875 0.4875 0.48203125 0.5 0.48671875 0.4953125 0.52578125 0.5015625 0.53515625 0.515625 0.53984375 0.5109375 0.57265625 0.51875 0.63984375 0.578125 0.68515625 0.5953125 0.68984375 0.590625 0.715625 0.59609375 0.71328125 0.6015625 0.66171875 0.60625 0.6796875 0.61328125 0.64609375 0.6234375 0.653125 0.62734375 0.6453125 0.63203125 0.64921875 0.6359375 0.64140625 0.6375 0.63828125 0.6296875 0.63671875 0.6375 0.60703125 0.6390625 0.54921875 0.66875 0.5203125 0.72578125 0.5265625 0.73515625 0.5171875 0.73828125 0.52890625 0.753125 0.534375 0.74765625 0.53515625 0.7578125 0.52890625 0.7546875 0.51484375 0.7625 0.51328125 0.7546875 0.48203125 0.75 0.4640625 0.75703125 0.4796875 0.76171875 0.47421875 0.7734375 0.45390625 0.771875 0.45078125 0.7625 0.4328125 0.77265625 0.446875 0.77734375 0.4390625 0.78046875 0.446875 0.78515625 0.4484375 0.79921875 0.4578125 0.80078125 0.459375 0.81953125 0.47734375 0.8234375 0.5046875 0.84765625 0.5109375 0.87890625
0 0.26953125 0.596875 0.2734375 0.61015625 0.27578125 0.6 0.33359375 0.5984375 0.33359375 0.590625 0.34453125 0.5953125 0.365625 0.58046875 0.378125 0.55078125 0.375 0.53671875 0.38046875 0.5265625 0.3875 0.52578125 0.384375 0.52109375 0.3921875 0.51171875 0.3921875 0.49140625 0.403125 0.48828125 0.4015625 0.46328125 0.39375 0.46015625 0.39375 0.44765625 0.378125 0.43671875 0.3921875 0.41796875 0.3859375 0.38984375 0.38125 0.38828125 0.38046875 0.396875 0.378125 0.39296875 0.38046875 0.371875 0.35546875 0.375 0.34453125 0.3640625 0.33984375 0.3734375 0.32890625 0.3640625 0.30078125 0.39375 0.29765625 0.3890625 0.28515625 0.4015625 0.25390625 0.4125 0.21015625 0.41875 0.19296875 0.4328125 0.13515625 0.4359375 0.11328125 0.4140625 0.04375 0.41171875 0.040625 0.41953125 0.0453125 0.42578125 0.109375 0.47890625 0.1171875 0.52109375 0.115625 0.56015625 0.14765625 0.5984375 0.17734375 0.603125 0.18359375 0.609375 0.18984375 0.603125 0.23828125 0.6078125 0.26953125 0.596875
0 0.340625 0.70859375 0.3546875 0.71953125 0.36328125 0.7140625 0.37109375 0.71875 0.38515625 0.7046875 0.44296875 0.6953125 0.44609375 0.6859375 0.48125 0.66484375 0.4875 0.64296875 0.5015625 0.63203125 0.509375 0.61328125 0.5 0.60546875 0.496875 0.56484375 0.49296875 0.5578125 0.4890625 0.56015625 0.4953125 0.55390625 0.4890625 0.55234375 0.4953125 0.54765625 0.4953125 0.52265625 0.4890625 0.51796875 0.4953125 0.51484375 0.4890625 0.51171875 0.49375 0.50703125 0.42890625 0.484375 0.39765625 0.4640625 0.38359375 0.4765625 0.359375 0.47890625 0.35546875 0.50625 0.32890625 0.4984375 0.31875 0.51015625 0.3203125 0.55390625 0.334375 0.55859375 0.3359375 0.56953125 0.3203125 0.58359375 0.321875 0.61015625 0.315625 0.61640625 0.3265625 0.62265625 0.328125 0.68828125 0.334375 0.68828125 0.33671875 0.675 0.340625 0.70859375
0 0.1875 0.70390625 0.1953125 0.71015625 0.30546875 0.7078125 0.3078125 0.67890625 0.3 0.66640625 0.2984375 0.62421875 0.3140625 0.61640625 0.315625 0.60390625 0.27578125 0.5984375 0.26640625 0.58125 0.26171875 0.5953125 0.246875 0.58515625 0.24609375 0.5765625 0.23203125 0.578125 0.23046875 0.5859375 0.21953125 0.578125 0.19140625 0.5984375 0.1859375 0.61640625 0.1875 0.70390625
0 0.00078125 0.7875 0 0.99921875 0.25390625 1 0.275 0.90234375 0.2796875 0.81640625 0.275 0.80859375 0.24609375 0.7921875 0.08828125 0.76875 0.07265625 0.7703125 0.04609375 0.790625 0.00078125 0.7875
0 0.5625 0.12265625 0.5921875 0.13671875 0.61015625 0.1328125 0.65234375 0.084375 0.6625 0.08046875 0.66875 0.05703125 0.659375 0.00859375 0.671875 0.00859375 0.6703125 0.02109375 0.67890625 0.021875 0.68203125 0.03125 0.6765625 0.01328125 0.68203125 0.015625 0.68828125 0.003125 0.55234375 0 0.51875 0.02109375 0.5234375 0.05546875 0.53671875 0.0546875 0.5484375 0.07109375 0.546875 0.09296875 0.5546875 0.09609375 0.546875 0.10703125 0.55703125 0.1078125 0.56015625 0.1015625 0.56875 0.11015625 0.5625 0.12265625
0 0.2734375 0.19921875 0.284375 0.20234375 0.32578125 0.2015625 0.33203125 0.1890625 0.35234375 0.184375 0.41171875 0.18125 0.4234375 0.16796875 0.4265625 0.13984375 0.440625 0.12265625 0.44375 0.09453125 0.4375 0.09140625 0.4375 0.07890625 0.43046875 0.075 0.36484375 0.1015625 0.33671875 0.1203125 0.32578125 0.1390625 0.27734375 0.140625 0.2734375 0.19921875
0 0.16953125 0.2640625 0.184375 0.26796875 0.21875 0.26484375 0.21796875 0.215625 0.18984375 0.2125 0.1671875 0.21953125 0.1640625 0.25546875 0.16953125 0.2640625
0 0.425 0.11484375 0.4375 0.14765625 0.50234375 0.13125 0.509375 0.12421875 0.5125 0.11484375 0.5046875 0.09296875 0.5140625 0.07890625 0.515625 0.04609375 0.5 0.03203125 0.50546875 0.025 0.47890625 0.034375 0.4234375 0.07578125 0.421875 0.08359375 0.428125 0.08984375 0.425 0.11484375
0 0.503125 0.19609375 0.5125 0.22421875 0.52265625 0.225 0.5484375 0.20234375 0.53984375 0.15625 0.50703125 0.15625 0.4921875 0.17265625 0.4921875 0.18515625 0.503125 0.19609375
0 0.6921875 0.07890625 0.703125 0.08203125 0.7609375 0.04765625 0.7765625 0.01640625 0.77421875 0 0.684375 0.00078125 0.671875 0.06171875 0.68984375 0.065625 0.6921875 0.07890625
0 0.00078125 0 0 0.22890625 0.02734375 0.20625 0.04296875 0.2015625 0.06796875 0.1703125 0.13984375 0.11875 0.20703125 0.08125 0.23984375 0.0515625 0.28515625 0.034375 0.3234375 0.00078125 0.00078125 0