0 0.60625 0.48046875 0.5703125 0.45234375 0.56953125 0.4390625 0.56328125 0.4453125 0.53515625 0.4453125 0.521875 0.45234375 0.4984375 0.48046875 0.4921875 0.52890625 0.49375 0.69453125 0.50546875 0.7109375 0.5484375 0.72109375 0.56796875 0.7203125 0.59140625 0.7078125 0.6015625 0.69609375 0.6078125 0.67265625 0.6078125 0.48984375 0.60625 0.48046875
0 0.22890625 0.359375 0.203125 0.37265625 0.16875 0.42421875 0.1796875 0.51328125 0.19921875 0.5296875 0.2265625 0.53203125 0.25234375 0.528125 0.2796875 0.50703125 0.284375 0.43515625 0.278125 0.39140625 0.25546875 0.3703125 0.22890625 0.359375
0 0.22734375 0.359375 0.2 0.37578125 0.16875 0.42265625 0.1765625 0.50859375 0.1734375 0.58828125 0.17890625 0.5984375 0.21796875 0.615625 0.2375 0.61484375 0.27578125 0.603125 0.2828125 0.58828125 0.284375 0.41328125 0.2796875 0.39296875 0.25859375 0.371875 0.22734375 0.359375
0 0.27890625 0.603125 0.27109375 0.609375 0.22421875 0.6171875 0.18828125 0.6 0.17734375 0.6015625 0.1671875 0.58046875 0.1546875 0.57265625 0.15 0.55703125 0.12890625 0.53125 0.12421875 0.5328125 0.1109375 0.58203125 0.1296875 0.65078125 0.19296875 0.6921875 0.23359375 0.734375 0.2546875 0.73671875 0.27890625 0.7296875 0.290625 0.71953125 0.29375 0.69765625 0.309375 0.66796875 0.2890625 0.60859375 0.27890625 0.603125
0 0.85546875 0.3796875 0.834375 0.39765625 0.828125 0.42421875 0.81875 0.42734375 0.8109375 0.45546875 0.8046875 0.61171875 0.83203125 0.640625 0.86484375 0.6515625 0.8875 0.65078125 0.91015625 0.6375 0.91875 0.62265625 0.9296875 0.43984375 0.91875 0.41015625 0.89140625 0.3828125 0.85546875 0.3796875
0 0.921875 0.61015625 0.9203125 0.55703125 0.93125 0.43984375 0.9203125 0.40546875 0.88515625 0.378125 0.86015625 0.3765625 0.83203125 0.3953125 0.8109375 0.36484375 0.80625 0.33828125 0.80078125 0.334375 0.7921875 0.33828125 0.76875 0.37109375 0.7546875 0.45703125 0.7484375 0.46640625 0.75 0.49140625 0.7625 0.50234375 0.753125 0.51484375 0.753125 0.63984375 0.75859375 0.6484375 0.7625 0.63359375 0.7640625 0.66171875 0.7859375 0.69296875 0.821875 0.71015625 0.87578125 0.7015625 0.9015625 0.68671875 0.9125 0.66328125 0.915625 0.64453125 0.9109375 0.63984375 0.921875 0.61015625
0 0.6078125 0.48984375 0.60625 0.48046875 0.5703125 0.45234375 0.56953125 0.4390625 0.56328125 0.4453125 0.53046875 0.4453125 0.5203125 0.45390625 0.4984375 0.48203125 0.49375 0.51953125 0.49375 0.69453125 0.50703125 0.7109375 0.53515625 0.7203125 0.55625 0.71953125 0.56953125 0.71875 0.58046875 0.7078125 0.59140625 0.70625 0.6015625 0.69453125 0.6078125 0.66953125 0.6078125 0.48984375
0 0.47890625 0.41875 0.47109375 0.396875 0.46015625 0.3953125 0.4546875 0.40078125 0.45 0.44453125 0.44375 0.45546875 0.45 0.48828125 0.465625 0.50703125 0.4734375 0.53359375 0.484375 0.53984375 0.49375 0.47890625 0.5203125 0.44453125 0.515625 0.38359375 0.51015625 0.378125 0.496875 0.38671875 0.47890625 0.41875
0 0.4171875 0.50390625 0.425 0.50546875 0.43125 0.49921875 0.4375 0.46484375 0.4328125 0.42109375 0.42109375 0.4140625 0.4109375 0.47265625 0.4171875 0.50390625
0 0.43125 0.62578125 0.47578125 0.6625 0.47890625 0.671875 0.4859375 0.67265625 0.490625 0.66484375 0.4921875 0.58828125 0.47890625 0.5515625 0.44375 0.57734375 0.43125 0.60390625 0.43125 0.62578125
0 0.6078125 0.61640625 0.60625 0.69765625 0.59609375 0.7109375 0.56953125 0.725 0.52890625 0.728125 0.51171875 0.71875 0.49375 0.70078125 0.4765625 0.66484375 0.43984375 0.6390625 0.4046875 0.64921875 0.40625 0.67109375 0.4328125 0.69140625 0.4359375 0.71328125 0.45859375 0.7421875 0.52109375 0.7578125 0.5703125 0.76171875 0.59921875 0.7546875 0.66328125 0.753125 0.6875 0.73046875 0.68125 0.68671875 0.61328125 0.603125 0.6078125 0.61640625
0 0.5359375 0.44296875 0.56875 0.45390625 0.5765625 0.40546875 0.5671875 0.37734375 0.54921875 0.3671875 0.5375 0.38046875 0.540625 0.41328125 0.5359375 0.44296875
0 0.3703125 0.51640625 0.3765625 0.50390625 0.37265625 0.453125 0.3671875 0.45546875 0.365625 0.47265625 0.365625 0.51015625 0.3703125 0.51640625