0 0.73203125 0.4125 0.68125 0.40703125 0.65390625 0.40625 0.64140625 0.4125 0.575 0.49296875 0.5625 0.54765625 0.5328125 0.60234375 0.525 0.63515625 0.525 0.69296875 0.53671875 0.70625 0.559375 0.71640625 0.5625 0.73359375 0.53046875 0.7484375 0.51796875 0.74375 0.49765625 0.7609375 0.446875 0.78203125 0.4453125 0.89453125 0.45234375 0.9078125 0.68046875 0.9046875 0.709375 0.83984375 0.7046875 0.81796875 0.709375 0.79609375 0.7265625 0.76640625 0.7578125 0.73671875 0.753125 0.66640625 0.76328125 0.659375 0.77578125 0.6609375 0.80078125 0.6421875 0.88984375 0.6015625 0.91796875 0.5984375 0.9328125 0.58984375 0.934375 0.51171875 0.925 0.50078125 0.92734375 0.4953125 0.92265625 0.5 0.86796875 0.4984375 0.83359375 0.4796875 0.81171875 0.475 0.78515625 0.446875 0.76640625 0.44375 0.76015625 0.428125 0.73203125 0.4125
0 0.32421875 0.4625 0.2359375 0.46015625 0.20390625 0.4671875 0.19765625 0.4609375 0.1859375 0.46796875 0.18515625 0.475 0.13671875 0.475 0.12890625 0.4828125 0.12265625 0.475 0.115625 0.50859375 0.1203125 0.52578125 0.12734375 0.5203125 0.15078125 0.5328125 0.16171875 0.55 0.1703125 0.54921875 0.16953125 0.5421875 0.19765625 0.5421875 0.21640625 0.5515625 0.23046875 0.571875 0.34296875 0.5734375 0.34765625 0.5796875 0.3609375 0.57421875 0.35546875 0.4609375 0.3515625 0.47265625 0.34609375 0.46875 0.34140625 0.4765625 0.32421875 0.4625
0 0.440625 0.60703125 0.440625 0.40234375 0.43359375 0.4015625 0.4375 0.40703125 0.42578125 0.4109375 0.3609375 0.41328125 0.3609375 0.61015625 0.38671875 0.621875 0.43359375 0.615625 0.440625 0.60703125
0 0.2765625 0.09921875 0.2515625 0.00078125 0.00078125 0 0 0.22109375 0.04921875 0.2125 0.07109375 0.23125 0.08828125 0.2359375 0.17734375 0.2203125 0.23515625 0.225 0.27109375 0.203125 0.284375 0.17890625 0.2765625 0.09921875
0 0.671875 0.03359375 0.6625 0.00078125 0.5140625 0.00078125 0.509375 0.12890625 0.496875 0.16953125 0.4671875 0.19453125 0.47109375 0.2125 0.52734375 0.2375 0.57265625 0.240625 0.60859375 0.253125 0.65234375 0.2546875 0.65546875 0.2421875 0.67578125 0.24375 0.6875 0.23515625 0.6828125 0.05390625 0.66875 0.04140625 0.671875 0.03359375
0 1 0.00078125 0.75078125 0 0.734375 0.11015625 0.7375 0.25078125 0.74765625 0.259375 0.79609375 0.2640625 0.815625 0.22578125 0.82890625 0.2203125 0.846875 0.23515625 0.853125 0.26171875 0.86953125 0.2703125 0.884375 0.25234375 0.8921875 0.22734375 0.9109375 0.21015625 0.91875 0.17578125 0.93515625 0.1734375 0.9296875 0.16796875 0.9484375 0.14765625 0.95 0.13671875 0.9625 0.13671875 0.9578125 0.11328125 0.9640625 0.08203125 1 0.06484375 1 0.00078125
0 0.82421875 0.340625 0.8140625 0.33359375 0.7953125 0.34296875 0.7953125 0.39765625 0.93359375 0.4015625 0.9390625 0.41015625 0.9421875 0.55234375 0.99921875 0.55625 1 0.34453125 0.98984375 0.340625 0.9859375 0.35546875 0.97890625 0.35625 0.9796875 0.34453125 0.97265625 0.340625 0.87109375 0.3453125 0.82421875 0.340625
0 0.62734375 0.259375 0.5546875 0.24609375 0.53828125 0.2453125 0.51953125 0.2578125 0.5109375 0.26796875 0.5109375 0.28515625 0.5359375 0.31484375 0.540625 0.32890625 0.565625 0.34921875 0.575 0.37109375 0.56953125 0.3953125 0.68828125 0.4015625 0.7953125 0.39765625 0.796875 0.34609375 0.8109375 0.33203125 0.80078125 0.31875 0.66640625 0.28125 0.62734375 0.259375
0 0.63359375 0.403125 0.625 0.40234375 0.45859375 0.4015625 0.44375 0.40859375 0.4421875 0.66015625 0.44765625 0.778125 0.51171875 0.75 0.54140625 0.746875 0.5625 0.73203125 0.5578125 0.71328125 0.5265625 0.69296875 0.528125 0.62578125 0.5484375 0.56796875 0.5625 0.54609375 0.578125 0.48828125 0.6359375 0.41328125 0.63359375 0.403125
0 0.7640625 0.52578125 0.75 0.52109375 0.7421875 0.52890625 0.7453125 0.53359375 0.73046875 0.5390625 0.7265625 0.55234375 0.715625 0.56015625 0.725 0.56328125 0.71875 0.59140625 0.7234375 0.59296875 0.7296875 0.63984375 0.73046875 0.7625 0.73359375 0.75625 0.74765625 0.753125 0.7484375 0.74453125 0.7609375 0.73671875 0.7578125 0.67890625 0.765625 0.65703125 0.78125 0.64609375 0.7703125 0.61015625 0.771875 0.59609375 0.78125 0.59140625 0.7859375 0.55859375 0.765625 0.53828125 0.7640625 0.52578125
0 1 0.41328125 0.9546875 0.41015625 0.94140625 0.4125 0.9390625 0.42265625 0.9421875 0.90078125 0.95234375 0.9125 0.97890625 0.9140625 1 0.91171875 1 0.41328125
0 0.75703125 1 0.7515625 0.97265625 0.765625 0.96796875 0.76015625 0.95625 0.778125 0.95234375 0.771875 0.92109375 0.76015625 0.9125 0.675 0.91015625 0.50078125 0.9125 0.50234375 0.9203125 0.509375 0.92109375 0.496875 0.92734375 0.4921875 0.94453125 0.49765625 0.9484375 0.50234375 0.940625 0.5140625 0.95234375 0.50625 0.95546875 0.5109375 0.96640625 0.5015625 0.97109375 0.50390625 0.9765625 0.52421875 0.98125 0.55234375 1 0.75703125 1
0 0.92890625 0.9125 0.90625 0.91171875 0.71796875 0.9125 0.728125 0.92109375 0.734375 0.94921875 0.73125 0.97578125 0.7421875 0.99140625 0.7328125 0.99765625 0.82734375 1 0.89765625 0.9546875 0.934375 0.92109375 0.92890625 0.9125
0 0.43046875 0.80625 0.425 0.79140625 0.41328125 0.8078125 0.36484375 0.809375 0.33359375 0.803125 0.325 0.80703125 0.325 0.82578125 0.3390625 0.83359375 0.34140625 0.846875 0.346875 0.83515625 0.3515625 0.85859375 0.34609375 0.871875 0.34453125 0.8609375 0.3390625 0.86171875 0.3390625 0.86953125 0.34921875 0.8859375 0.36171875 0.8859375 0.37265625 0.89375 0.37734375 0.8765625 0.38828125 0.8875 0.39296875 0.8765625 0.40390625 0.8828125 0.41015625 0.8765625 0.43203125 0.8828125 0.4421875 0.89453125 0.4421875 0.80703125 0.43984375 0.8 0.43046875 0.80625
0 0.21953125 0.74375 0.2046875 0.73671875 0.17578125 0.7375 0.15859375 0.75625 0.146875 0.76015625 0.18515625 0.7921875 0.31171875 0.853125 0.3234375 0.85078125 0.32890625 0.83125 0.3515625 0.82578125 0.353125 0.81015625 0.34609375 0.8015625 0.34140625 0.8078125 0.33046875 0.7921875 0.29453125 0.778125 0.28671875 0.7671875 0.22890625 0.759375 0.21953125 0.74375
0 0.15546875 0.7171875 0.128125 0.70234375 0.11328125 0.703125 0.10546875 0.7109375 0.09140625 0.7109375 0.08203125 0.703125 0.078125 0.71484375 0.09921875 0.7359375 0.13046875 0.753125 0.14921875 0.75625 0.153125 0.75234375 0.1453125 0.74765625 0.1671875 0.73515625 0.15546875 0.7171875
0 0.115625 0.61484375 0.10625 0.61015625 0.06328125 0.6296875 0.0546875 0.63984375 0.05625 0.65859375 0.08125 0.66953125 0.0734375 0.71015625 0.09140625 0.7265625 0.11171875 0.7203125 0.1171875 0.71015625 0.1171875 0.66796875 0.1109375 0.66015625 0.115625 0.61484375
0 0.13125 0.54609375 0.1078125 0.53203125 0.08359375 0.540625 0.04609375 0.571875 0.0453125 0.59140625 0.09921875 0.5875 0.1125 0.57734375 0.1125 0.56796875 0.12265625 0.5578125 0.13203125 0.5609375 0.1265625 0.55546875 0.13125 0.54609375
0 0.34765625 0.2875 0.303125 0.28359375 0.21640625 0.2921875 0.21328125 0.2984375 0.20078125 0.3 0.19140625 0.315625 0.16953125 0.325 0.15703125 0.34375 0.15390625 0.3390625 0.1515625 0.35390625 0.1421875 0.36328125 0.1375 0.41015625 0.1140625 0.44609375 0.11875 0.46171875 0.18671875 0.4625 0.2015625 0.45234375 0.20390625 0.44375 0.2171875 0.43984375 0.2109375 0.43359375 0.21953125 0.4265625 0.22734375 0.4265625 0.23203125 0.434375 0.23515625 0.4265625 0.31015625 0.4265625 0.31640625 0.4171875 0.31953125 0.4234375 0.33359375 0.41875 0.34765625 0.4296875 0.36015625 0.425 0.36484375 0.4140625 0.37109375 0.43125 0.39765625 0.4296875 0.3953125 0.43828125 0.415625 0.44765625 0.4125 0.45546875 0.41796875 0.4609375 0.4234375 0.45703125 0.41875 0.44765625 0.425 0.44609375 0.4265625 0.41328125 0.44296875 0.4078125 0.44609375 0.4 0.47109375 0.396875 0.4953125 0.37890625 0.48125 0.33359375 0.47265625 0.325 0.44609375 0.321875 0.4609375 0.31640625 0.44609375 0.3140625 0.44296875 0.3046875 0.42734375 0.3140625 0.42421875 0.3046875 0.41640625 0.309375 0.41171875 0.3015625 0.38828125 0.2984375 0.38046875 0.284375 0.35546875 0.2890625 0.371875 0.29765625 0.35390625 0.303125 0.346875 0.29765625 0.34765625 0.2875
0 0.04296875 0.7984375 0.0015625 0.77109375 0.00078125 1 0.321875 0.99921875 0.29140625 0.9703125 0.24453125 0.9515625 0.20859375 0.9203125 0.13359375 0.8765625 0.06796875 0.828125 0.04296875 0.7984375
0 0.040625 0.30703125 0.021875 0.30078125 0 0.30078125 0.00078125 0.3359375 0.03046875 0.3375 0.040625 0.32890625 0.040625 0.30703125
0 0.878125 0.62734375 0.8734375 0.61796875 0.81171875 0.6390625 0.77734375 0.6609375 0.76328125 0.6578125 0.7578125 0.66328125 0.753125 0.69453125 0.7625 0.73359375 0.7171875 0.78359375 0.709375 0.81328125 0.71796875 0.8453125 0.75546875 0.828125 0.76171875 0.8171875 0.81640625 0.8125 0.8296875 0.79921875 0.825 0.77578125 0.82890625 0.7734375 0.83203125 0.7796875 0.8375 0.77421875 0.8359375 0.75234375 0.84453125 0.7484375 0.846875 0.76484375 0.8546875 0.76328125 0.8640625 0.74453125 0.8640625 0.69296875 0.878125 0.68203125 0.8671875 0.67734375 0.8765625 0.66171875 0.878125 0.62734375
0 0.9375 0.73359375 0.934375 0.59609375 0.88359375 0.60625 0.8453125 0.63359375 0.846875 0.67265625 0.853125 0.67734375 0.8546875 0.70078125 0.86796875 0.728125 0.87890625 0.725 0.88359375 0.7328125 0.88828125 0.7203125 0.92265625 0.7171875 0.9296875 0.72109375 0.93125 0.73359375 0.9375 0.73359375
0 0.78984375 0.86875 0.7828125 0.86796875 0.76875 0.88203125 0.765625 0.90546875 0.79765625 0.9078125 0.79765625 0.9 0.7828125 0.89609375 0.78515625 0.8875 0.79609375 0.890625 0.7984375 0.88359375 0.78984375 0.86875
0 0.834375 0.92109375 0.825 0.91171875 0.77578125 0.9125 0.7734375 0.92890625 0.78125 0.94609375 0.82421875 0.9484375 0.834375 0.92109375
0 0.8765625 0.80234375 0.8671875 0.77421875 0.8234375 0.77578125 0.83125 0.78359375 0.83125 0.82578125 0.85234375 0.84375 0.87578125 0.84375 0.8890625 0.83046875 0.8875 0.81328125 0.8765625 0.80234375
0 0.9375 0.90703125 0.9359375 0.78515625 0.9234375 0.79140625 0.92890625 0.796875 0.91796875 0.7984375 0.91640625 0.8046875 0.89453125 0.80625 0.890625 0.81484375 0.8859375 0.83359375 0.88671875 0.909375 0.9375 0.90703125
0 0.36875 0.52890625 0.3703125 0.52421875 0.3609375 0.52734375 0.3609375 0.61640625 0.38359375 0.6234375 0.42265625 0.61875 0.4265625 0.58046875 0.421875 0.55859375 0.40078125 0.559375 0.384375 0.54609375 0.38046875 0.53125 0.36875 0.52890625
0 0.3640625 0.61171875 0.35625 0.51640625 0.35078125 0.521875 0.32265625 0.5234375 0.3359375 0.53359375 0.30625 0.53984375 0.3046875 0.54921875 0.2953125 0.55546875 0.3 0.56015625 0.290625 0.59765625 0.3328125 0.64453125 0.33984375 0.665625 0.37421875 0.6703125 0.38125 0.66640625 0.3859375 0.63515625 0.3640625 0.61171875
0 0.92734375 0.403125 0.88125 0.40078125 0.80390625 0.403125 0.7953125 0.40703125 0.790625 0.42265625 0.796875 0.46953125 0.8109375 0.48984375 0.809375 0.52890625 0.815625 0.52890625 0.81640625 0.49375 0.825 0.54453125 0.8296875 0.54609375 0.83125 0.52421875 0.83671875 0.521875 0.8421875 0.55234375 0.84921875 0.5390625 0.8578125 0.56796875 0.8703125 0.57109375 0.87421875 0.5875 0.878125 0.57109375 0.884375 0.57109375 0.884375 0.58515625 0.89375 0.59140625 0.87421875 0.5953125 0.87578125 0.6 0.92890625 0.5921875 0.9375 0.57265625 0.9359375 0.41484375 0.92734375 0.403125
0 0.840625 0.45390625 0.8359375 0.40234375 0.73828125 0.403125 0.7296875 0.41171875 0.75703125 0.4296875 0.7640625 0.44609375 0.77734375 0.45 0.80390625 0.478125 0.81953125 0.48125 0.840625 0.45390625