0 0.40703125 0.29375 0.39375 0.31796875 0.3921875 0.51015625 0.39375 0.51953125 0.43359375 0.5515625 0.46953125 0.5546875 0.503125 0.51171875 0.509375 0.31640625 0.49296875 0.2890625 0.46484375 0.2796875 0.44375 0.28046875 0.40703125 0.29375
0 0.50625 0.29921875 0.5234375 0.33515625 0.55390625 0.3578125 0.56484375 0.359375 0.56328125 0.3640625 0.5953125 0.35234375 0.59375 0.32734375 0.5671875 0.30859375 0.565625 0.28984375 0.54765625 0.2625 0.47890625 0.2421875 0.4296875 0.23828125 0.40234375 0.2453125 0.33671875 0.246875 0.3125 0.26953125 0.31875 0.31328125 0.38671875 0.396875 0.3921875 0.38359375 0.39375 0.30234375 0.40390625 0.2890625 0.43046875 0.275 0.47109375 0.271875 0.48828125 0.28125 0.50625 0.29921875
0 0.53984375 0.6046875 0.55 0.58359375 0.55625 0.53203125 0.546875 0.50546875 0.5203125 0.46328125 0.5125 0.48828125 0.5140625 0.53359375 0.5265625 0.59921875 0.53984375 0.6046875
0 0.5671875 0.57734375 0.57265625 0.5859375 0.58125 0.58359375 0.5875 0.55234375 0.5875 0.51953125 0.5828125 0.49765625 0.5765625 0.49453125 0.56875 0.50078125 0.5625 0.52421875 0.5671875 0.57734375
0 0.5875 0.48984375 0.59296875 0.49375 0.596875 0.44453125 0.5890625 0.44140625 0.5859375 0.46953125 0.5875 0.48984375
0 0.7734375 0.46796875 0.74453125 0.4734375 0.7203125 0.49296875 0.715625 0.56171875 0.721875 0.60859375 0.74453125 0.6296875 0.77109375 0.640625 0.796875 0.62734375 0.8234375 0.59453125 0.83125 0.57265625 0.8203125 0.48671875 0.79609375 0.46875 0.7734375 0.46796875
0 0.82109375 0.4015625 0.78203125 0.384375 0.7625 0.38515625 0.72421875 0.396875 0.7171875 0.41171875 0.715625 0.58671875 0.7203125 0.60703125 0.74140625 0.628125 0.77265625 0.640625 0.7984375 0.62578125 0.821875 0.59765625 0.83125 0.57578125 0.8234375 0.49140625 0.8265625 0.41171875 0.82109375 0.4015625
0 0.85 0.44296875 0.86953125 0.4671875 0.87578125 0.4671875 0.8890625 0.41796875 0.8703125 0.34921875 0.80703125 0.3078125 0.76640625 0.265625 0.7453125 0.26328125 0.7109375 0.27890625 0.70625 0.30234375 0.690625 0.33203125 0.7109375 0.39140625 0.71796875 0.3984375 0.72890625 0.390625 0.77734375 0.3828125 0.81171875 0.4 0.82265625 0.3984375 0.8328125 0.41953125 0.8453125 0.42734375 0.85 0.44296875
0 0.13515625 0.3484375 0.1125 0.34921875 0.08984375 0.3625 0.08125 0.37734375 0.0703125 0.56015625 0.08125 0.58984375 0.11015625 0.61875 0.14453125 0.6203125 0.1671875 0.60078125 0.1890625 0.54609375 0.1953125 0.38984375 0.18125 0.36796875 0.16796875 0.359375 0.13515625 0.3484375
0 0.246875 0.56484375 0.2515625 0.50859375 0.2390625 0.49765625 0.246875 0.48671875 0.246875 0.45390625 0.23828125 0.4578125 0.22734375 0.4453125 0.21484375 0.453125 0.2015625 0.43828125 0.209375 0.43046875 0.20390625 0.428125 0.196875 0.43515625 0.19375 0.38359375 0.17578125 0.3625 0.14140625 0.3484375 0.115625 0.34765625 0.090625 0.36171875 0.08125 0.38515625 0.0703125 0.52109375 0.0765625 0.58359375 0.11328125 0.6203125 0.14453125 0.6203125 0.17109375 0.6015625 0.1890625 0.63515625 0.19375 0.66171875 0.20078125 0.665625 0.23125 0.62890625 0.246875 0.56484375
0 0.13984375 0.6234375 0.16796875 0.6046875 0.184375 0.62734375 0.19375 0.66328125 0.19921875 0.665625 0.2078125 0.66171875 0.23125 0.62890625 0.24375 0.54453125 0.25 0.53359375 0.246875 0.50078125 0.2390625 0.49765625 0.246875 0.48515625 0.246875 0.36328125 0.240625 0.36015625 0.23828125 0.375 0.234375 0.33671875 0.21328125 0.309375 0.19609375 0.296875 0.1765625 0.29609375 0.12421875 0.2984375 0.1 0.31328125 0.0890625 0.33671875 0.0859375 0.35234375 0.090625 0.35546875 0.078125 0.38359375 0.0796875 0.44140625 0.06875 0.51640625 0.06875 0.56015625 0.0796875 0.59453125 0.11328125 0.621875 0.13984375 0.6234375