0 0.57109375 0.4765625 0.59375 0.45078125 0.6 0.43203125 0.56484375 0.421875 0.54765625 0.409375 0.43515625 0.3640625 0.3765625 0.33046875 0.3734375 0.29921875 0.38125 0.28046875 0.3796875 0.26484375 0.3265625 0.20390625 0.325 0.15546875 0.29921875 0.103125 0.23828125 0.0796875 0.21171875 0.0546875 0.10078125 0.0578125 0.05546875 0.0828125 0.0484375 0.09453125 0.053125 0.16015625 0.065625 0.20859375 0.10078125 0.23125 0.16953125 0.2546875 0.1859375 0.26640625 0.1859375 0.28046875 0.16484375 0.2953125 0.153125 0.31328125 0.15 0.35078125 0.15625 0.39453125 0.1828125 0.44921875 0.1953125 0.49765625 0.25234375 0.5734375 0.27890625 0.590625 0.3171875 0.59140625 0.36484375 0.5734375 0.39140625 0.5453125 0.43203125 0.515625 0.48359375 0.496875 0.51953125 0.49375 0.57109375 0.4765625
0 0.86328125 0.575 0.86640625 0.5671875 0.8796875 0.56328125 0.884375 0.54921875 0.88125 0.52265625 0.8890625 0.50390625 0.8890625 0.45546875 0.86484375 0.44375 0.81953125 0.4390625 0.78515625 0.4265625 0.78359375 0.41875 0.76015625 0.415625 0.71484375 0.396875 0.665625 0.35546875 0.65546875 0.3328125 0.58515625 0.3328125 0.590625 0.33828125 0.590625 0.36328125 0.5828125 0.36953125 0.5765625 0.41171875 0.60546875 0.41875 0.615625 0.43203125 0.615625 0.44296875 0.603125 0.44765625 0.5921875 0.47421875 0.5796875 0.48515625 0.5859375 0.49921875 0.5765625 0.50234375 0.58984375 0.515625 0.61015625 0.5171875 0.6125 0.52578125 0.625 0.53203125 0.6328125 0.56328125 0.65546875 0.575 0.67421875 0.5765625 0.68359375 0.584375 0.70703125 0.584375 0.71953125 0.5765625 0.73359375 0.584375 0.73828125 0.578125 0.80078125 0.5765625 0.81171875 0.565625 0.809375 0.57421875 0.8171875 0.59296875 0.8328125 0.58046875 0.84296875 0.559375 0.85703125 0.55625 0.8609375 0.56171875 0.85625 0.56640625 0.86328125 0.575
0 0.16953125 0.28125 0.175 0.27109375 0.15703125 0.2578125 0.13046875 0.253125 0.0640625 0.21484375 0.0484375 0.17109375 0.0453125 0.13046875 0.034375 0.10234375 0.02578125 0.0953125 0.00078125 0.0953125 0 0.44765625 0.05703125 0.4546875 0.09921875 0.475 0.12890625 0.5015625 0.184375 0.50390625 0.1890625 0.49765625 0.1828125 0.46328125 0.1484375 0.38203125 0.140625 0.31328125 0.1421875 0.29921875 0.16953125 0.28125
0 0.1859375 0.51171875 0.2 0.52890625 0.20625 0.56953125 0.20078125 0.5625 0.1984375 0.65546875 0.1828125 0.66015625 0.19765625 0.6796875 0.21484375 0.6875 0.265625 0.69765625 0.2765625 0.69140625 0.2859375 0.64453125 0.275 0.59921875 0.2109375 0.53046875 0.18515625 0.484375 0.1859375 0.51171875
0 0.36328125 0.63125 0.34296875 0.615625 0.31796875 0.6125 0.31015625 0.6046875 0.26484375 0.6 0.2390625 0.56171875 0.2109375 0.53515625 0.19375 0.51015625 0.178125 0.45078125 0.15625 0.40703125 0.146875 0.37109375 0.1421875 0.30703125 0.15859375 0.2890625 0.16953125 0.2875 0.178125 0.27109375 0.15390625 0.2546875 0.12890625 0.2515625 0.06796875 0.21875 0.0484375 0.17265625 0.0375 0.10390625 0.02890625 0.0953125 0.00078125 0.096875 0 0.61484375 0.02109375 0.6296875 0.06171875 0.6390625 0.06640625 0.6453125 0.08359375 0.646875 0.08671875 0.6375 0.09921875 0.646875 0.11015625 0.640625 0.13046875 0.65 0.13515625 0.64375 0.16015625 0.653125 0.19296875 0.6546875 0.19765625 0.65 0.203125 0.65859375 0.196875 0.66796875 0.20859375 0.6828125 0.34765625 0.7203125 0.37109375 0.7359375 0.45625 0.75390625 0.4765625 0.73671875 0.484375 0.71484375 0.478125 0.71328125 0.4765625 0.70234375 0.45078125 0.6671875 0.36328125 0.63125
0 0.56640625 0.15 0.5765625 0.17421875 0.59296875 0.1875 0.66015625 0.1890625 0.6671875 0.19609375 0.6734375 0.12890625 0.63515625 0.1 0.55234375 0.0640625 0.5328125 0.10546875 0.5375 0.13359375 0.56640625 0.15
0 0.32578125 0 0.32265625 0.00625 0.340625 0.00859375 0.3328125 0.05546875 0.3375 0.07890625 0.36953125 0.090625 0.3734375 0.10703125 0.39140625 0.13125 0.4109375 0.13359375 0.4234375 0.11953125 0.428125 0.09453125 0.4484375 0.07421875 0.45625 0.04140625 0.46015625 0.0375 0.46328125 0.0421875 0.46640625 0.03125 0.4734375 0.03984375 0.475 0.02109375 0.45078125 0 0.32578125 0
0 0.77265625 0.7796875 0.74140625 0.7921875 0.7234375 0.80859375 0.71875 0.81640625 0.7234375 0.89140625 0.74453125 1 1 0.99921875 0.99921875 0.7796875 0.98984375 0.7875 0.95078125 0.7875 0.92109375 0.7671875 0.81640625 0.7828125 0.77265625 0.7796875
0 0.86015625 0.11875 0.93203125 0.1703125 0.95703125 0.2015625 0.97265625 0.20625 1 0.22890625 0.99921875 0 0.6765625 0.00078125 0.71328125 0.0328125 0.76015625 0.0515625 0.79296875 0.08125 0.86015625 0.11875
0 0.853125 0.27578125 0.85234375 0.3046875 0.84453125 0.2953125 0.8234375 0.29921875 0.83359375 0.3015625 0.840625 0.31484375 0.83203125 0.3234375 0.8265625 0.31484375 0.8265625 0.33515625 0.85546875 0.340625 0.86953125 0.3125 0.8734375 0.32109375 0.86875 0.33046875 0.8796875 0.33515625 0.8828125 0.39296875 0.93125 0.39296875 0.9375 0.37265625 0.9359375 0.29140625 0.89140625 0.2609375 0.87109375 0.2609375 0.8796875 0.26796875 0.853125 0.27578125
0 0.83046875 0.2171875 0.79140625 0.2046875 0.75703125 0.1796875 0.72890625 0.171875 0.72265625 0.1421875 0.6703125 0.14296875 0.67421875 0.203125 0.71328125 0.21875 0.72578125 0.2296875 0.73515625 0.228125 0.73515625 0.2359375 0.74140625 0.2375 0.74765625 0.2296875 0.74921875 0.2359375 0.77734375 0.2375 0.7796875 0.26484375 0.8078125 0.27265625 0.83203125 0.2703125 0.84375 0.26328125 0.85078125 0.246875 0.8671875 0.24765625 0.84453125 0.240625 0.83046875 0.2171875