0 0.14475312499999998 0.99795625 0.1659234375 0.9463953125 0.17783125 0.8791421875 0.22413750000000002 0.816371875 0.20783749999999998 0.7605046875 0.18180000000000002 0.751359375 0.1606296875 0.7827453125 0.14078437500000002 0.7356671875 0.1315234375 0.870175 0.10241562500000001 0.92621875 0.0958 0.9957140624999999 0.14475312499999998 0.99795625
0 0.3762921875 0.6482375 0.34983125 0.7468765625 0.3789390625 0.7827453125 0.419953125 0.6863484375 0.42304324062500004 0.65890715625 0.3762921875 0.6482375
0 0.9888765625 0.424059375 0.9835843750000001 0.34335625 0.962415625 0.3052453125 0.914784375 0.3052453125 0.884353125 0.34335625 0.8374671875 0.44285781249999995 0.8539234375 0.43975156249999997 0.87376875 0.39715781250000004 0.893615625 0.3657734375 0.9134609375 0.34559687499999997 0.9505078125 0.338871875 0.9716765625000001 0.374740625 0.9822609375000001 0.41285 0.9888765625 0.424059375
0 0.3296875 0.32421875 0.3390625 0.33984375 0.35546875 0.340625 0.3703125 0.31328125 0.365625 0.25234375 0.35546875 0.240625 0.33671875 0.24375 0.328125 0.26171875 0.3296875 0.32421875
0 0.7078125 0.43515625 0.7125 0.43671875 0.74765625 0.43125 0.7640625 0.42109375 0.771875 0.35546875 0.76640625 0.3421875 0.753125 0.37421875 0.74140625 0.378125 0.73125 0.33203125 0.7171875 0.33515625 0.7078125 0.37265625 0.7078125 0.43515625
0 0.6578125 0.47421875 0.66875 0.48984375 0.678125 0.47421875 0.684375 0.43203125 0.67890625 0.40625 0.6671875 0.41171875 0.6625 0.42421875 0.6578125 0.47421875
0 0.6 0.48359375 0.60625 0.49140625 0.6421875 0.47890625 0.65 0.42890625 0.63984375 0.415625 0.62890625 0.41875 0.61484375 0.4125 0.60625 0.42265625 0.6 0.48359375
0 0.746875 0.69453125 0.7359375 0.72578125 0.75234375 0.7234375 0.765625 0.71015625 0.7796875 0.68046875 0.7796875 0.65390625 0.7890625 0.62890625 0.78125 0.59453125 0.78671875 0.53125 0.7796875 0.53359375 0.78125 0.54609375 0.7640625 0.60546875 0.74375 0.65546875 0.746875 0.69453125
0 0.6078125 0.71484375 0.60625 0.72734375 0.72109375 0.684375 0.7265625 0.66640625 0.71796875 0.6671875 0.71015625 0.659375 0.70078125 0.6625 0.65078125 0.696875 0.61796875 0.70625 0.6078125 0.71484375
0 0.18359375 0.21875 0.209375 0.22421875 0.21796875 0.225 0.2265625 0.21484375 0.21953125 0.19375 0.20859375 0.1890625 0.175 0.19296875 0.18359375 0.21875
0 0.25703125 0.1296875 0.2921875 0.13984375 0.296875 0.12890625 0.28515625 0.1125 0.26171875 0.1078125 0.25625 0.11328125 0.25703125 0.1296875
0 0.1125 0.19140625 0.115625 0.20859375 0.13125 0.20078125 0.11953125 0.175 0.1125 0.19140625
0 0.4640625 0.46015625 0.4578125 0.54453125 0.46640625 0.5453125 0.4734375 0.53828125 0.4890625 0.47890625 0.4875 0.46015625 0.47890625 0.45 0.47109375 0.45 0.4640625 0.46015625
0 0.76875 0.26953125 0.775 0.28046875 0.78125 0.26484375 0.7796875 0.24765625 0.77421875 0.2453125 0.76875 0.26953125
0 0.6234375 0.16953125 0.6296875 0.17890625 0.6390625 0.15703125 0.63203125 0.14375 0.6234375 0.15078125 0.6234375 0.16953125
0 0.4046875 0.24921875 0.4109375 0.25546875 0.4203125 0.24921875 0.4203125 0.23359375 0.41484375 0.228125 0.4046875 0.23515625 0.4046875 0.24921875
0 0.2328125 0.73671875 0.2390625 0.74453125 0.253125 0.73984375 0.265625 0.71796875 0.265625 0.70234375 0.25703125 0.6875 0.24921875 0.6875 0.2328125 0.70703125 0.2328125 0.73671875
0 0.1234375 0.57890625 0.128125 0.61484375 0.146875 0.61171875 0.1453125 0.58515625 0.13671875 0.575 0.1234375 0.57890625