0 0.1578125 0.88046875 0.16875 0.88671875 0.17890625 0.8875 0.18125 0.87578125 0.1859375 0.71484375 0.17890625 0.7109375 0.16484375 0.7109375 0.1609375 0.72109375 0.1546875 0.87109375 0.1578125 0.88046875
0 0.20703125 0.8875 0.2140625 0.88828125 0.225 0.87578125 0.22890625 0.709375 0.21484375 0.709375 0.2078125 0.71953125 0.2 0.87421875 0.20703125 0.8875
0 0.4203125 0.88359375 0.4265625 0.89609375 0.4375 0.89140625 0.4390625 0.70078125 0.43359375 0.6984375 0.4203125 0.70390625 0.4203125 0.88359375
0 0.546875 0.90234375 0.5515625 0.92265625 0.56484375 0.9234375 0.5703125 0.91796875 0.5703125 0.72265625 0.56484375 0.703125 0.5515625 0.71015625 0.5515625 0.88515625 0.546875 0.90234375
0 0.940625 0.80390625 0.946875 0.82890625 0.9515625 0.82734375 0.95234375 0.8109375 0.95625 0.82421875 0.9625 0.82578125 0.9640625 0.76484375 0.95546875 0.7515625 0.95234375 0.7546875 0.94296875 0.746875 0.940625 0.80390625
0 0.890625 0.82890625 0.896875 0.83671875 0.9046875 0.82421875 0.903125 0.74453125 0.89296875 0.740625 0.8875 0.75859375 0.890625 0.82890625
0 0.74375 0.85234375 0.7515625 0.88359375 0.7609375 0.88203125 0.7625 0.86953125 0.759375 0.73359375 0.75234375 0.725 0.7453125 0.72890625 0.74375 0.74765625 0.74375 0.85234375
0 0.63125 0.88203125 0.6375 0.91171875 0.65 0.90546875 0.6515625 0.86796875 0.64453125 0.7125 0.6328125 0.71640625 0.6296875 0.74453125 0.63125 0.88203125
0 0.6984375 0.83359375 0.7046875 0.85546875 0.7140625 0.85390625 0.7125 0.73984375 0.709375 0.72421875 0.70078125 0.721875 0.6984375 0.83359375
0 0.8484375 0.81171875 0.853125 0.84765625 0.859375 0.84765625 0.8625 0.83828125 0.8625 0.81796875 0.859375 0.74765625 0.85078125 0.7359375 0.8484375 0.81171875
0 0.8234375 0.73828125 0.8265625 0.84609375 0.8375 0.84140625 0.83203125 0.7359375 0.8234375 0.73828125