0 0.8393703125 0.7827453125 0.8182 0.751359375 0.7921625 0.7605046875 0.7758625 0.816371875 0.82216875 0.8791421875 0.8340765625 0.9463953125 0.855246875 0.99795625 0.9042 0.9957140624999999 0.8975843749999999 0.92621875 0.8684765625 0.870175 0.859215625 0.7356671875 0.8393703125 0.7827453125
0 0.6237078125 0.6482375 0.576956759375 0.65890715625 0.5800468750000001 0.6863484375 0.6210609375 0.7827453125 0.65016875 0.7468765625 0.6237078125 0.6482375
0 0.106384375 0.3657734375 0.12623125 0.39715781250000004 0.1460765625 0.43975156249999997 0.1625328125 0.44285781249999995 0.115646875 0.34335625 0.08521562499999999 0.3052453125 0.037584374999999996 0.3052453125 0.016415625 0.34335625 0.0111234375 0.424059375 0.0177390625 0.41285 0.0283234375 0.374740625 0.0494921875 0.338871875 0.0865390625 0.34559687499999997 0.106384375 0.3657734375
0 0.6296875 0.31328125 0.64453125 0.340625 0.6609375 0.33984375 0.6703125 0.32421875 0.671875 0.26171875 0.66328125 0.24375 0.64453125 0.240625 0.634375 0.25234375 0.6296875 0.31328125
0 0.246875 0.37421875 0.23359375 0.3421875 0.228125 0.35546875 0.2359375 0.42109375 0.25234375 0.43125 0.2875 0.43671875 0.2921875 0.43515625 0.2921875 0.37265625 0.2828125 0.33515625 0.26875 0.33203125 0.25859375 0.378125 0.246875 0.37421875
0 0.321875 0.47421875 0.33125 0.48984375 0.3421875 0.47421875 0.3375 0.42421875 0.3328125 0.41171875 0.32109375 0.40625 0.315625 0.43203125 0.321875 0.47421875
0 0.35 0.42890625 0.3578125 0.47890625 0.39375 0.49140625 0.4 0.48359375 0.39375 0.42265625 0.38515625 0.4125 0.37109375 0.41875 0.36015625 0.415625 0.35 0.42890625
0 0.21328125 0.53125 0.21875 0.59453125 0.2109375 0.62890625 0.2203125 0.65390625 0.2203125 0.68046875 0.234375 0.71015625 0.24765625 0.7234375 0.2640625 0.72578125 0.253125 0.69453125 0.25625 0.65546875 0.2359375 0.60546875 0.21875 0.54609375 0.2203125 0.53359375 0.21328125 0.53125
0 0.28203125 0.6671875 0.2734375 0.66640625 0.27890625 0.684375 0.39375 0.72734375 0.3921875 0.71484375 0.38203125 0.70625 0.34921875 0.696875 0.29921875 0.6625 0.28984375 0.659375 0.28203125 0.6671875
0 0.78203125 0.225 0.790625 0.22421875 0.81640625 0.21875 0.825 0.19296875 0.79140625 0.1890625 0.78046875 0.19375 0.7734375 0.21484375 0.78203125 0.225
0 0.7078125 0.13984375 0.74296875 0.1296875 0.74375 0.11328125 0.73828125 0.1078125 0.71484375 0.1125 0.703125 0.12890625 0.7078125 0.13984375
0 0.88046875 0.175 0.86875 0.20078125 0.884375 0.20859375 0.8875 0.19140625 0.88046875 0.175
0 0.5265625 0.53828125 0.53359375 0.5453125 0.5421875 0.54453125 0.5359375 0.46015625 0.52890625 0.45 0.52109375 0.45 0.5125 0.46015625 0.5109375 0.47890625 0.5265625 0.53828125
0 0.23125 0.26953125 0.22578125 0.2453125 0.2203125 0.24765625 0.21875 0.26484375 0.225 0.28046875 0.23125 0.26953125
0 0.3765625 0.16953125 0.3765625 0.15078125 0.36796875 0.14375 0.3609375 0.15703125 0.3703125 0.17890625 0.3765625 0.16953125
0 0.5890625 0.25546875 0.5953125 0.24921875 0.5953125 0.23515625 0.58515625 0.228125 0.5796875 0.23359375 0.5796875 0.24921875 0.5890625 0.25546875
0 0.734375 0.71796875 0.746875 0.73984375 0.7609375 0.74453125 0.7671875 0.73671875 0.7671875 0.70703125 0.75078125 0.6875 0.74296875 0.6875 0.734375 0.70234375 0.734375 0.71796875
0 0.8765625 0.57890625 0.86328125 0.575 0.8546875 0.58515625 0.853125 0.61171875 0.871875 0.61484375 0.8765625 0.57890625