0 0 0.645540625 0.053456250000000004 0.743559375 0.3001390625 0.53351875 0.6255499999999999 0.806571875 0.8284953125 0.57319375 0.7147765625 0.5008453125 0.4960859375 0.594196875 0.0009703125 0.1787828125 0 0.645540625
0 0.1391828125 1 0.41560781249999995 0.668878125 0.352625 0.6082 0.00446875 0.9395984374999999 0.1391828125 1
0 0.5870609375 0.8135734375 0.5870609375 0.979271875 0.9614593749999999 1 0.6755875 0.7574703125 0.5870609375 0.8135734375
0 1 0.2908046875 0.7306828125 0.4899046875 0.78650625 0.535853125 0.8984765625 0.5148484375 1 0.3281453125 1 0.2908046875
0 0.9439640624999999 0.202121875 0.9212203125 0.2441296875 0.9772046874999999 0.2931390625 0.9912000000000001 0.23012656250000002 0.9439640624999999 0.202121875
0 0.894978125 0.323478125 0.8699546874999999 0.31629375 0.8407421875000001 0.37482187499999997 0.8302453125 0.4191640625 0.8687343750000001 0.39115781250000003 0.894978125 0.323478125
0 0.8914781250000001 0.23479375 0.9124718749999999 0.1834515625 0.8722328125000001 0.1694484375 0.8529890625000001 0.2044546875 0.8914781250000001 0.23479375
0 0.848528125 0 0.662290625 0.136775 0.45759531249999996 0.2044546875 0.5853109375 0.3421484375 1 0 0.848528125 0
0 0.43135312499999995 0.1997875 0.408609375 0.276803125 0.32638124999999996 0.24879687499999997 0.3246328125 0.398159375 0.44535 0.4985125 0.48733750000000003 0.4121625 0.49083750000000004 0.323478125 0.454096875 0.28847187500000004 0.45059843749999995 0.202121875 0.43135312499999995 0.1997875
0 0.41910625 0.202121875 0.3633734375 0.15289375 0.3333796875 0.1204390625 0.3036375 0.1717828125 0.3893640625 0.2441296875 0.41910625 0.202121875
0 0.5503203125 0.9862734375000001 0.5398234375000001 0.8112390625 0.45673125 0.8309984375000001 0.4610953125 0.9956078125 0.5503203125 0.9862734375000001