0 0.37445 0.806571875 0.6998609375 0.53351875 0.94654375 0.743559375 1 0.645540625 0.9990296875 0.1787828125 0.5039140625 0.594196875 0.2852234375 0.5008453125 0.1715046875 0.57319375 0.37445 0.806571875
0 0.99553125 0.9395984374999999 0.647375 0.6082 0.5843921875 0.668878125 0.8608171875 1 0.99553125 0.9395984374999999
0 0.3244125 0.7574703125 0.038540625 1 0.4129390625 0.979271875 0.4129390625 0.8135734375 0.3244125 0.7574703125
0 0 0.3281453125 0.1015234375 0.5148484375 0.21349374999999998 0.535853125 0.2693171875 0.4899046875 0 0.2908046875 0 0.3281453125
0 0.008799999999999999 0.23012656250000002 0.0227953125 0.2931390625 0.0787796875 0.2441296875 0.0560359375 0.202121875 0.008799999999999999 0.23012656250000002
0 0.105021875 0.323478125 0.131265625 0.39115781250000003 0.1697546875 0.4191640625 0.15925781249999998 0.37482187499999997 0.1300453125 0.31629375 0.105021875 0.323478125
0 0.1470109375 0.2044546875 0.1277671875 0.1694484375 0.087528125 0.1834515625 0.10852187499999999 0.23479375 0.1470109375 0.2044546875
0 0 0 0.41468906250000004 0.3421484375 0.5424046875 0.2044546875 0.337709375 0.136775 0.15147187499999998 0 0 0
0 0.55465 0.4985125 0.6753671875 0.398159375 0.6736187499999999 0.24879687499999997 0.5913906250000001 0.276803125 0.568646875 0.1997875 0.5494015625 0.202121875 0.5459031249999999 0.28847187500000004 0.5091625 0.323478125 0.5126625 0.4121625 0.55465 0.4985125
0 0.58089375 0.202121875 0.6106359375 0.2441296875 0.6963625 0.1717828125 0.6666203125 0.1204390625 0.6366265624999999 0.15289375 0.58089375 0.202121875
0 0.5389046875 0.9956078125 0.54326875 0.8309984375000001 0.46017656249999994 0.8112390625 0.44967968750000004 0.9862734375000001 0.5389046875 0.9956078125