0 0.04296875 0 0.0390625 0.01171875 0.04375 0.44140625 0.0546875 0.53359375 0.0484375 0.56015625 0.053125 0.60390625 0.0671875 0.58984375 0.0640625 0.53828125 0.06875 0.51484375 0.0796875 0.50859375 0.0875 0.48828125 0.0953125 0.43359375 0.0953125 0.10703125 0.08828125 0 0.04296875 0
0 0.1109375 0.65234375 0.1109375 0.99921875 0.1734375 0.99921875 0.175 0.76328125 0.16953125 0.65 0.1109375 0.65234375
0 0.2015625 0.91953125 0.209375 0.94296875 0.23203125 0.94375 0.234375 0.93515625 0.22890625 0.7640625 0.2171875 0.76640625 0.190625 0.82890625 0.2015625 0.91953125
0 0.2734375 0.90078125 0.284375 0.91640625 0.2984375 0.90234375 0.31875 0.83984375 0.321875 0.79453125 0.30625 0.71796875 0.3140625 0.67734375 0.29296875 0.6453125 0.27265625 0.640625 0.2609375 0.66484375 0.2546875 0.79765625 0.2578125 0.81796875 0.2703125 0.83828125 0.2734375 0.90078125
0 0.4671875 0.77890625 0.4765625 0.79921875 0.51171875 0.79375 0.521875 0.77890625 0.5140625 0.56796875 0.5015625 0.52421875 0.48671875 0.503125 0.4734375 0.52109375 0.4640625 0.72890625 0.4671875 0.77890625
0 0.5328125 0.75390625 0.5359375 0.99921875 0.58046875 1 0.5828125 0.98671875 0.5859375 0.73984375 0.5765625 0.70234375 0.565625 0.69140625 0.565625 0.66015625 0.55234375 0.634375 0.5421875 0.65859375 0.54375 0.70703125 0.5328125 0.75390625
0 0.26328125 0.5546875 0.284375 0.56328125 0.2921875 0.56015625 0.2953125 0.54609375 0.2921875 0.48671875 0.2796875 0.43359375 0.28125 0.41015625 0.26953125 0.4 0.2578125 0.46484375 0.25625 0.54453125 0.26328125 0.5546875
0 0.3296875 0.29453125 0.34375 0.31171875 0.359375 0.29296875 0.365625 0.22890625 0.3578125 0.16015625 0.33984375 0.1421875 0.33125 0.15859375 0.3296875 0.29453125
0 0.4796875 0.27109375 0.4875 0.28828125 0.50390625 0.2828125 0.509375 0.27265625 0.5109375 0.21171875 0.51875 0.18203125 0.5203125 0.04765625 0.51171875 0 0.478125 0.00078125 0.475 0.22421875 0.4796875 0.27109375
0 0.546875 0.13203125 0.5671875 0.13828125 0.58203125 0.1390625 0.6015625 0.13046875 0.59765625 0 0.546875 0.00078125 0.546875 0.13203125
0 0.284375 0.03671875 0.2984375 0.05703125 0.30859375 0.05625 0.321875 0.03515625 0.32421875 0 0.28125 0.00078125 0.284375 0.03671875
0 0.334375 0.02421875 0.3515625 0.05859375 0.36171875 0.05625 0.36875 0.04453125 0.3625 0.00078125 0.33984375 0 0.33125 0.00859375 0.334375 0.02421875
0 0.40390625 0 0.403125 0.04453125 0.421875 0.06171875 0.4234375 0.12421875 0.4296875 0.12265625 0.4390625 0.09765625 0.43125 0.01015625 0.42890625 0 0.40390625 0
0 0.053125 0.79140625 0.0546875 0.99921875 0.096875 0.99921875 0.0921875 0.91171875 0.084375 0.88671875 0.0890625 0.83671875 0.07578125 0.78125 0.06015625 0.78125 0.053125 0.79140625
0 0.61875 0.71484375 0.6234375 0.99921875 0.65078125 1 0.653125 0.99453125 0.6578125 0.78828125 0.65390625 0.703125 0.62109375 0.703125 0.61875 0.71484375
0 0.684375 0.84453125 0.6859375 0.99921875 0.725 0.99921875 0.73125 0.88359375 0.725 0.83828125 0.71328125 0.8140625 0.6953125 0.82265625 0.684375 0.84453125
0 0.4 0.83515625 0.409375 0.84921875 0.42265625 0.8453125 0.4515625 0.81796875 0.4484375 0.72734375 0.4328125 0.68203125 0.42109375 0.6703125 0.409375 0.67890625 0.4 0.73203125 0.4 0.83515625
0 0.4734375 0.91328125 0.46875 0.99921875 0.5125 0.99921875 0.5078125 0.92578125 0.49765625 0.909375 0.48046875 0.9078125 0.4734375 0.91328125
0 0.471875 0.43515625 0.4765625 0.43828125 0.509375 0.43671875 0.50859375 0.36875 0.471875 0.37109375 0.471875 0.43515625
0 0.3328125 0.48203125 0.340625 0.49296875 0.35234375 0.49375 0.3609375 0.48203125 0.359375 0.46484375 0.34765625 0.453125 0.33984375 0.453125 0.334375 0.46171875 0.3328125 0.48203125
0 0.2625 0.60859375 0.2671875 0.63515625 0.28515625 0.6359375 0.29375 0.62265625 0.27578125 0.5921875 0.2671875 0.59609375 0.2625 0.60859375
0 0.0515625 0.61328125 0.053125 0.68046875 0.0859375 0.67890625 0.08515625 0.609375 0.0515625 0.61328125
0 0 0.99921875 0.0453125 0.99921875 0.040625 0.96328125 0.00703125 0.9375 0 0.93828125 0 0.99921875
0 0.11328125 0 0.1109375 0.00546875 0.1109375 0.11484375 0.1171875 0.13203125 0.13203125 0.13125 0.146875 0.11328125 0.13984375 0 0.11328125 0
0 0.184375 0.03828125 0.20625 0.04765625 0.2171875 0.04140625 0.21875 0.00078125 0.18046875 0 0.184375 0.03828125
0 0.62578125 0 0.6203125 0.00703125 0.6203125 0.02890625 0.64375 0.04765625 0.6625 0.03828125 0.66484375 0 0.62578125 0
0 0.6984375 0.16953125 0.703125 0.17265625 0.746875 0.16640625 0.74609375 0 0.6984375 0.00234375 0.6984375 0.16953125