0 0.08828125 1 0.0953125 0.89296875 0.0953125 0.56640625 0.0875 0.51171875 0.0796875 0.49140625 0.06875 0.48515625 0.0640625 0.46171875 0.0671875 0.41015625 0.053125 0.39609375 0.0484375 0.43984375 0.0546875 0.46640625 0.04375 0.55859375 0.0390625 0.98828125 0.04296875 1 0.08828125 1
0 0.16953125 0.35 0.175 0.23671875 0.1734375 0.00078125 0.1109375 0.00078125 0.1109375 0.34765625 0.16953125 0.35
0 0.234375 0.06484375 0.23203125 0.05625 0.209375 0.05703125 0.2015625 0.08046875 0.190625 0.17109375 0.2171875 0.23359375 0.22890625 0.2359375 0.234375 0.06484375
0 0.2984375 0.09765625 0.284375 0.08359375 0.2734375 0.09921875 0.2703125 0.16171875 0.2578125 0.18203125 0.2546875 0.20234375 0.2609375 0.33515625 0.27265625 0.359375 0.29296875 0.3546875 0.3140625 0.32265625 0.30625 0.28203125 0.321875 0.20546875 0.31875 0.16015625 0.2984375 0.09765625
0 0.4734375 0.47890625 0.48671875 0.496875 0.5015625 0.47578125 0.5140625 0.43203125 0.521875 0.22109375 0.51171875 0.20625 0.4765625 0.20078125 0.4671875 0.22109375 0.4640625 0.27109375 0.4734375 0.47890625
0 0.5328125 0.24609375 0.54375 0.29296875 0.5421875 0.34140625 0.55234375 0.365625 0.565625 0.33984375 0.565625 0.30859375 0.5765625 0.29765625 0.5859375 0.26015625 0.5828125 0.01328125 0.58046875 0 0.5359375 0.00078125 0.5328125 0.24609375
0 0.25625 0.45546875 0.2578125 0.53515625 0.26953125 0.6 0.28125 0.58984375 0.2796875 0.56640625 0.2921875 0.51328125 0.2953125 0.45390625 0.2921875 0.43984375 0.284375 0.43671875 0.26328125 0.4453125 0.25625 0.45546875
0 0.365625 0.77109375 0.359375 0.70703125 0.34375 0.68828125 0.3296875 0.70546875 0.33125 0.84140625 0.33984375 0.8578125 0.3578125 0.83984375 0.365625 0.77109375
0 0.475 0.77578125 0.478125 0.99921875 0.51171875 1 0.5203125 0.95234375 0.51875 0.81796875 0.5109375 0.78828125 0.509375 0.72734375 0.50390625 0.7171875 0.4875 0.71171875 0.4796875 0.72890625 0.475 0.77578125
0 0.5671875 0.86171875 0.546875 0.86796875 0.546875 0.99921875 0.59765625 1 0.6015625 0.86953125 0.58203125 0.8609375 0.5671875 0.86171875
0 0.2984375 0.94296875 0.284375 0.96328125 0.28125 0.99921875 0.32421875 1 0.321875 0.96484375 0.30859375 0.94375 0.2984375 0.94296875
0 0.36875 0.95546875 0.36171875 0.94375 0.3515625 0.94140625 0.334375 0.97578125 0.33125 0.99140625 0.33984375 1 0.3625 0.99921875 0.36875 0.95546875
0 0.42890625 1 0.43125 0.98984375 0.4390625 0.90234375 0.4296875 0.87734375 0.4234375 0.87578125 0.421875 0.93828125 0.403125 0.95546875 0.40390625 1 0.42890625 1
0 0.0890625 0.16328125 0.084375 0.11328125 0.0921875 0.08828125 0.096875 0.00078125 0.0546875 0.00078125 0.053125 0.20859375 0.06015625 0.21875 0.07578125 0.21875 0.0890625 0.16328125
0 0.653125 0.00546875 0.65078125 0 0.6234375 0.00078125 0.61875 0.28515625 0.62109375 0.296875 0.65390625 0.296875 0.6578125 0.21171875 0.653125 0.00546875
0 0.73125 0.11640625 0.725 0.00078125 0.6859375 0.00078125 0.684375 0.15546875 0.6953125 0.17734375 0.71328125 0.1859375 0.725 0.16171875 0.73125 0.11640625
0 0.409375 0.32109375 0.42109375 0.3296875 0.4328125 0.31796875 0.4484375 0.27265625 0.4515625 0.18203125 0.42265625 0.1546875 0.409375 0.15078125 0.4 0.16484375 0.4 0.26796875 0.409375 0.32109375
0 0.46875 0.00078125 0.4734375 0.08671875 0.48046875 0.0921875 0.49765625 0.090625 0.5078125 0.07421875 0.5125 0.00078125 0.46875 0.00078125
0 0.471875 0.62890625 0.50859375 0.63125 0.509375 0.56328125 0.4765625 0.56171875 0.471875 0.56484375 0.471875 0.62890625
0 0.34765625 0.546875 0.359375 0.53515625 0.3609375 0.51796875 0.35234375 0.50625 0.340625 0.50703125 0.3328125 0.51796875 0.334375 0.53828125 0.33984375 0.546875 0.34765625 0.546875
0 0.2671875 0.36484375 0.2625 0.39140625 0.2671875 0.40390625 0.27578125 0.4078125 0.29375 0.37734375 0.28515625 0.3640625 0.2671875 0.36484375
0 0.053125 0.31953125 0.0515625 0.38671875 0.08515625 0.390625 0.0859375 0.32109375 0.053125 0.31953125
0 0 0.06171875 0.00703125 0.0625 0.040625 0.03671875 0.0453125 0.00078125 0 0.00078125 0 0.06171875
0 0.13984375 1 0.146875 0.88671875 0.13203125 0.86875 0.1171875 0.86796875 0.1109375 0.88515625 0.1109375 0.99453125 0.11328125 1 0.13984375 1
0 0.18046875 1 0.21875 0.99921875 0.2171875 0.95859375 0.20625 0.95234375 0.184375 0.96171875 0.18046875 1
0 0.66484375 1 0.6625 0.96171875 0.64375 0.95234375 0.6203125 0.97109375 0.6203125 0.99296875 0.62578125 1 0.66484375 1
0 0.6984375 0.99765625 0.74609375 1 0.746875 0.83359375 0.703125 0.82734375 0.6984375 0.83046875 0.6984375 0.99765625