0 0.91171875 0 0.9046875 0.10703125 0.9046875 0.43359375 0.9125 0.48828125 0.9203125 0.50859375 0.93125 0.51484375 0.9359375 0.53828125 0.9328125 0.58984375 0.946875 0.60390625 0.9515625 0.56015625 0.9453125 0.53359375 0.95625 0.44140625 0.9609375 0.01171875 0.95703125 0 0.91171875 0
0 0.8890625 0.65234375 0.83046875 0.65 0.825 0.76328125 0.8265625 0.99921875 0.8890625 0.99921875 0.8890625 0.65234375
0 0.76796875 0.94375 0.790625 0.94296875 0.7984375 0.91953125 0.809375 0.82890625 0.7828125 0.76640625 0.77109375 0.7640625 0.765625 0.93515625 0.76796875 0.94375
0 0.72734375 0.640625 0.70703125 0.6453125 0.6859375 0.67734375 0.69375 0.71796875 0.678125 0.79453125 0.68125 0.83984375 0.7015625 0.90234375 0.715625 0.91640625 0.7265625 0.90078125 0.7296875 0.83828125 0.7421875 0.81796875 0.7453125 0.79765625 0.7390625 0.66484375 0.72734375 0.640625
0 0.4859375 0.56796875 0.478125 0.77890625 0.48828125 0.79375 0.5234375 0.79921875 0.5328125 0.77890625 0.5359375 0.72890625 0.5265625 0.52109375 0.51328125 0.503125 0.4984375 0.52421875 0.4859375 0.56796875
0 0.434375 0.69140625 0.4234375 0.70234375 0.4140625 0.73984375 0.4171875 0.98671875 0.41953125 1 0.4640625 0.99921875 0.4671875 0.75390625 0.45625 0.70703125 0.4578125 0.65859375 0.44765625 0.634375 0.434375 0.66015625 0.434375 0.69140625
0 0.7203125 0.43359375 0.7078125 0.48671875 0.7046875 0.54609375 0.7078125 0.56015625 0.715625 0.56328125 0.73671875 0.5546875 0.74375 0.54453125 0.7421875 0.46484375 0.73046875 0.4 0.71875 0.41015625 0.7203125 0.43359375
0 0.640625 0.29296875 0.65625 0.31171875 0.6703125 0.29453125 0.66875 0.15859375 0.66015625 0.1421875 0.6421875 0.16015625 0.634375 0.22890625 0.640625 0.29296875
0 0.48125 0.18203125 0.4890625 0.21171875 0.490625 0.27265625 0.49609375 0.2828125 0.5125 0.28828125 0.5203125 0.27109375 0.525 0.22421875 0.521875 0.00078125 0.48828125 0 0.4796875 0.04765625 0.48125 0.18203125
0 0.4328125 0.13828125 0.453125 0.13203125 0.453125 0.00078125 0.40234375 0 0.3984375 0.13046875 0.41796875 0.1390625 0.4328125 0.13828125
0 0.7015625 0.05703125 0.715625 0.03671875 0.71875 0.00078125 0.67578125 0 0.678125 0.03515625 0.69140625 0.05625 0.7015625 0.05703125
0 0.63828125 0.05625 0.6484375 0.05859375 0.665625 0.02421875 0.66875 0.00859375 0.66015625 0 0.6375 0.00078125 0.63125 0.04453125 0.63828125 0.05625
0 0.57109375 0 0.56875 0.01015625 0.5609375 0.09765625 0.5703125 0.12265625 0.5765625 0.12421875 0.578125 0.06171875 0.596875 0.04453125 0.59609375 0 0.57109375 0
0 0.9078125 0.91171875 0.903125 0.99921875 0.9453125 0.99921875 0.946875 0.79140625 0.93984375 0.78125 0.92421875 0.78125 0.9109375 0.83671875 0.915625 0.88671875 0.9078125 0.91171875
0 0.34921875 1 0.3765625 0.99921875 0.38125 0.71484375 0.37890625 0.703125 0.34609375 0.703125 0.3421875 0.78828125 0.346875 0.99453125 0.34921875 1
0 0.275 0.99921875 0.3140625 0.99921875 0.315625 0.84453125 0.3046875 0.82265625 0.28671875 0.8140625 0.275 0.83828125 0.26875 0.88359375 0.275 0.99921875
0 0.5515625 0.72734375 0.5484375 0.81796875 0.57734375 0.8453125 0.590625 0.84921875 0.6 0.83515625 0.6 0.73203125 0.590625 0.67890625 0.57890625 0.6703125 0.5671875 0.68203125 0.5515625 0.72734375
0 0.53125 0.99921875 0.5265625 0.91328125 0.51953125 0.9078125 0.50234375 0.909375 0.4921875 0.92578125 0.4875 0.99921875 0.53125 0.99921875
0 0.528125 0.43515625 0.528125 0.37109375 0.49140625 0.36875 0.490625 0.43671875 0.5234375 0.43828125 0.528125 0.43515625
0 0.6390625 0.48203125 0.64765625 0.49375 0.659375 0.49296875 0.6671875 0.48203125 0.665625 0.46171875 0.66015625 0.453125 0.65234375 0.453125 0.640625 0.46484375 0.6390625 0.48203125
0 0.7328125 0.63515625 0.7375 0.60859375 0.7328125 0.59609375 0.72421875 0.5921875 0.70625 0.62265625 0.71484375 0.6359375 0.7328125 0.63515625
0 0.91484375 0.609375 0.9140625 0.67890625 0.946875 0.68046875 0.9484375 0.61328125 0.91484375 0.609375
0 1 0.93828125 0.99296875 0.9375 0.959375 0.96328125 0.9546875 0.99921875 1 0.99921875 1 0.93828125
0 0.86015625 0 0.853125 0.11328125 0.86796875 0.13125 0.8828125 0.13203125 0.8890625 0.11484375 0.8890625 0.00546875 0.88671875 0 0.86015625 0
0 0.815625 0.03828125 0.81953125 0 0.78125 0.00078125 0.7828125 0.04140625 0.79375 0.04765625 0.815625 0.03828125
0 0.33515625 0 0.3375 0.03828125 0.35625 0.04765625 0.3796875 0.02890625 0.3796875 0.00703125 0.37421875 0 0.33515625 0
0 0.3015625 0.16953125 0.3015625 0.00234375 0.25390625 0 0.253125 0.16640625 0.296875 0.17265625 0.3015625 0.16953125