0 0.946875 0.11953125 0.95234375 0.1359375 0.98359375 0.140625 0.99296875 0.1546875 0.9984375 0.14453125 0.996875 0.00078125 0.9265625 0.00078125 0.9265625 0.00703125 0.934375 0.01015625 0.9265625 0.01328125 0.9328125 0.02578125 0.9265625 0.02890625 0.93125 0.04140625 0.9265625 0.04921875 0.9328125 0.05703125 0.928125 0.06953125 0.9328125 0.07109375 0.934375 0.11328125 0.946875 0.11953125
0 0.596875 0.77734375 0.5921875 0.51484375 0.58828125 0.496875 0.5703125 0.49765625 0.5703125 0.50546875 0.5625 0.50703125 0.5484375 0.58828125 0.55 0.76328125 0.56015625 0.8296875 0.5640625 0.81484375 0.56796875 0.809375 0.57265625 0.815625 0.57890625 0.8015625 0.58828125 0.8109375 0.59375 0.80859375 0.596875 0.77734375
0 0.59375 0.64140625 0.5984375 0.70078125 0.60390625 0.7109375 0.61171875 0.7109375 0.621875 0.67421875 0.625 0.51171875 0.6140625 0.50390625 0.61171875 0.4921875 0.6046875 0.49296875 0.59375 0.49609375 0.59375 0.64140625
0 0.5109375 0.50078125 0.509375 0.55234375 0.515625 0.58671875 0.515625 0.65703125 0.51875 0.66640625 0.52890625 0.671875 0.5359375 0.66640625 0.5453125 0.61328125 0.54375 0.52109375 0.5328125 0.48515625 0.51875 0.47890625 0.5109375 0.50078125
0 0.39375 0.97421875 0.390625 0.96015625 0.3984375 0.93046875 0.396875 0.74765625 0.3734375 0.74609375 0.371875 0.96484375 0.3734375 0.97734375 0.38671875 0.98125 0.39375 0.97421875
0 0.64375 0.16328125 0.6359375 0.15546875 0.64375 0.14765625 0.6359375 0.13984375 0.64375 0.13359375 0.6390625 0.12890625 0.6421875 0.12265625 0.6375 0.12265625 0.64375 0.11640625 0.63515625 0.1078125 0.6265625 0.10859375 0.621875 0.13203125 0.625 0.15859375 0.6140625 0.18671875 0.6015625 0.30234375 0.60390625 0.48125 0.609375 0.43828125 0.61953125 0.4796875 0.6421875 0.43515625 0.646875 0.23671875 0.64375 0.17734375 0.6375 0.17109375 0.64375 0.16328125
0 0.5390625 0.39453125 0.546875 0.34296875 0.553125 0.03046875 0.5515625 0.00078125 0.5265625 0.00078125 0.521875 0.03515625 0.515625 0.03984375 0.51328125 0.0125 0.50625 0.04609375 0.5046875 0.25703125 0.5078125 0.43515625 0.51953125 0.434375 0.52890625 0.4421875 0.5375 0.43046875 0.5328125 0.42421875 0.5421875 0.41640625 0.5390625 0.39453125
0 0.3171875 0.00078125 0.309375 0.03046875 0.30859375 0.390625 0.328125 0.38671875 0.3265625 0.37578125 0.3421875 0.33984375 0.334375 0.29765625 0.34375 0.27734375 0.3390625 0.20078125 0.34375 0.19609375 0.3515625 0.03828125 0.35 0.00078125 0.3171875 0.00078125
0 0.19296875 0.5765625 0.1984375 0.54921875 0.1953125 0.12265625 0.18984375 0.1125 0.178125 0.11328125 0.1734375 0.13359375 0.1734375 0.56015625 0.17734375 0.575 0.19296875 0.5765625
0 0.2390625 0.64296875 0.22578125 0.646875 0.221875 0.63984375 0.215625 0.64921875 0.2171875 0.66953125 0.2109375 0.67421875 0.209375 0.79296875 0.2171875 0.80234375 0.2265625 0.84765625 0.23828125 0.8546875 0.24375 0.85078125 0.2390625 0.83984375 0.246875 0.80703125 0.246875 0.72578125 0.2390625 0.64296875
0 0.79140625 0.30625 0.80078125 0.30625 0.8078125 0.29296875 0.8078125 0.04453125 0.8015625 0.03828125 0.79921875 0.046875 0.79140625 0.0421875 0.7890625 0.04765625 0.79140625 0.30625
0 0.9671875 0.26953125 0.9734375 0.26640625 0.9734375 0.25703125 0.9640625 0.25390625 0.9625 0.24296875 0.95 0.25859375 0.953125 0.26328125 0.94375 0.27890625 0.940625 0.30234375 0.928125 0.31953125 0.9390625 0.33671875 0.94453125 0.3734375 0.9734375 0.36796875 0.9796875 0.32890625 0.9828125 0.28984375 0.975 0.27265625 0.9671875 0.26953125
0 0.771875 0.31796875 0.771875 0.35546875 0.77890625 0.3671875 0.79609375 0.3703125 0.79609375 0.378125 0.80390625 0.378125 0.8015625 0.37109375 0.81171875 0.3671875 0.81484375 0.3796875 0.815625 0.31328125 0.7765625 0.31171875 0.771875 0.31796875
0 0.675 0.78359375 0.678125 0.77421875 0.678125 0.51171875 0.66796875 0.5046875 0.65 0.50546875 0.6453125 0.51015625 0.646875 0.78359375 0.66171875 0.7921875 0.675 0.78359375
0 0.66015625 0.3890625 0.6609375 0.41484375 0.67265625 0.4203125 0.675 0.41328125 0.66875 0.40859375 0.6765625 0.40078125 0.675 0.22890625 0.68125 0.19453125 0.6828125 0.02578125 0.6890625 0.01484375 0.684375 0.00859375 0.68984375 0.009375 0.69375 0.00078125 0.6578125 0.00078125 0.6515625 0.10546875 0.6625 0.10546875 0.65625 0.17109375 0.6609375 0.19921875 0.65625 0.20078125 0.65390625 0.1796875 0.646875 0.21015625 0.6453125 0.38515625 0.65 0.41796875 0.6546875 0.41953125 0.6546875 0.39453125 0.66015625 0.3890625
0 0.3984375 0.10078125 0.3875 0.09609375 0.3890625 0.08359375 0.384375 0.08359375 0.378125 0.30234375 0.38359375 0.3796875 0.396875 0.36796875 0.403125 0.34609375 0.4015625 0.29296875 0.4109375 0.25390625 0.4125 0.13671875 0.4046875 0.12890625 0.4109375 0.12578125 0.4078125 0.11640625 0.3984375 0.11328125 0.3984375 0.10078125
0 0.9234375 0.57578125 0.9203125 0.54609375 0.9125 0.54296875 0.903125 0.58359375 0.91015625 0.659375 0.9171875 0.64453125 0.9171875 0.59921875 0.9234375 0.57578125
0 0.421875 0.42890625 0.415625 0.51015625 0.42265625 0.5375 0.428125 0.52265625 0.428125 0.45234375 0.4265625 0.43046875 0.421875 0.42890625
0 0.39140625 0.5421875 0.396875 0.52578125 0.396875 0.45703125 0.39375 0.43203125 0.384375 0.42265625 0.390625 0.41484375 0.378125 0.41015625 0.3765625 0.53203125 0.38046875 0.540625 0.39140625 0.5421875
0 0.903125 0.31015625 0.9015625 0.39921875 0.91171875 0.4140625 0.91875 0.40078125 0.925 0.34453125 0.9203125 0.31328125 0.903125 0.31015625
0 0.9265625 0.20703125 0.934375 0.11953125 0.940625 0.11796875 0.93125 0.08671875 0.91875 0.08359375 0.9125 0.09296875 0.909375 0.13984375 0.91328125 0.2125 0.9265625 0.20703125
0 0.8890625 0.00078125 0.8875 0.12109375 0.8921875 0.14140625 0.90078125 0.15 0.909375 0.13671875 0.9109375 0.00234375 0.8890625 0.00078125