0 0.575 0.53203125 0.56875 0.53046875 0.5625 0.53359375 0.5609375 0.54765625 0.559375 0.65859375 0.5515625 0.65703125 0.55 0.78515625 0.56171875 0.828125 0.571875 0.79765625 0.57890625 0.796875 0.58515625 0.8046875 0.5890625 0.79140625 0.5859375 0.77109375 0.57734375 0.7765625 0.5734375 0.77265625 0.57421875 0.765625 0.5828125 0.76328125 0.5734375 0.75234375 0.5859375 0.74921875 0.5828125 0.73671875 0.590625 0.68203125 0.5875 0.57578125 0.5859375 0.55859375 0.5796875 0.56015625 0.58125 0.54765625 0.571875 0.54453125 0.575 0.53203125
0 0.59375 0.88359375 0.590625 0.81171875 0.57578125 0.8125 0.5640625 0.82421875 0.56484375 0.8859375 0.59375 0.88359375
0 0.628125 0.53046875 0.6234375 0.49296875 0.596875 0.49765625 0.59765625 0.7828125 0.61015625 0.78125 0.61796875 0.7671875 0.625 0.77109375 0.628125 0.53046875
0 0.6265625 0.17578125 0.6265625 0.16328125 0.621875 0.16328125 0.61875 0.17890625 0.615625 0.21796875 0.615625 0.41953125 0.63984375 0.4234375 0.6453125 0.41796875 0.646875 0.24140625 0.6390625 0.18046875 0.6265625 0.17578125
0 0.64375 0.22421875 0.6375 0.00078125 0.61953125 0 0.6171875 0.00703125 0.615625 0.14765625 0.61875 0.24140625 0.625 0.24140625 0.625 0.25078125 0.61875 0.25390625 0.6265625 0.25703125 0.628125 0.27890625 0.6359375 0.27734375 0.64296875 0.303125 0.6453125 0.23671875 0.6328125 0.23046875 0.64375 0.22421875
0 0.55625 0.00390625 0.55 0.00078125 0.51484375 0.0015625 0.5078125 0.03046875 0.5125 0.37109375 0.5140625 0.42265625 0.51953125 0.428125 0.55625 0.42421875 0.55625 0.00390625
0 0.509375 0.09140625 0.5125 0.00078125 0.4859375 0.00078125 0.4921875 0.01015625 0.4984375 0.05859375 0.4953125 0.19765625 0.4984375 0.24765625 0.50546875 0.2640625 0.5109375 0.24609375 0.5078125 0.10859375 0.515625 0.09453125 0.509375 0.09140625
0 0.990625 0.21953125 0.9984375 0.00078125 0.890625 0.00390625 0.890625 0.16953125 0.9078125 0.17265625 0.8921875 0.17890625 0.91015625 0.184375 0.91484375 0.2015625 0.93046875 0.2125 0.93984375 0.209375 0.94609375 0.2234375 0.95078125 0.2171875 0.9578125 0.22578125 0.95703125 0.23125 0.9703125 0.20703125 0.9640625 0.20234375 0.96953125 0.19375 0.97265625 0.2 0.978125 0.19609375 0.98046875 0.16875 0.990625 0.21953125
0 0.8015625 0.32421875 0.7890625 0.30703125 0.778125 0.32109375 0.78046875 0.3734375 0.79765625 0.36875 0.8015625 0.35859375 0.8015625 0.32421875
0 0.80625 0.15234375 0.809375 0.00078125 0.7890625 0.00078125 0.79453125 0.1703125 0.80625 0.16796875 0.8 0.15703125 0.80625 0.15234375
0 0.9265625 0.37265625 0.9234375 0.36015625 0.9140625 0.36171875 0.91484375 0.3765625 0.91953125 0.3671875 0.9265625 0.37265625
0 0.8984375 0.10859375 0.8921875 0.04609375 0.89296875 0.140625 0.8984375 0.13359375 0.8984375 0.10859375
0 0.90625 0.31640625 0.909375 0.30546875 0.9015625 0.30703125 0.890625 0.33984375 0.8953125 0.33984375 0.8984375 0.35703125 0.9015625 0.41171875 0.91484375 0.425 0.9234375 0.40703125 0.91875 0.39765625 0.9265625 0.37265625 0.928125 0.33671875 0.9203125 0.33359375 0.91484375 0.3171875 0.90625 0.31640625
0 0.921875 0.58046875 0.915625 0.54453125 0.9015625 0.56796875 0.903125 0.63046875 0.91171875 0.6609375 0.9171875 0.65078125 0.921875 0.58046875
0 0.540625 0.54765625 0.534375 0.49140625 0.5140625 0.49296875 0.5125 0.52421875 0.5171875 0.65546875 0.52578125 0.671875 0.5359375 0.66796875 0.5390625 0.63515625 0.540625 0.54765625
0 0.665625 0.78046875 0.6609375 0.67734375 0.653125 0.68046875 0.65703125 0.790625 0.665625 0.78046875
0 0.66875 0.54609375 0.6640625 0.51015625 0.6578125 0.52265625 0.66171875 0.65 0.671875 0.64296875 0.665625 0.63828125 0.675 0.63203125 0.6765625 0.60859375 0.675 0.55234375 0.66875 0.54609375
0 0.35 0.01640625 0.34375 0.00546875 0.334375 0.00703125 0.33984375 0.0125 0.32265625 0.0140625 0.309375 0.02265625 0.3015625 0.09609375 0.2734375 0.10078125 0.2765625 0.11953125 0.2875 0.12421875 0.29453125 0.159375 0.3 0.15078125 0.2984375 0.16171875 0.2921875 0.16484375 0.3 0.16484375 0.3 0.22890625 0.3078125 0.24921875 0.3078125 0.29296875 0.3140625 0.29609375 0.309375 0.30390625 0.309375 0.35234375 0.315625 0.36015625 0.309375 0.36953125 0.3140625 0.37265625 0.3109375 0.38359375 0.31875 0.39140625 0.3140625 0.39609375 0.3171875 0.41953125 0.3109375 0.43046875 0.315625 0.44296875 0.3109375 0.44609375 0.315625 0.44921875 0.3140625 0.47890625 0.32109375 0.4828125 0.33359375 0.46875 0.346875 0.46796875 0.35 0.41484375 0.3421875 0.37734375 0.35 0.32109375 0.3546875 0.06171875 0.35 0.01640625
0 0.4 0.97734375 0.396875 0.74609375 0.3765625 0.74765625 0.38125 0.75390625 0.38125 0.92109375 0.375 0.93984375 0.3828125 0.96640625 0.378125 0.97265625 0.38984375 0.98125 0.4 0.97734375
0 0.3625 0.99921875 0.359375 0.96171875 0.3390625 0.96328125 0.33671875 1 0.3625 0.99921875
0 0.19375 0.26015625 0.1828125 0.06171875 0.17578125 0.0765625 0.16953125 0.0625 0.1625 0.06953125 0.159375 0.10703125 0.153125 0.11640625 0.153125 0.15078125 0.159375 0.15234375 0.1625 0.32421875 0.171875 0.34453125 0.16875 0.43046875 0.17734375 0.5984375 0.1984375 0.57109375 0.2 0.52890625 0.1984375 0.46171875 0.1859375 0.39453125 0.1875 0.29765625 0.19375 0.26015625
0 0.228125 0.69140625 0.2203125 0.60390625 0.215625 0.60390625 0.2140625 0.82421875 0.22421875 0.8484375 0.228125 0.69140625
0 0.2609375 0.78984375 0.2453125 0.78515625 0.22734375 0.784375 0.2234375 0.79765625 0.2265625 0.86484375 0.23203125 0.875 0.25703125 0.86875 0.2625 0.85390625 0.2609375 0.78984375
0 0.36171875 0.0609375 0.3578125 0.04296875 0.35 0.12734375 0.3515625 0.21484375 0.353125 0.23203125 0.3625 0.23203125 0.371875 0.26640625 0.37890625 0.3828125 0.3828125 0.06171875 0.37734375 0.0453125 0.37265625 0.059375 0.36171875 0.0609375