0 0.42578125 0.765625 0.4265625 0.77265625 0.42265625 0.7765625 0.4140625 0.77109375 0.4109375 0.79140625 0.41484375 0.8046875 0.42109375 0.796875 0.428125 0.79765625 0.43828125 0.828125 0.45 0.78515625 0.4484375 0.65703125 0.440625 0.65859375 0.4390625 0.54765625 0.4375 0.53359375 0.43125 0.53046875 0.425 0.53203125 0.428125 0.54453125 0.41875 0.54765625 0.4203125 0.56015625 0.4140625 0.55859375 0.4125 0.57578125 0.409375 0.68203125 0.4171875 0.73671875 0.4140625 0.74921875 0.4265625 0.75234375 0.4171875 0.76328125 0.42578125 0.765625
0 0.43515625 0.8859375 0.4359375 0.82421875 0.42421875 0.8125 0.409375 0.81171875 0.40625 0.88359375 0.43515625 0.8859375
0 0.40234375 0.7828125 0.403125 0.49765625 0.3765625 0.49296875 0.371875 0.53046875 0.375 0.77109375 0.38203125 0.7671875 0.38984375 0.78125 0.40234375 0.7828125
0 0.3609375 0.18046875 0.353125 0.24140625 0.3546875 0.41796875 0.36015625 0.4234375 0.384375 0.41953125 0.384375 0.21796875 0.38125 0.17890625 0.378125 0.16328125 0.3734375 0.16328125 0.3734375 0.17578125 0.3609375 0.18046875
0 0.384375 0.14765625 0.3828125 0.00703125 0.38046875 0 0.3625 0.00078125 0.35625 0.22421875 0.3671875 0.23046875 0.3546875 0.23671875 0.35703125 0.303125 0.3640625 0.27734375 0.371875 0.27890625 0.3734375 0.25703125 0.38125 0.25390625 0.375 0.25078125 0.375 0.24140625 0.38125 0.24140625 0.384375 0.14765625
0 0.4859375 0.42265625 0.4875 0.37109375 0.4921875 0.03046875 0.48515625 0.0015625 0.45 0.00078125 0.44375 0.00390625 0.44375 0.42421875 0.48046875 0.428125 0.4859375 0.42265625
0 0.490625 0.09140625 0.484375 0.09453125 0.4921875 0.10859375 0.4890625 0.24609375 0.49453125 0.2640625 0.5015625 0.24765625 0.5046875 0.19765625 0.5015625 0.05859375 0.5078125 0.01015625 0.5140625 0.00078125 0.4875 0.00078125 0.490625 0.09140625
0 0.06015625 0.209375 0.06953125 0.2125 0.08515625 0.2015625 0.08984375 0.184375 0.1078125 0.17890625 0.0921875 0.17265625 0.109375 0.16953125 0.109375 0.00390625 0.0015625 0.00078125 0.009375 0.21953125 0.01953125 0.16875 0.021875 0.19609375 0.02734375 0.2 0.03046875 0.19375 0.0359375 0.20234375 0.0296875 0.20703125 0.04296875 0.23125 0.0421875 0.22578125 0.04921875 0.2171875 0.05390625 0.2234375 0.06015625 0.209375
0 0.2109375 0.30703125 0.1984375 0.32421875 0.1984375 0.35859375 0.20234375 0.36875 0.21953125 0.3734375 0.221875 0.32109375 0.2109375 0.30703125
0 0.190625 0.00078125 0.19375 0.15234375 0.2 0.15703125 0.19375 0.16796875 0.20546875 0.1703125 0.2109375 0.00078125 0.190625 0.00078125
0 0.08046875 0.3671875 0.08515625 0.3765625 0.0859375 0.36171875 0.0765625 0.36015625 0.0734375 0.37265625 0.08046875 0.3671875
0 0.1078125 0.04609375 0.1015625 0.10859375 0.1015625 0.13359375 0.10703125 0.140625 0.1078125 0.04609375
0 0.109375 0.33984375 0.0984375 0.30703125 0.090625 0.30546875 0.09375 0.31640625 0.08515625 0.3171875 0.0796875 0.33359375 0.071875 0.33671875 0.0734375 0.37265625 0.08125 0.39765625 0.0765625 0.40703125 0.08515625 0.425 0.0984375 0.41171875 0.1015625 0.35703125 0.1046875 0.33984375 0.109375 0.33984375
0 0.084375 0.54453125 0.078125 0.58046875 0.0828125 0.65078125 0.08828125 0.6609375 0.096875 0.63046875 0.0984375 0.56796875 0.084375 0.54453125
0 0.47421875 0.671875 0.4828125 0.65546875 0.4875 0.52421875 0.4859375 0.49296875 0.465625 0.49140625 0.459375 0.54765625 0.4609375 0.63515625 0.4640625 0.66796875 0.47421875 0.671875
0 0.3390625 0.67734375 0.334375 0.78046875 0.34296875 0.790625 0.346875 0.68046875 0.3390625 0.67734375
0 0.3234375 0.60859375 0.325 0.63203125 0.334375 0.63828125 0.328125 0.64296875 0.33828125 0.65 0.3421875 0.52265625 0.3359375 0.51015625 0.33125 0.54609375 0.325 0.55234375 0.3234375 0.60859375
0 0.684375 0.44296875 0.6890625 0.43046875 0.6828125 0.41953125 0.6859375 0.39609375 0.68125 0.39140625 0.6890625 0.38359375 0.6859375 0.37265625 0.690625 0.36953125 0.684375 0.36015625 0.690625 0.35234375 0.690625 0.30390625 0.6859375 0.29609375 0.6921875 0.29296875 0.6921875 0.24921875 0.7 0.22890625 0.7 0.16484375 0.7078125 0.16484375 0.7015625 0.16171875 0.7 0.15078125 0.70546875 0.159375 0.7125 0.12421875 0.7234375 0.11953125 0.7265625 0.10078125 0.6984375 0.09609375 0.690625 0.02265625 0.67734375 0.0140625 0.66015625 0.0125 0.665625 0.00703125 0.65625 0.00546875 0.65 0.01640625 0.6453125 0.06171875 0.65 0.32109375 0.6578125 0.37734375 0.65 0.41484375 0.653125 0.46796875 0.66640625 0.46875 0.67890625 0.4828125 0.6859375 0.47890625 0.684375 0.44921875 0.6890625 0.44609375 0.684375 0.44296875
0 0.621875 0.97265625 0.6171875 0.96640625 0.625 0.93984375 0.61875 0.92109375 0.61875 0.75390625 0.6234375 0.74765625 0.603125 0.74609375 0.6 0.97734375 0.61015625 0.98125 0.621875 0.97265625
0 0.640625 0.96171875 0.6375 0.99921875 0.66328125 1 0.6609375 0.96328125 0.640625 0.96171875
0 0.846875 0.15078125 0.846875 0.11640625 0.840625 0.10703125 0.8375 0.06953125 0.83046875 0.0625 0.82421875 0.0765625 0.8171875 0.06171875 0.80625 0.26015625 0.8125 0.29765625 0.8140625 0.39453125 0.8015625 0.46171875 0.8 0.52890625 0.8015625 0.57109375 0.82265625 0.5984375 0.83125 0.43046875 0.828125 0.34453125 0.8375 0.32421875 0.840625 0.15234375 0.846875 0.15078125
0 0.77578125 0.8484375 0.7859375 0.82421875 0.784375 0.60390625 0.7796875 0.60390625 0.771875 0.69140625 0.77578125 0.8484375
0 0.76796875 0.875 0.7734375 0.86484375 0.7765625 0.79765625 0.77265625 0.784375 0.7546875 0.78515625 0.7390625 0.78984375 0.7375 0.85390625 0.74296875 0.86875 0.76796875 0.875
0 0.63828125 0.0609375 0.62734375 0.059375 0.62265625 0.0453125 0.6171875 0.06171875 0.62109375 0.3828125 0.628125 0.26640625 0.6375 0.23203125 0.646875 0.23203125 0.6484375 0.21484375 0.65 0.12734375 0.6421875 0.04296875 0.63828125 0.0609375