0 0.9265625 0.99296875 0.9265625 0.99921875 0.996875 0.99921875 0.9984375 0.85546875 0.99296875 0.8453125 0.98359375 0.859375 0.95234375 0.8640625 0.946875 0.88046875 0.934375 0.88671875 0.9328125 0.92890625 0.928125 0.93046875 0.9328125 0.94296875 0.9265625 0.95078125 0.93125 0.95859375 0.9265625 0.97109375 0.9328125 0.97421875 0.9265625 0.98671875 0.934375 0.98984375 0.9265625 0.99296875
0 0.5703125 0.49453125 0.5703125 0.50234375 0.58828125 0.503125 0.5921875 0.48515625 0.596875 0.22265625 0.59375 0.19140625 0.58828125 0.1890625 0.57890625 0.1984375 0.57265625 0.184375 0.56796875 0.190625 0.5640625 0.18515625 0.56015625 0.1703125 0.55 0.23671875 0.5484375 0.41171875 0.5625 0.49296875 0.5703125 0.49453125
0 0.59375 0.50390625 0.6046875 0.50703125 0.61171875 0.5078125 0.6140625 0.49609375 0.625 0.48828125 0.621875 0.32578125 0.61171875 0.2890625 0.60390625 0.2890625 0.5984375 0.29921875 0.59375 0.35859375 0.59375 0.50390625
0 0.5109375 0.49921875 0.51875 0.52109375 0.5328125 0.51484375 0.54375 0.47890625 0.5453125 0.38671875 0.5359375 0.33359375 0.52890625 0.328125 0.51875 0.33359375 0.515625 0.34296875 0.515625 0.41328125 0.509375 0.44765625 0.5109375 0.49921875
0 0.371875 0.03515625 0.3734375 0.25390625 0.396875 0.25234375 0.3984375 0.06953125 0.390625 0.03984375 0.39375 0.02578125 0.38671875 0.01875 0.3734375 0.02265625 0.371875 0.03515625
0 0.621875 0.86796875 0.6265625 0.89140625 0.63515625 0.8921875 0.64375 0.88359375 0.6375 0.87734375 0.6421875 0.87734375 0.6390625 0.87109375 0.64375 0.86640625 0.6359375 0.86015625 0.64375 0.85234375 0.6359375 0.84453125 0.64375 0.83671875 0.6375 0.82890625 0.64375 0.82265625 0.646875 0.76328125 0.6421875 0.56484375 0.61953125 0.5203125 0.609375 0.56171875 0.60390625 0.51875 0.6015625 0.69765625 0.6140625 0.81328125 0.625 0.84140625 0.621875 0.86796875
0 0.521875 0.96484375 0.5265625 0.99921875 0.5515625 0.99921875 0.553125 0.96953125 0.546875 0.65703125 0.5390625 0.60546875 0.5421875 0.58359375 0.5328125 0.57578125 0.5375 0.56953125 0.52890625 0.5578125 0.51953125 0.565625 0.5078125 0.56484375 0.5046875 0.74296875 0.50625 0.95390625 0.51328125 0.9875 0.515625 0.96015625 0.521875 0.96484375
0 0.309375 0.96953125 0.3171875 0.99921875 0.35 0.99921875 0.3515625 0.96171875 0.34375 0.80390625 0.3390625 0.79921875 0.34375 0.72265625 0.334375 0.70234375 0.3421875 0.66015625 0.3265625 0.62421875 0.328125 0.61328125 0.30859375 0.609375 0.309375 0.96953125
0 0.1734375 0.86640625 0.178125 0.88671875 0.18984375 0.8875 0.1953125 0.87734375 0.1984375 0.45078125 0.19296875 0.4234375 0.17734375 0.425 0.1734375 0.43984375 0.1734375 0.86640625
0 0.215625 0.35078125 0.221875 0.36015625 0.22578125 0.353125 0.2390625 0.35703125 0.246875 0.27421875 0.246875 0.19296875 0.2390625 0.16015625 0.24375 0.14921875 0.23828125 0.1453125 0.2265625 0.15234375 0.2171875 0.19765625 0.209375 0.20703125 0.2109375 0.32578125 0.2171875 0.33046875 0.215625 0.35078125
0 0.79921875 0.953125 0.8015625 0.96171875 0.8078125 0.95546875 0.8078125 0.70703125 0.80078125 0.69375 0.79140625 0.69375 0.7890625 0.95234375 0.79140625 0.9578125 0.79921875 0.953125
0 0.95 0.74140625 0.9625 0.75703125 0.9640625 0.74609375 0.9734375 0.74296875 0.9734375 0.73359375 0.9671875 0.73046875 0.975 0.72734375 0.9828125 0.71015625 0.9796875 0.67109375 0.9734375 0.63203125 0.94453125 0.6265625 0.9390625 0.66328125 0.928125 0.68046875 0.940625 0.69765625 0.94375 0.72109375 0.953125 0.73671875 0.95 0.74140625
0 0.771875 0.68203125 0.7765625 0.68828125 0.815625 0.68671875 0.81484375 0.6203125 0.81171875 0.6328125 0.8015625 0.62890625 0.80390625 0.621875 0.79609375 0.621875 0.79609375 0.6296875 0.77890625 0.6328125 0.771875 0.64453125 0.771875 0.68203125
0 0.6453125 0.48984375 0.65 0.49453125 0.66796875 0.4953125 0.678125 0.48828125 0.678125 0.22578125 0.675 0.21640625 0.66171875 0.2078125 0.646875 0.21640625 0.6453125 0.48984375
0 0.6515625 0.89453125 0.6578125 0.99921875 0.69375 0.99921875 0.68984375 0.990625 0.684375 0.99140625 0.6890625 0.98515625 0.6828125 0.97421875 0.68125 0.80546875 0.675 0.77109375 0.6765625 0.59921875 0.66875 0.59140625 0.675 0.58671875 0.67265625 0.5796875 0.6609375 0.58515625 0.66015625 0.6109375 0.6546875 0.60546875 0.6546875 0.58046875 0.65 0.58203125 0.6453125 0.61484375 0.646875 0.78984375 0.65390625 0.8203125 0.65625 0.79921875 0.6609375 0.80078125 0.65625 0.82890625 0.6625 0.89453125 0.6515625 0.89453125
0 0.378125 0.69765625 0.384375 0.91640625 0.3890625 0.91640625 0.3875 0.90390625 0.3984375 0.89921875 0.3984375 0.88671875 0.4078125 0.88359375 0.4109375 0.87421875 0.4046875 0.87109375 0.4125 0.86328125 0.4109375 0.74609375 0.4015625 0.70703125 0.403125 0.65390625 0.396875 0.63203125 0.38359375 0.6203125 0.378125 0.69765625
0 0.903125 0.41640625 0.9125 0.45703125 0.9203125 0.45390625 0.9234375 0.42421875 0.9171875 0.40078125 0.9171875 0.35546875 0.91015625 0.340625 0.903125 0.41640625
0 0.415625 0.48984375 0.421875 0.57109375 0.4265625 0.56953125 0.428125 0.54765625 0.428125 0.47734375 0.42265625 0.4625 0.415625 0.48984375
0 0.3765625 0.46796875 0.378125 0.58984375 0.390625 0.58515625 0.384375 0.57734375 0.39375 0.56796875 0.396875 0.54296875 0.396875 0.47421875 0.39140625 0.4578125 0.38046875 0.459375 0.3765625 0.46796875
0 0.9015625 0.60078125 0.903125 0.68984375 0.9203125 0.68671875 0.925 0.65546875 0.91875 0.59921875 0.91171875 0.5859375 0.9015625 0.60078125
0 0.9125 0.90703125 0.91875 0.91640625 0.93125 0.91328125 0.940625 0.88203125 0.934375 0.88046875 0.9265625 0.79296875 0.91328125 0.7875 0.909375 0.86015625 0.9125 0.90703125
0 0.8875 0.87890625 0.8890625 0.99921875 0.9109375 0.99765625 0.909375 0.86328125 0.90078125 0.85 0.8921875 0.85859375 0.8875 0.87890625