0 0.5875 0.42421875 0.590625 0.31796875 0.5828125 0.26328125 0.5859375 0.25078125 0.5734375 0.24765625 0.5828125 0.23671875 0.57421875 0.234375 0.5734375 0.22734375 0.57734375 0.2234375 0.5859375 0.22890625 0.5890625 0.20859375 0.58515625 0.1953125 0.57890625 0.203125 0.571875 0.20234375 0.56171875 0.171875 0.55 0.21484375 0.5515625 0.34296875 0.559375 0.34140625 0.5609375 0.45234375 0.5625 0.46640625 0.56875 0.46953125 0.575 0.46796875 0.571875 0.45546875 0.58125 0.45234375 0.5796875 0.43984375 0.5859375 0.44140625 0.5875 0.42421875
0 0.59375 0.11640625 0.56484375 0.1140625 0.5640625 0.17578125 0.57578125 0.1875 0.590625 0.18828125 0.59375 0.11640625
0 0.596875 0.50234375 0.6234375 0.50703125 0.628125 0.46953125 0.625 0.22890625 0.61796875 0.2328125 0.61015625 0.21875 0.59765625 0.2171875 0.596875 0.50234375
0 0.615625 0.58046875 0.615625 0.78203125 0.61875 0.82109375 0.621875 0.83671875 0.6265625 0.83671875 0.6265625 0.82421875 0.6390625 0.81953125 0.646875 0.75859375 0.6453125 0.58203125 0.63984375 0.5765625 0.615625 0.58046875
0 0.628125 0.72109375 0.6265625 0.74296875 0.61875 0.74609375 0.625 0.74921875 0.625 0.75859375 0.61875 0.75859375 0.615625 0.85234375 0.6171875 0.99296875 0.61953125 1 0.6375 0.99921875 0.64375 0.77578125 0.6328125 0.76953125 0.6453125 0.76328125 0.64296875 0.696875 0.6359375 0.72265625 0.628125 0.72109375
0 0.5078125 0.96953125 0.51484375 0.9984375 0.55 0.99921875 0.55625 0.99609375 0.55625 0.57578125 0.51953125 0.571875 0.5140625 0.57734375 0.5125 0.62890625 0.5078125 0.96953125
0 0.4984375 0.75234375 0.4953125 0.80234375 0.4984375 0.94140625 0.4921875 0.98984375 0.4859375 0.99921875 0.5125 0.99921875 0.509375 0.90859375 0.515625 0.90546875 0.5078125 0.89140625 0.5109375 0.75390625 0.50546875 0.7359375 0.4984375 0.75234375
0 0.9640625 0.79765625 0.9703125 0.79296875 0.95703125 0.76875 0.9578125 0.77421875 0.95078125 0.7828125 0.94609375 0.7765625 0.93984375 0.790625 0.93046875 0.7875 0.91484375 0.7984375 0.91015625 0.815625 0.8921875 0.82109375 0.9078125 0.82734375 0.890625 0.83046875 0.890625 0.99609375 0.9984375 0.99921875 0.990625 0.78046875 0.98046875 0.83125 0.978125 0.80390625 0.97265625 0.8 0.96953125 0.80625 0.9640625 0.79765625
0 0.7890625 0.69296875 0.8015625 0.67578125 0.8015625 0.64140625 0.79765625 0.63125 0.78046875 0.6265625 0.778125 0.67890625 0.7890625 0.69296875
0 0.809375 0.99921875 0.80625 0.84765625 0.8 0.84296875 0.80625 0.83203125 0.79453125 0.8296875 0.7890625 0.99921875 0.809375 0.99921875
0 0.9265625 0.62734375 0.91953125 0.6328125 0.91484375 0.6234375 0.9140625 0.63828125 0.9234375 0.63984375 0.9265625 0.62734375
0 0.8984375 0.86640625 0.89296875 0.859375 0.8921875 0.95390625 0.8984375 0.89140625 0.8984375 0.86640625
0 0.91875 0.60234375 0.9234375 0.59296875 0.91484375 0.575 0.9015625 0.58828125 0.8984375 0.64296875 0.8953125 0.66015625 0.890625 0.66015625 0.9015625 0.69296875 0.909375 0.69453125 0.90625 0.68359375 0.91484375 0.6828125 0.9203125 0.66640625 0.928125 0.66328125 0.9265625 0.62734375 0.91875 0.60234375
0 0.915625 0.45546875 0.921875 0.41953125 0.9171875 0.34921875 0.91171875 0.3390625 0.903125 0.36953125 0.9015625 0.43203125 0.915625 0.45546875
0 0.5125 0.47578125 0.5140625 0.50703125 0.534375 0.50859375 0.540625 0.45234375 0.5390625 0.36484375 0.5359375 0.33203125 0.52578125 0.328125 0.5171875 0.34453125 0.5125 0.47578125
0 0.65703125 0.209375 0.653125 0.31953125 0.6609375 0.32265625 0.665625 0.21953125 0.65703125 0.209375
0 0.671875 0.35703125 0.66171875 0.35 0.6578125 0.47734375 0.6640625 0.48984375 0.66875 0.45390625 0.675 0.44765625 0.6765625 0.39140625 0.675 0.36796875 0.665625 0.36171875 0.671875 0.35703125
0 0.346875 0.53203125 0.33359375 0.53125 0.32109375 0.5171875 0.3140625 0.52109375 0.315625 0.55078125 0.3109375 0.55390625 0.315625 0.55703125 0.3109375 0.56953125 0.3171875 0.58046875 0.3140625 0.60390625 0.31875 0.60859375 0.3109375 0.61640625 0.3140625 0.62734375 0.309375 0.63046875 0.315625 0.63984375 0.309375 0.64765625 0.309375 0.69609375 0.3140625 0.70390625 0.3078125 0.70703125 0.3078125 0.75078125 0.3 0.77109375 0.3 0.83515625 0.2921875 0.83515625 0.2984375 0.83828125 0.3 0.84921875 0.29453125 0.840625 0.2875 0.87578125 0.2765625 0.88046875 0.2734375 0.89921875 0.3015625 0.90390625 0.309375 0.97734375 0.32265625 0.9859375 0.33984375 0.9875 0.334375 0.99296875 0.34375 0.99453125 0.35 0.98359375 0.3546875 0.93828125 0.35 0.67890625 0.3421875 0.62265625 0.35 0.58515625 0.346875 0.53203125
0 0.38125 0.07890625 0.38125 0.24609375 0.3765625 0.25234375 0.396875 0.25390625 0.4 0.02265625 0.38984375 0.01875 0.378125 0.02734375 0.3828125 0.03359375 0.375 0.06015625 0.38125 0.07890625
0 0.33671875 0 0.3390625 0.03671875 0.359375 0.03828125 0.3625 0.00078125 0.33671875 0
0 0.1984375 0.42890625 0.17734375 0.4015625 0.16875 0.56953125 0.171875 0.65546875 0.1625 0.67578125 0.159375 0.84765625 0.153125 0.84921875 0.153125 0.88359375 0.159375 0.89296875 0.1625 0.93046875 0.16953125 0.9375 0.17578125 0.9234375 0.1828125 0.93828125 0.19375 0.73984375 0.1875 0.70234375 0.1859375 0.60546875 0.1984375 0.53828125 0.2 0.47109375 0.1984375 0.42890625
0 0.228125 0.30859375 0.22421875 0.1515625 0.2140625 0.17578125 0.215625 0.39609375 0.2203125 0.39609375 0.228125 0.30859375
0 0.2234375 0.20234375 0.22734375 0.215625 0.2453125 0.21484375 0.2609375 0.21015625 0.2625 0.14609375 0.25703125 0.13125 0.23203125 0.125 0.2265625 0.13515625 0.2234375 0.20234375
0 0.371875 0.73359375 0.3625 0.76796875 0.353125 0.76796875 0.3515625 0.78515625 0.35 0.87265625 0.3578125 0.95703125 0.36171875 0.9390625 0.37265625 0.940625 0.37734375 0.9546875 0.3828125 0.93828125 0.37890625 0.6171875 0.371875 0.73359375