0 0.6078125 0.40703125 0.6125 0.39921875 0.5921875 0.40234375 0.5921875 0.49921875 0.59921875 0.5125 0.615625 0.50703125 0.615625 0.43046875 0.6078125 0.40703125
0 0.6453125 0.51171875 0.6375 0.50703125 0.62421875 0.50625 0.61875 0.51171875 0.61875 0.55390625 0.62734375 0.5984375 0.6453125 0.59609375 0.6484375 0.52421875 0.6453125 0.51171875
0 0.7375 0.39921875 0.728125 0.37265625 0.71875 0.38359375 0.71875 0.41484375 0.725 0.58828125 0.73203125 0.6015625 0.7421875 0.55390625 0.7375 0.39921875
0 0.7546875 0.02109375 0.7546875 0.00078125 0.71171875 0 0.709375 0.00859375 0.7140625 0.13671875 0.7171875 0.17109375 0.72421875 0.175 0.7390625 0.16953125 0.7390625 0.05078125 0.7484375 0.02265625 0.7546875 0.02109375
0 0.5921875 0.08359375 0.5859375 0.07890625 0.5703125 0.08671875 0.5671875 0.19921875 0.57265625 0.2078125 0.58828125 0.20625 0.5921875 0.19921875 0.5921875 0.08359375
0 0.6203125 0.37421875 0.615625 0.25546875 0.603125 0.25703125 0.5984375 0.28828125 0.596875 0.35546875 0.60390625 0.396875 0.6171875 0.39609375 0.6203125 0.37421875
0 0.4796875 0.26953125 0.471875 0.13046875 0.4625 0.13515625 0.45 0.26484375 0.45 0.30859375 0.46015625 0.3265625 0.46875 0.31953125 0.4796875 0.26953125
0 0.1421875 0.20390625 0.1328125 0.17734375 0.1234375 0.18203125 0.1203125 0.29609375 0.13359375 0.30625 0.140625 0.27265625 0.1421875 0.20390625
0 0.065625 0.41328125 0.059375 0.40234375 0.05 0.41171875 0.05 0.43984375 0.05625 0.49609375 0.06328125 0.5046875 0.0703125 0.49453125 0.0703125 0.46171875 0.065625 0.41328125
0 0.1390625 0.41953125 0.13125 0.41171875 0.1234375 0.44609375 0.12578125 0.525 0.1375 0.51640625 0.1421875 0.48984375 0.1390625 0.41953125
0 0.75625 0.76484375 0.7484375 0.75078125 0.740625 0.75234375 0.7390625 0.79609375 0.74609375 0.8125 0.753125 0.80703125 0.75625 0.78828125 0.75625 0.76484375