0 0.5921875 0.59765625 0.6125 0.60078125 0.6078125 0.59296875 0.615625 0.56953125 0.615625 0.49296875 0.59921875 0.4875 0.5921875 0.50078125 0.5921875 0.59765625
0 0.61875 0.48828125 0.62421875 0.49375 0.6375 0.49296875 0.6453125 0.48828125 0.6484375 0.47578125 0.6453125 0.40390625 0.62734375 0.4015625 0.61875 0.44609375 0.61875 0.48828125
0 0.71875 0.61640625 0.728125 0.62734375 0.7375 0.60078125 0.7421875 0.44609375 0.73203125 0.3984375 0.725 0.41171875 0.71875 0.58515625 0.71875 0.61640625
0 0.7171875 0.82890625 0.7140625 0.86328125 0.709375 0.99140625 0.71171875 1 0.7546875 0.99921875 0.7546875 0.97890625 0.7484375 0.97734375 0.7390625 0.94921875 0.7390625 0.83046875 0.72421875 0.825 0.7171875 0.82890625
0 0.5703125 0.91328125 0.5859375 0.92109375 0.5921875 0.91640625 0.5921875 0.80078125 0.58828125 0.79375 0.57265625 0.7921875 0.5671875 0.80078125 0.5703125 0.91328125
0 0.603125 0.74296875 0.615625 0.74453125 0.6203125 0.62578125 0.6171875 0.60390625 0.60390625 0.603125 0.596875 0.64453125 0.5984375 0.71171875 0.603125 0.74296875
0 0.4625 0.86484375 0.471875 0.86953125 0.4796875 0.73046875 0.46875 0.68046875 0.46015625 0.6734375 0.45 0.69140625 0.45 0.73515625 0.4625 0.86484375
0 0.1328125 0.82265625 0.1421875 0.79609375 0.140625 0.72734375 0.13359375 0.69375 0.1203125 0.70390625 0.1234375 0.81796875 0.1328125 0.82265625
0 0.05 0.56015625 0.05 0.58828125 0.059375 0.59765625 0.065625 0.58671875 0.0703125 0.53828125 0.0703125 0.50546875 0.06328125 0.4953125 0.05625 0.50390625 0.05 0.56015625
0 0.13125 0.58828125 0.1390625 0.58046875 0.1421875 0.51015625 0.1375 0.48359375 0.12578125 0.475 0.1234375 0.55390625 0.13125 0.58828125
0 0.740625 0.24765625 0.7484375 0.24921875 0.75625 0.23515625 0.75625 0.21171875 0.753125 0.19296875 0.74609375 0.1875 0.7390625 0.20390625 0.740625 0.24765625