0 0.4078125 0.49921875 0.4078125 0.40234375 0.3875 0.39921875 0.3921875 0.40703125 0.384375 0.43046875 0.384375 0.50703125 0.40078125 0.5125 0.4078125 0.49921875
0 0.37265625 0.5984375 0.38125 0.55390625 0.38125 0.51171875 0.37578125 0.50625 0.3625 0.50703125 0.3546875 0.51171875 0.3515625 0.52421875 0.3546875 0.59609375 0.37265625 0.5984375
0 0.28125 0.41484375 0.28125 0.38359375 0.271875 0.37265625 0.2625 0.39921875 0.2578125 0.55390625 0.26796875 0.6015625 0.275 0.58828125 0.28125 0.41484375
0 0.2515625 0.02265625 0.2609375 0.05078125 0.2609375 0.16953125 0.27578125 0.175 0.2828125 0.17109375 0.2859375 0.13671875 0.290625 0.00859375 0.28828125 0 0.2453125 0.00078125 0.2453125 0.02109375 0.2515625 0.02265625
0 0.4328125 0.19921875 0.4296875 0.08671875 0.4140625 0.07890625 0.4078125 0.08359375 0.4078125 0.19921875 0.41171875 0.20625 0.42734375 0.2078125 0.4328125 0.19921875
0 0.4015625 0.28828125 0.396875 0.25703125 0.384375 0.25546875 0.3796875 0.37421875 0.3828125 0.39609375 0.39609375 0.396875 0.403125 0.35546875 0.4015625 0.28828125
0 0.55 0.26484375 0.5375 0.13515625 0.528125 0.13046875 0.5203125 0.26953125 0.53125 0.31953125 0.53984375 0.3265625 0.55 0.30859375 0.55 0.26484375
0 0.8671875 0.17734375 0.8578125 0.20390625 0.859375 0.27265625 0.86640625 0.30625 0.8796875 0.29609375 0.8765625 0.18203125 0.8671875 0.17734375
0 0.93671875 0.5046875 0.94375 0.49609375 0.95 0.43984375 0.95 0.41171875 0.940625 0.40234375 0.934375 0.41328125 0.9296875 0.46171875 0.9296875 0.49453125 0.93671875 0.5046875
0 0.86875 0.41171875 0.8609375 0.41953125 0.8578125 0.48984375 0.8625 0.51640625 0.87421875 0.525 0.8765625 0.44609375 0.86875 0.41171875
0 0.2609375 0.79609375 0.259375 0.75234375 0.2515625 0.75078125 0.24375 0.76484375 0.24375 0.78828125 0.246875 0.80703125 0.25390625 0.8125 0.2609375 0.79609375