0 0 0.99921875 0.2125 0.99765625 0.2 0.58828125 0.1953125 0.12109375 0.2 0.11796875 0.1953125 0.11640625 0.19375 0.09921875 0.19375 0.06171875 0.2 0.05703125 0.1953125 0.05234375 0.2 0.03828125 0.1953125 0.03828125 0.1953125 0.02578125 0.2 0.02109375 0.1953125 0.02265625 0.1953125 0.01171875 0.2 0.01328125 0.2 0.00390625 0.18984375 0 0 0.00078125 0 0.99921875
0 0.35078125 0 0.3421875 0.00703125 0.3390625 0.02734375 0.3375 0.82109375 0.35 0.82578125 0.3796875 0.82421875 0.384375 0.21640625 0.3828125 0.02890625 0.37578125 0 0.35078125 0
0 0.5640625 0.71171875 0.5703125 0.71484375 0.6234375 0.71171875 0.625 0.65703125 0.6265625 0.03671875 0.62265625 0.021875 0.58828125 0.015625 0.5671875 0.02421875 0.5609375 0.06328125 0.559375 0.58203125 0.5640625 0.71171875
0 0.4390625 0.67421875 0.4484375 0.68203125 0.49453125 0.68125 0.5015625 0.67265625 0.5046875 0.24921875 0.509375 0.24765625 0.5046875 0.23671875 0.509375 0.23046875 0.5046875 0.22109375 0.503125 0.01484375 0.49296875 0.00625 0.45390625 0.00625 0.4359375 0.01640625 0.4359375 0.59453125 0.4390625 0.67421875
0 0.26484375 0 0.2609375 0.07578125 0.2515625 0.08046875 0.2609375 0.10703125 0.240625 0.11015625 0.2453125 0.11640625 0.2421875 0.13828125 0.25 0.14453125 0.25 0.19453125 0.2640625 0.23515625 0.2640625 0.44453125 0.29296875 0.4578125 0.31171875 0.4546875 0.3234375 0.46328125 0.328125 0.52421875 0.3359375 0.41953125 0.3359375 0.00859375 0.33203125 0 0.26484375 0
0 0.38984375 0 0.3828125 0.03359375 0.384375 0.25546875 0.38671875 0.265625 0.39140625 0.25625 0.396875 0.26015625 0.39375 0.26328125 0.4078125 0.27890625 0.40703125 0.2859375 0.41953125 0.2828125 0.409375 0.28671875 0.4265625 0.29140625 0.41875 0.29453125 0.42578125 0.3015625 0.4125 0.30234375 0.428125 0.30546875 0.4296875 0.33515625 0.4359375 0.26328125 0.4359375 0.01015625 0.43359375 0 0.38984375 0
0 0.5046875 0.00078125 0.5046875 0.34921875 0.5203125 0.34921875 0.51171875 0.3484375 0.5078125 0.33828125 0.52109375 0.3359375 0.5234375 0.32265625 0.53359375 0.31875 0.53984375 0.3078125 0.54453125 0.3109375 0.553125 0.29609375 0.5484375 0.26484375 0.553125 0.26328125 0.546875 0.26015625 0.553125 0.24765625 0.5484375 0.24609375 0.546875 0.22734375 0.5484375 0.20390625 0.553125 0.20234375 0.5453125 0.11953125 0.54921875 0 0.5046875 0.00078125
0 0.67890625 0 0.678125 0.20234375 0.6703125 0.21484375 0.671875 0.24609375 0.6609375 0.24296875 0.65703125 0.228125 0.6546875 0.24921875 0.6421875 0.25078125 0.640625 0.28046875 0.64296875 0.2859375 0.646875 0.25703125 0.65390625 0.2546875 0.6578125 0.29453125 0.66171875 0.290625 0.66484375 0.3 0.6796875 0.30859375 0.678125 0.33359375 0.6921875 0.34140625 0.6875 0.34609375 0.69140625 0.35 0.7171875 0.35546875 0.69375 0.36171875 0.71875 0.37109375 0.7015625 0.37890625 0.71796875 0.3828125 0.7203125 0.38984375 0.7015625 0.39453125 0.71640625 0.396875 0.7203125 0.40390625 0.6875 0.40859375 0.7046875 0.41796875 0.70078125 0.4234375 0.68828125 0.4234375 0.68984375 0.4296875 0.7203125 0.43203125 0.71796875 0.4390625 0.6859375 0.43984375 0.68984375 0.446875 0.70078125 0.4453125 0.7046875 0.45078125 0.7015625 0.50703125 0.70625 0.52265625 0.7125 0.51953125 0.7078125 0.49453125 0.715625 0.48828125 0.71640625 0.4734375 0.721875 0.48671875 0.721875 0.40234375 0.7296875 0.36328125 0.7328125 0.27421875 0.728125 0.13515625 0.7375 0.05546875 0.72578125 0 0.67890625 0
0 0.821875 0.37890625 0.83125 0.38203125 0.846875 0.38203125 0.8453125 0.31640625 0.85625 0.29140625 0.859375 0.23671875 0.84375 0.18515625 0.8484375 0.08203125 0.840625 0.00390625 0.80546875 0 0.784375 0.05703125 0.7921875 0.11953125 0.7890625 0.18984375 0.8 0.24453125 0.803125 0.33671875 0.8078125 0.35078125 0.81875 0.35703125 0.821875 0.37109375 0.828125 0.36953125 0.821875 0.37890625
0 0.796875 0.44921875 0.7984375 0.49296875 0.81796875 0.484375 0.828125 0.47109375 0.8265625 0.43984375 0.81171875 0.396875 0.80390625 0.3984375 0.7875 0.41953125 0.796875 0.44921875
0 0.95625 0.58515625 0.9625 0.62421875 0.978125 0.58515625 0.9828125 0.50078125 0.9734375 0.29765625 0.990625 0.26328125 0.9921875 0.22421875 0.9796875 0.19921875 0.9828125 0.14296875 0.9734375 0.00390625 0.92890625 0 0.9109375 0.13828125 0.9109375 0.22109375 0.9171875 0.26015625 0.9140625 0.31015625 0.915625 0.33046875 0.9265625 0.34609375 0.9296875 0.36640625 0.925 0.38984375 0.940625 0.42734375 0.9328125 0.44296875 0.9328125 0.54140625 0.95625 0.58515625
0 0.6234375 0.91640625 0.6359375 0.97578125 0.6625 0.94609375 0.6640625 0.91796875 0.65546875 0.9015625 0.63046875 0.8921875 0.6234375 0.89921875 0.6234375 0.91640625
0 0.4890625 0.86484375 0.4984375 0.87421875 0.50703125 0.875 0.5171875 0.86328125 0.5171875 0.84765625 0.51015625 0.840625 0.49296875 0.840625 0.4890625 0.84609375 0.4890625 0.86484375
0 0.5328125 0.86015625 0.5390625 0.86796875 0.54765625 0.86875 0.5546875 0.86171875 0.553125 0.83984375 0.54765625 0.8359375 0.534375 0.84296875 0.5328125 0.86015625