0 0.92265625 0 0.909375 0.01640625 0.90625 0.27578125 0.91015625 0.2859375 0.9265625 0.28671875 1 0.28515625 1 0.08984375 0.9984375 0.07890625 0.990625 0.07578125 0.9890625 0.05078125 0.99140625 0.01875 0.99609375 0.040625 0.9984375 0.03359375 0.99921875 0 0.92265625 0
0 0 0.98984375 0.0125 0.99296875 0.00078125 0.99375 0 0.99921875 0.11875 0.99921875 0.11875 0.00859375 0.11484375 0.0015625 0.10234375 0 0 0.00078125 0 0.98984375
0 0.440625 0.67734375 0.45 0.68203125 0.48828125 0.6828125 0.5015625 0.67421875 0.503125 0.04609375 0.5015625 0.01484375 0.49453125 0.0109375 0.4375 0.01328125 0.4375 0.66171875 0.440625 0.67734375
0 0.33984375 0.8265625 0.359375 0.82734375 0.3796875 0.82421875 0.38125 0.77109375 0.38125 0.01328125 0.37421875 0.0015625 0.34765625 0 0.3375 0.01796875 0.3359375 0.81953125 0.33984375 0.8265625
0 0.44140625 0.68125 0.4765625 0.68515625 0.49609375 0.6828125 0.503125 0.66484375 0.503125 0.01484375 0.49453125 0.00625 0.44609375 0.00625 0.434375 0.01640625 0.4359375 0.66171875 0.44140625 0.68125
0 0.3375 0.82109375 0.35 0.82578125 0.37578125 0.8265625 0.38125 0.82109375 0.3828125 0.00703125 0.37734375 0 0.3234375 0.00078125 0.32109375 0.10625 0.31875 0.00078125 0.26171875 0 0.2546875 0.00859375 0.25625 0.21015625 0.31640625 0.2171875 0.32109375 0.209375 0.32421875 0.21875 0.3359375 0.22109375 0.3375 0.82109375
0 0.596875 0.84140625 0.5984375 0.86015625 0.6046875 0.85859375 0.609375 0.84453125 0.60625 0.83203125 0.6171875 0.80234375 0.6171875 0.55390625 0.63125 0.33515625 0.6265625 0.26171875 0.634375 0.21484375 0.621875 0.12734375 0.6234375 0.08046875 0.60703125 0.025 0.59609375 0.0375 0.590625 0.03515625 0.5796875 0.07734375 0.575 0.07421875 0.5671875 0.09453125 0.575 0.15390625 0.559375 0.19296875 0.55625 0.23203125 0.55 0.23671875 0.559375 0.28515625 0.5734375 0.30859375 0.575 0.32265625 0.575 0.41328125 0.5796875 0.43046875 0.575 0.54453125 0.5859375 0.58984375 0.5828125 0.64921875 0.5921875 0.72421875 0.5859375 0.77734375 0.596875 0.82109375 0.59375 0.82890625 0.603125 0.83671875 0.596875 0.84140625
0 0.68359375 0 0.68125 0.26015625 0.675 0.26796875 0.6734375 0.29453125 0.6796875 0.30234375 0.6796875 0.33984375 0.690625 0.35703125 0.6921875 0.37265625 0.70078125 0.390625 0.7203125 0.39609375 0.7203125 0.40546875 0.73125 0.37109375 0.728125 0.12734375 0.7359375 0.04609375 0.72421875 0 0.68359375 0
0 0.80546875 0 0.8 0.00546875 0.7828125 0.06171875 0.7890625 0.20234375 0.8 0.24453125 0.8015625 0.28515625 0.803125 0.35078125 0.796875 0.36796875 0.796875 0.39765625 0.7875 0.41484375 0.7984375 0.49609375 0.80546875 0.496875 0.82265625 0.4828125 0.84765625 0.4828125 0.8578125 0.47421875 0.8453125 0.41484375 0.853125 0.38046875 0.8484375 0.31484375 0.85625 0.29453125 0.859375 0.23671875 0.8453125 0.18515625 0.85 0.08828125 0.83828125 0 0.80546875 0
0 0.5265625 0.84765625 0.5328125 0.86796875 0.5484375 0.86171875 0.5484375 0.84453125 0.53984375 0.8359375 0.5265625 0.84765625
0 0.4859375 0.86171875 0.5 0.87421875 0.5140625 0.86484375 0.5140625 0.84765625 0.50546875 0.840625 0.484375 0.85234375 0.4859375 0.86171875
0 0.6234375 0.91484375 0.6359375 0.97578125 0.6625 0.94296875 0.6640625 0.91953125 0.65703125 0.903125 0.62734375 0.89375 0.6234375 0.91484375