0 1 0.71484375 0.9265625 0.71328125 0.91015625 0.7140625 0.90625 0.72421875 0.909375 0.98359375 0.92265625 1 0.99921875 1 0.9984375 0.96640625 0.99609375 0.959375 0.99140625 0.98125 0.9890625 0.94921875 0.990625 0.92421875 0.9984375 0.92109375 1 0.91015625 1 0.71484375
0 0 0.99921875 0.10234375 1 0.11484375 0.9984375 0.11875 0.99140625 0.11875 0.00078125 0 0.00078125 0.00078125 0.00625 0.0125 0.00703125 0 0.01015625 0 0.99921875
0 0.4375 0.98671875 0.49453125 0.9890625 0.5015625 0.98515625 0.503125 0.95390625 0.5015625 0.32578125 0.48828125 0.3171875 0.45 0.31796875 0.440625 0.32265625 0.4375 0.33828125 0.4375 0.98671875
0 0.3375 0.98203125 0.34765625 1 0.37421875 0.9984375 0.38125 0.98671875 0.38125 0.22890625 0.3796875 0.17578125 0.359375 0.17265625 0.33984375 0.1734375 0.3359375 0.18046875 0.3375 0.98203125
0 0.434375 0.98359375 0.44609375 0.99375 0.49453125 0.99375 0.503125 0.98515625 0.503125 0.33515625 0.49609375 0.3171875 0.4765625 0.31484375 0.44140625 0.31875 0.4359375 0.33828125 0.434375 0.98359375
0 0.37734375 1 0.3828125 0.99296875 0.38125 0.17890625 0.37578125 0.1734375 0.35 0.17421875 0.3375 0.17890625 0.3359375 0.77890625 0.32421875 0.78125 0.32109375 0.790625 0.31640625 0.7828125 0.25625 0.78984375 0.2546875 0.99140625 0.26171875 1 0.31875 0.99921875 0.32109375 0.89375 0.3234375 0.99921875 0.37734375 1
0 0.575 0.67734375 0.5734375 0.69140625 0.559375 0.71484375 0.55 0.76328125 0.55625 0.76796875 0.559375 0.80703125 0.575 0.84609375 0.5671875 0.90546875 0.575 0.92578125 0.5796875 0.92265625 0.590625 0.96484375 0.59609375 0.9625 0.60703125 0.975 0.6234375 0.91953125 0.621875 0.87265625 0.634375 0.78515625 0.6265625 0.73828125 0.63125 0.66484375 0.6171875 0.44609375 0.6171875 0.19765625 0.60625 0.16796875 0.609375 0.15546875 0.6046875 0.14140625 0.5984375 0.13984375 0.596875 0.15859375 0.603125 0.16328125 0.59375 0.17109375 0.596875 0.17890625 0.5859375 0.22265625 0.5921875 0.27578125 0.5828125 0.35078125 0.5859375 0.41015625 0.575 0.45546875 0.5796875 0.56953125 0.575 0.58671875 0.575 0.67734375
0 0.72421875 1 0.7359375 0.95390625 0.728125 0.87265625 0.73125 0.62890625 0.7203125 0.59453125 0.7203125 0.60390625 0.70078125 0.609375 0.6921875 0.62734375 0.690625 0.64296875 0.6796875 0.66015625 0.6796875 0.69765625 0.6734375 0.70546875 0.675 0.73203125 0.68125 0.73984375 0.68359375 1 0.72421875 1
0 0.83828125 1 0.85 0.91171875 0.8453125 0.81484375 0.859375 0.76328125 0.85625 0.70546875 0.8484375 0.68515625 0.853125 0.61953125 0.8453125 0.58515625 0.8578125 0.52578125 0.84765625 0.5171875 0.82265625 0.5171875 0.80546875 0.503125 0.7984375 0.50390625 0.7875 0.58515625 0.796875 0.60234375 0.796875 0.63203125 0.803125 0.64921875 0.8015625 0.71484375 0.8 0.75546875 0.7890625 0.79765625 0.7828125 0.93828125 0.8 0.99453125 0.80546875 1 0.83828125 1
0 0.53984375 0.1640625 0.5484375 0.15546875 0.5484375 0.13828125 0.5328125 0.13203125 0.5265625 0.15234375 0.53984375 0.1640625
0 0.5 0.12578125 0.4859375 0.13828125 0.484375 0.14765625 0.50546875 0.159375 0.5140625 0.15234375 0.5140625 0.13515625 0.5 0.12578125
0 0.6359375 0.02421875 0.6234375 0.08515625 0.62734375 0.10625 0.65703125 0.096875 0.6640625 0.08046875 0.6625 0.05703125 0.6359375 0.02421875