0 0.00078125 0 0.0015625 0.03359375 0.00390625 0.040625 0.00859375 0.01875 0.0109375 0.05078125 0.009375 0.07578125 0.0015625 0.07890625 0 0.08984375 0 0.28515625 0.0734375 0.28671875 0.08984375 0.2859375 0.09375 0.27578125 0.090625 0.01640625 0.07734375 0 0.00078125 0
0 1 0.00078125 0.89765625 0 0.88515625 0.0015625 0.88125 0.00859375 0.88125 0.99921875 1 0.99921875 0.99921875 0.99375 0.9875 0.99296875 1 0.98984375 1 0.00078125
0 0.496875 0.04609375 0.4984375 0.67421875 0.51171875 0.6828125 0.55 0.68203125 0.559375 0.67734375 0.5625 0.66171875 0.5625 0.01328125 0.50546875 0.0109375 0.4984375 0.01484375 0.496875 0.04609375
0 0.61875 0.01328125 0.61875 0.77109375 0.6203125 0.82421875 0.640625 0.82734375 0.66015625 0.8265625 0.6640625 0.81953125 0.6625 0.01796875 0.65234375 0 0.62578125 0.0015625 0.61875 0.01328125
0 0.496875 0.01484375 0.496875 0.66484375 0.50390625 0.6828125 0.5234375 0.68515625 0.55859375 0.68125 0.5640625 0.66171875 0.565625 0.01640625 0.55390625 0.00625 0.50546875 0.00625 0.496875 0.01484375
0 0.74375 0.21015625 0.7453125 0.00859375 0.73828125 0 0.68125 0.00078125 0.67890625 0.10625 0.6765625 0.00078125 0.62265625 0 0.6171875 0.00703125 0.61875 0.82109375 0.62421875 0.8265625 0.65 0.82578125 0.6625 0.82109375 0.6640625 0.22109375 0.67578125 0.21875 0.67890625 0.209375 0.68359375 0.2171875 0.74375 0.21015625
0 0.4078125 0.72421875 0.4171875 0.64921875 0.4140625 0.58984375 0.425 0.54453125 0.4203125 0.43046875 0.425 0.41328125 0.425 0.32265625 0.4265625 0.30859375 0.440625 0.28515625 0.45 0.23671875 0.44375 0.23203125 0.440625 0.19296875 0.425 0.15390625 0.4328125 0.09453125 0.425 0.07421875 0.4203125 0.07734375 0.409375 0.03515625 0.40390625 0.0375 0.39296875 0.025 0.3765625 0.08046875 0.378125 0.12734375 0.365625 0.21484375 0.3734375 0.26171875 0.36875 0.33515625 0.3828125 0.55390625 0.3828125 0.80234375 0.39375 0.83203125 0.390625 0.84453125 0.3953125 0.85859375 0.4015625 0.86015625 0.403125 0.84140625 0.396875 0.83671875 0.40625 0.82890625 0.403125 0.82109375 0.4140625 0.77734375 0.4078125 0.72421875
0 0.27578125 0 0.2640625 0.04609375 0.271875 0.12734375 0.26875 0.37109375 0.2796875 0.40546875 0.2796875 0.39609375 0.29921875 0.390625 0.3078125 0.37265625 0.309375 0.35703125 0.3203125 0.33984375 0.3203125 0.30234375 0.3265625 0.29453125 0.325 0.26796875 0.31875 0.26015625 0.31640625 0 0.27578125 0
0 0.16171875 0 0.15 0.08828125 0.1546875 0.18515625 0.140625 0.23671875 0.14375 0.29453125 0.1515625 0.31484375 0.146875 0.38046875 0.1546875 0.41484375 0.1421875 0.47421875 0.15234375 0.4828125 0.17734375 0.4828125 0.19453125 0.496875 0.2015625 0.49609375 0.2125 0.41484375 0.203125 0.39765625 0.203125 0.36796875 0.196875 0.35078125 0.1984375 0.28515625 0.2 0.24453125 0.2109375 0.20234375 0.2171875 0.06171875 0.2 0.00546875 0.19453125 0 0.16171875 0
0 0.4734375 0.84765625 0.46015625 0.8359375 0.4515625 0.84453125 0.4515625 0.86171875 0.4671875 0.86796875 0.4734375 0.84765625
0 0.5 0.87421875 0.5140625 0.86171875 0.515625 0.85234375 0.49453125 0.840625 0.4859375 0.84765625 0.4859375 0.86484375 0.5 0.87421875
0 0.3640625 0.97578125 0.3765625 0.91484375 0.37265625 0.89375 0.34296875 0.903125 0.3359375 0.91953125 0.3375 0.94296875 0.3640625 0.97578125