0 1 0.00078125 0.81015625 0 0.8 0.00390625 0.8 0.01328125 0.8046875 0.01171875 0.8046875 0.02265625 0.8 0.02109375 0.8046875 0.02578125 0.8046875 0.03828125 0.8 0.03828125 0.8046875 0.05234375 0.8 0.05703125 0.80625 0.06171875 0.80625 0.09921875 0.8046875 0.11640625 0.8 0.11796875 0.8046875 0.12109375 0.8 0.58828125 0.7875 0.99765625 1 0.99921875 1 0.00078125
0 0.62421875 0 0.6171875 0.02890625 0.615625 0.21640625 0.6203125 0.82421875 0.65 0.82578125 0.6625 0.82109375 0.6609375 0.02734375 0.6578125 0.00703125 0.64921875 0 0.62421875 0
0 0.37734375 0.021875 0.3734375 0.03671875 0.375 0.65703125 0.3765625 0.71171875 0.4296875 0.71484375 0.4359375 0.71171875 0.440625 0.58203125 0.4390625 0.06328125 0.4328125 0.02421875 0.41171875 0.015625 0.37734375 0.021875
0 0.496875 0.01484375 0.4953125 0.22109375 0.490625 0.23046875 0.4953125 0.23671875 0.490625 0.24765625 0.4953125 0.24921875 0.4984375 0.67265625 0.50546875 0.68125 0.5515625 0.68203125 0.5609375 0.67421875 0.5640625 0.59453125 0.5640625 0.01640625 0.54609375 0.00625 0.50703125 0.00625 0.496875 0.01484375
0 0.66796875 0 0.6640625 0.00859375 0.6640625 0.41953125 0.671875 0.52421875 0.6765625 0.46328125 0.68828125 0.4546875 0.70703125 0.4578125 0.7359375 0.44453125 0.7359375 0.23515625 0.75 0.19453125 0.75 0.14453125 0.7578125 0.13828125 0.7546875 0.11640625 0.759375 0.11015625 0.7390625 0.10703125 0.7484375 0.08046875 0.7390625 0.07578125 0.73515625 0 0.66796875 0
0 0.56640625 0 0.5640625 0.01015625 0.5640625 0.26328125 0.5703125 0.33515625 0.571875 0.30546875 0.5875 0.30234375 0.57421875 0.3015625 0.58125 0.29453125 0.5734375 0.29140625 0.590625 0.28671875 0.58046875 0.2828125 0.59296875 0.2859375 0.5921875 0.27890625 0.60625 0.26328125 0.603125 0.26015625 0.60859375 0.25625 0.61328125 0.265625 0.615625 0.25546875 0.6171875 0.03359375 0.61015625 0 0.56640625 0
0 0.453125 0.22734375 0.4515625 0.24609375 0.446875 0.24765625 0.453125 0.26015625 0.446875 0.26328125 0.4515625 0.26484375 0.446875 0.29609375 0.45546875 0.3109375 0.46015625 0.3078125 0.46640625 0.31875 0.4765625 0.32265625 0.47890625 0.3359375 0.4921875 0.33828125 0.48828125 0.3484375 0.4796875 0.34921875 0.4953125 0.34921875 0.4953125 0.00078125 0.45078125 0 0.4546875 0.11953125 0.446875 0.20234375 0.4515625 0.20390625 0.453125 0.22734375
0 0.27421875 0 0.2625 0.05546875 0.271875 0.13515625 0.2671875 0.27421875 0.2703125 0.36328125 0.278125 0.40234375 0.278125 0.48671875 0.28359375 0.4734375 0.284375 0.48828125 0.2921875 0.49453125 0.2875 0.51953125 0.29375 0.52265625 0.2984375 0.50703125 0.2953125 0.45078125 0.29921875 0.4453125 0.31015625 0.446875 0.3140625 0.43984375 0.28203125 0.4390625 0.2796875 0.43203125 0.31015625 0.4296875 0.31171875 0.4234375 0.29921875 0.4234375 0.2953125 0.41796875 0.3125 0.40859375 0.2796875 0.40390625 0.28359375 0.396875 0.2984375 0.39453125 0.2796875 0.38984375 0.28203125 0.3828125 0.2984375 0.37890625 0.28125 0.37109375 0.30625 0.36171875 0.2828125 0.35546875 0.30859375 0.35 0.3125 0.34609375 0.3078125 0.34140625 0.321875 0.33359375 0.3203125 0.30859375 0.33515625 0.3 0.33828125 0.290625 0.3421875 0.29453125 0.34609375 0.2546875 0.353125 0.25703125 0.35703125 0.2859375 0.359375 0.28046875 0.3578125 0.25078125 0.3453125 0.24921875 0.34296875 0.228125 0.3390625 0.24296875 0.328125 0.24609375 0.3296875 0.21484375 0.321875 0.20234375 0.32109375 0 0.27421875 0
0 0.196875 0.33671875 0.2 0.24453125 0.2109375 0.18984375 0.2078125 0.11953125 0.215625 0.05703125 0.19453125 0 0.159375 0.00390625 0.1515625 0.08203125 0.15625 0.18515625 0.140625 0.23671875 0.14375 0.29140625 0.1546875 0.31640625 0.153125 0.38203125 0.16875 0.38203125 0.178125 0.37890625 0.171875 0.36953125 0.178125 0.37109375 0.18125 0.35703125 0.1921875 0.35078125 0.196875 0.33671875
0 0.171875 0.47109375 0.18203125 0.484375 0.2015625 0.49296875 0.203125 0.44921875 0.2125 0.41953125 0.19609375 0.3984375 0.18828125 0.396875 0.1734375 0.43984375 0.171875 0.47109375
0 0.0703125 0.36640625 0.0734375 0.34609375 0.084375 0.33046875 0.0859375 0.31015625 0.0828125 0.26015625 0.0890625 0.22109375 0.0890625 0.13828125 0.07109375 0 0.0265625 0.00390625 0.0171875 0.14296875 0.0203125 0.19921875 0.0078125 0.22421875 0.009375 0.26328125 0.0265625 0.29765625 0.0171875 0.50078125 0.021875 0.58515625 0.0375 0.62421875 0.04375 0.58515625 0.0671875 0.54140625 0.0671875 0.44296875 0.059375 0.42734375 0.075 0.38984375 0.0703125 0.36640625
0 0.3375 0.94609375 0.3640625 0.97578125 0.3765625 0.91640625 0.3765625 0.89921875 0.36953125 0.8921875 0.34453125 0.9015625 0.3359375 0.91796875 0.3375 0.94609375
0 0.4828125 0.86328125 0.49296875 0.875 0.5015625 0.87421875 0.5109375 0.86484375 0.5109375 0.84609375 0.50703125 0.840625 0.48984375 0.840625 0.4828125 0.84765625 0.4828125 0.86328125
0 0.45234375 0.86875 0.4609375 0.86796875 0.4671875 0.86015625 0.465625 0.84296875 0.45234375 0.8359375 0.446875 0.83984375 0.4453125 0.86171875 0.45234375 0.86875