0 0 0.99921875 0.18984375 1 0.2 0.99609375 0.2 0.98671875 0.1953125 0.98828125 0.1953125 0.97734375 0.2 0.97890625 0.1953125 0.97421875 0.1953125 0.96171875 0.2 0.96171875 0.1953125 0.94765625 0.2 0.94296875 0.19375 0.93828125 0.19375 0.90078125 0.1953125 0.88359375 0.2 0.88203125 0.1953125 0.87890625 0.2 0.41171875 0.2125 0.00234375 0 0.00078125 0 0.99921875
0 0.37578125 1 0.3828125 0.97109375 0.384375 0.78359375 0.3796875 0.17578125 0.35 0.17421875 0.3375 0.17890625 0.3390625 0.97265625 0.3421875 0.99296875 0.35078125 1 0.37578125 1
0 0.559375 0.41796875 0.5609375 0.93671875 0.5671875 0.97578125 0.58828125 0.984375 0.62265625 0.978125 0.6265625 0.96328125 0.625 0.34296875 0.6234375 0.28828125 0.5703125 0.28515625 0.5640625 0.28828125 0.559375 0.41796875
0 0.5015625 0.32734375 0.49453125 0.31875 0.4484375 0.31796875 0.4390625 0.32578125 0.4359375 0.40546875 0.4359375 0.98359375 0.45390625 0.99375 0.49296875 0.99375 0.503125 0.98515625 0.5046875 0.77890625 0.509375 0.76953125 0.5046875 0.76328125 0.509375 0.75234375 0.5046875 0.75078125 0.5015625 0.32734375
0 0.33203125 1 0.3359375 0.99140625 0.3359375 0.58046875 0.328125 0.47578125 0.3234375 0.53671875 0.31171875 0.5453125 0.29296875 0.5421875 0.2640625 0.55546875 0.2640625 0.76484375 0.25 0.80546875 0.25 0.85546875 0.2421875 0.86171875 0.2453125 0.88359375 0.240625 0.88984375 0.2609375 0.89296875 0.2515625 0.91953125 0.2609375 0.92421875 0.26484375 1 0.33203125 1
0 0.43359375 1 0.4359375 0.98984375 0.4359375 0.73671875 0.4296875 0.66484375 0.428125 0.69453125 0.4125 0.69765625 0.42578125 0.6984375 0.41875 0.70546875 0.4265625 0.70859375 0.409375 0.71328125 0.41953125 0.7171875 0.40703125 0.7140625 0.4078125 0.72109375 0.39375 0.73671875 0.396875 0.73984375 0.39140625 0.74375 0.38671875 0.734375 0.384375 0.74453125 0.3828125 0.96640625 0.38984375 1 0.43359375 1
0 0.553125 0.70390625 0.54453125 0.6890625 0.53984375 0.6921875 0.53359375 0.68125 0.5234375 0.67734375 0.52109375 0.6640625 0.5078125 0.66171875 0.51171875 0.6515625 0.5203125 0.65078125 0.5046875 0.65078125 0.5046875 0.99921875 0.54921875 1 0.5453125 0.88046875 0.553125 0.79765625 0.5484375 0.79609375 0.546875 0.77265625 0.5484375 0.75390625 0.553125 0.75234375 0.546875 0.73984375 0.553125 0.73671875 0.5484375 0.73515625 0.553125 0.70390625
0 0.72578125 1 0.7375 0.94453125 0.728125 0.86484375 0.7328125 0.72578125 0.7296875 0.63671875 0.721875 0.59765625 0.721875 0.51328125 0.71640625 0.5265625 0.715625 0.51171875 0.7078125 0.50546875 0.7125 0.48046875 0.70625 0.47734375 0.7015625 0.49296875 0.7046875 0.54921875 0.70078125 0.5546875 0.68984375 0.553125 0.6859375 0.56015625 0.71796875 0.5609375 0.7203125 0.56796875 0.68984375 0.5703125 0.68828125 0.5765625 0.70078125 0.5765625 0.7046875 0.58203125 0.6875 0.59140625 0.7203125 0.59609375 0.71640625 0.603125 0.7015625 0.60546875 0.7203125 0.61015625 0.71796875 0.6171875 0.7015625 0.62109375 0.71875 0.62890625 0.69375 0.63828125 0.7171875 0.64453125 0.69140625 0.65 0.6875 0.65390625 0.6921875 0.65859375 0.678125 0.66640625 0.6796875 0.69140625 0.66484375 0.7 0.66171875 0.709375 0.6578125 0.70546875 0.65390625 0.7453125 0.646875 0.74296875 0.64296875 0.7140625 0.640625 0.71953125 0.6421875 0.74921875 0.6546875 0.75078125 0.65703125 0.771875 0.6609375 0.75703125 0.671875 0.75390625 0.6703125 0.78515625 0.678125 0.79765625 0.67890625 1 0.72578125 1
0 0.840625 0.99609375 0.8484375 0.91796875 0.84375 0.81484375 0.859375 0.76328125 0.85625 0.70859375 0.8453125 0.68359375 0.846875 0.61796875 0.83125 0.61796875 0.821875 0.62109375 0.828125 0.63046875 0.821875 0.62890625 0.81875 0.64296875 0.8078125 0.64921875 0.803125 0.66328125 0.8 0.75546875 0.7890625 0.81015625 0.7921875 0.88046875 0.784375 0.94296875 0.80546875 1 0.840625 0.99609375
0 0.81171875 0.603125 0.8265625 0.56015625 0.828125 0.52890625 0.81796875 0.515625 0.7984375 0.50703125 0.796875 0.55078125 0.7875 0.58046875 0.80390625 0.6015625 0.81171875 0.603125
0 0.9109375 0.86171875 0.92890625 1 0.9734375 0.99609375 0.9828125 0.85703125 0.9796875 0.80078125 0.9921875 0.77578125 0.990625 0.73671875 0.9734375 0.70234375 0.9828125 0.49921875 0.978125 0.41484375 0.9625 0.37578125 0.95625 0.41484375 0.9328125 0.45859375 0.9328125 0.55703125 0.940625 0.57265625 0.925 0.61015625 0.9296875 0.63359375 0.9265625 0.65390625 0.915625 0.66953125 0.9140625 0.68984375 0.9171875 0.73984375 0.9109375 0.77890625 0.9109375 0.86171875
0 0.6640625 0.08203125 0.6625 0.05390625 0.6359375 0.02421875 0.6234375 0.08359375 0.6234375 0.10078125 0.63046875 0.1078125 0.65546875 0.0984375 0.6640625 0.08203125
0 0.51015625 0.159375 0.5171875 0.15234375 0.5171875 0.13671875 0.50703125 0.125 0.4984375 0.12578125 0.4890625 0.13515625 0.4890625 0.15390625 0.49296875 0.159375 0.51015625 0.159375
0 0.5546875 0.13828125 0.54765625 0.13125 0.5390625 0.13203125 0.5328125 0.13984375 0.534375 0.15703125 0.54765625 0.1640625 0.553125 0.16015625 0.5546875 0.13828125