0 0.1296875 0.99921875 0.184375 0.99921875 0.184375 0.66796875 0.1921875 0.54921875 0.18828125 0.5375 0.16171875 0.5359375 0.140625 0.54921875 0.1296875 0.99921875
0 0.19609375 1 0.19921875 0.9953125 0.2078125 0.99921875 0.2171875 0.99453125 0.21875 0.97734375 0.2171875 0.88984375 0.2109375 0.89140625 0.2171875 0.87734375 0.20078125 0.8796875 0.1953125 0.87421875 0.2125 0.86484375 0.1984375 0.85546875 0.2109375 0.85234375 0.209375 0.84296875 0.203125 0.84453125 0.2109375 0.83203125 0.2 0.82421875 0.2015625 0.80390625 0.1921875 0.79296875 0.2 0.78828125 0.1921875 0.76171875 0.1984375 0.75703125 0.1921875 0.74609375 0.196875 0.74453125 0.1921875 0.73046875 0.196875 0.72421875 0.1953125 0.70859375 0.1890625 0.70390625 0.1875 0.64453125 0.18515625 0.6390625 0.1703125 0.63984375 0.16953125 0.625 0.1578125 0.62890625 0.16015625 0.634375 0.1671875 0.63203125 0.16640625 0.6421875 0.140625 0.64453125 0.14375 0.65546875 0.1375 0.66328125 0.134375 0.69453125 0.1390625 0.69921875 0.13125 0.72578125 0.1359375 0.74765625 0.1296875 0.75703125 0.134375 0.76484375 0.1296875 0.76484375 0.1265625 0.99453125 0.12890625 1 0.19609375 1
0 0.20859375 0.6453125 0.2 0.68046875 0.19375 0.61328125 0.1953125 0.54296875 0.16328125 0.5375 0.13828125 0.553125 0.08671875 0.5484375 0.078125 0.55390625 0.075 0.56953125 0.0640625 0.74453125 0.05625 0.79609375 0.0484375 0.80078125 0.053125 0.83984375 0.05 0.98515625 0.04765625 0.9890625 0.0484375 0.88671875 0.04296875 0.875 0.03984375 0.896875 0.0375 0.88046875 0.0375 0.87109375 0.0453125 0.87265625 0.046875 0.80078125 0.0453125 0.79296875 0.03203125 0.7859375 0.0296875 0.88671875 0.0046875 0.89140625 0.0140625 0.89921875 0.00859375 0.896875 0.0046875 0.90390625 0.0046875 0.92421875 0.0109375 0.92734375 0.0046875 0.93046875 0.0078125 0.94296875 0.003125 0.95390625 0.009375 0.95859375 0.003125 0.96953125 0.0109375 0.97421875 0.0046875 0.97578125 0.003125 0.98515625 0.0140625 0.98984375 0.003125 0.99921875 0.2171875 0.99921875 0.2234375 0.69453125 0.2203125 0.67421875 0.21640625 0.68125 0.209375 0.66796875 0.2171875 0.65234375 0.20859375 0.6453125
0 0.0015625 0.66640625 0 0.99921875 0.04375 0.99921875 0.0484375 0.78828125 0.0296875 0.61953125 0.0234375 0.60390625 0.01171875 0.5984375 0.0046875 0.61015625 0.0015625 0.66640625
0 0.31015625 0.465625 0.3015625 0.44296875 0.2921875 0.34296875 0.2890625 0.33046875 0.28203125 0.328125 0.2734375 0.36328125 0.275 0.61640625 0.2625 0.74453125 0.2546875 0.99921875 0.2890625 0.99921875 0.3015625 0.80859375 0.315625 0.76484375 0.321875 0.52265625 0.3171875 0.39296875 0.31484375 0.3875 0.31015625 0.465625
0 0.5296875 0.29765625 0.5234375 0.39765625 0.5203125 0.66015625 0.5078125 0.96953125 0.51171875 1 0.5578125 0.99921875 0.559375 0.89453125 0.5515625 0.83203125 0.5515625 0.34453125 0.55 0.31640625 0.53671875 0.2828125 0.5296875 0.29765625
0 0.6375 0.66953125 0.6328125 0.99765625 0.6921875 0.99921875 0.69375 0.65234375 0.6828125 0.56171875 0.66640625 0.5390625 0.65703125 0.5375 0.646875 0.55859375 0.6375 0.66953125
0 0.703125 0.62109375 0.6953125 0.68359375 0.6984375 0.96640625 0.70078125 1 0.7453125 0.99921875 0.753125 0.76171875 0.753125 0.43203125 0.74921875 0.4265625 0.73046875 0.425 0.7015625 0.43046875 0.703125 0.62109375
0 0.9546875 0.84140625 0.9453125 0.86953125 0.9453125 0.99921875 0.996875 0.99921875 0.9875 0.86796875 0.9875 0.76796875 0.98515625 0.7625 0.97265625 0.7609375 0.959375 0.78671875 0.9546875 0.84140625
0 0.98046875 0.9390625 0.9828125 0.95390625 0.9875 0.95390625 0.9890625 0.92421875 0.9890625 0.65703125 0.97890625 0.646875 0.96875 0.65703125 0.96875 0.74609375 0.9453125 0.85859375 0.94375 0.99921875 0.9625 0.99921875 0.95625 0.99453125 0.95625 0.98828125 0.9640625 0.98515625 0.9625 0.95703125 0.97734375 0.95625 0.98046875 0.9390625
0 0.3703125 0.71640625 0.365625 0.77890625 0.36875 0.99921875 0.425 0.99921875 0.4203125 0.44765625 0.37578125 0.4453125 0.36875 0.48359375 0.371875 0.53046875 0.365625 0.63984375 0.3703125 0.71640625
0 0.484375 0.77421875 0.46015625 0.70625 0.4484375 0.80234375 0.45 0.99921875 0.478125 0.99921875 0.484375 0.77421875
0 0.16171875 0 0.159375 0.52578125 0.16484375 0.5328125 0.1890625 0.53359375 0.2046875 0.52421875 0.20625 0.48984375 0.20625 0.00546875 0.20234375 0 0.16171875 0