0 0.775 0.69453125 0.7828125 0.99921875 0.9984375 0.99921875 0.9953125 0.61015625 0.98671875 0.596875 0.9703125 0.61171875 0.96875 0.64765625 0.95625 0.69140625 0.9546875 0.75859375 0.95 0.78203125 0.94453125 0.7828125 0.9359375 0.73515625 0.93125 0.61328125 0.9234375 0.56640625 0.90390625 0.55 0.8703125 0.55390625 0.86875 0.60859375 0.86328125 0.615625 0.859375 0.55078125 0.83203125 0.5375 0.80625 0.54296875 0.8078125 0.61171875 0.8 0.67890625 0.796875 0.63515625 0.79140625 0.6265625 0.7796875 0.64609375 0.775 0.69453125
0 0.7109375 0.98515625 0.71875 0.99921875 0.72734375 1 0.73203125 0.99375 0.73359375 1 0.7421875 0.99921875 0.74375 0.95234375 0.7375 0.74453125 0.7265625 0.62578125 0.728125 0.39140625 0.725 0.34609375 0.71640625 0.3421875 0.7109375 0.34453125 0.69609375 0.428125 0.6890625 0.42734375 0.6875 0.40859375 0.6828125 0.40859375 0.6765625 0.68203125 0.6828125 0.71328125 0.6890625 0.87109375 0.7015625 0.91015625 0.7109375 0.98515625
0 0.571875 0.93828125 0.5765625 0.99921875 0.6296875 0.99765625 0.6296875 0.81953125 0.615625 0.68828125 0.6171875 0.53828125 0.61015625 0.5140625 0.584375 0.53671875 0.5765625 0.56640625 0.571875 0.93828125
0 0.515625 0.77734375 0.5234375 0.99921875 0.54921875 1 0.5515625 0.98203125 0.5515625 0.80078125 0.53984375 0.7046875 0.5203125 0.75078125 0.515625 0.77734375
0 0.4390625 0.90703125 0.440625 0.99921875 0.48828125 1 0.4921875 0.97109375 0.4734375 0.31015625 0.46875 0.24453125 0.46171875 0.2359375 0.45234375 0.2359375 0.446875 0.24609375 0.4484375 0.82578125 0.4390625 0.90703125
0 0.309375 0.54140625 0.309375 0.99921875 0.3828125 0.99609375 0.38125 0.86171875 0.3890625 0.64453125 0.3890625 0.54921875 0.38359375 0.5390625 0.309375 0.54140625
0 0.246875 0.65859375 0.253125 0.99921875 0.29921875 1 0.3015625 0.98203125 0.3015625 0.63984375 0.28359375 0.634375 0.25234375 0.6359375 0.246875 0.65859375
0 0.2609375 0.62421875 0.2703125 0.63359375 0.2921875 0.63046875 0.2921875 0.48515625 0.2890625 0.45546875 0.28203125 0.44375 0.26796875 0.4453125 0.253125 0.47109375 0.2609375 0.62421875
0 0.0125 0.86796875 0.003125 0.99921875 0.0546875 0.99921875 0.053125 0.85859375 0.0453125 0.84140625 0.0375 0.77265625 0.02734375 0.7578125 0.0125 0.76640625 0.0125 0.86796875
0 0.23046875 0.9375 0.228125 0.99921875 0.2328125 0.99921875 0.2375 0.95859375 0.23046875 0.9375
0 0.1984375 0.70234375 0.1984375 0.80703125 0.20390625 0.7859375 0.21171875 0.80625 0.21953125 0.8015625 0.22890625 0.8046875 0.2328125 0.79765625 0.2328125 0.72421875 0.21328125 0.690625 0.20390625 0.7203125 0.1984375 0.70234375
0 0.821875 0.43203125 0.8296875 0.53046875 0.8390625 0.53046875 0.840625 0.49765625 0.840625 0.00546875 0.83046875 0.0015625 0.821875 0.04609375 0.8203125 0.11015625 0.821875 0.29921875 0.8265625 0.30703125 0.821875 0.31484375 0.8265625 0.37265625 0.821875 0.43203125
0 0.8921875 0.15859375 0.8921875 0.16953125 0.8984375 0.12265625 0.8984375 0.00546875 0.89296875 0.0015625 0.86953125 0.003125 0.865625 0.00859375 0.871875 0.13828125 0.88046875 0.1546875 0.8921875 0.15859375