0 0.2453125 0.33984375 0.2453125 0.00078125 0.203125 0.00078125 0.2 0.33984375 0.20546875 0.3421875 0.2453125 0.33984375
0 0.8625 0.18515625 0.85 0.00078125 0.78203125 0 0.7796875 0.01484375 0.7859375 0.20234375 0.7953125 0.27734375 0.803125 0.45234375 0.80859375 0.4609375 0.86015625 0.459375 0.8640625 0.45078125 0.8625 0.18515625
0 0.9125 0.18359375 0.9140625 0.00078125 0.8609375 0.00078125 0.8671875 0.37578125 0.8703125 0.45546875 0.87890625 0.4609375 0.9234375 0.45703125 0.9125 0.18359375
0 0.9546875 0.44609375 0.9546875 0.00078125 0.92265625 0 0.9203125 0.00703125 0.9265625 0.05390625 0.9265625 0.31328125 0.93828125 0.459375 0.94921875 0.459375 0.9546875 0.44609375
0 0.990625 0.04296875 0.9921875 0.00078125 0.95625 0.00078125 0.95625 0.40234375 0.95859375 0.4078125 0.97421875 0.409375 0.9984375 0.40546875 0.9984375 0.27734375 0.99609375 0.2734375 0.9921875 0.27890625 0.990625 0.21640625 0.9828125 0.19921875 0.9859375 0.19296875 0.98125 0.19296875 0.9859375 0.18671875 0.978125 0.18359375 0.9734375 0.12109375 0.9765625 0.04296875 0.98515625 0.025 0.990625 0.04296875
0 0.6375 0.18984375 0.6328125 0.00078125 0.578125 0.00078125 0.578125 0.51015625 0.58515625 0.5546875 0.62109375 0.55625 0.63125 0.54609375 0.6375 0.18984375
0 0.3859375 0.30234375 0.3796875 0.29609375 0.375 0.45703125 0.38203125 0.459375 0.3890625 0.36015625 0.3859375 0.30234375
0 0.35 0.01171875 0.3484375 0.00078125 0.3125 0.00078125 0.3109375 0.05390625 0.3171875 0.19765625 0.3328125 0.27734375 0.34375 0.45078125 0.34609375 0.459375 0.35234375 0.459375 0.353125 0.40703125 0.365625 0.41328125 0.3671875 0.39296875 0.3609375 0.35546875 0.365625 0.34765625 0.353125 0.34296875 0.3484375 0.24609375 0.3515625 0.12421875 0.365625 0.12109375 0.36875 0.07265625 0.3671875 0.03359375 0.353125 0.02578125 0.3609375 0.01484375 0.35 0.01171875
0 0.28125 0.38671875 0.2734375 0.38046875 0.25546875 0.3796875 0.2515625 0.38515625 0.25625 0.39140625 0.25 0.43515625 0.253125 0.51640625 0.26328125 0.5578125 0.284375 0.54921875 0.2921875 0.52734375 0.284375 0.41171875 0.278125 0.41328125 0.2703125 0.39140625 0.28125 0.38671875
0 0.2890625 0.02890625 0.271875 0.00078125 0.25625 0.00078125 0.253125 0.02421875 0.25 0.35234375 0.25703125 0.3640625 0.29921875 0.3640625 0.3015625 0.18671875 0.3 0.15546875 0.29375 0.14453125 0.2921875 0.04609375 0.2890625 0.02890625
0 0.2296875 0.05390625 0.2171875 0.00078125 0.2 0.00078125 0.20078125 0.3265625 0.2140625 0.32265625 0.2171875 0.28515625 0.2296875 0.27734375 0.23125 0.23515625 0.2359375 0.23515625 0.2265625 0.14609375 0.2296875 0.05390625
0 0.0546875 0.13828125 0.05625 0.00078125 0.0046875 0.00078125 0.0140625 0.23203125 0.02109375 0.2375 0.0375 0.23046875 0.0453125 0.16171875 0.0546875 0.13828125
0 0.7390625 0.25078125 0.740625 0.00078125 0.678125 0.00078125 0.68125 0.34140625 0.6984375 0.38515625 0.71015625 0.396875 0.71484375 0.390625 0.71875 0.39765625 0.72265625 0.4421875 0.7390625 0.25078125
0 0.7296875 0.55703125 0.7234375 0.36796875 0.71640625 0.3828125 0.68671875 0.3859375 0.684375 0.39140625 0.6890625 0.57265625 0.6984375 0.57890625 0.7046875 0.62421875 0.72265625 0.6546875 0.7296875 0.55703125
0 0.83359375 1 0.840625 0.96171875 0.8296875 0.92421875 0.8171875 0.79140625 0.80625 0.78671875 0.8125 0.77578125 0.80625 0.77265625 0.8 0.99140625 0.80234375 1 0.83359375 1
0 0.88984375 1 0.89375 0.98984375 0.88125 0.89765625 0.8765625 0.73671875 0.8671875 0.73671875 0.8640625 0.76015625 0.86171875 1 0.88984375 1
0 0.84375 0.46640625 0.834375 0.46328125 0.81171875 0.4625 0.8078125 0.46796875 0.803125 0.65546875 0.80859375 0.734375 0.8328125 0.64453125 0.8328125 0.54453125 0.8421875 0.52578125 0.84375 0.46640625
0 0.48359375 0.0140625 0.478125 0.00078125 0.44140625 0 0.4390625 0.01796875 0.4421875 0.27734375 0.4359375 0.36796875 0.4359375 0.70234375 0.45546875 0.7640625 0.4671875 0.75859375 0.471875 0.73359375 0.48125 0.50390625 0.4921875 0.03046875 0.4875 0.00546875 0.48359375 0.0140625