0 0.1921875 0.61171875 0.19375 0.54296875 0.16796875 0.5375 0.140625 0.55078125 0.13671875 0.615625 0.13125 0.60859375 0.1296875 0.55390625 0.09609375 0.55 0.0765625 0.56640625 0.06875 0.61328125 0.0640625 0.73515625 0.05546875 0.7828125 0.05 0.78203125 0.0453125 0.75859375 0.04375 0.69140625 0.03125 0.64765625 0.0296875 0.61171875 0.01328125 0.596875 0.0046875 0.61015625 0.0015625 0.99921875 0.2171875 0.99921875 0.225 0.69453125 0.2203125 0.64609375 0.20859375 0.6265625 0.203125 0.63515625 0.2 0.67890625 0.1921875 0.61171875
0 0.3171875 0.40859375 0.3125 0.40859375 0.3109375 0.42734375 0.30390625 0.428125 0.2890625 0.34453125 0.28359375 0.3421875 0.275 0.34609375 0.271875 0.39140625 0.2734375 0.62578125 0.2625 0.74453125 0.25625 0.95234375 0.2578125 0.99921875 0.26640625 1 0.26796875 0.99375 0.27265625 1 0.28125 0.99921875 0.2890625 0.98515625 0.2984375 0.91015625 0.3109375 0.87109375 0.3171875 0.71328125 0.3234375 0.68203125 0.3171875 0.40859375
0 0.384375 0.68828125 0.3703125 0.81953125 0.3703125 0.99765625 0.4234375 0.99921875 0.428125 0.93828125 0.4234375 0.56640625 0.415625 0.53671875 0.38984375 0.5140625 0.3828125 0.53828125 0.384375 0.68828125
0 0.45078125 1 0.4765625 0.99921875 0.484375 0.77734375 0.4796875 0.75078125 0.46015625 0.7046875 0.4484375 0.80078125 0.4484375 0.98203125 0.45078125 1
0 0.53125 0.24453125 0.5265625 0.31015625 0.5078125 0.97109375 0.51171875 1 0.559375 0.99921875 0.5609375 0.90703125 0.5515625 0.82578125 0.553125 0.24609375 0.54765625 0.2359375 0.53828125 0.2359375 0.53125 0.24453125
0 0.6171875 0.99609375 0.690625 0.99921875 0.690625 0.54140625 0.61640625 0.5390625 0.6109375 0.54921875 0.6109375 0.64453125 0.61875 0.86171875 0.6171875 0.99609375
0 0.70078125 1 0.746875 0.99921875 0.753125 0.65859375 0.74765625 0.6359375 0.71640625 0.634375 0.6984375 0.63984375 0.6984375 0.98203125 0.70078125 1
0 0.7078125 0.48515625 0.7078125 0.63046875 0.7296875 0.63359375 0.7390625 0.62421875 0.746875 0.47109375 0.73203125 0.4453125 0.71796875 0.44375 0.7109375 0.45546875 0.7078125 0.48515625
0 0.946875 0.85859375 0.9453125 0.99921875 0.996875 0.99921875 0.9875 0.86796875 0.9875 0.76640625 0.97265625 0.7578125 0.9625 0.77265625 0.9546875 0.84140625 0.946875 0.85859375
0 0.7625 0.95859375 0.7671875 0.99921875 0.771875 0.99921875 0.76953125 0.9375 0.7625 0.95859375
0 0.77109375 0.8046875 0.78046875 0.8015625 0.78828125 0.80625 0.79609375 0.7859375 0.8015625 0.80703125 0.8015625 0.70234375 0.79609375 0.7203125 0.78671875 0.690625 0.7671875 0.72421875 0.7671875 0.79765625 0.77109375 0.8046875
0 0.1796875 0.11015625 0.178125 0.04609375 0.16953125 0.0015625 0.159375 0.00546875 0.159375 0.49765625 0.1609375 0.53046875 0.1703125 0.53046875 0.178125 0.43203125 0.1734375 0.37265625 0.178125 0.31484375 0.1734375 0.30703125 0.178125 0.29921875 0.1796875 0.11015625
0 0.10703125 0.0015625 0.1015625 0.00546875 0.1015625 0.12265625 0.1078125 0.16953125 0.1078125 0.15859375 0.11953125 0.1546875 0.128125 0.13828125 0.134375 0.00859375 0.13046875 0.003125 0.10703125 0.0015625