0 0.7546875 0.04296875 0.7609375 0.00234375 0.69921875 0 0.6953125 0.06328125 0.6734375 0.10078125 0.6671875 0.15078125 0.6609375 0.38828125 0.665625 0.46640625 0.68125 0.57109375 0.68125 0.69296875 0.66875 0.79140625 0.6734375 0.89296875 0.6578125 0.99921875 0.7671875 0.99921875 0.7671875 0.64765625 0.7546875 0.55859375 0.75625 0.35234375 0.746875 0.19765625 0.7546875 0.15703125 0.7546875 0.04296875
0 0.846875 0.63359375 0.8421875 0.66015625 0.82421875 0.6703125 0.79609375 0.665625 0.7796875 0.68203125 0.8015625 0.70859375 0.80625 0.88671875 0.8234375 0.95546875 0.84609375 1 0.896875 0.99921875 0.8984375 0.64609375 0.8765625 0.51328125 0.86796875 0.5015625 0.85625 0.53359375 0.8578125 0.61796875 0.846875 0.63359375
0 0.88359375 0.3296875 0.89140625 0.3125 0.8984375 0.31484375 0.90234375 0.3265625 0.93828125 0.2234375 0.946875 0.22890625 0.9640625 0.26484375 0.97265625 0.271875 0.978125 0.26796875 0.984375 0.15234375 0.9671875 0.06015625 0.971875 0.03671875 0.9921875 0.00546875 0.98515625 0 0.83125 0.00390625 0.83125 0.36953125 0.8375 0.37890625 0.84375 0.35234375 0.8390625 0.31015625 0.85234375 0.2875 0.8640625 0.28984375 0.8703125 0.31328125 0.88359375 0.3296875
0 0.65390625 0 0.5703125 0.00078125 0.5765625 0.03671875 0.5703125 0.07578125 0.5734375 0.12265625 0.5765625 0.13359375 0.5921875 0.14609375 0.5859375 0.22890625 0.5921875 0.24609375 0.59375 0.30546875 0.60703125 0.3234375 0.6125 0.32265625 0.6171875 0.31328125 0.621875 0.18671875 0.62734375 0.1765625 0.64375 0.17109375 0.65 0.15546875 0.65390625 0
0 0.34140625 0 0.3421875 0.14765625 0.35 0.20703125 0.36171875 0.253125 0.3703125 0.22421875 0.371875 0.17734375 0.37734375 0.171875 0.384375 0.20546875 0.3859375 0.26953125 0.396875 0.28984375 0.403125 0.22265625 0.3984375 0.00078125 0.37890625 0 0.37421875 0.015625 0.37109375 0 0.34140625 0
0 0.45390625 0.509375 0.4703125 0.50859375 0.478125 0.49609375 0.478125 0.05078125 0.45234375 0.046875 0.446875 0.05078125 0.4484375 0.50234375 0.45390625 0.509375
0 0.13125 0.31484375 0.1375 0.36171875 0.14140625 0.3671875 0.146875 0.36484375 0.16171875 0.1 0.17734375 0.2453125 0.18125 0.23515625 0.1875 0.00234375 0.00078125 0 0 0.10390625 0.009375 0.12109375 0.0125 0.16328125 0.025 0.17734375 0.01875 0.18828125 0.021875 0.21640625 0.02890625 0.2203125 0.040625 0.20703125 0.0453125 0.25703125 0.05703125 0.2921875 0.06875 0.26484375 0.071875 0.23046875 0.0828125 0.22265625 0.09375 0.26015625 0.1015625 0.36328125 0.1078125 0.37265625 0.115625 0.28828125 0.1234375 0.27265625 0.1171875 0.21953125 0.12421875 0.2125 0.13125 0.21328125 0.13125 0.31484375
0 0.171875 0.71796875 0.1734375 0.84765625 0.178125 0.86484375 0.184375 0.86640625 0.1953125 0.73515625 0.19375 0.50234375 0.18828125 0.4515625 0.1828125 0.45546875 0.1765625 0.51640625 0.171875 0.71796875
0 0.1296875 0.67734375 0.1359375 0.72265625 0.1421875 0.72578125 0.1515625 0.66328125 0.153125 0.41171875 0.146875 0.37890625 0.13828125 0.375 0.1296875 0.47734375 0.1296875 0.67734375
0 0.096875 0.42890625 0.090625 0.53046875 0.0953125 0.65078125 0.10625 0.69609375 0.1140625 0.67109375 0.11875 0.61171875 0.11875 0.48515625 0.11015625 0.4078125 0.1015625 0.41015625 0.096875 0.42890625
0 0.11171875 0.640625 0.1078125 0.65546875 0.0984375 0.66015625 0.1015625 0.69765625 0.1078125 0.69765625 0.11171875 0.640625
0 0.059375 0.56484375 0.0609375 0.67578125 0.0640625 0.69453125 0.071875 0.70078125 0.08125 0.68203125 0.0859375 0.61953125 0.084375 0.49140625 0.07578125 0.4453125 0.0671875 0.46484375 0.059375 0.56484375
0 0.02890625 0.5390625 0.0375 0.53828125 0.0421875 0.53046875 0.0421875 0.48046875 0.03203125 0.4703125 0.025 0.48359375 0.025 0.52890625 0.02890625 0.5390625
0 0.521875 0.59921875 0.525 0.64609375 0.534375 0.65390625 0.5421875 0.63046875 0.5453125 0.57734375 0.5421875 0.49921875 0.53359375 0.4640625 0.525 0.49765625 0.521875 0.59921875
0 0.4296875 0.75703125 0.4375 0.75859375 0.4421875 0.69140625 0.440625 0.67578125 0.43359375 0.66875 0.428125 0.68359375 0.4265625 0.74296875 0.4296875 0.75703125
0 0.2078125 0.97109375 0.2109375 0.99921875 0.2203125 0.99921875 0.228125 0.96328125 0.2234375 0.90390625 0.228125 0.82734375 0.21796875 0.8109375 0.2109375 0.84296875 0.2078125 0.97109375
0 0.25625 0.88046875 0.2640625 0.83359375 0.25546875 0.80625 0.25 0.81328125 0.246875 0.84921875 0.25 0.87578125 0.25625 0.88046875
0 0.1921875 0.94609375 0.18515625 0.928125 0.178125 0.94453125 0.178125 0.98515625 0.1875 0.99921875 0.1921875 0.94609375
0 0.1546875 0.84296875 0.14921875 0.825 0.1390625 0.83359375 0.1390625 0.85078125 0.1453125 0.85546875 0.1546875 0.84296875
0 0.31953125 0.8359375 0.3125 0.85078125 0.3234375 0.85859375 0.3296875 0.84609375 0.31953125 0.8359375
0 0.5109375 0.80703125 0.50234375 0.796875 0.49375 0.80078125 0.4921875 0.81328125 0.5046875 0.82109375 0.5109375 0.80703125
0 0.25 0.20390625 0.25625 0.09609375 0.24765625 0.0734375 0.2390625 0.09765625 0.2390625 0.13828125 0.24375 0.19921875 0.25 0.20390625
0 0.2875 0.14609375 0.290625 0.02734375 0.2890625 0.00234375 0.27890625 0 0.2765625 0.11171875 0.2828125 0.14609375 0.2875 0.14609375
0 0.31328125 0 0.315625 0.10546875 0.3234375 0.11640625 0.3265625 0.00078125 0.31328125 0
0 0.4359375 0.16953125 0.42890625 0.053125 0.4171875 0.16796875 0.4171875 0.20546875 0.4265625 0.22734375 0.4359375 0.16953125
0 0.1203125 0.99921875 0.11171875 0.94375 0.1046875 0.99921875 0.1203125 0.99921875