0 0.16328125 1 0.1703125 0.99296875 0.1671875 0.63203125 0.1625 0.63984375 0.1640625 0.70234375 0.14921875 0.721875 0.1375 0.71328125 0.13125 0.68984375 0.11796875 0.675 0.10703125 0.696875 0.09921875 0.675 0.06171875 0.7765625 0.0546875 0.77578125 0.0515625 0.76015625 0.0359375 0.73671875 0.02890625 0.7296875 0.0234375 0.73203125 0.0171875 0.84609375 0.0375 0.93671875 0.025 0.97265625 0.0140625 0.98359375 0.01484375 1 0.16328125 1
0 0.340625 0.35390625 0.3421875 0.00078125 0.2375 0.00078125 0.2484375 0.09453125 0.2453125 0.21328125 0.25625 0.30546875 0.2578125 0.41171875 0.2390625 0.58203125 0.24375 0.85703125 0.25 0.90078125 0.271875 0.93671875 0.27734375 1 0.33046875 0.996875 0.3359375 0.99140625 0.33125 0.97265625 0.33125 0.84453125 0.3234375 0.80234375 0.33125 0.69765625 0.33125 0.43671875 0.340625 0.35390625
0 0.2359375 0.35234375 0.2375 0.00078125 0.1796875 0.00234375 0.159375 0.03984375 0.14375 0.09765625 0.13359375 0.2671875 0.128125 0.22734375 0.11484375 0.2109375 0.1078125 0.23046875 0.109375 0.31953125 0.13203125 0.3359375 0.17265625 0.3328125 0.18125 0.36484375 0.1921875 0.37890625 0.1921875 0.46640625 0.20078125 0.4921875 0.2109375 0.48515625 0.2265625 0.37421875 0.2359375 0.35234375
0 0.39375 0.69296875 0.3875 0.67578125 0.3734375 0.68515625 0.36875 0.69765625 0.3609375 0.78359375 0.3671875 0.80703125 0.3671875 0.85859375 0.353125 0.86484375 0.3484375 0.88046875 0.3515625 0.96328125 0.346875 0.99609375 0.42890625 1 0.425 0.83984375 0.41640625 0.8234375 0.403125 0.82265625 0.396875 0.80859375 0.39375 0.69296875
0 1 0.78203125 0.99296875 0.7984375 0.978125 0.77109375 0.9703125 0.72578125 0.9640625 0.72890625 0.959375 0.77578125 0.959375 0.85703125 0.95390625 0.8671875 0.93828125 0.828125 0.928125 0.83671875 0.91484375 0.9125 0.90625 0.89921875 0.9 0.79296875 0.890625 0.78359375 0.8765625 0.92578125 0.86953125 0.915625 0.8625 0.91640625 0.86171875 1 1 0.99921875 1 0.78203125
0 0.8328125 0.85390625 0.825 0.75078125 0.81875 0.76640625 0.8125 0.91171875 0.81484375 1 0.834375 0.99921875 0.8328125 0.85390625
0 0.86875 0.34296875 0.8578125 0.27421875 0.853125 0.27578125 0.846875 0.32265625 0.8453125 0.50703125 0.853125 0.62734375 0.8515625 0.76328125 0.86484375 0.765625 0.86875 0.70546875 0.875 0.70078125 0.8703125 0.69140625 0.878125 0.68515625 0.8703125 0.67734375 0.8765625 0.66953125 0.8703125 0.66328125 0.86875 0.64609375 0.86875 0.62734375 0.875 0.62265625 0.8703125 0.59453125 0.8765625 0.56796875 0.8765625 0.47109375 0.8703125 0.46640625 0.86875 0.34296875
0 0.91171875 0.353125 0.9 0.29609375 0.8921875 0.29765625 0.8875 0.31171875 0.8796875 0.40703125 0.884375 0.66484375 0.8796875 0.68515625 0.884375 0.68828125 0.8859375 0.74453125 0.89453125 0.753125 0.903125 0.74609375 0.9046875 0.57890625 0.90703125 0.56875 0.9109375 0.57421875 0.91640625 0.5453125 0.925 0.58828125 0.934375 0.58984375 0.940625 0.46484375 0.934375 0.31484375 0.92890625 0.3015625 0.9171875 0.30390625 0.91171875 0.353125
0 0.871875 0.92109375 0.8640625 0.77578125 0.85546875 0.775 0.8515625 0.78671875 0.85078125 0.9359375 0.85546875 0.9265625 0.86328125 0.93125 0.871875 0.92109375
0 0.8265625 0.14453125 0.8203125 0.13359375 0.8140625 0.13828125 0.80625 0.23671875 0.80625 0.48359375 0.8078125 0.53359375 0.81484375 0.5484375 0.828125 0.43828125 0.8296875 0.33046875 0.8296875 0.18515625 0.8265625 0.14453125
0 0.7921875 0.03671875 0.784375 0.00078125 0.775 0.00078125 0.7703125 0.05078125 0.775 0.17109375 0.778125 0.18515625 0.78515625 0.1890625 0.7921875 0.16953125 0.7921875 0.03671875
0 0.8234375 0.01484375 0.8171875 0.00234375 0.809375 0.01796875 0.809375 0.05234375 0.81796875 0.0703125 0.8234375 0.05703125 0.8234375 0.01484375
0 0.753125 0.17421875 0.7484375 0.11953125 0.7390625 0.13984375 0.7390625 0.16953125 0.74609375 0.1921875 0.753125 0.17421875
0 0.5546875 0.94921875 0.5515625 0.49140625 0.52890625 0.490625 0.5234375 0.49609375 0.5234375 0.94921875 0.52890625 0.953125 0.5546875 0.94921875
0 0.66015625 1 0.659375 0.85390625 0.640625 0.74765625 0.63125 0.78046875 0.6296875 0.98671875 0.63203125 1 0.66015625 1
0 0.66015625 1 0.659375 0.85390625 0.6515625 0.79609375 0.63984375 0.746875 0.6328125 0.76796875 0.6296875 0.82109375 0.62421875 0.8265625 0.615625 0.78046875 0.615625 0.73046875 0.6078125 0.71015625 0.6015625 0.71328125 0.6 0.72421875 0.6015625 0.99453125 0.60390625 1 0.62265625 1 0.62578125 0.9921875 0.62890625 1 0.66015625 1
0 0.725 0.88984375 0.715625 0.85390625 0.709375 0.88984375 0.7109375 0.97734375 0.7125 0.99921875 0.72265625 1 0.725 0.88984375
0 0.6875 0.92734375 0.68125 0.88515625 0.675 0.89296875 0.6734375 0.97265625 0.675 0.99921875 0.68671875 1 0.6875 0.92734375
0 0.759375 0.85859375 0.7515625 0.81484375 0.7421875 0.89296875 0.7453125 0.91796875 0.75390625 0.925 0.759375 0.85859375
0 0.478125 0.37578125 0.4734375 0.33984375 0.4578125 0.34453125 0.4546875 0.38984375 0.45625 0.57734375 0.46328125 0.58125 0.4765625 0.57578125 0.478125 0.37578125
0 0.575 0.31015625 0.5703125 0.24140625 0.5609375 0.24609375 0.559375 0.31484375 0.56484375 0.3578125 0.575 0.31015625