0 0.98515625 1 0.9859375 0.98359375 0.975 0.97265625 0.9625 0.93671875 0.9828125 0.84609375 0.9765625 0.73203125 0.97109375 0.7296875 0.9640625 0.73671875 0.9484375 0.76015625 0.9453125 0.77578125 0.93828125 0.7765625 0.90078125 0.675 0.89296875 0.696875 0.88203125 0.675 0.86875 0.68984375 0.8625 0.71328125 0.85078125 0.721875 0.8359375 0.70234375 0.8375 0.63984375 0.8328125 0.63203125 0.8296875 0.99296875 0.83671875 1 0.98515625 1
0 0.75625 0.85703125 0.7609375 0.58203125 0.7421875 0.41171875 0.74375 0.30546875 0.7546875 0.21328125 0.7515625 0.09453125 0.7625 0.00078125 0.6578125 0.00078125 0.659375 0.35390625 0.66875 0.43671875 0.66875 0.69765625 0.6765625 0.80234375 0.66875 0.84453125 0.66875 0.97265625 0.6640625 0.99140625 0.66953125 0.996875 0.72265625 1 0.728125 0.93671875 0.75 0.90078125 0.75625 0.85703125
0 0.88515625 0.2109375 0.871875 0.22734375 0.86640625 0.2671875 0.85625 0.09765625 0.840625 0.03984375 0.8203125 0.00234375 0.7625 0.00078125 0.7640625 0.35234375 0.7734375 0.37421875 0.7890625 0.48515625 0.79921875 0.4921875 0.8078125 0.46640625 0.8078125 0.37890625 0.81875 0.36484375 0.82734375 0.3328125 0.86796875 0.3359375 0.890625 0.31953125 0.8921875 0.23046875 0.88515625 0.2109375
0 0.6328125 0.80703125 0.6390625 0.78359375 0.63125 0.69765625 0.6265625 0.68515625 0.6125 0.67578125 0.60625 0.69296875 0.603125 0.80859375 0.596875 0.82265625 0.58359375 0.8234375 0.575 0.83984375 0.57109375 1 0.653125 0.99609375 0.6484375 0.96328125 0.6515625 0.88046875 0.646875 0.86484375 0.6328125 0.85859375 0.6328125 0.80703125
0 0 0.99921875 0.13828125 1 0.1375 0.91640625 0.13046875 0.915625 0.1234375 0.92578125 0.109375 0.78359375 0.1 0.79296875 0.09375 0.89921875 0.08515625 0.9125 0.071875 0.83671875 0.06171875 0.828125 0.04609375 0.8671875 0.040625 0.85703125 0.040625 0.77578125 0.0359375 0.72890625 0.0296875 0.72578125 0.021875 0.77109375 0.00703125 0.7984375 0 0.78203125 0 0.99921875
0 0.175 0.75078125 0.1671875 0.85390625 0.165625 0.99921875 0.18515625 1 0.1875 0.91171875 0.18125 0.76640625 0.175 0.75078125
0 0.121875 0.68515625 0.1296875 0.69140625 0.125 0.70078125 0.13125 0.70546875 0.13515625 0.765625 0.1484375 0.76328125 0.146875 0.62734375 0.1546875 0.50703125 0.153125 0.32265625 0.146875 0.27578125 0.1421875 0.27421875 0.13125 0.34296875 0.1296875 0.46640625 0.1234375 0.47109375 0.1234375 0.56796875 0.1296875 0.59453125 0.125 0.62265625 0.13125 0.62734375 0.13125 0.64609375 0.1296875 0.66328125 0.1234375 0.66953125 0.1296875 0.67734375 0.121875 0.68515625
0 0.096875 0.74609375 0.10546875 0.753125 0.1140625 0.74453125 0.115625 0.68828125 0.1203125 0.68515625 0.115625 0.66484375 0.1203125 0.40703125 0.1125 0.31171875 0.1078125 0.29765625 0.1 0.29609375 0.08828125 0.353125 0.0828125 0.30390625 0.07109375 0.3015625 0.065625 0.31484375 0.059375 0.46484375 0.065625 0.58984375 0.075 0.58828125 0.08359375 0.5453125 0.0890625 0.57421875 0.09296875 0.56875 0.0953125 0.57890625 0.096875 0.74609375
0 0.1484375 0.78671875 0.14453125 0.775 0.1359375 0.77578125 0.128125 0.92109375 0.13671875 0.93125 0.14453125 0.9265625 0.14921875 0.9359375 0.1484375 0.78671875
0 0.1703125 0.18515625 0.1703125 0.33046875 0.171875 0.43828125 0.18515625 0.5484375 0.1921875 0.53359375 0.19375 0.48359375 0.19375 0.23671875 0.1859375 0.13828125 0.1796875 0.13359375 0.1734375 0.14453125 0.1703125 0.18515625
0 0.221875 0.18515625 0.225 0.17109375 0.2296875 0.05078125 0.225 0.00078125 0.215625 0.00078125 0.2078125 0.03671875 0.2078125 0.16953125 0.21484375 0.1890625 0.221875 0.18515625
0 0.1828125 0.00234375 0.1765625 0.01484375 0.1765625 0.05703125 0.18203125 0.0703125 0.190625 0.05234375 0.190625 0.01796875 0.1828125 0.00234375
0 0.25390625 0.1921875 0.2609375 0.16953125 0.2609375 0.13984375 0.2515625 0.11953125 0.246875 0.17421875 0.25390625 0.1921875
0 0.4484375 0.49140625 0.4453125 0.94921875 0.47109375 0.953125 0.4765625 0.94921875 0.4765625 0.49609375 0.47109375 0.490625 0.4484375 0.49140625
0 0.36796875 1 0.3703125 0.98671875 0.36875 0.78046875 0.359375 0.74765625 0.340625 0.85390625 0.33984375 1 0.36796875 1
0 0.39609375 1 0.3984375 0.99453125 0.4 0.72421875 0.3984375 0.71328125 0.3921875 0.71015625 0.384375 0.73046875 0.384375 0.78046875 0.37578125 0.8265625 0.3703125 0.82109375 0.3671875 0.76796875 0.36015625 0.746875 0.3484375 0.79609375 0.340625 0.85390625 0.33984375 1 0.37109375 1 0.37421875 0.9921875 0.37734375 1 0.39609375 1
0 0.284375 0.85390625 0.275 0.88984375 0.27734375 1 0.2875 0.99921875 0.2890625 0.97734375 0.290625 0.88984375 0.284375 0.85390625
0 0.31875 0.88515625 0.3125 0.92734375 0.31328125 1 0.325 0.99921875 0.3265625 0.97265625 0.325 0.89296875 0.31875 0.88515625
0 0.24609375 0.925 0.2546875 0.91796875 0.2578125 0.89296875 0.2484375 0.81484375 0.240625 0.85859375 0.24609375 0.925
0 0.5453125 0.38984375 0.5421875 0.34453125 0.5265625 0.33984375 0.521875 0.37578125 0.5234375 0.57578125 0.53671875 0.58125 0.54375 0.57734375 0.5453125 0.38984375
0 0.43515625 0.3578125 0.440625 0.31484375 0.4390625 0.24609375 0.4296875 0.24140625 0.425 0.31015625 0.43515625 0.3578125