0 0.74140625 0.1859375 0.73359375 0.1859375 0.73125 0.19296875 0.734375 0.24921875 0.7703125 0.37734375 0.78125 0.54921875 0.7875 0.55703125 0.7875 0.57265625 0.796875 0.57578125 0.8046875 0.56640625 0.8125 0.52734375 0.8171875 0.37421875 0.840625 0.22421875 0.8390625 0.18984375 0.82421875 0.178125 0.8046875 0.21171875 0.79140625 0.21875 0.75390625 0.2125 0.74140625 0.1859375
0 0.7390625 0.06015625 0.7359375 0.08359375 0.7421875 0.09296875 0.7484375 0.08046875 0.76328125 0.0703125 0.78359375 0.0671875 0.80234375 0.075 0.8171875 0.07109375 0.8140625 0.02890625 0.79921875 0.0015625 0.77578125 0 0.7625 0.00546875 0.7390625 0.06015625
0 0.7890625 0.18203125 0.79375 0.20078125 0.8078125 0.20234375 0.825 0.16171875 0.81640625 0.121875 0.796875 0.14140625 0.7890625 0.18203125
0 0.334375 0.31796875 0.353125 0.47421875 0.35 0.56328125 0.353125 0.58359375 0.359375 0.58515625 0.353125 0.59296875 0.3640625 0.59296875 0.38203125 0.5859375 0.3921875 0.56953125 0.39375 0.41796875 0.4046875 0.28828125 0.40078125 0.2765625 0.390625 0.28203125 0.37578125 0.3171875 0.35390625 0.3171875 0.33828125 0.309375 0.334375 0.31796875
0 0.825 0.68515625 0.7796875 0.61015625 0.775 0.58671875 0.76484375 0.5828125 0.7390625 0.69765625 0.7375 0.74140625 0.81875 0.74296875 0.828125 0.73984375 0.825 0.68515625
0 0.82578125 0.765625 0.81640625 0.7640625 0.80703125 0.7484375 0.7921875 0.74765625 0.7984375 0.75234375 0.7921875 0.76640625 0.8046875 0.76953125 0.8 0.77265625 0.803125 0.77734375 0.79609375 0.7765625 0.7921875 0.78359375 0.7921875 0.87265625 0.775 0.90234375 0.7890625 0.90703125 0.80390625 0.9 0.80859375 0.8875 0.83984375 0.875 0.853125 0.85234375 0.8515625 0.78828125 0.840625 0.76484375 0.834375 0.76484375 0.83203125 0.75 0.83125 0.76328125 0.82578125 0.765625
0 0.75546875 1 0.7953125 0.99921875 0.8015625 0.96953125 0.7875 0.93046875 0.7984375 0.90546875 0.78515625 0.9078125 0.77578125 0.9015625 0.76484375 0.9078125 0.73046875 0.8625 0.725 0.88515625 0.734375 0.96953125 0.75546875 1
0 0.3296875 0.68359375 0.3296875 0.70390625 0.334375 0.70703125 0.34453125 0.6953125 0.36953125 0.6859375 0.390625 0.68828125 0.3875 0.63671875 0.39375 0.59453125 0.38828125 0.5953125 0.38046875 0.5828125 0.36015625 0.58125 0.353125 0.58828125 0.3296875 0.68359375
0 0.26015625 0.584375 0.2390625 0.66796875 0.2609375 0.67890625 0.2875 0.67421875 0.2890625 0.63984375 0.278125 0.59296875 0.26015625 0.584375
0 0.24453125 0.325 0.2421875 0.33359375 0.2546875 0.39921875 0.2546875 0.57890625 0.2625 0.58671875 0.2765625 0.57109375 0.278125 0.42421875 0.2875 0.34765625 0.28125 0.34609375 0.27890625 0.3578125 0.2734375 0.33515625 0.2578125 0.33046875 0.2703125 0.32578125 0.25703125 0.3234375 0.24453125 0.325
0 0.28203125 0.209375 0.2640625 0.22578125 0.271875 0.25546875 0.271875 0.29609375 0.2625 0.32734375 0.26796875 0.3421875 0.2875 0.34296875 0.296875 0.28046875 0.28203125 0.209375
0 0.2453125 0.23828125 0.27578125 0.2125 0.2796875 0.21796875 0.2828125 0.18984375 0.27578125 0.1796875 0.26796875 0.1796875 0.2390625 0.20859375 0.2359375 0.22421875 0.2421875 0.23203125 0.2390625 0.23671875 0.2453125 0.23828125
0 0.09453125 0.3171875 0.090625 0.34609375 0.0703125 0.37578125 0.0703125 0.39453125 0.075 0.54140625 0.078125 0.55390625 0.0953125 0.57109375 0.1 0.36171875 0.09453125 0.3171875
0 0.0609375 0.28359375 0.0625 0.29921875 0.090625 0.30078125 0.0953125 0.29453125 0.09375 0.26796875 0.07890625 0.265625 0.0609375 0.28359375
0 0.1 0.62734375 0.0953125 0.57890625 0.08046875 0.55625 0.0734375 0.57109375 0.0703125 0.63671875 0.0765625 0.67265625 0.0921875 0.69609375 0.1 0.67578125 0.1 0.62734375
0 0.09609375 0.675 0.07578125 0.671875 0.0671875 0.70703125 0.0734375 0.72421875 0.0859375 0.72734375 0.096875 0.71640625 0.0984375 0.68046875 0.09609375 0.675
0 0.39609375 0.8078125 0.4 0.79765625 0.4 0.70859375 0.39140625 0.7 0.37734375 0.6984375 0.36875 0.70546875 0.365625 0.76328125 0.3765625 0.80390625 0.3890625 0.80859375 0.39609375 0.8078125
0 0.28359375 0.6734375 0.26015625 0.671875 0.2546875 0.74609375 0.26015625 0.7578125 0.2875 0.76171875 0.29375 0.73515625 0.290625 0.68203125 0.28359375 0.6734375