0 0.8046875 0.43359375 0.796875 0.42421875 0.7875 0.42734375 0.7875 0.44296875 0.78125 0.45078125 0.7703125 0.62265625 0.734375 0.75078125 0.73125 0.80703125 0.73359375 0.8140625 0.74140625 0.8140625 0.75390625 0.7875 0.79140625 0.78125 0.8046875 0.78828125 0.82421875 0.821875 0.8390625 0.81015625 0.840625 0.77578125 0.8171875 0.62578125 0.8125 0.47265625 0.8046875 0.43359375
0 0.7484375 0.91953125 0.7421875 0.90703125 0.7359375 0.91640625 0.7390625 0.93984375 0.7625 0.99453125 0.77578125 1 0.79921875 0.9984375 0.8140625 0.97109375 0.8171875 0.92890625 0.80234375 0.925 0.78359375 0.9328125 0.76328125 0.9296875 0.7484375 0.91953125
0 0.825 0.83828125 0.8078125 0.79765625 0.79375 0.79921875 0.7890625 0.81796875 0.796875 0.85859375 0.81640625 0.878125 0.825 0.83828125
0 0.38203125 0.4140625 0.3640625 0.40703125 0.353125 0.40703125 0.359375 0.41484375 0.353125 0.41640625 0.35 0.43671875 0.353125 0.52578125 0.334375 0.68203125 0.33828125 0.690625 0.35390625 0.6828125 0.37578125 0.6828125 0.390625 0.71796875 0.40078125 0.7234375 0.4046875 0.71171875 0.39375 0.58203125 0.3921875 0.43046875 0.38203125 0.4140625
0 0.828125 0.26015625 0.81875 0.25703125 0.7375 0.25859375 0.7390625 0.30234375 0.76484375 0.4171875 0.775 0.41328125 0.7796875 0.38984375 0.825 0.31484375 0.828125 0.26015625
0 0.80390625 0.1 0.7890625 0.09296875 0.775 0.09765625 0.7921875 0.12734375 0.7921875 0.21640625 0.79609375 0.2234375 0.803125 0.22265625 0.8 0.22734375 0.8046875 0.23046875 0.7921875 0.23359375 0.7984375 0.24765625 0.7921875 0.25234375 0.80703125 0.2515625 0.81640625 0.2359375 0.82578125 0.234375 0.83125 0.23671875 0.83203125 0.25 0.834375 0.23515625 0.840625 0.23515625 0.8515625 0.21171875 0.853125 0.14765625 0.83984375 0.125 0.80859375 0.1125 0.80390625 0.1
0 0.8015625 0.03046875 0.7953125 0.00078125 0.75546875 0 0.734375 0.03046875 0.725 0.11484375 0.73046875 0.1375 0.76484375 0.0921875 0.77578125 0.0984375 0.78515625 0.0921875 0.7984375 0.09453125 0.7875 0.06953125 0.8015625 0.03046875
0 0.34453125 0.3046875 0.334375 0.29296875 0.3296875 0.29609375 0.3296875 0.31640625 0.353125 0.41171875 0.36015625 0.41875 0.38046875 0.4171875 0.38828125 0.4046875 0.39375 0.40546875 0.3875 0.36328125 0.390625 0.31171875 0.36953125 0.3140625 0.34453125 0.3046875
0 0.2875 0.32578125 0.2609375 0.32109375 0.2390625 0.33203125 0.26015625 0.415625 0.278125 0.40703125 0.2890625 0.36015625 0.2875 0.32578125
0 0.2765625 0.42890625 0.2625 0.41328125 0.2546875 0.42109375 0.2546875 0.60078125 0.2421875 0.66640625 0.24453125 0.675 0.25703125 0.6765625 0.2703125 0.67421875 0.2578125 0.66953125 0.2734375 0.66484375 0.27890625 0.6421875 0.28125 0.65390625 0.2875 0.65234375 0.278125 0.57578125 0.2765625 0.42890625
0 0.296875 0.71953125 0.2875 0.65703125 0.26796875 0.6578125 0.2625 0.67265625 0.271875 0.70390625 0.271875 0.74453125 0.2640625 0.77421875 0.28203125 0.790625 0.296875 0.71953125
0 0.27578125 0.7875 0.2453125 0.76171875 0.2390625 0.76328125 0.2421875 0.76796875 0.2359375 0.77578125 0.2390625 0.79140625 0.26796875 0.8203125 0.27578125 0.8203125 0.2828125 0.81015625 0.2796875 0.78203125 0.27578125 0.7875
0 0.1 0.63828125 0.0953125 0.42890625 0.078125 0.44609375 0.075 0.45859375 0.0703125 0.60546875 0.0703125 0.62421875 0.090625 0.65390625 0.09453125 0.6828125 0.1 0.63828125
0 0.0953125 0.70546875 0.090625 0.69921875 0.0625 0.70078125 0.0609375 0.71640625 0.07890625 0.734375 0.09375 0.73203125 0.0953125 0.70546875
0 0.1 0.32421875 0.0921875 0.30390625 0.0765625 0.32734375 0.0703125 0.36328125 0.0734375 0.42890625 0.08046875 0.44375 0.0953125 0.42109375 0.1 0.37265625 0.1 0.32421875
0 0.096875 0.28359375 0.0859375 0.27265625 0.0734375 0.27578125 0.0671875 0.29296875 0.07578125 0.328125 0.09609375 0.325 0.0984375 0.31953125 0.096875 0.28359375
0 0.39609375 0.1921875 0.3890625 0.19140625 0.3765625 0.19609375 0.365625 0.23671875 0.36875 0.29453125 0.37734375 0.3015625 0.39140625 0.3 0.4 0.29140625 0.4 0.20234375 0.39609375 0.1921875
0 0.29375 0.26484375 0.2875 0.23828125 0.26015625 0.2421875 0.2546875 0.25390625 0.26015625 0.328125 0.28359375 0.3265625 0.290625 0.31796875 0.29375 0.26484375