0 0.9765625 0.65234375 0.9609375 0.62265625 0.9640625 0.59453125 0.97109375 0.5953125 0.9765625 0.58359375 0.9734375 0.56328125 0.96796875 0.575 0.9640625 0.56640625 0.9671875 0.48984375 0.9625 0.48203125 0.9609375 0.42421875 0.9671875 0.27734375 0.978125 0.24140625 0.978125 0.20078125 0.9859375 0.18671875 0.9875 0.16328125 0.965625 0.08203125 0.9671875 0.00078125 0.890625 0.00078125 0.8921875 0.99296875 0.93359375 1 0.9671875 0.99453125 0.971875 0.94296875 0.984375 0.91640625 0.9828125 0.90078125 0.965625 0.87734375 0.975 0.84609375 0.9734375 0.80703125 0.9859375 0.78203125 0.9859375 0.75859375 0.9765625 0.65234375
0 0.83828125 1 0.853125 0.91328125 0.840625 0.83671875 0.846875 0.78671875 0.840625 0.74921875 0.840625 0.58671875 0.828125 0.45859375 0.8265625 0.22890625 0.8328125 0.19296875 0.81875 0.08203125 0.821875 0.01640625 0.81796875 0 0.7359375 0.00078125 0.728125 0.03359375 0.7359375 0.03828125 0.73671875 0.0515625 0.73984375 0.04375 0.74453125 0.053125 0.7484375 0.05078125 0.7484375 0.05859375 0.73671875 0.05625 0.7328125 0.06171875 0.728125 0.08203125 0.7328125 0.08984375 0.728125 0.08828125 0.715625 0.12265625 0.725 0.18671875 0.728125 0.33515625 0.7375 0.43359375 0.7296875 0.57421875 0.71875 0.61015625 0.71875 0.63203125 0.728125 0.71328125 0.7265625 0.78203125 0.73828125 0.8 0.7546875 0.80703125 0.75625 0.83515625 0.7390625 0.86484375 0.7328125 0.91640625 0.7453125 0.96328125 0.74609375 1 0.83828125 1
0 0.65078125 1 0.6625 0.93984375 0.653125 0.82421875 0.6640625 0.80078125 0.6640625 0.75859375 0.65 0.44453125 0.6515625 0.28203125 0.640625 0.12890625 0.64375 0.00703125 0.64140625 0 0.5578125 0.00078125 0.559375 0.03515625 0.575 0.05703125 0.571875 0.08984375 0.5546875 0.12734375 0.5515625 0.17890625 0.5578125 0.22265625 0.575 0.27109375 0.575 0.30859375 0.565625 0.33828125 0.571875 0.37109375 0.565625 0.40703125 0.571875 0.42734375 0.5609375 0.43828125 0.5671875 0.48046875 0.546875 0.51484375 0.5390625 0.57890625 0.5453125 0.65390625 0.5359375 0.75546875 0.528125 0.77734375 0.528125 0.80703125 0.5375 0.84296875 0.5171875 0.86953125 0.5125 0.88984375 0.55625 0.94765625 0.55234375 1 0.65078125 1
0 0.3421875 0.90234375 0.340625 0.91484375 0.39140625 0.9984375 0.44609375 1 0.4546875 0.98046875 0.4625 0.91328125 0.4578125 0.88828125 0.4421875 0.88359375 0.4375 0.86328125 0.44296875 0.8546875 0.45078125 0.8578125 0.4625 0.85078125 0.4765625 0.80859375 0.475 0.76796875 0.453125 0.72734375 0.440625 0.64609375 0.4484375 0.57265625 0.440625 0.51171875 0.446875 0.46015625 0.446875 0.33046875 0.4375 0.28828125 0.459375 0.21796875 0.4578125 0.17109375 0.4421875 0.09140625 0.44375 0.00234375 0.39375 0.00078125 0.3984375 0.08984375 0.396875 0.10703125 0.3859375 0.12734375 0.38125 0.16796875 0.3890625 0.28359375 0.3765625 0.34453125 0.38125 0.48515625 0.3734375 0.55390625 0.371875 0.76796875 0.3640625 0.80078125 0.3640625 0.87734375 0.3421875 0.90234375
0 0.29765625 1 0.303125 0.95859375 0.2921875 0.88984375 0.2984375 0.85234375 0.290625 0.73203125 0.2921875 0.62734375 0.2875 0.59609375 0.2671875 0.55234375 0.2609375 0.46796875 0.2609375 0.44609375 0.275 0.41015625 0.2765625 0.37421875 0.2625 0.34765625 0.246875 0.34296875 0.2359375 0.36640625 0.2328125 0.51953125 0.221875 0.62578125 0.221875 0.70703125 0.215625 0.72890625 0.2171875 0.87265625 0.2015625 0.99140625 0.20703125 1 0.29765625 1
0 0.0765625 0.09453125 0.06953125 0.0921875 0.07109375 0.10625 0.0296875 0.10859375 0.03046875 0.115625 0.04375 0.11640625 0.03125 0.12734375 0.0453125 0.13203125 0.0421875 0.14453125 0.05 0.14921875 0.046875 0.16015625 0.0515625 0.16328125 0.046875 0.17109375 0.0515625 0.18203125 0.0390625 0.21953125 0.04375 0.22734375 0.0390625 0.31484375 0.0453125 0.33984375 0.040625 0.37421875 0.0453125 0.43515625 0.034375 0.54921875 0.0390625 0.56015625 0.03125 0.67421875 0.03671875 1 0.12734375 0.9984375 0.13828125 0.9953125 0.1421875 0.98515625 0.1421875 0.67734375 0.1328125 0.60078125 0.128125 0.60390625 0.1203125 0.49609375 0.1296875 0.37109375 0.1421875 0.33203125 0.1375 0.21484375 0.1421875 0.12109375 0.134375 0.07734375 0.1234375 0.07421875 0.12265625 0.0609375 0.115625 0.06171875 0.115625 0.07421875 0.10625 0.07734375 0.1078125 0.08828125 0.1 0.09296875 0.10234375 0.121875 0.0921875 0.12265625 0.0921875 0.10078125 0.08515625 0.0921875 0.0875 0.10546875 0.08203125 0.1078125 0.075 0.10390625 0.0765625 0.09453125
0 0.3234375 0.80703125 0.296875 0.81328125 0.30078125 0.85625 0.3265625 0.84765625 0.3234375 0.80703125
0 0.14375 0.85078125 0.17109375 0.853125 0.1734375 0.81953125 0.146875 0.81796875 0.1421875 0.82421875 0.14375 0.85078125
0 0.00703125 0.853125 0.02578125 0.859375 0.03125 0.85078125 0.03125 0.79921875 0.02265625 0.784375 0.01484375 0.7890625 0.003125 0.77578125 0.0015625 0.85390625 0.00390625 0.859375 0.00703125 0.853125
0 0.26875 0.05859375 0.25 0.02265625 0.25 0.00078125 0.21875 0.00078125 0.2109375 0.04609375 0.2140625 0.15078125 0.2015625 0.18515625 0.1984375 0.22578125 0.22578125 0.275 0.259375 0.22109375 0.259375 0.20703125 0.2453125 0.17265625 0.2453125 0.08515625 0.25546875 0.06875 0.2671875 0.06640625 0.26875 0.05859375
0 0.8734375 0.73203125 0.86484375 0.715625 0.8515625 0.71484375 0.8421875 0.73984375 0.846875 0.75546875 0.85859375 0.7578125 0.8703125 0.74921875 0.8734375 0.73203125
0 0.20546875 0.759375 0.215625 0.74453125 0.2125 0.72734375 0.20234375 0.71875 0.190625 0.71953125 0.1796875 0.73046875 0.18125 0.74609375 0.18984375 0.75625 0.20546875 0.759375