0 0.10859375 1 0.140625 0.99140625 0.1421875 0.66796875 0.125 0.57734375 0.121875 0.47890625 0.13125 0.36484375 0.1421875 0.32578125 0.1359375 0.19921875 0.1421875 0.12109375 0.140625 0.09296875 0.13359375 0.0828125 0.13046875 0.090625 0.12421875 0.090625 0.125 0.07734375 0.1171875 0.07578125 0.1078125 0.07734375 0.115625 0.08984375 0.1 0.09296875 0.1 0.11171875 0.10546875 0.11875 0.11015625 0.1109375 0.1171875 0.11953125 0.11328125 0.1234375 0.090625 0.12109375 0.08984375 0.0921875 0.04609375 0.0890625 0.04375 0.10546875 0.0296875 0.10859375 0.0296875 0.12734375 0.04375 0.13203125 0.04375 0.13828125 0.0328125 0.14453125 0.04375 0.14609375 0.04375 0.15859375 0.05 0.16484375 0.0453125 0.16953125 0.0453125 0.19765625 0.0390625 0.20390625 0.04375 0.24140625 0.0390625 0.31328125 0.0453125 0.33984375 0.040625 0.39453125 0.046875 0.42734375 0.040625 0.45546875 0.0390625 0.59140625 0.0328125 0.64453125 0.03671875 1 0.10859375 1
0 0.29921875 1 0.2984375 0.95234375 0.284375 0.86796875 0.284375 0.72734375 0.2765625 0.68046875 0.2625 0.37421875 0.259375 0.35859375 0.2484375 0.35078125 0.234375 0.35546875 0.2265625 0.37578125 0.240625 0.46796875 0.2328125 0.56171875 0.209375 0.62578125 0.2125 0.72734375 0.2078125 0.81640625 0.2125 0.85078125 0.2078125 0.86484375 0.2125 0.89140625 0.1984375 0.99765625 0.29921875 1
0 0.3625 0.88203125 0.3390625 0.90234375 0.3375 0.91328125 0.39140625 0.9984375 0.44609375 1 0.45625 0.97578125 0.4625 0.91015625 0.4578125 0.88828125 0.4421875 0.87890625 0.4390625 0.86171875 0.459375 0.85546875 0.4765625 0.81015625 0.475 0.76796875 0.453125 0.73203125 0.440625 0.65078125 0.4484375 0.56796875 0.440625 0.51484375 0.446875 0.45859375 0.446875 0.33515625 0.4375 0.28671875 0.459375 0.21328125 0.4578125 0.17109375 0.4546875 0.13359375 0.4421875 0.08984375 0.446875 0.00078125 0.39375 0.00078125 0.3984375 0.08984375 0.3859375 0.12890625 0.38125 0.16953125 0.3890625 0.28203125 0.3765625 0.34765625 0.3828125 0.44296875 0.3734375 0.55390625 0.3765625 0.65390625 0.371875 0.76953125 0.3640625 0.80078125 0.3671875 0.85078125 0.3625 0.88203125
0 0.65078125 1 0.6609375 0.94453125 0.653125 0.82421875 0.6640625 0.79921875 0.6640625 0.76484375 0.6546875 0.62421875 0.65 0.28046875 0.6421875 0.19140625 0.64375 0.00546875 0.64140625 0 0.5578125 0.00078125 0.5578125 0.03359375 0.575 0.05546875 0.571875 0.08984375 0.5546875 0.12890625 0.5578125 0.15234375 0.553125 0.16953125 0.559375 0.22578125 0.575 0.26953125 0.575 0.31015625 0.565625 0.35078125 0.5734375 0.37109375 0.5734375 0.43515625 0.56875 0.43828125 0.5734375 0.45078125 0.5640625 0.45390625 0.571875 0.46484375 0.5671875 0.48359375 0.546875 0.51640625 0.5390625 0.61328125 0.5484375 0.65390625 0.5390625 0.68828125 0.5375 0.74765625 0.528125 0.78046875 0.528125 0.80703125 0.5375 0.84296875 0.5171875 0.86953125 0.5140625 0.89296875 0.55625 0.94765625 0.55234375 1 0.65078125 1
0 0.83828125 1 0.85 0.91484375 0.8390625 0.83359375 0.84375 0.77421875 0.8375 0.73984375 0.8375 0.57265625 0.825 0.43515625 0.825 0.21796875 0.8296875 0.17890625 0.815625 0.06640625 0.81875 0.00546875 0.81640625 0 0.7328125 0.00078125 0.7328125 0.01015625 0.725 0.01640625 0.7265625 0.03515625 0.7328125 0.03828125 0.7359375 0.05234375 0.7328125 0.08828125 0.72890625 0.08125 0.715625 0.14140625 0.725 0.19296875 0.7375 0.44296875 0.7296875 0.57578125 0.71875 0.63046875 0.7296875 0.72109375 0.728125 0.78828125 0.75625 0.81484375 0.75625 0.83515625 0.7390625 0.86640625 0.7328125 0.91484375 0.7453125 0.96015625 0.74609375 1 0.83828125 1
0 0.99921875 1 1 0.00078125 0.9265625 0.00078125 0.928125 0.07890625 0.9078125 0.17265625 0.91875 0.20703125 0.915625 0.23671875 0.925 0.27734375 0.9328125 0.41640625 0.928125 0.52109375 0.9421875 0.63203125 0.925 0.67421875 0.925 0.70859375 0.9125 0.73515625 0.9109375 0.78515625 0.9234375 0.80859375 0.9203125 0.85078125 0.9296875 0.88203125 0.9109375 0.91796875 0.9234375 0.93671875 0.92265625 1 0.99921875 1
0 0.2609375 0.03359375 0.25546875 0 0.2203125 0.00078125 0.2203125 0.02421875 0.2015625 0.06171875 0.21875 0.07578125 0.2234375 0.09921875 0.221875 0.18046875 0.2109375 0.21171875 0.228125 0.25859375 0.24609375 0.278125 0.271875 0.22734375 0.26875 0.18515625 0.259375 0.15390625 0.2609375 0.03359375
0 0.3234375 0.73671875 0.31484375 0.721875 0.3015625 0.71953125 0.2875 0.73046875 0.2875 0.75234375 0.29609375 0.759375 0.31171875 0.75625 0.3234375 0.73671875
0 0.8734375 0.73203125 0.86171875 0.7140625 0.8515625 0.71484375 0.8421875 0.73984375 0.8453125 0.75234375 0.85703125 0.7578125 0.86875 0.75078125 0.8734375 0.73203125
0 0.1765625 0.81796875 0.14375 0.82109375 0.14453125 0.8515625 0.2046875 0.85234375 0.20625 0.82265625 0.19921875 0.8171875 0.1765625 0.81796875
0 0.021875 0.71328125 0.0296875 0.72421875 0.0234375 0.72890625 0.0203125 0.77578125 0.00625 0.81796875 0.0046875 0.84609375 0.0203125 0.85546875 0.02578125 0.8765625 0.0328125 0.87578125 0.034375 0.86640625 0.0296875 0.71015625 0.021875 0.71328125