0 0.8921875 0.00703125 0.890625 0.99921875 0.9671875 0.99921875 0.965625 0.91796875 0.9875 0.83671875 0.9859375 0.81328125 0.978125 0.79921875 0.978125 0.75859375 0.9671875 0.72265625 0.9609375 0.57578125 0.9625 0.51796875 0.9671875 0.51015625 0.9640625 0.43359375 0.96796875 0.425 0.9734375 0.43671875 0.9765625 0.41640625 0.97109375 0.4046875 0.9640625 0.40546875 0.9609375 0.37734375 0.9765625 0.34765625 0.9859375 0.24140625 0.9859375 0.21796875 0.9734375 0.19296875 0.975 0.15390625 0.965625 0.12265625 0.9828125 0.09921875 0.984375 0.08359375 0.971875 0.05703125 0.9671875 0.00546875 0.93359375 0 0.8921875 0.00703125
0 0.74609375 0 0.7453125 0.03671875 0.7328125 0.08359375 0.7390625 0.13515625 0.75625 0.16484375 0.7546875 0.19296875 0.73828125 0.2 0.7265625 0.21796875 0.728125 0.28671875 0.71875 0.36796875 0.71875 0.38984375 0.7296875 0.42578125 0.7375 0.56640625 0.728125 0.66484375 0.725 0.81328125 0.715625 0.87734375 0.728125 0.91171875 0.7328125 0.91015625 0.728125 0.91796875 0.7328125 0.93828125 0.73671875 0.94375 0.7484375 0.94140625 0.7484375 0.94921875 0.74453125 0.946875 0.73984375 0.95625 0.73671875 0.9484375 0.7359375 0.96171875 0.728125 0.96640625 0.7359375 0.99921875 0.81796875 1 0.821875 0.98359375 0.81875 0.91796875 0.8328125 0.80703125 0.8265625 0.77109375 0.828125 0.54140625 0.840625 0.41328125 0.840625 0.25078125 0.846875 0.21328125 0.840625 0.16328125 0.853125 0.08671875 0.83828125 0 0.74609375 0
0 0.55234375 0 0.55625 0.05234375 0.5125 0.11015625 0.5171875 0.13046875 0.5375 0.15703125 0.528125 0.19296875 0.528125 0.22265625 0.5359375 0.24453125 0.5453125 0.34609375 0.5390625 0.42109375 0.546875 0.48515625 0.5671875 0.51953125 0.5609375 0.56171875 0.571875 0.57265625 0.565625 0.59296875 0.571875 0.62890625 0.565625 0.66171875 0.575 0.69140625 0.575 0.72890625 0.5578125 0.77734375 0.5515625 0.82109375 0.5546875 0.87265625 0.571875 0.91015625 0.575 0.94296875 0.559375 0.96484375 0.5578125 0.99921875 0.64140625 1 0.64375 0.99296875 0.640625 0.87109375 0.6515625 0.71796875 0.65 0.55546875 0.6640625 0.24140625 0.6640625 0.19921875 0.653125 0.17578125 0.6625 0.06015625 0.65078125 0 0.55234375 0
0 0.3984375 0.91015625 0.39375 0.99921875 0.44375 0.99765625 0.4421875 0.90859375 0.4578125 0.82890625 0.459375 0.78203125 0.4375 0.71171875 0.446875 0.66953125 0.446875 0.53984375 0.440625 0.48828125 0.4484375 0.42734375 0.440625 0.35390625 0.453125 0.27265625 0.475 0.23203125 0.4765625 0.19140625 0.4625 0.14921875 0.45078125 0.1421875 0.44296875 0.1453125 0.4375 0.13671875 0.4421875 0.11640625 0.4578125 0.11171875 0.4625 0.08671875 0.4546875 0.01953125 0.44609375 0 0.39140625 0.0015625 0.340625 0.08515625 0.3421875 0.09765625 0.3640625 0.12265625 0.3640625 0.19921875 0.371875 0.23203125 0.3734375 0.44609375 0.38125 0.51484375 0.3765625 0.65546875 0.3890625 0.71640625 0.38125 0.83203125 0.3859375 0.87265625 0.396875 0.89296875 0.3984375 0.91015625
0 0.20703125 0 0.2015625 0.00859375 0.2171875 0.12734375 0.215625 0.27109375 0.221875 0.29296875 0.221875 0.37421875 0.2328125 0.48046875 0.2359375 0.63359375 0.246875 0.65703125 0.2625 0.65234375 0.2765625 0.62578125 0.275 0.58984375 0.2609375 0.55390625 0.2609375 0.53203125 0.2671875 0.44765625 0.2875 0.40390625 0.2921875 0.37265625 0.290625 0.26796875 0.2984375 0.14765625 0.2921875 0.11015625 0.303125 0.04140625 0.29765625 0 0.20703125 0
0 0.115625 0.92578125 0.115625 0.93828125 0.12265625 0.9390625 0.1234375 0.92578125 0.134375 0.92265625 0.1421875 0.87890625 0.1375 0.78515625 0.1421875 0.66796875 0.1296875 0.62890625 0.1203125 0.50390625 0.128125 0.39609375 0.1328125 0.39921875 0.1421875 0.32265625 0.1421875 0.01484375 0.13828125 0.0046875 0.12734375 0.0015625 0.03671875 0 0.03125 0.32578125 0.0390625 0.43984375 0.034375 0.45078125 0.0453125 0.56484375 0.040625 0.62578125 0.0453125 0.66015625 0.0390625 0.68515625 0.04375 0.77265625 0.0390625 0.78046875 0.0515625 0.81796875 0.046875 0.82890625 0.0515625 0.83671875 0.046875 0.83984375 0.05 0.85078125 0.0421875 0.85546875 0.0453125 0.86796875 0.03125 0.87265625 0.04375 0.88359375 0.03046875 0.884375 0.0296875 0.89140625 0.07109375 0.89375 0.06953125 0.9078125 0.0765625 0.90546875 0.075 0.89609375 0.08203125 0.8921875 0.0875 0.89453125 0.08515625 0.9078125 0.0921875 0.89921875 0.0921875 0.87734375 0.10234375 0.878125 0.1 0.90703125 0.1078125 0.91171875 0.10625 0.92265625 0.115625 0.92578125
0 0.296875 0.18671875 0.3234375 0.19296875 0.3265625 0.15234375 0.30078125 0.14375 0.296875 0.18671875
0 0.1421875 0.17578125 0.146875 0.18203125 0.1734375 0.18046875 0.17109375 0.146875 0.14375 0.14921875 0.1421875 0.17578125
0 0.0015625 0.14609375 0.003125 0.22421875 0.01484375 0.2109375 0.02265625 0.215625 0.03125 0.20078125 0.03125 0.14921875 0.02578125 0.140625 0.00703125 0.146875 0.00390625 0.140625 0.0015625 0.14609375
0 0.2109375 0.95390625 0.21875 0.99921875 0.25 0.99921875 0.25 0.97734375 0.26875 0.94140625 0.2671875 0.93359375 0.25546875 0.93125 0.2453125 0.91484375 0.2453125 0.82734375 0.259375 0.79296875 0.259375 0.77890625 0.22578125 0.725 0.1984375 0.77421875 0.2015625 0.81484375 0.2140625 0.84921875 0.2109375 0.95390625
0 0.8421875 0.26015625 0.8515625 0.28515625 0.86484375 0.284375 0.8734375 0.26796875 0.8703125 0.25078125 0.85859375 0.2421875 0.846875 0.24453125 0.8421875 0.26015625
0 0.1796875 0.26953125 0.190625 0.28046875 0.20234375 0.28125 0.2125 0.27265625 0.215625 0.25546875 0.20546875 0.240625 0.18984375 0.24375 0.18125 0.25390625 0.1796875 0.26953125