0 0.0171875 0.09921875 0.034375 0.12265625 0.025 0.15390625 0.0265625 0.19296875 0.0140625 0.21796875 0.0140625 0.24140625 0.0234375 0.34765625 0.0390625 0.37734375 0.0359375 0.40546875 0.02890625 0.4046875 0.0234375 0.41640625 0.0265625 0.43671875 0.03203125 0.425 0.0359375 0.43359375 0.0328125 0.51015625 0.0375 0.51796875 0.0390625 0.57578125 0.0328125 0.72265625 0.021875 0.75859375 0.021875 0.79921875 0.0140625 0.81328125 0.0125 0.83671875 0.034375 0.91796875 0.0328125 0.99921875 0.109375 0.99921875 0.1078125 0.00703125 0.06640625 0 0.0328125 0.00546875 0.028125 0.05703125 0.015625 0.08359375 0.0171875 0.09921875
0 0.16171875 0 0.146875 0.08671875 0.159375 0.16328125 0.153125 0.21328125 0.159375 0.25078125 0.159375 0.41328125 0.171875 0.54140625 0.1734375 0.77109375 0.1671875 0.80703125 0.18125 0.91796875 0.178125 0.98359375 0.18203125 1 0.2640625 0.99921875 0.271875 0.96640625 0.2640625 0.96171875 0.26328125 0.9484375 0.26015625 0.95625 0.25546875 0.946875 0.2515625 0.94921875 0.2515625 0.94140625 0.26328125 0.94375 0.2671875 0.93828125 0.271875 0.91796875 0.2671875 0.91015625 0.271875 0.91171875 0.284375 0.87734375 0.275 0.81328125 0.271875 0.66484375 0.2625 0.56640625 0.2703125 0.42578125 0.28125 0.38984375 0.28125 0.36796875 0.271875 0.28671875 0.2734375 0.21796875 0.26171875 0.2 0.2453125 0.19296875 0.24375 0.16484375 0.2609375 0.13515625 0.2671875 0.08359375 0.2546875 0.03671875 0.25390625 0 0.16171875 0
0 0.34921875 0 0.3375 0.06015625 0.346875 0.17578125 0.3359375 0.19921875 0.3359375 0.24140625 0.35 0.55546875 0.3484375 0.71796875 0.359375 0.87109375 0.35625 0.99296875 0.35859375 1 0.4421875 0.99921875 0.440625 0.96484375 0.425 0.94296875 0.428125 0.91015625 0.4453125 0.87265625 0.4484375 0.82109375 0.4421875 0.77734375 0.425 0.72890625 0.425 0.69140625 0.434375 0.66171875 0.428125 0.62890625 0.434375 0.59296875 0.428125 0.57265625 0.4390625 0.56171875 0.4328125 0.51953125 0.453125 0.48515625 0.4609375 0.42109375 0.4546875 0.34609375 0.4640625 0.24453125 0.471875 0.22265625 0.471875 0.19296875 0.4625 0.15703125 0.4828125 0.13046875 0.4875 0.11015625 0.44375 0.05234375 0.44765625 0 0.34921875 0
0 0.6234375 0.65546875 0.61875 0.51484375 0.6265625 0.44609375 0.628125 0.23203125 0.6359375 0.19921875 0.6359375 0.12265625 0.6578125 0.09765625 0.659375 0.08515625 0.60859375 0.0015625 0.55390625 0 0.5453125 0.01953125 0.5375 0.08671875 0.5421875 0.11171875 0.5578125 0.11640625 0.5625 0.13671875 0.55703125 0.1453125 0.54921875 0.1421875 0.5375 0.14921875 0.5234375 0.19140625 0.525 0.23203125 0.546875 0.27265625 0.559375 0.35390625 0.5515625 0.42734375 0.559375 0.48828125 0.553125 0.53984375 0.553125 0.66953125 0.5625 0.71171875 0.540625 0.78203125 0.5421875 0.82890625 0.5578125 0.90859375 0.55625 0.99765625 0.60625 0.99921875 0.6015625 0.91015625 0.603125 0.89296875 0.6140625 0.87265625 0.61875 0.83203125 0.6109375 0.71640625 0.6234375 0.65546875
0 0.70234375 0 0.696875 0.04140625 0.7078125 0.11015625 0.7015625 0.14765625 0.709375 0.26796875 0.7078125 0.37265625 0.7125 0.40390625 0.7328125 0.44765625 0.7390625 0.53203125 0.7390625 0.55390625 0.725 0.58984375 0.7234375 0.62578125 0.7375 0.65234375 0.753125 0.65703125 0.7640625 0.63359375 0.7671875 0.48046875 0.778125 0.37421875 0.778125 0.29296875 0.784375 0.27109375 0.7828125 0.12734375 0.7984375 0.00859375 0.79296875 0 0.70234375 0
0 0.9078125 0.87734375 0.9078125 0.89921875 0.91484375 0.9078125 0.9125 0.89453125 0.91796875 0.8921875 0.925 0.89609375 0.9234375 0.90546875 0.93046875 0.9078125 0.92890625 0.89375 0.9703125 0.89140625 0.96953125 0.884375 0.95625 0.88359375 0.96875 0.87265625 0.9546875 0.86796875 0.9578125 0.85546875 0.95 0.85078125 0.953125 0.83984375 0.9484375 0.83671875 0.953125 0.82890625 0.9484375 0.81796875 0.9609375 0.78046875 0.95625 0.77265625 0.9609375 0.68515625 0.9546875 0.66015625 0.959375 0.62578125 0.9546875 0.56484375 0.965625 0.45078125 0.9609375 0.43984375 0.96875 0.32578125 0.96328125 0 0.87265625 0.0015625 0.86171875 0.0046875 0.8578125 0.01484375 0.8578125 0.32265625 0.8671875 0.39921875 0.871875 0.39609375 0.8796875 0.50390625 0.8703125 0.62890625 0.8578125 0.66796875 0.8625 0.78515625 0.8578125 0.87890625 0.865625 0.92265625 0.8765625 0.92578125 0.87734375 0.9390625 0.884375 0.93828125 0.884375 0.92578125 0.89375 0.92265625 0.8921875 0.91171875 0.9 0.90703125 0.89765625 0.878125 0.9078125 0.87734375
0 0.69921875 0.14375 0.6734375 0.15234375 0.6765625 0.19296875 0.703125 0.18671875 0.69921875 0.14375
0 0.8578125 0.17578125 0.85625 0.14921875 0.82890625 0.146875 0.8265625 0.18046875 0.853125 0.18203125 0.8578125 0.17578125
0 0.96875 0.20078125 0.97734375 0.215625 0.98515625 0.2109375 0.996875 0.22421875 0.9984375 0.14609375 0.99609375 0.140625 0.99296875 0.146875 0.97421875 0.140625 0.96875 0.14921875 0.96875 0.20078125
0 0.740625 0.77890625 0.740625 0.79296875 0.7546875 0.82734375 0.7546875 0.91484375 0.74453125 0.93125 0.7328125 0.93359375 0.73125 0.94140625 0.75 0.97734375 0.75 0.99921875 0.78125 0.99921875 0.7890625 0.95390625 0.7859375 0.84921875 0.7984375 0.81484375 0.8015625 0.77421875 0.77421875 0.725 0.740625 0.77890625
0 0.13515625 0.284375 0.1484375 0.28515625 0.1578125 0.26015625 0.153125 0.24453125 0.14140625 0.2421875 0.1296875 0.25078125 0.1265625 0.26796875 0.13515625 0.284375
0 0.7875 0.27265625 0.79765625 0.28125 0.809375 0.28046875 0.8203125 0.26953125 0.81875 0.25390625 0.81015625 0.24375 0.79453125 0.240625 0.784375 0.25546875 0.7875 0.27265625