0 0.109375 0.21328125 0.1140625 0.21640625 0.1296875 0.20546875 0.125 0.17734375 0.1296875 0.11640625 0.12421875 0.109375 0.1109375 0.11484375 0.103125 0.14453125 0.109375 0.21328125
0 0.0859375 0.26953125 0.090625 0.27265625 0.11328125 0.2734375 0.1203125 0.26796875 0.1234375 0.23046875 0.11328125 0.221875 0.0859375 0.22421875 0.0859375 0.26953125
0 0.1328125 0.27421875 0.1421875 0.28984375 0.18671875 0.2859375 0.1890625 0.25234375 0.17421875 0.24375 0.14609375 0.253125 0.1328125 0.27421875
0 0.2515625 0.31640625 0.2640625 0.32890625 0.278125 0.32578125 0.28125 0.31171875 0.278125 0.27734375 0.27109375 0.271875 0.2609375 0.27734375 0.25 0.29609375 0.2515625 0.31640625
0 0.2875 0.28203125 0.2890625 0.32734375 0.29921875 0.328125 0.3140625 0.30859375 0.3203125 0.27421875 0.31328125 0.2640625 0.29921875 0.2640625 0.2875 0.28203125
0 0.321875 0.30078125 0.33125 0.31953125 0.3546875 0.31484375 0.35625 0.29453125 0.35 0.26171875 0.32890625 0.25 0.321875 0.30078125
0 0.359375 0.30859375 0.36875 0.31796875 0.3953125 0.31171875 0.396875 0.28515625 0.38515625 0.2703125 0.36953125 0.2734375 0.3609375 0.28828125 0.359375 0.30859375
0 0.40625 0.29609375 0.4140625 0.31015625 0.4265625 0.30703125 0.434375 0.28984375 0.434375 0.26171875 0.42421875 0.25625 0.4140625 0.26015625 0.40625 0.27890625 0.40625 0.29609375
0 0.471875 0.28984375 0.4875 0.29453125 0.5046875 0.29140625 0.509375 0.27109375 0.503125 0.25546875 0.49296875 0.25 0.48203125 0.253125 0.46875 0.27265625 0.471875 0.28984375
0 0.5109375 0.26640625 0.5109375 0.29765625 0.53125 0.29296875 0.52578125 0.2640625 0.5109375 0.26640625
0 0.534375 0.26796875 0.5390625 0.29453125 0.55234375 0.29375 0.5578125 0.28515625 0.5578125 0.26484375 0.55078125 0.25625 0.53828125 0.259375 0.534375 0.26796875
0 0.4328125 0.31171875 0.440625 0.31796875 0.4515625 0.31484375 0.4546875 0.29140625 0.4640625 0.27890625 0.4625 0.26796875 0.45390625 0.2625 0.434375 0.26796875 0.4328125 0.31171875
0 0.4171875 0.24765625 0.425 0.25390625 0.4359375 0.24609375 0.4375 0.23203125 0.43203125 0.2265625 0.42265625 0.2265625 0.4171875 0.23359375 0.4171875 0.24765625
0 0.384375 0.26328125 0.3953125 0.27265625 0.4 0.26953125 0.4 0.24921875 0.39140625 0.2484375 0.384375 0.25390625 0.384375 0.26328125
0 0.35625 0.26953125 0.3625 0.27265625 0.3765625 0.26484375 0.378125 0.25234375 0.36953125 0.2421875 0.36015625 0.2421875 0.353125 0.25546875 0.35625 0.26953125
0 0.2375 0.28671875 0.246875 0.29453125 0.2640625 0.26953125 0.2609375 0.25546875 0.24921875 0.2484375 0.2375 0.25703125 0.2375 0.28671875
0 0.1953125 0.32578125 0.20625 0.33671875 0.221875 0.33046875 0.2234375 0.26953125 0.21953125 0.253125 0.19921875 0.2515625 0.1953125 0.32578125
0 0.1984375 0.24921875 0.2203125 0.25390625 0.2375 0.24765625 0.2359375 0.23515625 0.22265625 0.228125 0.20078125 0.2296875 0.1984375 0.24921875
0 0.15625 0.21796875 0.15625 0.23828125 0.171875 0.23515625 0.175 0.22265625 0.16953125 0.2140625 0.15625 0.21796875
0 0.1796875 0.21953125 0.1859375 0.23359375 0.1984375 0.23046875 0.1984375 0.21796875 0.19140625 0.2125 0.1796875 0.21953125
0 0.0125 0.26640625 0.021875 0.27265625 0.0375 0.26796875 0.03671875 0.2515625 0.01953125 0.25 0.0125 0.25546875 0.0125 0.26640625
0 0 0.30234375 0.0078125 0.31796875 0.01796875 0.3171875 0.025 0.30703125 0.025 0.28984375 0.01640625 0.2828125 0.0015625 0.29140625 0 0.30234375
0 0.05625 0.28984375 0.0625 0.29765625 0.0828125 0.29296875 0.0828125 0.27109375 0.07265625 0.259375 0.05625 0.26640625 0.05625 0.28984375
0 0.0328125 0.30078125 0.04375 0.32421875 0.05078125 0.3234375 0.0578125 0.31171875 0.04765625 0.290625 0.03828125 0.2921875 0.0328125 0.30078125
0 0.1 0.31796875 0.1125 0.32734375 0.125 0.32578125 0.128125 0.30234375 0.12109375 0.29375 0.10546875 0.2921875 0.0984375 0.30234375 0.1 0.31796875
0 0.128125 0.31796875 0.1328125 0.33046875 0.1453125 0.32578125 0.1453125 0.31484375 0.13671875 0.30625 0.128125 0.31796875
0 0.66171875 0.328125 0.675 0.32890625 0.68515625 0.3296875 0.70859375 0.3140625 0.7140625 0.29140625 0.69921875 0.2765625 0.66328125 0.26875 0.6484375 0.28359375 0.65 0.31953125 0.66171875 0.328125
0 0.6359375 0.27109375 0.6453125 0.28046875 0.659375 0.26953125 0.659375 0.23828125 0.65234375 0.23125 0.63828125 0.234375 0.6328125 0.24453125 0.6359375 0.27109375
0 0.70625 0.27578125 0.7171875 0.28828125 0.7296875 0.28671875 0.7359375 0.26953125 0.73203125 0.259375 0.71953125 0.2578125 0.7078125 0.26640625 0.70625 0.27578125
0 0.73125 0.28671875 0.746875 0.29765625 0.75703125 0.296875 0.765625 0.28359375 0.7640625 0.26640625 0.75703125 0.2578125 0.73828125 0.2640625 0.73125 0.27890625 0.73125 0.28671875
0 0.771875 0.27890625 0.78125 0.29765625 0.80546875 0.2953125 0.809375 0.27265625 0.79921875 0.2671875 0.77578125 0.26875 0.771875 0.27890625
0 0.6953125 0.23828125 0.7046875 0.25703125 0.7171875 0.25078125 0.71875 0.23359375 0.71328125 0.228125 0.70078125 0.2296875 0.6953125 0.23828125
0 0.5828125 0.27578125 0.5890625 0.27890625 0.60625 0.27578125 0.60546875 0.2515625 0.584375 0.25234375 0.5828125 0.27578125
0 0.559375 0.24296875 0.5625 0.25546875 0.5765625 0.25390625 0.57578125 0.2390625 0.559375 0.24296875
0 0.2765625 0.25234375 0.284375 0.25703125 0.3 0.24921875 0.2984375 0.23515625 0.28984375 0.2296875 0.275 0.24140625 0.2765625 0.25234375
0 0.33125 0.21796875 0.3359375 0.23203125 0.346875 0.22578125 0.33984375 0.2125 0.33125 0.21796875
0 0.359375 0.21796875 0.3609375 0.23203125 0.375 0.23046875 0.37421875 0.215625 0.359375 0.21796875
0 0.35 0.02890625 0.359375 0.05234375 0.36875 0.04765625 0.36875 0.02578125 0.35546875 0.0171875 0.35 0.02890625
0 0.321875 0.04140625 0.33125 0.06796875 0.340625 0.06484375 0.3484375 0.04296875 0.3484375 0.02265625 0.33671875 0.015625 0.325 0.02265625 0.321875 0.04140625
0 0.27421875 0.5921875 0.2875 0.59765625 0.30078125 0.596875 0.31015625 0.5875 0.33671875 0.5953125 0.38671875 0.5828125 0.42265625 0.590625 0.43828125 0.5875 0.4671875 0.56953125 0.475 0.51953125 0.471875 0.50390625 0.46328125 0.4953125 0.44140625 0.4921875 0.43203125 0.4765625 0.42265625 0.4765625 0.41875 0.49140625 0.41171875 0.4921875 0.39609375 0.4671875 0.390625 0.48203125 0.37109375 0.5015625 0.353125 0.49296875 0.3515625 0.46953125 0.34453125 0.4625 0.32421875 0.4640625 0.31640625 0.4765625 0.30546875 0.4640625 0.27109375 0.4546875 0.25390625 0.4734375 0.24140625 0.4765625 0.228125 0.47109375 0.2296875 0.45859375 0.22265625 0.45 0.18671875 0.484375 0.17265625 0.48125 0.16015625 0.46875 0.12421875 0.4765625 0.11015625 0.4578125 0.1015625 0.46171875 0.09765625 0.48125 0.08515625 0.4796875 0.07109375 0.4890625 0.05078125 0.4640625 0.04296875 0.465625 0.03046875 0.4828125 0.01953125 0.4703125 0 0.46796875 0.00078125 0.55 0.04609375 0.5515625 0.05390625 0.5640625 0.071875 0.55859375 0.06640625 0.5515625 0.08984375 0.5515625 0.09296875 0.559375 0.11015625 0.559375 0.1140625 0.57265625 0.12578125 0.58125 0.16171875 0.590625 0.18671875 0.58125 0.24140625 0.5953125 0.27421875 0.5921875
0 1 0.46796875 0.9890625 0.47109375 0.990625 0.48828125 0.98515625 0.4921875 0.97578125 0.4921875 0.96640625 0.48125 0.94921875 0.484375 0.94453125 0.46875 0.9171875 0.46171875 0.9203125 0.42734375 0.91484375 0.415625 0.90859375 0.4203125 0.88984375 0.4140625 0.88515625 0.440625 0.80703125 0.4421875 0.80546875 0.4375 0.81953125 0.4375 0.821875 0.43046875 0.81484375 0.41875 0.80703125 0.41875 0.7953125 0.43515625 0.80078125 0.440625 0.77578125 0.4421875 0.775 0.43203125 0.76953125 0.43125 0.76953125 0.440625 0.73203125 0.4453125 0.72421875 0.4625 0.70234375 0.44375 0.6890625 0.44765625 0.68203125 0.465625 0.67109375 0.4578125 0.63984375 0.45625 0.63125 0.46171875 0.62578125 0.5078125 0.61171875 0.49375 0.59609375 0.49375 0.5890625 0.50078125 0.58359375 0.534375 0.57578125 0.5171875 0.56015625 0.515625 0.5515625 0.52578125 0.55625 0.56640625 0.56796875 0.5796875 0.58125 0.57578125 0.58828125 0.5515625 0.59140625 0.5671875 0.5953125 0.55703125 0.60390625 0.5859375 0.615625 0.57734375 0.62421875 0.5546875 0.628125 0.56171875 0.6234375 0.56640625 0.63359375 0.575 0.66953125 0.578125 0.671875 0.56328125 0.67734375 0.5625 0.68125 0.58046875 0.69765625 0.5859375 0.71640625 0.575 0.78046875 0.5765625 0.78828125 0.5828125 0.79921875 0.5765625 0.81015625 0.5859375 0.83515625 0.5859375 0.84140625 0.5765625 0.87109375 0.5828125 0.8640625 0.57734375 0.86796875 0.5734375 0.88515625 0.5734375 0.8921875 0.57734375 0.884375 0.58046875 0.88828125 0.5859375 0.91015625 0.5875 0.92109375 0.58125 0.92578125 0.590625 0.94140625 0.5859375 0.95859375 0.59375 0.96875 0.58671875 0.97109375 0.575 0.9859375 0.60390625 1 0.60234375 1 0.46796875
0 0.78046875 0.8796875 0.8 0.88046875 0.8109375 0.87578125 0.83046875 0.8328125 0.86328125 0.834375 0.871875 0.82734375 0.878125 0.79921875 0.87421875 0.7765625 0.82578125 0.775 0.81640625 0.784375 0.80703125 0.76875 0.79765625 0.765625 0.78046875 0.7859375 0.75859375 0.7859375 0.72890625 0.7625 0.71015625 0.76875 0.70390625 0.7609375 0.68984375 0.7578125 0.67578125 0.76875 0.61796875 0.7625 0.58359375 0.775 0.55390625 0.771875 0.546875 0.78046875 0.546875 0.83359375 0.55234375 0.8390625 0.63203125 0.8390625 0.63984375 0.84375 0.68671875 0.8390625 0.70234375 0.8421875 0.71328125 0.853125 0.72890625 0.834375 0.74296875 0.8484375 0.76328125 0.8453125 0.78046875 0.8796875
0 0.27890625 0.8265625 0.29375 0.84296875 0.30546875 0.8421875 0.31328125 0.828125 0.38671875 0.83125 0.41953125 0.8265625 0.45546875 0.8359375 0.46484375 0.828125 0.49296875 0.8234375 0.49765625 0.8078125 0.5 0.82734375 0.51171875 0.8265625 0.51875 0.81640625 0.5140625 0.81171875 0.51796875 0.8046875 0.5375 0.80703125 0.5390625 0.77734375 0.47421875 0.7734375 0.46875 0.75703125 0.45703125 0.746875 0.44140625 0.753125 0.43515625 0.7640625 0.37109375 0.76875 0.35078125 0.7640625 0.33671875 0.771875 0.30078125 0.7671875 0.28203125 0.7734375 0.2640625 0.78984375 0.265625 0.82734375 0.27890625 0.8265625
0 0.1921875 0.77890625 0.2 0.78515625 0.2078125 0.78203125 0.2078125 0.76953125 0.19453125 0.7640625 0.1921875 0.77890625
0 0.13203125 0.7984375 0.1453125 0.81015625 0.15859375 0.8078125 0.16875 0.79296875 0.16875 0.78203125 0.15703125 0.76875 0.13671875 0.775 0.12734375 0.7703125 0.103125 0.77265625 0.0984375 0.78828125 0.10390625 0.796875 0.13203125 0.7984375
0 0.0328125 0.79140625 0.040625 0.81328125 0.05546875 0.8140625 0.0625 0.80546875 0.0625 0.78671875 0.04921875 0.778125 0.03828125 0.78125 0.0328125 0.79140625
0 0.00390625 0.76875 0 0.80078125 0.0109375 0.79765625 0.0125 0.78671875 0.0125 0.77734375 0.00390625 0.76875
0 0.903125 0.86953125 0.9375 0.87421875 0.97890625 0.8734375 0.9875 0.84453125 0.984375 0.83203125 0.97734375 0.8265625 0.92578125 0.8234375 0.90703125 0.8328125 0.8953125 0.84765625 0.903125 0.86953125
0 0.4734375 0.54140625 0.4921875 0.55546875 0.5359375 0.54609375 0.5484375 0.51484375 0.54296875 0.496875 0.50390625 0.49375 0.49296875 0.5015625 0.48671875 0.4875 0.4765625 0.48828125 0.4734375 0.53515625 0.478125 0.53984375 0.4734375 0.54140625