0 0.33203125 0.315625 0.346875 0.31640625 0.35625 0.31015625 0.3515625 0.26640625 0.34453125 0.25625 0.32890625 0.25 0.321875 0.29921875 0.33203125 0.315625
0 0.2546875 0.32265625 0.2640625 0.32890625 0.27578125 0.328125 0.28125 0.31328125 0.28125 0.28515625 0.27265625 0.271875 0.2625 0.27421875 0.2484375 0.30078125 0.2546875 0.32265625
0 0.2859375 0.32109375 0.2921875 0.32890625 0.30078125 0.328125 0.3125 0.31328125 0.3203125 0.28828125 0.3203125 0.27265625 0.31015625 0.2625 0.29921875 0.2640625 0.2875 0.28203125 0.2859375 0.32109375
0 0.63828125 0.3265625 0.728125 0.32890625 0.78671875 0.3296875 0.7984375 0.32421875 0.79765625 0.2546875 0.66171875 0.253125 0.6359375 0.25859375 0.63828125 0.3265625
0 0.46875 0.29921875 0.478125 0.30703125 0.5046875 0.30234375 0.5078125 0.26328125 0.49765625 0.2515625 0.48046875 0.253125 0.4703125 0.26328125 0.471875 0.28828125 0.4796875 0.29453125 0.46875 0.29921875
0 0.403125 0.26484375 0.4078125 0.34921875 0.45859375 0.35 0.4625 0.34453125 0.4640625 0.26953125 0.45078125 0.228125 0.41953125 0.225 0.409375 0.24765625 0.4140625 0.25546875 0.403125 0.26484375
0 0.21015625 0.5734375 0.3546875 0.57578125 0.4203125 0.57265625 0.41796875 0.46875 0.32734375 0.4640625 0.31640625 0.471875 0.29296875 0.4640625 0.209375 0.46953125 0.21015625 0.5734375
0 0.83515625 0.5328125 0.8375 0.55546875 0.84375 0.54921875 0.840625 0.50546875 0.86875 0.50078125 0.86875 0.44765625 0.82265625 0.4421875 0.73515625 0.4453125 0.7375 0.50703125 0.78984375 0.50625 0.7734375 0.51484375 0.775 0.53203125 0.78671875 0.540625 0.81171875 0.5421875 0.83515625 0.5328125
0 0.6578125 0.54921875 0.665625 0.55078125 0.6796875 0.54765625 0.6765625 0.46484375 0.66328125 0.4578125 0.63984375 0.4578125 0.63125 0.46640625 0.6296875 0.53515625 0.63515625 0.5421875 0.65703125 0.540625 0.6625 0.54453125 0.6578125 0.54921875
0 0.715625 0.52578125 0.7109375 0.53359375 0.721875 0.52421875 0.73203125 0.4953125 0.73515625 0.5046875 0.76484375 0.509375 0.86640625 0.5046875 0.86875 0.44609375 0.79921875 0.4421875 0.70703125 0.446875 0.696875 0.46171875 0.69375 0.49140625 0.6875 0.49921875 0.69765625 0.50625 0.709375 0.50390625 0.715625 0.52578125
0 0.77734375 0.88125 0.7984375 0.88515625 0.8109375 0.88203125 0.828125 0.83984375 0.821875 0.80234375 0.80234375 0.76875 0.790625 0.77265625 0.78671875 0.7921875 0.75390625 0.7890625 0.73671875 0.7734375 0.72109375 0.778125 0.71640625 0.771875 0.71796875 0.8203125 0.709375 0.81015625 0.709375 0.78203125 0.6984375 0.76953125 0.703125 0.76640625 0.69921875 0.7609375 0.68828125 0.7609375 0.67734375 0.7734375 0.65390625 0.76875 0.64609375 0.7796875 0.63828125 0.778125 0.63046875 0.765625 0.61953125 0.7640625 0.59140625 0.7703125 0.58046875 0.78125 0.55703125 0.771875 0.546875 0.78203125 0.5453125 0.82734375 0.55078125 0.8390625 0.63046875 0.8390625 0.63828125 0.8453125 0.67734375 0.8390625 0.69921875 0.8421875 0.71640625 0.853125 0.72890625 0.8328125 0.74453125 0.85 0.75546875 0.8453125 0.765625 0.84921875 0.77734375 0.88125
0 0.39921875 0.3296875 0.4078125 0.34921875 0.45859375 0.35 0.46640625 0.2921875 0.4703125 0.31484375 0.47734375 0.3203125 0.52265625 0.3109375 0.53125 0.30078125 0.528125 0.26328125 0.51171875 0.2625 0.49453125 0.2484375 0.48046875 0.25 0.46875 0.25859375 0.46484375 0.275 0.4578125 0.23359375 0.45078125 0.2265625 0.42265625 0.221875 0.40234375 0.24375 0.39609375 0.234375 0.3828125 0.23046875 0.38125 0.21953125 0.37265625 0.2125 0.35234375 0.21875 0.33671875 0.2125 0.32421875 0.225 0.27421875 0.228125 0.26171875 0.2140625 0.24296875 0.225 0.23359375 0.2203125 0.21171875 0.225 0.19296875 0.2125 0.16171875 0.2109375 0.15078125 0.2203125 0.13671875 0.2125 0.12578125 0.228125 0.12109375 0.2203125 0.10546875 0.2203125 0.084375 0.23046875 0.08984375 0.2359375 0.10625 0.23046875 0.1078125 0.26484375 0.103125 0.27421875 0.1140625 0.28359375 0.1 0.29609375 0.0984375 0.30703125 0.1 0.31796875 0.11015625 0.3265625 0.121875 0.32578125 0.12421875 0.3125 0.1265625 0.32578125 0.13515625 0.33125 0.14921875 0.3203125 0.17421875 0.328125 0.18828125 0.3234375 0.20234375 0.3390625 0.25078125 0.334375 0.27578125 0.340625 0.32109375 0.3328125 0.33203125 0.340625 0.35859375 0.3375 0.38203125 0.34375 0.39453125 0.340625 0.39921875 0.3296875
0 0.90234375 0.85625 0.9609375 0.86328125 0.98046875 0.8640625 0.984375 0.85078125 0.95703125 0.8234375 0.90703125 0.8265625 0.896875 0.83671875 0.90234375 0.85625
0 0.14453125 0.5765625 0.15625 0.58515625 0.16953125 0.5859375 0.1796875 0.55859375 0.184375 0.56015625 0.184375 0.48828125 0.16015625 0.46875 0.14765625 0.46875 0.13671875 0.4765625 0.11796875 0.475 0.10859375 0.459375 0.1015625 0.48359375 0.1125 0.55703125 0.13203125 0.5796875 0.14453125 0.5765625