0 0.875 0.17734375 0.8703125 0.20546875 0.8859375 0.21640625 0.890625 0.21328125 0.896875 0.14453125 0.8890625 0.11484375 0.87578125 0.109375 0.8703125 0.11640625 0.875 0.17734375
0 0.88671875 0.2734375 0.909375 0.27265625 0.9140625 0.26953125 0.9140625 0.22421875 0.88671875 0.221875 0.8765625 0.23046875 0.8796875 0.26796875 0.88671875 0.2734375
0 0.8578125 0.28984375 0.8671875 0.27421875 0.85390625 0.253125 0.82578125 0.24375 0.8109375 0.25234375 0.81328125 0.2859375 0.8578125 0.28984375
0 0.71875 0.31171875 0.721875 0.32578125 0.7359375 0.32890625 0.7484375 0.31640625 0.75 0.29609375 0.7390625 0.27734375 0.72890625 0.271875 0.721875 0.27734375 0.71875 0.31171875
0 0.70078125 0.328125 0.7109375 0.32734375 0.7125 0.28203125 0.70078125 0.2640625 0.68671875 0.2640625 0.6796875 0.27421875 0.6859375 0.30859375 0.70078125 0.328125
0 0.66875 0.31953125 0.678125 0.30078125 0.67109375 0.25 0.65 0.26171875 0.64375 0.29453125 0.6453125 0.31484375 0.66875 0.31953125
0 0.6046875 0.31171875 0.63125 0.31796875 0.640625 0.30859375 0.6390625 0.28828125 0.63046875 0.2734375 0.61484375 0.2703125 0.603125 0.28515625 0.6046875 0.31171875
0 0.565625 0.28984375 0.5734375 0.30703125 0.5859375 0.31015625 0.59375 0.29609375 0.59375 0.27890625 0.5859375 0.26015625 0.57578125 0.25625 0.565625 0.26171875 0.565625 0.28984375
0 0.490625 0.27109375 0.4953125 0.29140625 0.5125 0.29453125 0.528125 0.28984375 0.53125 0.27265625 0.51796875 0.253125 0.50703125 0.25 0.496875 0.25546875 0.490625 0.27109375
0 0.47421875 0.2640625 0.46875 0.29296875 0.4890625 0.29765625 0.4890625 0.26640625 0.47421875 0.2640625
0 0.44765625 0.29375 0.4609375 0.29453125 0.465625 0.26796875 0.46171875 0.259375 0.44921875 0.25625 0.4421875 0.26484375 0.4421875 0.28515625 0.44765625 0.29375
0 0.5453125 0.29140625 0.5484375 0.31484375 0.559375 0.31796875 0.5671875 0.31171875 0.565625 0.26796875 0.54609375 0.2625 0.5375 0.26796875 0.5359375 0.27890625 0.5453125 0.29140625
0 0.5640625 0.24609375 0.575 0.25390625 0.5828125 0.24765625 0.5828125 0.23359375 0.57734375 0.2265625 0.56796875 0.2265625 0.5625 0.23203125 0.5640625 0.24609375
0 0.6046875 0.27265625 0.615625 0.26328125 0.615625 0.25390625 0.60859375 0.2484375 0.6 0.24921875 0.6 0.26953125 0.6046875 0.27265625
0 0.6234375 0.26484375 0.6375 0.27265625 0.64375 0.26953125 0.646875 0.25546875 0.63984375 0.2421875 0.63046875 0.2421875 0.621875 0.25234375 0.6234375 0.26484375
0 0.753125 0.29453125 0.7625 0.28671875 0.7625 0.25703125 0.75078125 0.2484375 0.7390625 0.25546875 0.7359375 0.26953125 0.753125 0.29453125
0 0.79375 0.33671875 0.8046875 0.32578125 0.80078125 0.2515625 0.78046875 0.253125 0.7765625 0.26953125 0.778125 0.33046875 0.79375 0.33671875
0 0.7796875 0.25390625 0.8015625 0.24921875 0.79921875 0.2296875 0.77734375 0.228125 0.7640625 0.23515625 0.7625 0.24765625 0.7796875 0.25390625
0 0.84375 0.21796875 0.83046875 0.2140625 0.825 0.22265625 0.828125 0.23515625 0.84375 0.23828125 0.84375 0.21796875
0 0.8203125 0.21953125 0.80859375 0.2125 0.8015625 0.21796875 0.8015625 0.23046875 0.8140625 0.23359375 0.8203125 0.21953125
0 0.978125 0.27265625 0.9875 0.26640625 0.9875 0.25546875 0.98046875 0.25 0.96328125 0.2515625 0.9625 0.26796875 0.978125 0.27265625
0 0.98203125 0.3171875 0.9921875 0.31796875 1 0.30234375 0.9984375 0.29140625 0.98359375 0.2828125 0.975 0.28984375 0.975 0.30703125 0.98203125 0.3171875
0 0.9375 0.29765625 0.94375 0.28984375 0.94375 0.26640625 0.92734375 0.259375 0.9171875 0.27109375 0.9171875 0.29296875 0.9375 0.29765625
0 0.95625 0.32421875 0.9671875 0.30078125 0.96171875 0.2921875 0.95234375 0.290625 0.9421875 0.31171875 0.94921875 0.3234375 0.95625 0.32421875
0 0.875 0.32578125 0.8875 0.32734375 0.9 0.31796875 0.9015625 0.30234375 0.89453125 0.2921875 0.87890625 0.29375 0.871875 0.30234375 0.875 0.32578125
0 0.871875 0.31796875 0.86328125 0.30625 0.8546875 0.31484375 0.8546875 0.32578125 0.8671875 0.33046875 0.871875 0.31796875
0 0.2859375 0.29140625 0.29140625 0.3140625 0.31484375 0.3296875 0.325 0.32890625 0.33828125 0.328125 0.35 0.31953125 0.3515625 0.28359375 0.33671875 0.26875 0.30078125 0.2765625 0.2859375 0.29140625
0 0.340625 0.26953125 0.3546875 0.28046875 0.3640625 0.27109375 0.3671875 0.24453125 0.36171875 0.234375 0.34765625 0.23125 0.340625 0.23828125 0.340625 0.26953125
0 0.2703125 0.28671875 0.2828125 0.28828125 0.29375 0.27578125 0.2921875 0.26640625 0.28046875 0.2578125 0.26796875 0.259375 0.2640625 0.26953125 0.2703125 0.28671875
0 0.234375 0.28359375 0.24296875 0.296875 0.253125 0.29765625 0.26875 0.28671875 0.26875 0.27890625 0.26171875 0.2640625 0.24296875 0.2578125 0.2359375 0.26640625 0.234375 0.28359375
0 0.21875 0.29765625 0.228125 0.27890625 0.22421875 0.26875 0.20078125 0.2671875 0.190625 0.27265625 0.19453125 0.2953125 0.21875 0.29765625
0 0.2953125 0.25703125 0.3046875 0.23828125 0.29921875 0.2296875 0.28671875 0.228125 0.28125 0.23359375 0.2828125 0.25078125 0.2953125 0.25703125
0 0.4171875 0.27578125 0.415625 0.25234375 0.39453125 0.2515625 0.39375 0.27578125 0.4109375 0.27890625 0.4171875 0.27578125
0 0.42421875 0.2390625 0.4234375 0.25390625 0.4375 0.25546875 0.440625 0.24296875 0.42421875 0.2390625
0 0.715625 0.25703125 0.7234375 0.25234375 0.725 0.24140625 0.71015625 0.2296875 0.7015625 0.23515625 0.7 0.24921875 0.715625 0.25703125
0 0.66015625 0.2125 0.653125 0.22578125 0.6640625 0.23203125 0.66875 0.21796875 0.66015625 0.2125
0 0.62578125 0.215625 0.625 0.23046875 0.6390625 0.23203125 0.640625 0.21796875 0.62578125 0.215625
0 0.65 0.02890625 0.64453125 0.0171875 0.63125 0.02578125 0.63125 0.04765625 0.640625 0.05234375 0.65 0.02890625
0 0.659375 0.06484375 0.66875 0.06796875 0.678125 0.04140625 0.675 0.02265625 0.66328125 0.015625 0.6515625 0.02265625 0.6515625 0.04296875 0.659375 0.06484375
0 0.8859375 0.57265625 0.88984375 0.559375 0.90703125 0.559375 0.91015625 0.5515625 0.93359375 0.5515625 0.928125 0.55859375 0.94609375 0.5640625 0.95390625 0.5515625 0.99921875 0.55 1 0.46796875 0.98046875 0.4703125 0.96953125 0.4828125 0.95703125 0.465625 0.94921875 0.4640625 0.92890625 0.4890625 0.91484375 0.4796875 0.90234375 0.48125 0.8984375 0.46171875 0.88984375 0.4578125 0.87578125 0.4765625 0.83984375 0.46875 0.82734375 0.48125 0.81328125 0.484375 0.77734375 0.45 0.7703125 0.45859375 0.771875 0.47109375 0.75859375 0.4765625 0.74609375 0.4734375 0.72890625 0.4546875 0.69453125 0.4640625 0.68359375 0.4765625 0.67578125 0.4640625 0.65546875 0.4625 0.6484375 0.46953125 0.646875 0.49296875 0.62890625 0.5015625 0.609375 0.48203125 0.60390625 0.4671875 0.58828125 0.4921875 0.58125 0.49140625 0.57734375 0.4765625 0.56796875 0.4765625 0.55859375 0.4921875 0.53671875 0.4953125 0.528125 0.50390625 0.525 0.51953125 0.5328125 0.56953125 0.56171875 0.5875 0.57734375 0.590625 0.61328125 0.5828125 0.66328125 0.5953125 0.68984375 0.5875 0.69921875 0.596875 0.7125 0.59765625 0.72578125 0.5921875 0.75859375 0.5953125 0.81328125 0.58125 0.83828125 0.590625 0.87421875 0.58125 0.8859375 0.57265625
0 0 0.60234375 0.0140625 0.60390625 0.02890625 0.575 0.03125 0.58671875 0.04140625 0.59375 0.05859375 0.5859375 0.07421875 0.590625 0.07890625 0.58125 0.08984375 0.5875 0.11171875 0.5859375 0.115625 0.58046875 0.1078125 0.57734375 0.11484375 0.5734375 0.13203125 0.5734375 0.1359375 0.57734375 0.12890625 0.5828125 0.15859375 0.5765625 0.16484375 0.5859375 0.18984375 0.5859375 0.20078125 0.5765625 0.21171875 0.5828125 0.21953125 0.5765625 0.28359375 0.575 0.30234375 0.5859375 0.31875 0.58046875 0.32265625 0.5625 0.328125 0.56328125 0.33046875 0.578125 0.36640625 0.575 0.3765625 0.56640625 0.371875 0.56171875 0.37578125 0.5546875 0.384375 0.57734375 0.39609375 0.5859375 0.4046875 0.55703125 0.40859375 0.5671875 0.41171875 0.5515625 0.41875 0.57578125 0.43203125 0.5796875 0.44375 0.56640625 0.4484375 0.52578125 0.43984375 0.515625 0.42421875 0.5171875 0.41640625 0.534375 0.4109375 0.50078125 0.40390625 0.49375 0.38828125 0.49375 0.37421875 0.5078125 0.36875 0.46171875 0.36015625 0.45625 0.32890625 0.4578125 0.31796875 0.465625 0.3109375 0.44765625 0.29765625 0.44375 0.27578125 0.4625 0.26796875 0.4453125 0.23046875 0.440625 0.23046875 0.43125 0.225 0.43203125 0.22421875 0.4421875 0.19921875 0.440625 0.2046875 0.43515625 0.19296875 0.41875 0.18515625 0.41875 0.178125 0.43046875 0.18046875 0.4375 0.19453125 0.4375 0.19296875 0.4421875 0.11484375 0.440625 0.11015625 0.4140625 0.09140625 0.4203125 0.08515625 0.415625 0.0796875 0.42734375 0.0828125 0.46171875 0.05546875 0.46875 0.05078125 0.484375 0.03359375 0.48125 0.02421875 0.4921875 0.01484375 0.4921875 0.009375 0.48828125 0.0109375 0.47109375 0 0.46796875 0 0.60234375
0 0.29765625 0.8421875 0.31328125 0.8390625 0.36015625 0.84375 0.36796875 0.8390625 0.44765625 0.8390625 0.453125 0.83359375 0.453125 0.78046875 0.44609375 0.771875 0.41640625 0.775 0.38203125 0.7625 0.32421875 0.76875 0.31015625 0.7578125 0.29609375 0.7609375 0.28984375 0.76875 0.27109375 0.7625 0.24140625 0.7859375 0.21953125 0.7859375 0.20234375 0.765625 0.19296875 0.76875 0.18359375 0.784375 0.17421875 0.775 0.12578125 0.7765625 0.121875 0.79921875 0.128125 0.82734375 0.13671875 0.834375 0.16953125 0.8328125 0.1890625 0.87578125 0.2 0.88046875 0.21953125 0.8796875 0.23671875 0.8453125 0.25703125 0.8484375 0.27109375 0.834375 0.28671875 0.853125 0.29765625 0.8421875
0 0.66328125 0.771875 0.64921875 0.7640625 0.62890625 0.76875 0.56484375 0.7640625 0.55859375 0.753125 0.54296875 0.746875 0.53125 0.75703125 0.52578125 0.7734375 0.4609375 0.77734375 0.4625 0.80703125 0.48203125 0.8046875 0.4859375 0.81171875 0.48125 0.81640625 0.48828125 0.8265625 0.5 0.82734375 0.50234375 0.8078125 0.50703125 0.8234375 0.53515625 0.828125 0.54453125 0.8359375 0.58046875 0.8265625 0.61328125 0.83125 0.68671875 0.828125 0.69453125 0.8421875 0.70625 0.84296875 0.72109375 0.8265625 0.734375 0.82734375 0.7359375 0.78984375 0.71796875 0.7734375 0.69921875 0.7671875 0.66328125 0.771875
0 0.8078125 0.77890625 0.80546875 0.7640625 0.7921875 0.76953125 0.7921875 0.78203125 0.8 0.78515625 0.8078125 0.77890625
0 0.86328125 0.775 0.84296875 0.76875 0.83125 0.78203125 0.83125 0.79296875 0.84140625 0.8078125 0.8546875 0.81015625 0.86796875 0.7984375 0.89609375 0.796875 0.9015625 0.78828125 0.896875 0.77265625 0.87265625 0.7703125 0.86328125 0.775
0 0.94453125 0.8140625 0.959375 0.81328125 0.9671875 0.79140625 0.96171875 0.78125 0.95078125 0.778125 0.9375 0.78671875 0.9375 0.80546875 0.94453125 0.8140625
0 0.99609375 0.76875 0.9875 0.77734375 0.9875 0.78671875 0.9890625 0.79765625 1 0.80078125 0.99609375 0.76875
0 0.015625 0.83203125 0.0125 0.84453125 0.02109375 0.8734375 0.0625 0.87421875 0.096875 0.86953125 0.1046875 0.84765625 0.09296875 0.8328125 0.07421875 0.8234375 0.02265625 0.8265625 0.015625 0.83203125
0 0.50703125 0.5015625 0.49609375 0.49375 0.45703125 0.496875 0.4515625 0.51484375 0.4640625 0.54609375 0.5078125 0.55546875 0.5265625 0.54140625 0.521875 0.53984375 0.5265625 0.53515625 0.5234375 0.48828125 0.51328125 0.4875 0.50703125 0.5015625