0 0.00078125 0 0 0.99921875 0.0125 0.99921875 0.009375 0.89453125 0.0203125 0.87734375 0.0265625 0.81953125 0.0234375 0.76484375 0.03125 0.71953125 0.0359375 0.61796875 0.034375 0.51328125 0.025 0.45546875 0.0296875 0.30546875 0.0203125 0.23828125 0.0109375 0.21796875 0.0171875 0.20390625 0.015625 0.16640625 0.028125 0.11953125 0.028125 0.06953125 0.0171875 0.03828125 0.0203125 0.00859375 0.01328125 0 0.00078125 0
0 0.11953125 0 0.1140625 0.06015625 0.125 0.07890625 0.1265625 0.14140625 0.1125 0.17265625 0.1125 0.19609375 0.115625 0.29921875 0.125 0.33359375 0.1109375 0.36328125 0.10625 0.40078125 0.10625 0.55703125 0.11640625 0.575 0.15 0.58515625 0.1578125 0.57734375 0.165625 0.54296875 0.165625 0.43515625 0.1546875 0.36953125 0.140625 0.32578125 0.1484375 0.27890625 0.1703125 0.22734375 0.1734375 0.19453125 0.1578125 0.11484375 0.1625 0.07265625 0.15625 0.00859375 0.15078125 0 0.11953125 0
0 0.26875 0.85546875 0.278125 0.82734375 0.2734375 0.81171875 0.25859375 0.796875 0.24296875 0.79375 0.2234375 0.81015625 0.21875 0.83828125 0.23203125 0.8609375 0.2515625 0.86640625 0.26875 0.85546875
0 0.084375 0.95390625 0.084375 0.99921875 0.125 0.99921875 0.1234375 0.94296875 0.1078125 0.91328125 0.10234375 0.9125 0.084375 0.95390625
0 0.6328125 0.85546875 0.65625 0.83828125 0.659375 0.81796875 0.6546875 0.80234375 0.64296875 0.790625 0.62421875 0.7859375 0.60625 0.79296875 0.5953125 0.81328125 0.59375 0.83046875 0.61171875 0.8515625 0.6328125 0.85546875
0 0.615625 0.44765625 0.6171875 0.50078125 0.6078125 0.59921875 0.615625 0.75390625 0.59375 0.82890625 0.6046875 0.84609375 0.6140625 0.88828125 0.615625 0.99921875 0.64375 0.99921875 0.6453125 0.91015625 0.6578125 0.85546875 0.659375 0.81796875 0.6515625 0.64453125 0.6453125 0.62890625 0.6421875 0.57734375 0.6421875 0.47890625 0.6359375 0.43984375 0.62421875 0.4296875 0.615625 0.44765625
0 0.771875 0.99921875 0.778125 0.82265625 0.7765625 0.55390625 0.7828125 0.46796875 0.77421875 0.24375 0.76171875 0.25625 0.73359375 0.25625 0.728125 0.26171875 0.725 0.75703125 0.725 0.99921875 0.771875 0.99921875
0 0.878125 0.91171875 0.88828125 0.909375 0.8953125 0.92578125 0.9046875 0.68984375 0.9015625 0.33984375 0.86796875 0.3359375 0.85625 0.34296875 0.8546875 0.42109375 0.853125 0.69609375 0.8609375 0.92265625 0.88359375 0.9234375 0.8859375 0.91796875 0.878125 0.91171875
0 0.9671875 0.84609375 0.9765625 0.80078125 1 0.78515625 0.99921875 0.3828125 0.98125 0.42734375 0.978125 0.49453125 0.953125 0.62109375 0.9578125 0.72890625 0.95 0.81015625 0.9546875 0.84453125 0.9671875 0.84609375
0 0.96875 0.83828125 0.98203125 0.8546875 1 0.85859375 0.99921875 0.784375 0.9765625 0.79921875 0.96875 0.81796875 0.96875 0.83828125
0 0.98515625 0.890625 1 0.88984375 0.99921875 0.3828125 0.98125 0.42890625 0.978125 0.49296875 0.9546875 0.60234375 0.95625 0.73515625 0.95 0.81640625 0.953125 0.84453125 0.965625 0.85234375 0.9671875 0.87578125 0.98515625 0.890625
0 0.896875 0.89921875 0.9046875 0.69453125 0.9015625 0.34609375 0.89453125 0.3375 0.86328125 0.3375 0.8578125 0.34296875 0.853125 0.60859375 0.8609375 0.99921875 0.9015625 0.99921875 0.896875 0.89921875