0 0.278125 0.63984375 0.275 0.45546875 0.26484375 0.4421875 0.22890625 0.434375 0.19765625 0.4421875 0.1859375 0.46171875 0.184375 0.62109375 0.18125 0.63203125 0.16484375 0.6390625 0.1484375 0.65859375 0.1375 0.75078125 0.16328125 0.7953125 0.253125 0.80859375 0.30234375 0.79375 0.309375 0.78671875 0.315625 0.76171875 0.315625 0.70234375 0.3078125 0.66796875 0.278125 0.63984375
0 0.00703125 0.3984375 0.0015625 0.40390625 0 0.48359375 0.003125 0.61171875 0.01328125 0.621875 0.059375 0.62109375 0.0859375 0.60703125 0.09375 0.57421875 0.0859375 0.41484375 0.08359375 0.4078125 0.06796875 0.4 0.00703125 0.3984375
0 0 0.74140625 0.0453125 0.75390625 0.128125 0.73828125 0.134375 0.71796875 0.134375 0.64296875 0.1265625 0.61015625 0.090625 0.59765625 0.0953125 0.55390625 0.0890625 0.52578125 0.084375 0.40859375 0.06640625 0.4 0.00859375 0.3984375 0 0.41171875 0 0.74140625
0 0.10390625 0.4140625 0.08984375 0.4109375 0.09375 0.58984375 0.09921875 0.6 0.11953125 0.603125 0.1296875 0.61328125 0.1390625 0.69453125 0.1453125 0.65546875 0.1828125 0.61953125 0.1828125 0.47109375 0.13828125 0.4203125 0.11015625 0.421875 0.10390625 0.4140625
0 0.178125 0.58046875 0.1703125 0.57734375 0.178125 0.56796875 0.1734375 0.56171875 0.178125 0.55390625 0.175 0.52734375 0.1796875 0.51796875 0.1734375 0.51328125 0.178125 0.48671875 0.171875 0.48359375 0.178125 0.47109375 0.13671875 0.425 0.09765625 0.421875 0.0921875 0.50234375 0.0984375 0.58671875 0.1265625 0.60546875 0.1390625 0.64609375 0.16484375 0.63125 0.1765625 0.61328125 0.1703125 0.60703125 0.178125 0.59609375 0.1703125 0.59296875 0.178125 0.58046875
0 0.42421875 0.4421875 0.40859375 0.4421875 0.39609375 0.4328125 0.390625 0.48359375 0.3828125 0.48828125 0.378125 0.51796875 0.390625 0.55390625 0.3953125 0.59296875 0.38046875 0.6 0.36484375 0.5875 0.3296875 0.57578125 0.3265625 0.48984375 0.28671875 0.465625 0.278125 0.46640625 0.2765625 0.48515625 0.2859375 0.52578125 0.28125 0.63203125 0.3109375 0.66640625 0.31875 0.71171875 0.3171875 0.77265625 0.30234375 0.7984375 0.28515625 0.7984375 0.25234375 0.8125 0.18828125 0.80625 0.1578125 0.79609375 0.13046875 0.7453125 0.04921875 0.7578125 0 0.74765625 0.00234375 0.7859375 0.07578125 0.7828125 0.0890625 0.79296875 0.08671875 0.796875 0.10703125 0.8 0.11015625 0.8125 0.14296875 0.815625 0.15234375 0.8265625 0.16953125 0.83125 0.17421875 0.8453125 0.1859375 0.84921875 0.17890625 0.8546875 0.14921875 0.85625 0.225 0.86328125 0.5359375 0.85703125 0.5359375 0.50859375 0.52734375 0.490625 0.46953125 0.4796875 0.43203125 0.4609375 0.42421875 0.4421875
0 0.071875 0.99921875 0.31484375 0.9359375 0.46796875 0.875 0.4765625 0.86484375 0.00078125 0.8640625 0 0.99921875 0.071875 0.99921875
0 0.65703125 0.603125 0.62890625 0.603125 0.61796875 0.6171875 0.5640625 0.62109375 0.57265625 0.7015625 0.64296875 0.6984375 0.6890625 0.70859375 0.7046875 0.68359375 0.703125 0.65078125 0.6671875 0.62578125 0.6609375 0.61015625 0.6546875 0.61171875 0.65703125 0.603125
0 0.54375 0.60078125 0.55234375 0.615625 0.5890625 0.61796875 0.61015625 0.6171875 0.6234375 0.60234375 0.6234375 0.48515625 0.55234375 0.48125 0.546875 0.48359375 0.54375 0.60078125
0 0.759375 0.33671875 0.75234375 0.33125 0.63359375 0.33125 0.6328125 0.54609375 0.75625 0.54921875 0.759375 0.33671875
0 0.7640625 0.18515625 0.75859375 0.171875 0.73984375 0.1671875 0.71015625 0.184375 0.68984375 0.178125 0.6671875 0.19609375 0.6453125 0.24765625 0.6421875 0.32734375 0.7453125 0.33046875 0.7640625 0.32578125 0.771875 0.23984375 0.75703125 0.21875 0.7390625 0.22421875 0.7375 0.21484375 0.7640625 0.18515625
0 0.890625 0.57109375 0.91328125 0.5703125 0.915625 0.56484375 0.9140625 0.35390625 0.76796875 0.3515625 0.7671875 0.56953125 0.890625 0.57109375
0 0.8953125 0.74921875 0.97421875 0.7484375 0.9796875 0.73671875 0.978125 0.71171875 0.83515625 0.675 0.8328125 0.74609375 0.8953125 0.74921875
0 0.7390625 0.61953125 0.73984375 0.675 0.76171875 0.6765625 0.80234375 0.7 0.828125 0.70546875 0.8296875 0.68203125 0.81875 0.67890625 0.8328125 0.67265625 0.82890625 0.6171875 0.77734375 0.6109375 0.7390625 0.61953125
0 0.184375 0.34765625 0.190625 0.34765625 0.215625 0.32421875 0.22421875 0.2734375 0.16953125 0.275 0.1609375 0.28359375 0.1625 0.31171875 0.184375 0.34765625
0 0.29296875 0.2265625 0.284375 0.24921875 0.2890625 0.26796875 0.30078125 0.2765625 0.3515625 0.29140625 0.3625 0.28359375 0.3609375 0.25234375 0.33984375 0.2421875 0.32734375 0.21875 0.31015625 0.2171875 0.29296875 0.2265625
0 0.0015625 0.31171875 0.01484375 0.35625 0.02421875 0.346875 0.0546875 0.36484375 0.06640625 0.3921875 0.0875 0.39296875 0.08828125 0.3125 0.05078125 0.315625 0.03046875 0.3015625 0.021875 0.30546875 0.01953125 0.3171875 0.0015625 0.31171875
0 0.559375 0.22890625 0.5484375 0.22265625 0.5578125 0.21640625 0.55546875 0.2125 0.54375 0.21640625 0.5359375 0.26171875 0.53046875 0.2640625 0.525 0.25078125 0.51640625 0.2484375 0.4890625 0.28359375 0.4828125 0.31171875 0.48671875 0.321875 0.4953125 0.32265625 0.54296875 0.3171875 0.5609375 0.30703125 0.55625 0.26484375 0.5625 0.26171875 0.5640625 0.24296875 0.559375 0.22890625
0 0.5671875 0.29921875 0.5734375 0.29921875 0.59375 0.26796875 0.59375 0.25859375 0.57421875 0.23125 0.565625 0.25078125 0.565625 0.29140625 0.5671875 0.29921875
0 0.59609375 0.35625 0.56796875 0.359375 0.559375 0.37890625 0.5578125 0.40390625 0.5640625 0.42578125 0.56953125 0.43125 0.584375 0.43046875 0.59296875 0.41875 0.59296875 0.425 0.6015625 0.42421875 0.6046875 0.40703125 0.6046875 0.36953125 0.59609375 0.35625
0 0.540625 0.39296875 0.54375 0.36015625 0.52265625 0.346875 0.5109375 0.36171875 0.5078125 0.38671875 0.51484375 0.39375 0.540625 0.39296875
0 1 0.24921875 0.95859375 0.2484375 0.95625 0.35234375 0.96015625 0.3578125 1 0.35703125 1 0.24921875
0 0.97578125 0.6296875 0.834375 0.63046875 0.83515625 0.675 0.95234375 0.7046875 0.9765625 0.70546875 0.97578125 0.6296875