0 0.96953125 0.44375 0.9765625 0.43828125 0.9796875 0.41328125 0.975 0.39453125 0.9625 0.38828125 0.95625 0.39921875 0.95625 0.42578125 0.9625 0.44140625 0.96953125 0.44375
0 0.4328125 0.35390625 0.4390625 0.37734375 0.4625 0.39921875 0.45625 0.47265625 0.4625 0.56015625 0.45625 0.56796875 0.46796875 0.6015625 0.53671875 0.5984375 0.57890625 0.578125 0.60546875 0.578125 0.64296875 0.5359375 0.66484375 0.559375 0.69765625 0.5640625 0.73203125 0.55625 0.74453125 0.534375 0.7890625 0.51484375 0.7984375 0.42265625 0.81171875 0.4125 0.82890625 0.409375 0.84296875 0.3953125 0.8515625 0.41640625 0.8515625 0.44921875 0.840625 0.46953125 0.840625 0.48671875 0.853125 0.55859375 0.859375 0.55703125 0.86171875 0.5703125 0.87265625 0.559375 0.88515625 0.559375 0.90078125 0.5359375 0.93515625 0.5171875 0.94453125 0.521875 0.95234375 0.515625 0.98828125 0.5109375 0.9984375 0.50234375 1 0.26015625 0.99140625 0.2515625 0.96484375 0.2625 0.95234375 0.2609375 0.94921875 0.2703125 0.94296875 0.2640625 0.93671875 0.2703125 0.92265625 0.2671875 0.90859375 0.2734375 0.91015625 0.278125 0.87109375 0.2859375 0.83203125 0.2828125 0.82265625 0.2875 0.81640625 0.28125 0.79765625 0.28125 0.78125 0.29609375 0.77578125 0.325 0.7734375 0.21484375 0.76484375 0.20625 0.70625 0.19140625 0.63046875 0.203125 0.6203125 0.21328125 0.6015625 0.25859375 0.6078125 0.26484375 0.61015625 0.3421875 0.6046875 0.33671875 0.6015625 0.29765625 0.58984375 0.2578125 0.49765625 0.24375 0.44609375 0.25625 0.4359375 0.26640625 0.4328125 0.35390625
0 0.8421875 0.06953125 0.83359375 0.0609375 0.82265625 0.065625 0.81796875 0.0609375 0.80703125 0.06875 0.803125 0.05703125 0.8140625 0.05390625 0.81328125 0.0453125 0.7859375 0.05234375 0.78359375 0.059375 0.8015625 0.06015625 0.79375 0.07890625 0.796875 0.08984375 0.79140625 0.0984375 0.7859375 0.09453125 0.7859375 0.11328125 0.79453125 0.10625 0.7953125 0.11796875 0.78125 0.12421875 0.796875 0.13203125 0.7859375 0.14296875 0.796875 0.14921875 0.78359375 0.1546875 0.775 0.15078125 0.77109375 0.196875 0.7671875 0.18671875 0.7671875 0.20390625 0.778125 0.21328125 0.78125 0.22890625 0.78515625 0.290625 0.81015625 0.28125 0.86328125 0.284375 0.88203125 0.2765625 0.91640625 0.2765625 0.93359375 0.26875 0.93515625 0.2609375 0.95234375 0.25625 0.95703125 0.259375 0.96015625 0.2546875 0.96328125 0.2609375 0.96796875 0.253125 0.97734375 0.253125 0.97890625 0.259375 0.98359375 0.2515625 0.98828125 0.259375 0.9984375 0.25546875 1 0.05390625 0.99375 0.04453125 0.99140625 0.053125 0.98125 0.05390625 0.9859375 0.05703125 0.98359375 0.075 0.97578125 0.06875 0.96328125 0.075 0.95234375 0.0671875 0.94921875 0.0734375 0.93359375 0.0765625 0.85390625 0.078125 0.83984375 0.075 0.8421875 0.06953125
0 0.71484375 0.1890625 0.76328125 0.2015625 0.78359375 0.2140625 0.7984375 0.17265625 0.790625 0.10859375 0.78203125 0.0921875 0.7703125 0.08984375 0.7671875 0.08046875 0.7734375 0.07734375 0.7625 0.07421875 0.76484375 0.0671875 0.73984375 0.0671875 0.73359375 0.05625 0.71875 0.05703125 0.625 0.08984375 0.6375 0.09296875 0.6328125 0.10546875 0.6375 0.12109375 0.65234375 0.1265625 0.6578125 0.13515625 0.6578125 0.14609375 0.6375 0.16796875 0.6296875 0.18359375 0.6328125 0.19140625 0.625 0.19609375 0.71484375 0.1890625
0 0.50234375 0.271875 0.50078125 0.278125 0.52421875 0.2890625 0.55859375 0.2859375 0.5828125 0.28984375 0.57734375 0.29375 0.58984375 0.2890625 0.5984375 0.29296875 0.59296875 0.2484375 0.56640625 0.25 0.54921875 0.2421875 0.4921875 0.23515625 0.47265625 0.2453125 0.45859375 0.2453125 0.43203125 0.2625 0.434375 0.26953125 0.4265625 0.27734375 0.4328125 0.28046875 0.4328125 0.28984375 0.45390625 0.28125 0.47421875 0.2859375 0.48828125 0.278125 0.48671875 0.2734375 0.50234375 0.271875
0 0.5515625 0.21796875 0.5359375 0.23046875 0.540625 0.23828125 0.534375 0.24296875 0.59453125 0.25625 0.62421875 0.2046875 0.671875 0.19296875 0.66796875 0.1859375 0.621875 0.17734375 0.55234375 0.20625 0.5515625 0.21796875
0 0.4546875 0.39765625 0.44140625 0.3828125 0.4125 0.38203125 0.38984375 0.3828125 0.3765625 0.39765625 0.3765625 0.51640625 0.45234375 0.5171875 0.4546875 0.39765625
0 0.29375 0.34140625 0.30546875 0.35625 0.34609375 0.378125 0.37109375 0.3828125 0.4359375 0.37890625 0.42734375 0.3 0.34453125 0.3 0.32578125 0.2890625 0.309375 0.28984375 0.2921875 0.32109375 0.29375 0.34140625
0 0.1921875 0.65078125 0.19375 0.66953125 0.20390625 0.6796875 0.23125 0.68203125 0.2265625 0.68515625 0.23125 0.69296875 0.225 0.69765625 0.2234375 0.76484375 0.225 0.77265625 0.2359375 0.77734375 0.23515625 0.78125 0.22734375 0.7765625 0.22421875 0.784375 0.19921875 0.7796875 0.1984375 0.79140625 0.18828125 0.7953125 0.18046875 0.8078125 0.16171875 0.809375 0.15234375 0.7296875 0.15390625 0.8484375 0.18828125 0.85 0.19765625 0.840625 0.23046875 0.83125 0.26796875 0.8359375 0.27734375 0.8265625 0.29140625 0.828125 0.29296875 0.81875 0.3015625 0.82265625 0.30546875 0.8421875 0.315625 0.81953125 0.3375 0.79609375 0.3546875 0.74765625 0.3578125 0.68203125 0.36875 0.66484375 0.375 0.50859375 0.3734375 0.40703125 0.35703125 0.4046875 0.35234375 0.396875 0.34453125 0.4 0.346875 0.39609375 0.3359375 0.38984375 0.3265625 0.43203125 0.30859375 0.459375 0.2453125 0.47734375 0.240625 0.54453125 0.215625 0.56328125 0.2046875 0.60703125 0.1515625 0.61015625 0.15234375 0.69375 0.1609375 0.69296875 0.165625 0.66796875 0.18203125 0.6453125 0.1921875 0.65078125
0 0.2421875 0.44140625 0.21015625 0.421875 0.159375 0.41796875 0.103125 0.42890625 0.0984375 0.51796875 0.11328125 0.5375 0.13125 0.54296875 0.1359375 0.58984375 0.14453125 0.5984375 0.19921875 0.6078125 0.2078125 0.59296875 0.2140625 0.55234375 0.23359375 0.546875 0.240625 0.53828125 0.2421875 0.44140625
0 0.278125 0.46171875 0.28515625 0.4640625 0.30390625 0.4609375 0.32265625 0.4484375 0.3328125 0.41953125 0.3328125 0.37890625 0.296875 0.35859375 0.2875 0.41015625 0.2890625 0.45078125 0.278125 0.46171875
0 0.178125 0.32265625 0.1671875 0.35234375 0.16875 0.36484375 0.20234375 0.390625 0.23984375 0.3984375 0.2578125 0.34609375 0.25625 0.33359375 0.22109375 0.3109375 0.1734375 0.29609375 0.16875 0.29765625 0.178125 0.32265625
0 0.19453125 0.2796875 0.1953125 0.22890625 0.1890625 0.22578125 0.08984375 0.253125 0.06328125 0.2734375 0.00234375 0.29375 0 0.33984375 0.02109375 0.3296875 0.02109375 0.3234375 0.03359375 0.325 0.17265625 0.2890625 0.16796875 0.265625 0.18359375 0.2703125 0.18359375 0.2796875 0.19453125 0.2796875
0 0.8375 0.68828125 0.82578125 0.6703125 0.8125 0.66484375 0.79140625 0.665625 0.7796875 0.68828125 0.7796875 0.71328125 0.7734375 0.72421875 0.78515625 0.728125 0.784375 0.74140625 0.79609375 0.746875 0.80859375 0.7453125 0.81484375 0.73125 0.83359375 0.728125 0.8390625 0.71953125 0.8375 0.68828125
0 0.909375 0.62109375 0.909375 0.68359375 0.92578125 0.6890625 0.95546875 0.684375 0.96640625 0.696875 0.97421875 0.696875 0.9796875 0.67734375 0.975 0.65390625 0.94375 0.63359375 0.93671875 0.6125 0.9203125 0.61171875 0.909375 0.62109375
0 0.6171875 0.73046875 0.6171875 0.74140625 0.65859375 0.7578125 0.66953125 0.775 0.69453125 0.778125 0.70703125 0.7734375 0.715625 0.75390625 0.7109375 0.73046875 0.64375 0.70078125 0.6296875 0.72265625 0.6171875 0.73046875
0 0.4875 0.70546875 0.46953125 0.690625 0.421875 0.68828125 0.396875 0.68984375 0.3984375 0.71328125 0.42578125 0.7515625 0.44375 0.73515625 0.4515625 0.78203125 0.46796875 0.7890625 0.4734375 0.76484375 0.4890625 0.76328125 0.49375 0.73828125 0.50078125 0.740625 0.5015625 0.73359375 0.4875 0.70546875
0 0.74453125 0.778125 0.734375 0.78046875 0.740625 0.77265625 0.73515625 0.7703125 0.72109375 0.7953125 0.58203125 0.771875 0.575 0.79296875 0.56640625 0.8 0.3140625 0.85078125 0.3375 0.86171875 0.34375 0.89921875 0.35703125 0.8984375 0.36015625 0.9078125 0.36796875 0.8921875 0.37578125 0.9140625 0.38359375 0.90625 0.39140625 0.915625 0.39921875 0.9078125 0.40390625 0.9140625 0.41484375 0.9078125 0.42109375 0.915625 0.43046875 0.9078125 0.43828125 0.915625 0.54453125 0.9140625 0.54765625 0.9296875 0.55234375 0.925 0.5640625 0.93203125 0.56328125 0.9453125 0.57109375 0.93125 0.58359375 0.9328125 0.58671875 0.9234375 0.59609375 0.9296875 0.60703125 0.91875 0.61171875 0.9296875 0.61953125 0.915625 0.62578125 0.9296875 0.63359375 0.921875 0.64453125 0.9296875 0.65078125 0.915625 0.66015625 0.9296875 0.6640625 0.91640625 0.67265625 0.915625 0.6796875 0.93515625 0.6734375 0.94140625 0.68671875 0.9453125 0.71171875 0.940625 0.7109375 0.93203125 0.72578125 0.925 0.82265625 0.9265625 0.96015625 0.909375 0.99765625 0.9109375 1 0.77421875 0.984375 0.76796875 1 0.76328125 0.97890625 0.759375 0.96484375 0.7625 0.9671875 0.76796875 0.96015625 0.771875 0.94296875 0.7703125 0.9375 0.76796875 0.9359375 0.75234375 0.99921875 0.7484375 0.98671875 0.7375 0.9734375 0.73671875 0.99609375 0.7359375 1 0.72734375 0.946875 0.72734375 0.83984375 0.746875 0.846875 0.75234375 0.8453125 0.76484375 0.8515625 0.77578125 0.8484375 0.81484375 0.83515625 0.825 0.80078125 0.8265625 0.78203125 0.8484375 0.76171875 0.846875 0.7484375 0.83046875 0.7484375 0.78671875 0.74453125 0.778125
0 0.2828125 0.95859375 0.28515625 0.9453125 0.290625 0.95234375 0.2875 0.95703125 0.29765625 0.9640625 0.30859375 0.9578125 0.31328125 0.965625 0.32421875 0.9578125 0.32890625 0.965625 0.33359375 0.9578125 0.34140625 0.9578125 0.34453125 0.9671875 0.34765625 0.959375 0.36015625 0.959375 0.3625 0.93984375 0.346875 0.93515625 0.36171875 0.934375 0.3609375 0.92109375 0.37734375 0.9203125 0.384375 0.90859375 0.3765625 0.90546875 0.39375 0.90078125 0.36796875 0.9 0.3734375 0.90546875 0.365625 0.90859375 0.36484375 0.915625 0.3625 0.90078125 0.35078125 0.9 0.34609375 0.884375 0.33359375 0.8921875 0.3265625 0.88984375 0.33046875 0.8828125 0.30859375 0.8828125 0.32109375 0.8703125 0.32578125 0.875 0.33125 0.86953125 0.30703125 0.86875 0.303125 0.86171875 0.3359375 0.85390625 0.3125 0.84921875 0.14921875 0.8796875 0.146875 0.99453125 0.15625 0.98828125 0.1515625 0.97890625 0.16015625 0.975 0.23515625 0.975 0.23984375 0.965625 0.24765625 0.965625 0.25078125 0.9765625 0.26640625 0.9734375 0.27734375 0.95625 0.2828125 0.95859375
0 0.52421875 0.971875 0.509375 0.96796875 0.5359375 0.95703125 0.5203125 0.95234375 0.534375 0.94921875 0.534375 0.93984375 0.528125 0.93671875 0.5359375 0.93203125 0.53359375 0.9 0.48984375 0.89375 0.425 0.89453125 0.37890625 0.896875 0.36015625 0.90625 0.35546875 0.9015625 0.353125 0.90546875 0.359375 0.90859375 0.35234375 0.9140625 0.34765625 0.9046875 0.3359375 0.92890625 0.34375 0.97109375 0.37578125 0.9765625 0.50859375 0.975 0.52421875 0.971875