0 0.69765625 0.79375 0.746875 0.80859375 0.83671875 0.7953125 0.8625 0.75078125 0.8515625 0.65859375 0.83515625 0.6390625 0.81875 0.63203125 0.815625 0.62109375 0.8140625 0.46171875 0.80234375 0.4421875 0.77109375 0.434375 0.73515625 0.4421875 0.725 0.45546875 0.721875 0.63984375 0.6921875 0.66796875 0.684375 0.70234375 0.684375 0.76171875 0.690625 0.78671875 0.69765625 0.79375
0 0.9140625 0.60703125 0.940625 0.62109375 0.98671875 0.621875 0.996875 0.61171875 1 0.48359375 0.9984375 0.40390625 0.99296875 0.3984375 0.93203125 0.4 0.91640625 0.4078125 0.9140625 0.41484375 0.90625 0.57421875 0.9140625 0.60703125
0 1 0.41171875 0.99140625 0.3984375 0.93359375 0.4 0.915625 0.40859375 0.9109375 0.52578125 0.9046875 0.55390625 0.909375 0.59765625 0.8734375 0.61015625 0.865625 0.64296875 0.865625 0.71796875 0.871875 0.73828125 0.9546875 0.75390625 1 0.74140625 1 0.41171875
0 0.8546875 0.65546875 0.8609375 0.69453125 0.8703125 0.61328125 0.88046875 0.603125 0.90078125 0.6 0.90625 0.58984375 0.91015625 0.4109375 0.89609375 0.4140625 0.88984375 0.421875 0.86171875 0.4203125 0.8171875 0.47109375 0.8171875 0.61953125 0.8546875 0.65546875
0 0.83515625 0.63125 0.8609375 0.64609375 0.8734375 0.60546875 0.9015625 0.58671875 0.9078125 0.50234375 0.90234375 0.421875 0.86328125 0.425 0.821875 0.47109375 0.828125 0.48359375 0.821875 0.48671875 0.8265625 0.51328125 0.8203125 0.51796875 0.825 0.52734375 0.821875 0.55390625 0.8265625 0.56171875 0.821875 0.56796875 0.8296875 0.57734375 0.821875 0.58046875 0.8296875 0.59296875 0.821875 0.59609375 0.8296875 0.60703125 0.8234375 0.61328125 0.83515625 0.63125
0 0.4640625 0.85703125 0.775 0.86328125 0.85078125 0.85625 0.82109375 0.8546875 0.8140625 0.84921875 0.82578125 0.8453125 0.83046875 0.83125 0.84765625 0.8265625 0.85703125 0.815625 0.88984375 0.8125 0.89296875 0.8 0.91328125 0.796875 0.9109375 0.79296875 0.92421875 0.7828125 0.99765625 0.7859375 1 0.74765625 0.95078125 0.7578125 0.86953125 0.7453125 0.8421875 0.79609375 0.81171875 0.80625 0.74765625 0.8125 0.71484375 0.7984375 0.69765625 0.7984375 0.6828125 0.77265625 0.68125 0.71171875 0.6890625 0.66640625 0.71875 0.63203125 0.7140625 0.52578125 0.7234375 0.48515625 0.721875 0.46640625 0.71328125 0.465625 0.6734375 0.48984375 0.6703125 0.57578125 0.63515625 0.5875 0.61953125 0.6 0.6046875 0.59296875 0.609375 0.55390625 0.621875 0.51796875 0.6171875 0.48828125 0.609375 0.48359375 0.60390625 0.4328125 0.59140625 0.4421875 0.57578125 0.4421875 0.56796875 0.4609375 0.53046875 0.4796875 0.47265625 0.490625 0.4640625 0.50859375 0.4640625 0.85703125
0 0.68515625 0.9359375 0.928125 0.99921875 1 0.99921875 0.99921875 0.8640625 0.5234375 0.86484375 0.53203125 0.875 0.68515625 0.9359375
0 0.2953125 0.68359375 0.3109375 0.70859375 0.35703125 0.6984375 0.42734375 0.7015625 0.4359375 0.62109375 0.38203125 0.6171875 0.37109375 0.603125 0.34296875 0.603125 0.3453125 0.61171875 0.3390625 0.61015625 0.3328125 0.62578125 0.296875 0.65078125 0.2953125 0.68359375
0 0.38984375 0.6171875 0.4109375 0.61796875 0.44765625 0.615625 0.45625 0.60078125 0.453125 0.48359375 0.44765625 0.48125 0.3765625 0.48515625 0.3765625 0.60234375 0.38984375 0.6171875
0 0.240625 0.33671875 0.24375 0.54921875 0.3671875 0.54609375 0.36640625 0.33125 0.24765625 0.33125 0.240625 0.33671875
0 0.2359375 0.32578125 0.2546875 0.33046875 0.3578125 0.32734375 0.3546875 0.24765625 0.3328125 0.19609375 0.31015625 0.178125 0.28984375 0.184375 0.26015625 0.1671875 0.24140625 0.171875 0.2359375 0.18515625 0.2625 0.21484375 0.2609375 0.22421875 0.24296875 0.21875 0.228125 0.23984375 0.2359375 0.32578125
0 0.08671875 0.5703125 0.109375 0.57109375 0.2328125 0.56953125 0.23203125 0.3515625 0.0859375 0.35390625 0.084375 0.56484375 0.08671875 0.5703125
0 0.02578125 0.7484375 0.1046875 0.74921875 0.1671875 0.74609375 0.16484375 0.675 0.021875 0.71171875 0.0203125 0.73671875 0.02578125 0.7484375
0 0.1703125 0.68203125 0.171875 0.70546875 0.19765625 0.7 0.23828125 0.6765625 0.26015625 0.675 0.2609375 0.61953125 0.22265625 0.6109375 0.17109375 0.6171875 0.1671875 0.67265625 0.18125 0.67890625 0.1703125 0.68203125
0 0.784375 0.32421875 0.809375 0.34765625 0.815625 0.34765625 0.8375 0.31171875 0.8390625 0.28359375 0.83046875 0.275 0.77578125 0.2734375 0.784375 0.32421875
0 0.6375 0.28359375 0.6484375 0.29140625 0.69921875 0.2765625 0.7109375 0.26796875 0.715625 0.24921875 0.70703125 0.2265625 0.68984375 0.2171875 0.67265625 0.21875 0.66015625 0.2421875 0.6390625 0.25234375 0.6375 0.28359375
0 0.91171875 0.3125 0.9125 0.39296875 0.93359375 0.3921875 0.9453125 0.36484375 0.97578125 0.346875 0.98515625 0.35625 0.9984375 0.31171875 0.98046875 0.3171875 0.978125 0.30546875 0.96953125 0.3015625 0.94921875 0.315625 0.91171875 0.3125
0 0.45703125 0.3171875 0.5046875 0.32265625 0.51328125 0.321875 0.5171875 0.31171875 0.5109375 0.28359375 0.48359375 0.2484375 0.475 0.25078125 0.46953125 0.2640625 0.4640625 0.26171875 0.45625 0.21640625 0.44453125 0.2125 0.4421875 0.21640625 0.4515625 0.22265625 0.440625 0.22890625 0.4359375 0.24296875 0.4375 0.26171875 0.44375 0.26484375 0.4390625 0.30703125 0.45703125 0.3171875
0 0.40625 0.26796875 0.4265625 0.29921875 0.4328125 0.29921875 0.434375 0.29140625 0.434375 0.25078125 0.42578125 0.23125 0.40625 0.25859375 0.40625 0.26796875
0 0.40703125 0.41875 0.415625 0.43046875 0.43046875 0.43125 0.4359375 0.42578125 0.4421875 0.40390625 0.440625 0.37890625 0.43203125 0.359375 0.40390625 0.35625 0.3953125 0.36953125 0.3953125 0.40703125 0.3984375 0.42421875 0.40703125 0.425 0.40703125 0.41875
0 0.45625 0.36015625 0.459375 0.39296875 0.48515625 0.39375 0.4921875 0.38671875 0.4890625 0.36171875 0.47734375 0.346875 0.45625 0.36015625
0 0 0.35703125 0.03984375 0.3578125 0.04375 0.35234375 0.04140625 0.2484375 0 0.24921875 0 0.35703125
0 0.02421875 0.6296875 0.0234375 0.70546875 0.04765625 0.7046875 0.16484375 0.675 0.165625 0.63046875 0.02421875 0.6296875