0 0.5828125 0.58515625 0.5765625 0.57734375 0.57734375 0.5453125 0.49765625 0.5421875 0.4828125 0.55390625 0.4859375 0.57734375 0.4921875 0.57421875 0.48984375 0.5828125 0.43203125 0.5765625 0.40859375 0.6 0.39609375 0.6 0.38984375 0.5859375 0.3796875 0.59453125 0.3828125 0.56953125 0.37109375 0.553125 0.35703125 0.5453125 0.31796875 0.5453125 0.303125 0.55234375 0.2890625 0.57890625 0.30078125 0.728125 0.48203125 0.728125 0.5 0.73203125 0.49140625 0.740625 0.5078125 0.73984375 0.52265625 0.7296875 0.61640625 0.7265625 0.6296875 0.72109375 0.640625 0.65859375 0.6328125 0.60703125 0.62109375 0.6 0.51796875 0.60625 0.5109375 0.59453125 0.57265625 0.596875 0.5828125 0.58515625
0 0 0.98515625 0.00234375 1 0.11875 0.99921875 0.1203125 0.95859375 0.128125 0.96015625 0.13125 0.93046875 0.1328125 0.88515625 0.1265625 0.87109375 0.1328125 0.86328125 0.1265625 0.85859375 0.1265625 0.84296875 0.1171875 0.83828125 0.1171875 0.82421875 0.12265625 0.815625 0.1265625 0.83046875 0.1265625 0.80546875 0.13515625 0.80625 0.1375 0.80078125 0.1171875 0.79296875 0.11953125 0.784375 0.128125 0.78828125 0.128125 0.76171875 0.1359375 0.76015625 0.128125 0.74921875 0.1359375 0.73515625 0.121875 0.73046875 0.1265625 0.66796875 0.1203125 0.57265625 0.125 0.54609375 0.08515625 0.5359375 0.06640625 0.5421875 0.04375 0.56015625 0.0359375 0.59921875 0.0328125 0.71953125 0.02421875 0.728125 0 0.73203125 0 0.98515625
0 0.36484375 0.7328125 0.17578125 0.728125 0.12265625 0.7296875 0.109375 0.73515625 0.1015625 0.75390625 0.1015625 0.76328125 0.109375 0.76953125 0.1078125 0.79296875 0.1015625 0.80078125 0.1078125 0.80078125 0.10625 0.83203125 0.1125 0.84765625 0.12265625 0.8546875 0.15078125 0.8484375 0.18046875 0.8625 0.18828125 0.8546875 0.19296875 0.8625 0.19921875 0.853125 0.21640625 0.8546875 0.21796875 0.8609375 0.23203125 0.8625 0.2375 0.87109375 0.25703125 0.8609375 0.29453125 0.8609375 0.30234375 0.8515625 0.31015625 0.8515625 0.3109375 0.85859375 0.31875 0.86171875 0.321875 0.81953125 0.359375 0.78359375 0.3515625 0.74921875 0.36484375 0.7328125
0 0.66328125 0.7328125 0.6671875 0.73828125 0.66171875 0.740625 0.65234375 0.7328125 0.65234375 0.753125 0.66015625 0.7421875 0.67109375 0.7578125 0.68046875 0.7515625 0.6859375 0.75859375 0.6703125 0.76796875 0.66796875 0.778125 0.659375 0.77890625 0.65546875 0.7609375 0.6484375 0.76484375 0.64765625 0.778125 0.6390625 0.76796875 0.6171875 0.79921875 0.61640625 0.83125 0.609375 0.82890625 0.6078125 0.79296875 0.6 0.81640625 0.603125 0.84453125 0.5984375 0.84921875 0.6046875 0.87578125 0.596875 0.88203125 0.5984375 0.94765625 0.63125 0.95390625 0.6328125 0.98515625 0.6265625 0.98828125 0.62421875 0.95625 0.621875 0.97578125 0.60859375 0.975 0.603125 0.98046875 0.60625 0.98984375 0.59296875 0.9890625 0.5921875 0.99609375 0.7671875 0.99921875 0.7625 0.81171875 0.75390625 0.796875 0.74921875 0.8078125 0.7421875 0.79140625 0.7421875 0.74140625 0.72578125 0.73125 0.69921875 0.7375 0.67890625 0.734375 0.67578125 0.7390625 0.66328125 0.7328125
0 0.665625 0.39921875 0.6625 0.35859375 0.6828125 0.33046875 0.634375 0.27421875 0.62421875 0.23125 0.61875 0.23984375 0.625 0.23828125 0.62421875 0.25 0.60390625 0.2515625 0.56015625 0.278125 0.5453125 0.29453125 0.553125 0.33359375 0.5671875 0.35078125 0.56484375 0.371875 0.5609375 0.36328125 0.5609375 0.40859375 0.56875 0.40859375 0.5703125 0.42890625 0.5609375 0.43203125 0.5609375 0.44921875 0.57734375 0.4578125 0.58515625 0.4546875 0.5953125 0.46796875 0.59609375 0.4625 0.60859375 0.4640625 0.61171875 0.4546875 0.61796875 0.4609375 0.62578125 0.4546875 0.64296875 0.4625 0.6546875 0.46015625 0.6546875 0.42890625 0.6609375 0.42421875 0.665625 0.39921875
0 0.10625 0.20859375 0.16953125 0.2046875 0.18203125 0.1765625 0.21328125 0.1734375 0.21875 0.18203125 0.21875 0.21015625 0.22734375 0.21875 0.2703125 0.22109375 0.2765625 0.21484375 0.278125 0.19296875 0.3 0.13046875 0.3 0.02421875 0.2921875 0.00390625 0.12265625 0 0.090625 0.07578125 0.0875 0.16640625 0.1015625 0.18515625 0.10625 0.20859375
0 0.3125 0.31640625 0.30546875 0.2953125 0.27890625 0.2890625 0.2734375 0.29453125 0.271875 0.33828125 0.27734375 0.3453125 0.2890625 0.34453125 0.3078125 0.33828125 0.3125 0.31640625
0 0.59453125 0.8421875 0.56953125 0.8390625 0.5609375 0.87421875 0.57578125 0.8875 0.5859375 0.88828125 0.60625 0.87578125 0.6046875 0.85390625 0.59453125 0.8421875
0 0.396875 0.95078125 0.3890625 0.93671875 0.37265625 0.925 0.35 0.95546875 0.3484375 0.97890625 0.35859375 0.9875 0.38125 0.98828125 0.3953125 0.97734375 0.396875 0.95078125
0 0.0609375 0.39453125 0.0609375 0.37109375 0.04453125 0.3578125 0.021875 0.36953125 0.009375 0.39609375 0.01484375 0.4203125 0.0375 0.42265625 0.0546875 0.40859375 0.0609375 0.39453125
0 0.21640625 0.5921875 0.203125 0.60390625 0.2 0.63203125 0.20703125 0.64375 0.225 0.64296875 0.2359375 0.63203125 0.2359375 0.60546875 0.21640625 0.5921875
0 0.2921875 0.55234375 0.26484375 0.54375 0.12578125 0.5453125 0.125 0.72578125 0.290625 0.72734375 0.296875 0.72109375 0.2890625 0.61484375 0.2921875 0.55234375
0 0.7671875 0.99921875 0.7703125 0.53359375 0.7640625 0.00078125 0.00078125 0 0 0.99921875 0.7671875 0.99921875