0 0.9375 0.67421875 0.9328125 0.57578125 0.9359375 0.38515625 0.9265625 0.27734375 0.934375 0.21953125 0.946875 0.18359375 0.94375 0.14921875 0.92109375 0.140625 0.9125 0.12578125 0.9203125 0.06796875 0.909375 0.03359375 0.9109375 0.00078125 0.88671875 0 0.87578125 0.0015625 0.86875 0.01015625 0.878125 0.03203125 0.8734375 0.04609375 0.8765625 0.10546875 0.871875 0.13671875 0.859375 0.15390625 0.859375 0.16328125 0.8734375 0.17734375 0.8828125 0.20078125 0.8828125 0.21328125 0.8796875 0.23359375 0.8625 0.23828125 0.8609375 0.26171875 0.8796875 0.34140625 0.8765625 0.36640625 0.8953125 0.43359375 0.8828125 0.47421875 0.890625 0.49453125 0.8953125 0.56953125 0.8828125 0.59609375 0.8890625 0.72578125 0.8828125 0.78671875 0.8765625 0.79609375 0.884375 0.82578125 0.8796875 0.99921875 0.9109375 0.99921875 0.9140625 0.96484375 0.93125 0.93984375 0.925 0.90703125 0.9328125 0.86015625 0.91875 0.80859375 0.9375 0.67421875
0 0.7234375 0.41484375 0.728125 0.35859375 0.7234375 0.17578125 0.7125 0.08515625 0.7046875 0.06953125 0.7078125 0.00078125 0.67734375 0 0.6734375 0.06640625 0.678125 0.12265625 0.671875 0.19453125 0.6703125 0.20859375 0.65625 0.22578125 0.665625 0.36640625 0.6640625 0.53984375 0.671875 0.56171875 0.6734375 0.61015625 0.68125 0.63828125 0.6765625 0.70546875 0.6890625 0.77265625 0.6875 0.87578125 0.70234375 0.8875 0.70859375 0.878125 0.7078125 0.88359375 0.71484375 0.8828125 0.721875 0.89140625 0.721875 0.73046875 0.728125 0.71796875 0.728125 0.66640625 0.721875 0.63984375 0.7328125 0.52265625 0.7234375 0.41484375
0 0.10703125 0.9625 0.0984375 0.96015625 0.090625 0.89609375 0.0984375 0.88203125 0.1171875 0.86796875 0.1234375 0.74921875 0.103125 0.67578125 0.0828125 0.63984375 0.1 0.58515625 0.0984375 0.52890625 0.10625 0.48984375 0.10625 0.46015625 0.0828125 0.41640625 0.0921875 0.38203125 0.090625 0.34921875 0.1 0.31953125 0.1015625 0.27109375 0.0859375 0.23828125 0.084375 0.19765625 0.0765625 0.18203125 0.0859375 0.15703125 0.08046875 0.1546875 0.078125 0.16953125 0.07109375 0.1703125 0.06484375 0.1578125 0.03984375 0.15625 0.03984375 0.1625 0.0625 0.16484375 0.0359375 0.17109375 0.040625 0.33671875 0.03125 0.37734375 0.0296875 0.42578125 0.0375 0.59765625 0.025 0.70234375 0.028125 0.77578125 0.015625 0.84609375 0.034375 0.90078125 0.0328125 0.96328125 0.04375 0.99921875 0.103125 0.99921875 0.1140625 0.99296875 0.115625 0.96953125 0.11015625 0.95 0.1 0.95390625 0.109375 0.95703125 0.10703125 0.9625
0 0.4921875 0.81796875 0.4828125 0.80859375 0.4890625 0.80078125 0.4765625 0.79765625 0.4875 0.76953125 0.4796875 0.74140625 0.490625 0.67890625 0.490625 0.65859375 0.478125 0.63984375 0.478125 0.57734375 0.4828125 0.57421875 0.478125 0.56953125 0.4875 0.55859375 0.478125 0.55390625 0.4875 0.55078125 0.4890625 0.54140625 0.478125 0.53828125 0.4890625 0.53515625 0.490625 0.52578125 0.4796875 0.52265625 0.4890625 0.51953125 0.49375 0.49609375 0.4859375 0.48984375 0.4796875 0.46640625 0.4828125 0.43203125 0.4765625 0.40078125 0.47109375 0.3984375 0.4625 0.41328125 0.4609375 0.47421875 0.440625 0.53046875 0.45 0.58671875 0.4625 0.80390625 0.4625 0.86171875 0.4421875 0.90703125 0.465625 0.95703125 0.4625 0.99921875 0.49375 0.99921875 0.4953125 0.96953125 0.4859375 0.93984375 0.4859375 0.89921875 0.49375 0.87734375 0.4828125 0.83671875 0.4921875 0.81796875
0 0.4859375 0.48671875 0.4765625 0.46171875 0.46796875 0.45625 0.4484375 0.49921875 0.4421875 0.53046875 0.4546875 0.62734375 0.4640625 0.83671875 0.46796875 0.8546875 0.47578125 0.85 0.4953125 0.86484375 0.49921875 0.878125 0.50703125 0.875 0.515625 0.88359375 0.51796875 0.8765625 0.5234375 0.88046875 0.525 0.86015625 0.5234375 0.53828125 0.515625 0.50546875 0.4859375 0.48671875
0 0.25546875 0 0.253125 0.00546875 0.2453125 0.04609375 0.253125 0.08671875 0.246875 0.14140625 0.25234375 0.1515625 0.2578125 0.15078125 0.26328125 0.1453125 0.28671875 0.146875 0.3109375 0.11953125 0.315625 0.07421875 0.3109375 0.03984375 0.3 0.02890625 0.29765625 0 0.29453125 0.00625 0.28828125 0 0.27734375 0 0.27578125 0.00625 0.27265625 0 0.25546875 0
0 0.30625 0.21953125 0.28984375 0.1921875 0.26953125 0.1875 0.253125 0.20859375 0.253125 0.24140625 0.2609375 0.30703125 0.2734375 0.32109375 0.30234375 0.309375 0.30625 0.30234375 0.303125 0.28046875 0.290625 0.26015625 0.3046875 0.24609375 0.30625 0.21953125
0 0.27109375 0.3453125 0.240625 0.36640625 0.234375 0.38984375 0.2359375 0.41796875 0.215625 0.43671875 0.23125 0.47734375 0.25859375 0.503125 0.2828125 0.50390625 0.2953125 0.48046875 0.2984375 0.39609375 0.2921875 0.37890625 0.278125 0.36640625 0.278125 0.34921875 0.27109375 0.3453125
0 0.278125 0.66640625 0.28125 0.69296875 0.2765625 0.70859375 0.27109375 0.7125 0.26015625 0.7078125 0.2546875 0.71640625 0.259375 0.75078125 0.2453125 0.78671875 0.24375 0.80703125 0.25625 0.84921875 0.26328125 0.8546875 0.290625 0.85390625 0.30625 0.83515625 0.3171875 0.73828125 0.3015625 0.71484375 0.3 0.66484375 0.29140625 0.65 0.278125 0.66640625
0 0.50390625 0.065625 0.49453125 0.06875 0.484375 0.04765625 0.47578125 0.04375 0.465625 0.06171875 0.46875 0.14609375 0.4734375 0.16484375 0.4875 0.16796875 0.4984375 0.16015625 0.5 0.13671875 0.5125 0.12578125 0.5234375 0.09296875 0.5140625 0.07578125 0.50390625 0.065625
0 0.4921875 0.19453125 0.47890625 0.1890625 0.471875 0.20078125 0.4703125 0.22421875 0.4734375 0.30390625 0.4875 0.31953125 0.490625 0.33359375 0.471875 0.33828125 0.4703125 0.35859375 0.48359375 0.35625 0.48984375 0.3609375 0.4984375 0.37890625 0.5140625 0.39296875 0.525 0.35703125 0.5234375 0.31953125 0.5171875 0.30390625 0.5234375 0.28359375 0.521875 0.23359375 0.4921875 0.19453125
0 0.5625 0.54609375 0.54609375 0.5515625 0.54140625 0.5640625 0.5359375 0.56171875 0.5359375 0.63671875 0.5296875 0.65703125 0.5265625 0.98671875 0.52890625 1 0.628125 0.99921875 0.6390625 0.96171875 0.6375 0.55703125 0.62109375 0.5390625 0.6 0.53359375 0.58359375 0.4953125 0.5625 0.54609375
0 0.684375 0.95546875 0.675 0.99921875 0.7328125 0.99921875 0.73125 0.92890625 0.7234375 0.88984375 0.70703125 0.88125 0.69921875 0.8921875 0.68671875 0.878125 0.684375 0.95546875