0 0.9140625 0.03515625 0.9109375 0.00078125 0.8796875 0.00078125 0.884375 0.17421875 0.8765625 0.20390625 0.8828125 0.21328125 0.8890625 0.27421875 0.8828125 0.40390625 0.8953125 0.43046875 0.890625 0.50546875 0.8828125 0.52578125 0.8953125 0.56640625 0.8765625 0.63359375 0.8796875 0.65859375 0.8609375 0.73828125 0.8625 0.76171875 0.8796875 0.76640625 0.8828125 0.78671875 0.8828125 0.79921875 0.8734375 0.82265625 0.859375 0.83671875 0.859375 0.84609375 0.871875 0.86328125 0.8765625 0.89453125 0.8734375 0.95390625 0.878125 0.96796875 0.86875 0.98984375 0.87578125 0.9984375 0.88671875 1 0.9109375 0.99921875 0.909375 0.96640625 0.9203125 0.93203125 0.9125 0.87421875 0.92109375 0.859375 0.94375 0.85078125 0.946875 0.81640625 0.934375 0.78046875 0.9265625 0.72265625 0.9359375 0.61484375 0.9328125 0.42421875 0.9375 0.32578125 0.91875 0.19140625 0.9328125 0.13984375 0.925 0.09296875 0.93125 0.06015625 0.9140625 0.03515625
0 0.721875 0.26953125 0.721875 0.10859375 0.71484375 0.1171875 0.7078125 0.11640625 0.70859375 0.121875 0.70234375 0.1125 0.6875 0.12421875 0.6890625 0.22734375 0.6765625 0.29453125 0.68125 0.36171875 0.6734375 0.38984375 0.671875 0.43828125 0.6640625 0.46015625 0.665625 0.63359375 0.65625 0.77421875 0.6703125 0.79140625 0.671875 0.80546875 0.678125 0.87734375 0.6734375 0.93359375 0.67734375 1 0.7078125 0.99921875 0.7046875 0.93046875 0.7125 0.91484375 0.7234375 0.82421875 0.728125 0.64140625 0.7234375 0.58515625 0.7328125 0.47734375 0.721875 0.36015625 0.728125 0.33359375 0.728125 0.28203125 0.721875 0.26953125
0 0.1140625 0.00703125 0.103125 0.00078125 0.04375 0.00078125 0.0328125 0.03671875 0.034375 0.09921875 0.015625 0.15390625 0.028125 0.22421875 0.025 0.29765625 0.0375 0.40234375 0.0296875 0.57421875 0.03125 0.62265625 0.040625 0.66328125 0.0359375 0.82890625 0.0625 0.83515625 0.03984375 0.8375 0.03984375 0.84375 0.06484375 0.8421875 0.07109375 0.8296875 0.078125 0.83046875 0.08046875 0.8453125 0.0859375 0.84296875 0.0765625 0.81796875 0.084375 0.80234375 0.0859375 0.76171875 0.1015625 0.72890625 0.1 0.68046875 0.090625 0.65078125 0.0921875 0.61796875 0.0828125 0.58359375 0.10625 0.53984375 0.10625 0.51015625 0.0984375 0.47109375 0.1 0.41484375 0.0828125 0.36015625 0.103125 0.32421875 0.1234375 0.25078125 0.1171875 0.13203125 0.0984375 0.11796875 0.090625 0.10390625 0.0984375 0.03984375 0.10703125 0.0375 0.109375 0.04296875 0.1 0.04609375 0.11015625 0.05 0.115625 0.03046875 0.1140625 0.00703125
0 0.4953125 0.03046875 0.49375 0.00078125 0.4625 0.00078125 0.465625 0.04296875 0.4421875 0.09296875 0.4625 0.13828125 0.4625 0.19609375 0.45 0.41328125 0.440625 0.46953125 0.4609375 0.52578125 0.4625 0.58671875 0.47109375 0.6015625 0.4765625 0.59921875 0.4828125 0.56796875 0.4796875 0.53359375 0.4859375 0.51015625 0.49375 0.50390625 0.4890625 0.48046875 0.4796875 0.47734375 0.490625 0.47421875 0.4890625 0.46484375 0.478125 0.46171875 0.4890625 0.45859375 0.4875 0.44921875 0.478125 0.44609375 0.4875 0.44140625 0.478125 0.43046875 0.4828125 0.42578125 0.478125 0.42265625 0.478125 0.36015625 0.490625 0.34140625 0.490625 0.32109375 0.4796875 0.25859375 0.4875 0.23046875 0.4765625 0.20234375 0.4890625 0.19921875 0.4828125 0.19140625 0.4921875 0.18203125 0.4828125 0.16328125 0.49375 0.12265625 0.4859375 0.10078125 0.4859375 0.06015625 0.4953125 0.03046875
0 0.51796875 0.1234375 0.515625 0.11640625 0.50703125 0.125 0.49921875 0.121875 0.4953125 0.13515625 0.47578125 0.15 0.46796875 0.1453125 0.4640625 0.16328125 0.4546875 0.37265625 0.4421875 0.46953125 0.4484375 0.50078125 0.46796875 0.54375 0.4765625 0.53828125 0.4859375 0.51328125 0.515625 0.49453125 0.5234375 0.46171875 0.525 0.13984375 0.5234375 0.11953125 0.51796875 0.1234375
0 0.28828125 1 0.29453125 0.99375 0.29765625 1 0.3 0.97109375 0.3109375 0.96015625 0.315625 0.92578125 0.3109375 0.88046875 0.28671875 0.853125 0.26328125 0.8546875 0.2578125 0.84921875 0.25234375 0.8484375 0.246875 0.85859375 0.253125 0.91328125 0.2453125 0.95390625 0.253125 0.99453125 0.25546875 1 0.27265625 1 0.27578125 0.99375 0.27734375 1 0.28828125 1
0 0.30234375 0.690625 0.2734375 0.67890625 0.2609375 0.69296875 0.253125 0.75859375 0.253125 0.79140625 0.26953125 0.8125 0.28984375 0.8078125 0.30625 0.78046875 0.3046875 0.75390625 0.290625 0.73984375 0.303125 0.71953125 0.30625 0.69765625 0.30234375 0.690625
0 0.2953125 0.51953125 0.2828125 0.49609375 0.25859375 0.496875 0.23125 0.52265625 0.215625 0.56328125 0.2359375 0.58203125 0.234375 0.61015625 0.240625 0.63359375 0.27109375 0.6546875 0.278125 0.65078125 0.278125 0.63359375 0.2921875 0.62109375 0.2984375 0.60390625 0.2953125 0.51953125
0 0.30625 0.16484375 0.290625 0.14609375 0.26328125 0.1453125 0.25625 0.15078125 0.24375 0.19296875 0.2453125 0.21328125 0.259375 0.24921875 0.2546875 0.28359375 0.26015625 0.2921875 0.27109375 0.2875 0.2765625 0.29140625 0.28125 0.30703125 0.278125 0.33359375 0.29140625 0.35 0.3 0.33515625 0.3015625 0.28515625 0.3171875 0.26171875 0.30625 0.16484375
0 0.4984375 0.83984375 0.4875 0.83203125 0.4734375 0.83515625 0.46875 0.85390625 0.465625 0.93828125 0.47578125 0.95625 0.484375 0.95234375 0.49453125 0.93125 0.50390625 0.934375 0.5140625 0.92421875 0.5234375 0.90703125 0.5125 0.87421875 0.5 0.86328125 0.4984375 0.83984375
0 0.525 0.64296875 0.5140625 0.60703125 0.4984375 0.62109375 0.48984375 0.6390625 0.48359375 0.64375 0.4703125 0.64140625 0.471875 0.66171875 0.490625 0.66640625 0.4875 0.68046875 0.4734375 0.69609375 0.4703125 0.77578125 0.471875 0.79921875 0.47890625 0.8109375 0.4921875 0.80546875 0.521875 0.76640625 0.5234375 0.71640625 0.5171875 0.69609375 0.5234375 0.68046875 0.525 0.64296875
0 0.6390625 0.03828125 0.628125 0.00078125 0.52890625 0 0.5265625 0.01328125 0.5296875 0.34296875 0.5359375 0.36328125 0.5359375 0.43828125 0.54140625 0.4359375 0.54609375 0.4484375 0.5625 0.45390625 0.58359375 0.5046875 0.6 0.46640625 0.62109375 0.4609375 0.6375 0.44296875 0.6390625 0.03828125
0 0.73125 0.07109375 0.7328125 0.00078125 0.675 0.00078125 0.684375 0.04453125 0.68671875 0.121875 0.69921875 0.1078125 0.70703125 0.11875 0.7234375 0.11015625 0.73125 0.07109375