0 0.1078125 0.03203125 0.1046875 0.00078125 0.071875 0.00078125 0.078125 0.16796875 0.06875 0.20234375 0.075 0.21328125 0.08125 0.26796875 0.0734375 0.40703125 0.0828125 0.41328125 0.0875 0.42890625 0.0875 0.46640625 0.075 0.54296875 0.0890625 0.56015625 0.0703125 0.63046875 0.071875 0.66328125 0.0515625 0.74453125 0.05859375 0.765625 0.071875 0.76484375 0.0765625 0.78515625 0.0671875 0.82265625 0.0515625 0.83828125 0.0515625 0.84765625 0.065625 0.86328125 0.0703125 0.89296875 0.0703125 0.96953125 0.0625 0.98828125 0.06953125 1 0.1046875 0.99921875 0.103125 0.96640625 0.1125 0.93359375 0.10625 0.86953125 0.11640625 0.8578125 0.1359375 0.85234375 0.140625 0.81796875 0.140625 0.80234375 0.128125 0.78046875 0.11875 0.71640625 0.13125 0.60234375 0.1265625 0.42734375 0.13125 0.32578125 0.1125 0.19140625 0.1265625 0.14453125 0.11875 0.08984375 0.1265625 0.06171875 0.1078125 0.03203125
0 0.3359375 0.11796875 0.34375 0.00078125 0.290625 0.00078125 0.3 0.05703125 0.3 0.23203125 0.290625 0.29765625 0.2953125 0.36015625 0.278125 0.46171875 0.2796875 0.63359375 0.2671875 0.77265625 0.2703125 0.79453125 0.284375 0.81328125 0.2921875 0.87890625 0.2859375 0.94140625 0.28828125 1 0.321875 0.99921875 0.31875 0.93046875 0.3265625 0.91328125 0.3359375 0.82890625 0.3375 0.58203125 0.346875 0.49140625 0.3359375 0.36171875 0.3421875 0.32109375 0.3421875 0.28515625 0.3359375 0.27109375 0.3359375 0.11796875
0 0.5671875 0.46015625 0.5671875 0.00078125 0.51171875 0 0.50234375 0.015625 0.49765625 0.0125 0.49453125 0.0171875 0.48515625 0 0.4109375 0.00078125 0.4109375 0.03984375 0.428125 0.04453125 0.4265625 0.05703125 0.4125 0.06953125 0.4109375 0.08515625 0.4171875 0.20703125 0.4125 0.23515625 0.4234375 0.24609375 0.4125 0.25078125 0.428125 0.26953125 0.415625 0.26015625 0.4109375 0.33203125 0.421875 0.36328125 0.4140625 0.43828125 0.4140625 0.47578125 0.4203125 0.49296875 0.4109375 0.51796875 0.4171875 0.66796875 0.396875 0.78984375 0.39765625 1 0.5234375 0.99609375 0.5171875 0.97734375 0.4859375 0.95234375 0.4859375 0.86171875 0.478125 0.84765625 0.484375 0.83671875 0.4765625 0.83359375 0.484375 0.82109375 0.46875 0.81796875 0.484375 0.81484375 0.48984375 0.7859375 0.49453125 0.7953125 0.50546875 0.79375 0.51015625 0.8046875 0.52265625 0.8078125 0.53125 0.78046875 0.5265625 0.72265625 0.5390625 0.59140625 0.5375 0.53984375 0.553125 0.49453125 0.5640625 0.48828125 0.5671875 0.46015625
0 0.78125 0.49921875 0.7546875 0.49296875 0.73203125 0.515625 0.7046875 0.50546875 0.7046875 0.59609375 0.71015625 0.6171875 0.7125 0.60390625 0.72265625 0.596875 0.7234375 0.60859375 0.7171875 0.61171875 0.725 0.61484375 0.7296875 0.63359375 0.76796875 0.6546875 0.7734375 0.62890625 0.7875 0.61015625 0.7890625 0.53984375 0.78125 0.49921875
0 0.9625 0.10546875 0.9625 0.09140625 0.9546875 0.09140625 0.94921875 0.1078125 0.93984375 0.1 0.93203125 0.10625 0.93046875 0.0921875 0.91484375 0.0921875 0.90625 0.12265625 0.8875 0.13984375 0.88125 0.16953125 0.8828125 0.25390625 0.9015625 0.32578125 0.928125 0.36484375 0.9140625 0.38515625 0.90625 0.41328125 0.90625 0.46328125 0.896875 0.51484375 0.8984375 0.54140625 0.91875 0.58046875 0.909375 0.61953125 0.9109375 0.65390625 0.9015625 0.67734375 0.9 0.72109375 0.915625 0.76328125 0.9203125 0.82265625 0.9078125 0.83828125 0.8875 0.88671875 0.90234375 0.90625 0.93046875 0.8921875 0.9453125 0.90703125 0.9515625 0.96640625 0.94375 0.97890625 0.94296875 1 0.959375 0.99921875 0.9578125 0.89921875 0.96875 0.83046875 0.9625 0.66484375 0.9734375 0.58046875 0.965625 0.38671875 0.978125 0.28984375 0.9734375 0.22421875 0.984375 0.17578125 0.9828125 0.14140625 0.9625 0.10546875
0 0.7625 0.69765625 0.7421875 0.69140625 0.715625 0.69453125 0.7171875 0.71640625 0.73125 0.74140625 0.715625 0.75703125 0.715625 0.78046875 0.73046875 0.8078125 0.75234375 0.8140625 0.7640625 0.79453125 0.7625 0.69765625
0 0.75234375 1 0.75 0.97578125 0.7578125 0.94296875 0.7484375 0.92421875 0.7484375 0.89453125 0.7546875 0.85546875 0.74609375 0.846875 0.73828125 0.8546875 0.72890625 0.853125 0.71875 0.83046875 0.7140625 0.83203125 0.7078125 0.86484375 0.690625 0.88046875 0.690625 0.96015625 0.7015625 0.97109375 0.70234375 1 0.75234375 1
0 0.74375 0.16328125 0.7265625 0.14453125 0.70078125 0.1453125 0.69375 0.15078125 0.6828125 0.18671875 0.6828125 0.21015625 0.6984375 0.25390625 0.69375 0.28828125 0.7140625 0.29140625 0.71875 0.30703125 0.715625 0.33671875 0.73046875 0.34375 0.7390625 0.33203125 0.7390625 0.28671875 0.7546875 0.25859375 0.74375 0.16328125
0 0.8515625 0.33203125 0.8203125 0.26640625 0.80390625 0.265625 0.7984375 0.27421875 0.7921875 0.39453125 0.8046875 0.41953125 0.8125 0.46171875 0.82578125 0.4734375 0.84296875 0.478125 0.85 0.46640625 0.8515625 0.33203125
0 0.85 0.55546875 0.8421875 0.52421875 0.83046875 0.5234375 0.8234375 0.53203125 0.8234375 0.54453125 0.815625 0.54765625 0.8140625 0.57421875 0.803125 0.58515625 0.815625 0.73671875 0.82890625 0.7390625 0.83046875 0.7453125 0.84765625 0.74375 0.85859375 0.73125 0.86796875 0.734375 0.8734375 0.71640625 0.86875 0.58671875 0.865625 0.57265625 0.85 0.55546875
0 0.534375 0.83359375 0.5203125 0.83046875 0.5109375 0.83515625 0.50625 0.85390625 0.503125 0.93984375 0.51171875 0.95625 0.54609375 0.9578125 0.55 0.87265625 0.5390625 0.86328125 0.534375 0.83359375
0 0.6359375 0.98359375 0.63125 0.94765625 0.60546875 0.9484375 0.5984375 0.95703125 0.5953125 0.98203125 0.60703125 1 0.646875 0.99921875 0.6359375 0.98359375
0 0.6375 0.77890625 0.6171875 0.74296875 0.60859375 0.7421875 0.6015625 0.74921875 0.596875 0.80078125 0.6 0.81484375 0.62109375 0.8375 0.621875 0.81796875 0.6359375 0.79921875 0.6375 0.77890625
0 0.63125 0.60390625 0.6171875 0.60078125 0.5953125 0.61953125 0.5953125 0.63046875 0.61171875 0.653125 0.6234375 0.64765625 0.6328125 0.62578125 0.63125 0.60390625
0 0.6484375 0.43828125 0.640625 0.43359375 0.625 0.43515625 0.6140625 0.47265625 0.615625 0.48515625 0.63046875 0.4953125 0.6484375 0.48828125 0.6484375 0.43828125
0 0.73828125 0.0125 0.740625 0.00078125 0.69921875 0 0.6984375 0.00546875 0.70546875 0.0171875 0.71796875 0.0171875 0.73828125 0.0125