0 0.13125 0.67421875 0.1265625 0.57265625 0.13125 0.39765625 0.11875 0.28359375 0.128125 0.21953125 0.140625 0.19765625 0.140625 0.18203125 0.1359375 0.14765625 0.11640625 0.1421875 0.10625 0.13046875 0.1125 0.06640625 0.103125 0.03359375 0.1046875 0.00078125 0.06953125 0 0.0625 0.01171875 0.0703125 0.03046875 0.0703125 0.10703125 0.065625 0.13671875 0.0515625 0.15234375 0.0515625 0.16171875 0.0671875 0.17734375 0.0765625 0.21484375 0.071875 0.23515625 0.05859375 0.234375 0.0515625 0.25546875 0.071875 0.33671875 0.0703125 0.36953125 0.0890625 0.43984375 0.075 0.45703125 0.0875 0.53359375 0.0875 0.57109375 0.0828125 0.58671875 0.0734375 0.59296875 0.08125 0.73203125 0.075 0.78671875 0.06875 0.79765625 0.078125 0.83203125 0.071875 0.99921875 0.1046875 0.99921875 0.1078125 0.96796875 0.1265625 0.93828125 0.11875 0.91015625 0.1265625 0.85546875 0.1125 0.80859375 0.13125 0.67421875
0 0.346875 0.50859375 0.3375 0.41796875 0.3359375 0.17109375 0.3265625 0.08671875 0.31875 0.06953125 0.321875 0.00078125 0.28828125 0 0.2859375 0.05859375 0.2921875 0.12109375 0.284375 0.18671875 0.2703125 0.20546875 0.2671875 0.22734375 0.2796875 0.36640625 0.278125 0.53828125 0.2953125 0.63984375 0.290625 0.70234375 0.3 0.76796875 0.3 0.94296875 0.290625 0.99921875 0.34375 0.99921875 0.3359375 0.88203125 0.3359375 0.72890625 0.3421875 0.71484375 0.3421875 0.67890625 0.3359375 0.63828125 0.346875 0.50859375
0 0.5265625 0.27734375 0.53125 0.21953125 0.52265625 0.1921875 0.51015625 0.1953125 0.50546875 0.20625 0.49453125 0.2046875 0.48984375 0.2140625 0.484375 0.18515625 0.46875 0.18203125 0.484375 0.17890625 0.4765625 0.16640625 0.484375 0.16328125 0.478125 0.15234375 0.4859375 0.13828125 0.4859375 0.04765625 0.5171875 0.02265625 0.5234375 0.00390625 0.39765625 0 0.396875 0.21015625 0.4171875 0.33203125 0.4109375 0.48203125 0.4203125 0.50703125 0.4140625 0.52421875 0.4140625 0.56171875 0.421875 0.63671875 0.4109375 0.66796875 0.415625 0.73984375 0.428125 0.73046875 0.4125 0.74921875 0.4234375 0.75390625 0.4125 0.76484375 0.4171875 0.79296875 0.4109375 0.91484375 0.4125 0.93046875 0.4265625 0.94296875 0.428125 0.95546875 0.4109375 0.96015625 0.4109375 0.99921875 0.48515625 1 0.49453125 0.9828125 0.49765625 0.9875 0.50234375 0.984375 0.51171875 1 0.5671875 0.99921875 0.5671875 0.53984375 0.5640625 0.51171875 0.553125 0.50546875 0.5375 0.46015625 0.5390625 0.40859375 0.5265625 0.27734375
0 0.7296875 0.36640625 0.725 0.38515625 0.7171875 0.38828125 0.7234375 0.39140625 0.72265625 0.403125 0.7125 0.39609375 0.71015625 0.3828125 0.7046875 0.40390625 0.7046875 0.49453125 0.73203125 0.484375 0.7546875 0.50703125 0.78125 0.50078125 0.7890625 0.46015625 0.7875 0.38984375 0.7734375 0.37109375 0.76796875 0.3453125 0.7296875 0.36640625
0 0.965625 0.61328125 0.9734375 0.41953125 0.9625 0.33515625 0.96875 0.16953125 0.9578125 0.10078125 0.959375 0.00078125 0.94296875 0 0.94375 0.02109375 0.9515625 0.03359375 0.9453125 0.09296875 0.93046875 0.1078125 0.90234375 0.09375 0.8875 0.11328125 0.9078125 0.16171875 0.9203125 0.17734375 0.915625 0.23671875 0.9 0.27890625 0.9015625 0.32265625 0.9109375 0.34609375 0.909375 0.38046875 0.91875 0.41953125 0.8984375 0.45859375 0.896875 0.48515625 0.90625 0.53671875 0.90625 0.58671875 0.9140625 0.61484375 0.928125 0.63515625 0.9015625 0.67421875 0.8828125 0.74609375 0.88125 0.83046875 0.8875 0.86015625 0.90625 0.87734375 0.91484375 0.9078125 0.93046875 0.9078125 0.93203125 0.89375 0.93984375 0.9 0.94921875 0.8921875 0.9546875 0.90859375 0.9625 0.90859375 0.9625 0.89453125 0.9828125 0.85859375 0.984375 0.82421875 0.9734375 0.77578125 0.978125 0.71015625 0.965625 0.61328125
0 0.715625 0.24296875 0.73125 0.25859375 0.7171875 0.28359375 0.715625 0.30546875 0.7421875 0.30859375 0.7625 0.30234375 0.7640625 0.20546875 0.75234375 0.1859375 0.73046875 0.1921875 0.715625 0.21953125 0.715625 0.24296875
0 0.70234375 0 0.7015625 0.02890625 0.690625 0.03984375 0.690625 0.11953125 0.7078125 0.13515625 0.7140625 0.16796875 0.71875 0.16953125 0.72890625 0.146875 0.73828125 0.1453125 0.74609375 0.153125 0.7546875 0.14453125 0.7484375 0.10546875 0.7484375 0.07578125 0.7578125 0.05703125 0.75 0.02421875 0.75234375 0 0.70234375 0
0 0.715625 0.66328125 0.71875 0.69296875 0.7140625 0.70859375 0.69375 0.71171875 0.6984375 0.74609375 0.6828125 0.78984375 0.6828125 0.81328125 0.69375 0.84921875 0.70078125 0.8546875 0.7265625 0.85546875 0.74375 0.83671875 0.7546875 0.74140625 0.7390625 0.71328125 0.7390625 0.66796875 0.73046875 0.65625 0.715625 0.66328125
0 0.8046875 0.58046875 0.7921875 0.60546875 0.7984375 0.72578125 0.80390625 0.734375 0.8203125 0.73359375 0.8515625 0.66796875 0.85 0.53359375 0.84296875 0.521875 0.82578125 0.5265625 0.8125 0.53828125 0.8046875 0.58046875
0 0.85859375 0.26875 0.84765625 0.25625 0.83046875 0.2546875 0.82890625 0.2609375 0.815625 0.26328125 0.803125 0.41484375 0.8140625 0.42578125 0.815625 0.45234375 0.8234375 0.45546875 0.8234375 0.46796875 0.83046875 0.4765625 0.8421875 0.47578125 0.85 0.44453125 0.865625 0.42734375 0.86875 0.41328125 0.8734375 0.28359375 0.86796875 0.265625 0.85859375 0.26875
0 0.503125 0.06015625 0.50625 0.14609375 0.5109375 0.16484375 0.5203125 0.16953125 0.534375 0.16640625 0.5390625 0.13671875 0.55 0.12734375 0.54609375 0.0421875 0.51171875 0.04375 0.503125 0.06015625
0 0.60546875 0.0515625 0.63125 0.05234375 0.6359375 0.01640625 0.646875 0.00078125 0.60703125 0 0.5953125 0.01796875 0.5984375 0.04296875 0.60546875 0.0515625
0 0.596875 0.19921875 0.6015625 0.25078125 0.60859375 0.2578125 0.6171875 0.25703125 0.6375 0.22109375 0.6359375 0.20078125 0.621875 0.18203125 0.62109375 0.1625 0.6 0.18515625 0.596875 0.19921875
0 0.5953125 0.38046875 0.6171875 0.39921875 0.63125 0.39609375 0.6328125 0.37421875 0.6234375 0.35234375 0.61171875 0.346875 0.5953125 0.36953125 0.5953125 0.38046875
0 0.625 0.56484375 0.640625 0.56640625 0.6484375 0.56171875 0.6484375 0.51171875 0.63046875 0.5046875 0.615625 0.51484375 0.6140625 0.52734375 0.625 0.56484375
0 0.740625 0.99921875 0.73828125 0.9875 0.71796875 0.9828125 0.70546875 0.9828125 0.6984375 0.99453125 0.69921875 1 0.740625 0.99921875