0 0.859375 0.81796875 0.8640625 0.85234375 0.88359375 0.8578125 0.89375 0.86953125 0.8875 0.93359375 0.896875 0.96640625 0.8953125 0.99921875 0.93046875 1 0.9375 0.98828125 0.9296875 0.96953125 0.9296875 0.89296875 0.934375 0.86328125 0.9484375 0.84765625 0.9484375 0.83828125 0.9328125 0.82265625 0.9234375 0.78515625 0.928125 0.76484375 0.94140625 0.765625 0.9484375 0.74453125 0.928125 0.66328125 0.9296875 0.63046875 0.9109375 0.56015625 0.925 0.54296875 0.9125 0.46640625 0.9125 0.42890625 0.9171875 0.41328125 0.9265625 0.40703125 0.91875 0.26796875 0.925 0.21328125 0.93125 0.20234375 0.921875 0.16796875 0.928125 0.00078125 0.8953125 0.00078125 0.8921875 0.03203125 0.8734375 0.06171875 0.88125 0.08984375 0.8734375 0.14453125 0.8875 0.19140625 0.86875 0.32578125 0.8734375 0.42734375 0.86875 0.60234375 0.88125 0.71640625 0.871875 0.78046875 0.859375 0.80234375 0.859375 0.81796875
0 0.71171875 1 0.7140625 0.94140625 0.7078125 0.87890625 0.715625 0.81328125 0.7296875 0.79453125 0.7328125 0.77265625 0.7203125 0.63359375 0.721875 0.46171875 0.7046875 0.36015625 0.709375 0.29765625 0.7 0.23203125 0.7 0.05703125 0.709375 0.00078125 0.65625 0.00078125 0.6640625 0.11796875 0.6640625 0.27109375 0.6578125 0.28515625 0.6578125 0.32109375 0.6640625 0.36171875 0.653125 0.49140625 0.6625 0.58203125 0.6640625 0.82890625 0.6734375 0.91328125 0.68125 0.93046875 0.678125 0.99921875 0.71171875 1
0 0.51015625 0.7859375 0.515625 0.81484375 0.53125 0.81796875 0.515625 0.82109375 0.5234375 0.83359375 0.515625 0.83671875 0.521875 0.84765625 0.5140625 0.86171875 0.5140625 0.95234375 0.4828125 0.97734375 0.4765625 0.99609375 0.60234375 1 0.603125 0.78984375 0.5828125 0.66796875 0.5890625 0.51796875 0.5796875 0.49296875 0.5859375 0.47578125 0.5859375 0.43828125 0.578125 0.36328125 0.5890625 0.33203125 0.584375 0.26015625 0.571875 0.26953125 0.5875 0.25078125 0.5765625 0.24609375 0.5875 0.23515625 0.5828125 0.20703125 0.5890625 0.08515625 0.5875 0.06953125 0.5734375 0.05703125 0.571875 0.04453125 0.5890625 0.03984375 0.5890625 0.00078125 0.51484375 0 0.50546875 0.0171875 0.50234375 0.0125 0.49765625 0.015625 0.48828125 0 0.4328125 0.00078125 0.4328125 0.46015625 0.4359375 0.48828125 0.446875 0.49453125 0.4625 0.53984375 0.4609375 0.59140625 0.4734375 0.72265625 0.46875 0.78046875 0.47734375 0.8078125 0.48984375 0.8046875 0.49453125 0.79375 0.50546875 0.7953125 0.51015625 0.7859375
0 0.28984375 0.6171875 0.2953125 0.59609375 0.2953125 0.50546875 0.26796875 0.515625 0.2453125 0.49296875 0.21875 0.49921875 0.2109375 0.53984375 0.2125 0.61015625 0.2265625 0.62890625 0.23203125 0.6546875 0.2703125 0.63359375 0.275 0.61484375 0.2828125 0.61171875 0.2765625 0.60859375 0.27734375 0.596875 0.2875 0.60390625 0.28984375 0.6171875
0 0.05703125 1 0.05625 0.97890625 0.0484375 0.96640625 0.0546875 0.90703125 0.06953125 0.8921875 0.09765625 0.90625 0.1125 0.88671875 0.0921875 0.83828125 0.0796875 0.82265625 0.084375 0.76328125 0.1 0.72109375 0.0984375 0.67734375 0.0890625 0.65390625 0.090625 0.61953125 0.08125 0.58046875 0.1015625 0.54140625 0.103125 0.51484375 0.09375 0.46328125 0.09375 0.41328125 0.0859375 0.38515625 0.071875 0.36484375 0.0984375 0.32578125 0.1171875 0.25390625 0.11875 0.16953125 0.1125 0.13984375 0.09375 0.12265625 0.08515625 0.0921875 0.06953125 0.0921875 0.06796875 0.10625 0.06015625 0.1 0.05078125 0.1078125 0.0453125 0.09140625 0.0375 0.09140625 0.0375 0.10546875 0.0171875 0.14140625 0.015625 0.17578125 0.0265625 0.22421875 0.021875 0.28984375 0.034375 0.38671875 0.0265625 0.58046875 0.0375 0.66484375 0.03125 0.83046875 0.0421875 0.89921875 0.040625 0.99921875 0.05703125 1
0 0.2359375 0.79453125 0.24765625 0.8140625 0.26953125 0.8078125 0.284375 0.78046875 0.284375 0.75703125 0.26875 0.74140625 0.2828125 0.71640625 0.284375 0.69453125 0.2578125 0.69140625 0.2375 0.69765625 0.2359375 0.79453125
0 0.29765625 1 0.2984375 0.97109375 0.309375 0.96015625 0.309375 0.88046875 0.2921875 0.86484375 0.2859375 0.83203125 0.28125 0.83046875 0.27109375 0.853125 0.26171875 0.8546875 0.25390625 0.846875 0.2453125 0.85546875 0.2515625 0.89453125 0.2515625 0.92421875 0.2421875 0.94296875 0.25 0.97578125 0.24765625 1 0.29765625 1
0 0.3171875 0.18671875 0.30625 0.15078125 0.29921875 0.1453125 0.2734375 0.14453125 0.25625 0.16328125 0.2453125 0.25859375 0.2609375 0.28671875 0.2609375 0.33203125 0.26953125 0.34375 0.284375 0.33671875 0.28125 0.30703125 0.2859375 0.29140625 0.30625 0.28828125 0.3015625 0.25390625 0.3171875 0.21015625 0.3171875 0.18671875
0 0.15 0.46640625 0.15703125 0.478125 0.17421875 0.4734375 0.1875 0.46171875 0.1953125 0.41953125 0.2078125 0.39453125 0.2015625 0.27421875 0.19609375 0.265625 0.1796875 0.26640625 0.1484375 0.33203125 0.15 0.46640625
0 0.1859375 0.57421875 0.184375 0.54765625 0.1765625 0.54453125 0.1765625 0.53203125 0.16953125 0.5234375 0.1578125 0.52421875 0.15 0.55546875 0.134375 0.57265625 0.13125 0.58671875 0.1265625 0.71640625 0.13203125 0.734375 0.14140625 0.73125 0.15234375 0.74375 0.16953125 0.7453125 0.17109375 0.7390625 0.184375 0.73671875 0.196875 0.58515625 0.1859375 0.57421875
0 0.45 0.87265625 0.45390625 0.9578125 0.48828125 0.95625 0.496875 0.93984375 0.49375 0.85390625 0.4890625 0.83515625 0.4796875 0.83046875 0.465625 0.83359375 0.4609375 0.86328125 0.45 0.87265625
0 0.4015625 0.95703125 0.39453125 0.9484375 0.36875 0.94765625 0.3640625 0.98359375 0.353125 0.99921875 0.39296875 1 0.4046875 0.98203125 0.4015625 0.95703125
0 0.378125 0.81796875 0.37890625 0.8375 0.4 0.81484375 0.403125 0.80078125 0.3984375 0.74921875 0.39140625 0.7421875 0.3828125 0.74296875 0.3625 0.77890625 0.3640625 0.79921875 0.378125 0.81796875
0 0.4046875 0.63046875 0.4046875 0.61953125 0.3828125 0.60078125 0.36875 0.60390625 0.3671875 0.62578125 0.3765625 0.64765625 0.38828125 0.653125 0.4046875 0.63046875
0 0.3859375 0.47265625 0.375 0.43515625 0.359375 0.43359375 0.3515625 0.43828125 0.3515625 0.48828125 0.36953125 0.4953125 0.384375 0.48515625 0.3859375 0.47265625
0 0.259375 0.00078125 0.26171875 0.0125 0.28203125 0.0171875 0.29453125 0.0171875 0.3015625 0.00546875 0.30078125 0 0.259375 0.00078125