0 0.08125 0.40390625 0.06875 0.37578125 0 0.37890625 0.00390625 0.546875 0.03359375 0.5421875 0.06484375 0.55 0.0875 0.53203125 0.0890625 0.46953125 0.1 0.41171875 0.09140625 0.4 0.08125 0.40390625
0 0.07734375 0.1390625 0.025 0.13671875 0.0015625 0.13984375 0 0.16640625 0.00390625 0.609375 0.0171875 0.59921875 0.0171875 0.55546875 0.02421875 0.546875 0.07109375 0.5515625 0.08828125 0.5375 0.13359375 0.5375 0.14375 0.52578125 0.1390625 0.46953125 0.1109375 0.46484375 0.1 0.39140625 0.08203125 0.3859375 0.0734375 0.37265625 0.08125 0.29140625 0.1109375 0.28671875 0.109375 0.20234375 0.096875 0.19921875 0.1015625 0.19609375 0.09921875 0.1859375 0.0796875 0.18515625 0.07734375 0.1390625
0 0.1640625 0.11953125 0.159375 0.11328125 0.140625 0.12578125 0.13125 0.14921875 0.125 0.19453125 0.1265625 0.22734375 0.1375 0.24140625 0.14609375 0.271875 0.1546875 0.26796875 0.16953125 0.23125 0.19765625 0.23125 0.2015625 0.21796875 0.2 0.17109375 0.1609375 0.16328125 0.1578125 0.14453125 0.1640625 0.11953125
0 0.30234375 0.0359375 0.2921875 0.02421875 0.28359375 0.0265625 0.26640625 0.0484375 0.23984375 0.034375 0.2203125 0.07890625 0.23125 0.09140625 0.23125 0.18515625 0.215625 0.20859375 0.215625 0.23359375 0.23359375 0.25625 0.2453125 0.25078125 0.25 0.22890625 0.271875 0.19765625 0.2921875 0.18046875 0.29453125 0.1375 0.3046875 0.14140625 0.31015625 0.18125 0.31484375 0.1703125 0.3171875 0.18046875 0.32265625 0.18125 0.32578125 0.171875 0.35 0.16484375 0.35 0.15546875 0.3328125 0.13203125 0.3484375 0.10859375 0.3484375 0.09921875 0.3328125 0.07421875 0.3296875 0.03046875 0.32265625 0.0265625 0.30234375 0.0359375
0 0.5953125 0.09140625 0.5890625 0.08671875 0.57421875 0.0859375 0.54609375 0.1 0.53203125 0.090625 0.49296875 0.0859375 0.4875 0.09453125 0.484375 0.17578125 0.51796875 0.184375 0.58046875 0.184375 0.596875 0.16328125 0.5953125 0.09140625
0 0.5703125 0.02734375 0.5625 0.00078125 0.5453125 0.00078125 0.5484375 0.02421875 0.5359375 0.04921875 0.54921875 0.0734375 0.57421875 0.0796875 0.59453125 0.0734375 0.6015625 0.05703125 0.5703125 0.02734375
0 1 0.09765625 0.98984375 0.0890625 0.96328125 0.0828125 0.95625 0.07265625 0.9515625 0.00078125 0.9234375 0.00078125 0.921875 0.08671875 0.90546875 0.1 0.88359375 0.090625 0.86796875 0.071875 0.846875 0.07265625 0.8453125 0.02578125 0.83203125 0.015625 0.8140625 0.02421875 0.809375 0.07265625 0.80625 0.04296875 0.8109375 0.03359375 0.80546875 0.03125 0.784375 0.03515625 0.7796875 0.06953125 0.7796875 0.09453125 0.78828125 0.10625 0.80703125 0.10625 0.81640625 0.09375 0.81953125 0.103125 0.82421875 0.084375 0.84453125 0.0796875 0.8359375 0.11328125 0.846875 0.13984375 0.86484375 0.159375 0.89296875 0.1546875 0.9109375 0.19921875 0.92578125 0.2078125 0.97578125 0.2 0.97890625 0.1765625 1 0.17578125 1 0.09765625
0 1 0.26171875 0.99296875 0.259375 0.98203125 0.26875 0.96171875 0.2640625 0.93828125 0.26875 0.93359375 0.2640625 0.91015625 0.31875 0.89765625 0.2953125 0.89140625 0.2921875 0.88046875 0.2984375 0.8640625 0.28046875 0.86875 0.24453125 0.8515625 0.21953125 0.8234375 0.24921875 0.8390625 0.31953125 0.8390625 0.35078125 0.8234375 0.36953125 0.8234375 0.38828125 0.84921875 0.4015625 0.87890625 0.40625 0.89375 0.42109375 0.90546875 0.446875 0.92109375 0.4484375 0.94453125 0.440625 0.97734375 0.446875 0.9828125 0.39453125 1 0.38828125 1 0.26171875
0 0.82109375 0.40625 0.7953125 0.38515625 0.78125 0.39140625 0.784375 0.40390625 0.7734375 0.41484375 0.771875 0.42578125 0.809375 0.47890625 0.82421875 0.4875 0.8546875 0.45078125 0.8515625 0.41953125 0.83828125 0.40625 0.82109375 0.40625
0 0.7640625 0.44921875 0.74375 0.41953125 0.70625 0.43828125 0.721875 0.45390625 0.709375 0.48203125 0.72265625 0.4890625 0.734375 0.48671875 0.7453125 0.50859375 0.73125 0.52578125 0.7328125 0.53984375 0.75234375 0.559375 0.76796875 0.5609375 0.78125 0.54765625 0.7859375 0.52109375 0.796875 0.51328125 0.796875 0.48828125 0.7875 0.46484375 0.7640625 0.44921875
0 0.62734375 0.4078125 0.6125 0.38515625 0.60078125 0.3984375 0.5828125 0.40546875 0.575 0.43046875 0.58046875 0.4515625 0.5203125 0.45390625 0.5171875 0.49296875 0.52265625 0.5078125 0.58515625 0.5078125 0.58125 0.51796875 0.58984375 0.534375 0.59765625 0.5390625 0.61640625 0.5359375 0.63359375 0.55 0.6453125 0.53203125 0.65 0.50078125 0.65 0.48046875 0.6390625 0.45078125 0.653125 0.44296875 0.6609375 0.40859375 0.65078125 0.3984375 0.62734375 0.4078125
0 0.6234375 0.63984375 0.596875 0.61328125 0.5796875 0.62421875 0.5703125 0.66640625 0.58671875 0.690625 0.60390625 0.6953125 0.6171875 0.67421875 0.6234375 0.63984375
0 0.6015625 0.54453125 0.590625 0.53359375 0.584375 0.53984375 0.584375 0.59765625 0.565625 0.66484375 0.58046875 0.7015625 0.61171875 0.70625 0.634375 0.63515625 0.62890625 0.621875 0.61640625 0.6203125 0.609375 0.61171875 0.6015625 0.54453125
0 0.28359375 0.628125 0.26875 0.62734375 0.2484375 0.63046875 0.24921875 0.709375 0.2890625 0.70703125 0.2890625 0.63515625 0.28359375 0.628125
0 0.2890625 0.63359375 0.2765625 0.62734375 0.25546875 0.6265625 0.246875 0.63515625 0.246875 0.70390625 0.2390625 0.72734375 0.25546875 0.74375 0.2765625 0.73984375 0.278125 0.71328125 0.2890625 0.70859375 0.2890625 0.63359375
0 1 0.99921875 0.99375 0.72890625 0.97109375 0.7296875 0.965625 0.74609375 0.9625 0.97578125 0.95703125 1 1 0.99921875
0 1 0.60546875 0.99375 0.60234375 0.9890625 0.60546875 0.98125 0.67421875 0.97421875 0.68125 0.96015625 0.6796875 0.9546875 0.69609375 0.9421875 0.70390625 0.9390625 0.71484375 0.94609375 0.7265625 0.99296875 0.7296875 1 0.72109375 1 0.60546875
0 0 0.79453125 0.01953125 0.8046875 0.02890625 0.8203125 0.04765625 0.8 0.06015625 0.7984375 0.06875 0.78046875 0.0890625 0.76328125 0.0890625 0.75546875 0.06640625 0.7328125 0.06015625 0.734375 0.0484375 0.72421875 0.0390625 0.72578125 0.02421875 0.7671875 0 0.76953125 0 0.79453125
0 0.1421875 0.84453125 0.1359375 0.83359375 0.121875 0.84140625 0.1203125 0.85390625 0.1015625 0.87578125 0.10703125 0.890625 0.13984375 0.9 0.1484375 0.87734375 0.1375 0.86484375 0.1421875 0.84453125
0 0.18359375 0.9109375 0.1640625 0.90546875 0.1515625 0.91328125 0.1515625 0.92109375 0.18203125 0.9625 0.20390625 0.9609375 0.2109375 0.94140625 0.18359375 0.9109375