0 0.3875 0.53984375 0.39296875 0.5359375 0.36640625 0.528125 0.365625 0.53984375 0.390625 0.59765625 0.40859375 0.6171875 0.43125 0.62578125 0.4265625 0.60859375 0.43125 0.57734375 0.4390625 0.57578125 0.41015625 0.5671875 0.3890625 0.54921875 0.3875 0.53984375
0 0.62734375 0.5765625 0.61328125 0.55 0.57421875 0.5578125 0.55703125 0.5515625 0.51171875 0.55 0.5125 0.56484375 0.48828125 0.559375 0.47890625 0.5828125 0.4 0.56328125 0.4046875 0.56953125 0.3953125 0.57734375 0.396875 0.58515625 0.39453125 0.5796875 0.3890625 0.58515625 0.40546875 0.6140625 0.44296875 0.6328125 0.5046875 0.63984375 0.54765625 0.6390625 0.61015625 0.625 0.65546875 0.5984375 0.671875 0.57109375 0.65546875 0.5609375 0.62734375 0.5765625
0 0.4765625 0.56328125 0.475 0.56953125 0.4828125 0.57734375 0.475 0.58515625 0.49140625 0.5703125 0.503125 0.56796875 0.47890625 0.53125 0.46328125 0.5515625 0.453125 0.55390625 0.4765625 0.56328125
0 0.5296875 0.52578125 0.521875 0.53046875 0.5234375 0.54609375 0.51875 0.55078125 0.5359375 0.55546875 0.55 0.55078125 0.540625 0.53828125 0.5546875 0.53046875 0.54765625 0.5125 0.525 0.51796875 0.5296875 0.52578125
0 0.63984375 0.5265625 0.6265625 0.54609375 0.6234375 0.57265625 0.628125 0.58046875 0.64296875 0.5828125 0.65546875 0.5703125 0.6640625 0.57734375 0.6546875 0.57890625 0.6609375 0.58515625 0.675 0.57265625 0.684375 0.54765625 0.67890625 0.503125 0.64609375 0.521875 0.64765625 0.528125 0.63984375 0.5265625
0 0.4484375 0.44609375 0.4671875 0.43203125 0.46640625 0.4265625 0.44453125 0.4296875 0.43671875 0.415625 0.41015625 0.4328125 0.3796875 0.47109375 0.3921875 0.48203125 0.3890625 0.49296875 0.4046875 0.50390625 0.4046875 0.51484375 0.428125 0.51953125 0.459375 0.49921875 0.44375 0.49296875 0.4515625 0.47578125 0.4484375 0.46328125 0.4546875 0.45859375 0.4484375 0.44609375
0 0.37890625 0.3078125 0.36640625 0.321875 0.34375 0.31328125 0.3453125 0.33046875 0.36171875 0.353125 0.38828125 0.3640625 0.40234375 0.3828125 0.425 0.38515625 0.43125 0.38203125 0.425 0.36640625 0.3921875 0.33359375 0.4015625 0.33046875 0.39453125 0.3125 0.37890625 0.3078125
0 0.3890625 0.26328125 0.384375 0.22421875 0.37421875 0.21875 0.36796875 0.225 0.34765625 0.2203125 0.3515625 0.24921875 0.3890625 0.26328125
0 0.33828125 0.2796875 0.36875 0.28515625 0.36953125 0.2734375 0.35234375 0.265625 0.34609375 0.271875 0.33984375 0.26875 0.3234375 0.24453125 0.33828125 0.2796875
0 0.2375 0.21640625 0.228125 0.23046875 0.2296875 0.24140625 0.2359375 0.24296875 0.2515625 0.22890625 0.2625 0.20703125 0.25546875 0.1859375 0.24921875 0.1859375 0.2375 0.20078125 0.2375 0.21640625
0 0.221875 0.11484375 0.2140625 0.12578125 0.2140625 0.14140625 0.228125 0.14140625 0.25 0.10859375 0.25 0.09453125 0.24296875 0.090625 0.23046875 0.090625 0.2171875 0.10234375 0.221875 0.11484375
0 0.5890625 0.22421875 0.58046875 0.21875 0.5703125 0.23203125 0.57578125 0.240625 0.584375 0.23984375 0.5890625 0.22421875
0 0.31953125 0.3296875 0.3171875 0.33828125 0.33125 0.34453125 0.33125 0.33671875 0.31953125 0.3296875