0 0.6875 0.01015625 0.6921875 0.02734375 0.7453125 0.06796875 0.7453125 0.08359375 0.7546875 0.09921875 0.7546875 0.13671875 0.78203125 0.1421875 0.78984375 0.1625 0.840625 0.16796875 0.8484375 0.16171875 0.8390625 0.13984375 0.840625 0.12890625 0.8609375 0.11484375 0.8625 0.09921875 0.8453125 0.06328125 0.840625 0.03046875 0.8234375 0.00234375 0.69453125 0 0.6875 0.01015625
0 0.371875 0.81015625 0.34765625 0.753125 0.31015625 0.7203125 0.27890625 0.7140625 0.26015625 0.7015625 0.25546875 0.7046875 0.23515625 0.6828125 0.21015625 0.678125 0.2078125 0.64765625 0.19453125 0.63125 0.16640625 0.6265625 0.13515625 0.6328125 0.0625 0.67578125 0.0625 0.70546875 0.06875 0.70703125 0.071875 0.72734375 0.06875 0.75234375 0.078125 0.77734375 0.0640625 0.79140625 0.0546875 0.81328125 0.071875 0.85234375 0.09921875 0.8546875 0.13828125 0.9 0.16015625 0.9140625 0.19453125 0.9140625 0.20546875 0.9171875 0.20703125 0.9234375 0.2484375 0.92578125 0.2375 0.93046875 0.240625 0.94140625 0.21875 0.95703125 0.221875 0.97734375 0.20546875 0.9796875 0.2109375 0.98515625 0.203125 0.98671875 0.20625 0.99296875 0.18828125 0.9984375 0.29609375 1 0.29375 0.96328125 0.29921875 0.9671875 0.3015625 0.95859375 0.290625 0.95859375 0.28828125 0.978125 0.2765625 0.97421875 0.2828125 0.96171875 0.2703125 0.94296875 0.275 0.92578125 0.29140625 0.9328125 0.296875 0.93046875 0.29453125 0.925 0.32109375 0.925 0.3265625 0.92734375 0.321875 0.96484375 0.3265625 0.96328125 0.328125 0.98046875 0.3203125 0.98046875 0.31484375 0.9984375 0.41875 0.99921875 0.4234375 0.97734375 0.41640625 0.9640625 0.4078125 0.96953125 0.415625 0.96171875 0.4046875 0.95390625 0.4046875 0.93046875 0.4078125 0.91015625 0.421875 0.90703125 0.3734375 0.89921875 0.371875 0.81015625
0 0.15234375 0.2359375 0.1359375 0.29140625 0.15 0.39140625 0.140625 0.40546875 0.140625 0.42109375 0.15390625 0.428125 0.1875 0.42734375 0.1921875 0.42421875 0.184375 0.37421875 0.1890625 0.34765625 0.1828125 0.31484375 0.1890625 0.30234375 0.18125 0.29453125 0.1828125 0.27734375 0.16875 0.26328125 0.1640625 0.23984375 0.15234375 0.2359375
0 0.184375 0.38984375 0.1890625 0.41328125 0.196875 0.41640625 0.1890625 0.42421875 0.2203125 0.42578125 0.228125 0.42421875 0.234375 0.41015625 0.23125 0.26796875 0.21484375 0.246875 0.19921875 0.25625 0.18359375 0.2484375 0.1765625 0.25234375 0.171875 0.27734375 0.178125 0.28203125 0.184375 0.38984375
0 0.6015625 0.26640625 0.58984375 0.2515625 0.58203125 0.253125 0.56953125 0.240625 0.5640625 0.25234375 0.5390625 0.27109375 0.540625 0.30234375 0.55234375 0.33125 0.578125 0.33203125 0.6015625 0.26640625
0 0.578125 0.96015625 0.584375 0.94140625 0.5828125 0.91640625 0.57421875 0.903125 0.56171875 0.8984375 0.5421875 0.90859375 0.5359375 0.93203125 0.5453125 0.97109375 0.559375 0.97734375 0.578125 0.96015625
0 0.68125 0.80703125 0.67578125 0.8 0.65859375 0.7984375 0.64375 0.81328125 0.64375 0.83359375 0.64921875 0.8421875 0.6640625 0.84296875 0.68125 0.82890625 0.68125 0.80703125
0 0.71484375 0.834375 0.7015625 0.84296875 0.696875 0.86953125 0.71328125 0.88125 0.7234375 0.88046875 0.7328125 0.85546875 0.7265625 0.83984375 0.71484375 0.834375
0 0.1859375 0.47890625 0.1953125 0.47578125 0.2 0.45546875 0.21328125 0.4546875 0.215625 0.44921875 0.20546875 0.434375 0.14140625 0.43125 0.1359375 0.44296875 0.1453125 0.45859375 0.1375 0.46640625 0.1328125 0.50234375 0.140625 0.52734375 0.1359375 0.53359375 0.1359375 0.55078125 0.1421875 0.55390625 0.1359375 0.56640625 0.140625 0.61015625 0.14609375 0.615625 0.209375 0.61640625 0.21953125 0.6140625 0.228125 0.60078125 0.225 0.57265625 0.2265625 0.55703125 0.2328125 0.55390625 0.2265625 0.54921875 0.2328125 0.54140625 0.2234375 0.52890625 0.2265625 0.49140625 0.1859375 0.47890625
0 0.01640625 0.1953125 0.0453125 0.19765625 0.053125 0.18203125 0.06875 0.17421875 0.0703125 0.15703125 0.05625 0.14921875 0.0578125 0.13359375 0.04609375 0.1203125 0.02109375 0.1125 0.0015625 0.14609375 0.0046875 0.17890625 0.01640625 0.1953125
0 0.09375 0.08984375 0.1 0.09140625 0.115625 0.08203125 0.1265625 0.04609375 0.11640625 0.01875 0.0984375 0.02265625 0.090625 0.03671875 0.090625 0.05234375 0.0796875 0.05703125 0.0796875 0.06796875 0.09375 0.07421875 0.09375 0.08984375
0 0 0.51796875 0.00859375 0.51875 0.01328125 0.5296875 0.028125 0.53046875 0.0421875 0.51171875 0.03984375 0.496875 0.01171875 0.4984375 0 0.50703125 0 0.51796875
0 0.0203125 0.41171875 0.01328125 0.4015625 0.00078125 0.4015625 0 0.44921875 0.0125 0.45390625 0.0203125 0.44765625 0.015625 0.42890625 0.0203125 0.41171875