0 0.821875 0.74609375 0.8375 0.76484375 0.85078125 0.765625 0.8609375 0.75546875 0.853125 0.71640625 0.87890625 0.690625 0.89609375 0.6890625 0.90703125 0.671875 0.9140625 0.67421875 0.92109375 0.69375 0.93359375 0.6953125 0.94453125 0.6828125 0.95234375 0.69375 0.9765625 0.70078125 0.98046875 0.7234375 0.996875 0.72421875 1 0.61484375 0.98125 0.60390625 0.97578125 0.553125 0.93671875 0.5609375 0.92421875 0.553125 0.90703125 0.553125 0.8984375 0.55859375 0.8953125 0.57578125 0.87890625 0.59375 0.84609375 0.6 0.821875 0.61328125 0.821875 0.62890625 0.8375 0.64296875 0.840625 0.66015625 0.821875 0.74609375
0 0.7703125 0.57421875 0.7875 0.61171875 0.79921875 0.6109375 0.82109375 0.5890625 0.83515625 0.590625 0.85 0.57890625 0.853125 0.55078125 0.82421875 0.5140625 0.7953125 0.52734375 0.7875 0.55859375 0.7703125 0.57421875
0 0.7140625 0.56484375 0.7375 0.57890625 0.7484375 0.57578125 0.76640625 0.5453125 0.78984375 0.5375 0.7921875 0.53046875 0.7953125 0.48828125 0.7859375 0.48046875 0.784375 0.46484375 0.771875 0.45546875 0.76640625 0.4390625 0.74921875 0.440625 0.7296875 0.46328125 0.73125 0.47734375 0.7453125 0.49296875 0.7375 0.50703125 0.71640625 0.5109375 0.7078125 0.51953125 0.71875 0.53984375 0.7140625 0.56484375
0 0.59765625 0.5984375 0.60625 0.61171875 0.615625 0.60859375 0.62578125 0.5765625 0.64140625 0.6015625 0.65234375 0.6 0.659375 0.59140625 0.6515625 0.55859375 0.6375 0.55078125 0.6484375 0.50234375 0.64375 0.46953125 0.63359375 0.4515625 0.61484375 0.465625 0.58671875 0.4671875 0.5796875 0.48046875 0.584375 0.54140625 0.5734375 0.56640625 0.5828125 0.59609375 0.59765625 0.5984375
0 1 0.82421875 0.98671875 0.8203125 0.96328125 0.8 0.95546875 0.809375 0.94765625 0.809375 0.93046875 0.7859375 0.909375 0.79609375 0.9109375 0.82265625 0.8984375 0.83203125 0.8953125 0.84453125 0.86484375 0.840625 0.84375 0.86484375 0.8359375 0.88515625 0.8484375 0.92265625 0.85703125 0.9265625 0.86640625 0.9265625 0.87890625 0.9109375 0.89921875 0.9015625 0.9140625 0.90859375 0.9203125 0.92109375 0.9203125 0.99921875 0.95 0.99921875 0.95625 0.92578125 0.96484375 0.915625 0.98984375 0.9140625 1 0.89296875 1 0.82421875
0 0.328125 0.98046875 0.3296875 0.99921875 0.34453125 1 0.34921875 0.9890625 0.35703125 0.990625 0.36328125 0.98125 0.37109375 0.984375 0.3796875 0.96796875 0.378125 0.93515625 0.36328125 0.9234375 0.34375 0.92109375 0.346875 0.89140625 0.3296875 0.86796875 0.33515625 0.8578125 0.3484375 0.85703125 0.346875 0.81953125 0.334375 0.81640625 0.3375 0.82109375 0.328125 0.82578125 0.321875 0.85859375 0.31171875 0.8609375 0.3109375 0.83515625 0.296875 0.83515625 0.2921875 0.81953125 0.253125 0.78046875 0.24140625 0.7515625 0.23515625 0.746875 0.22421875 0.75 0.2140625 0.76953125 0.2140625 0.78515625 0.228125 0.80078125 0.2328125 0.82109375 0.228125 0.86796875 0.2359375 0.87578125 0.2296875 0.88984375 0.23125 0.91484375 0.225 0.92421875 0.2296875 0.95234375 0.23984375 0.9625 0.27265625 0.95625 0.28515625 0.965625 0.30703125 0.9625 0.328125 0.98046875
0 0.0109375 0.85546875 0.0140625 0.86171875 0.0328125 0.85078125 0.05546875 0.81875 0.08203125 0.815625 0.103125 0.80234375 0.1140625 0.75546875 0.10625 0.72734375 0.078125 0.69609375 0.0671875 0.66796875 0.0671875 0.64296875 0.0734375 0.61484375 0.07890625 0.609375 0.09453125 0.609375 0.1 0.60078125 0.1109375 0.53515625 0.11640625 0.5265625 0.1375 0.51796875 0.14375 0.48828125 0.1390625 0.47109375 0.128125 0.46484375 0.11953125 0.4484375 0.09296875 0.440625 0.02265625 0.45625 0.0140625 0.43515625 0.015625 0.38984375 0.00234375 0.3859375 0 0.82265625 0.01484375 0.8265625 0.0203125 0.83515625 0.0109375 0.85546875
0 0 0.23203125 0.02109375 0.2328125 0.034375 0.24609375 0.0390625 0.27890625 0.0875 0.27578125 0.0875 0.22734375 0.06796875 0.2203125 0.0640625 0.20703125 0.04296875 0.1984375 0.02890625 0.1796875 0.01796875 0.196875 0 0.20546875 0 0.23203125
0 0.1078125 0.15859375 0.1140625 0.16328125 0.13046875 0.1640625 0.1453125 0.13359375 0.146875 0.11484375 0.13828125 0.1 0.10859375 0.10625 0.103125 0.11328125 0.1 0.12578125 0.109375 0.13671875 0.1078125 0.15859375
0 0.1484375 0.08203125 0.1578125 0.09453125 0.18046875 0.090625 0.2 0.07109375 0.209375 0.05859375 0.20078125 0.0375 0.18828125 0.034375 0.1765625 0.04140625 0.1484375 0.08203125
0 0.0421875 0.01484375 0.0484375 0.03515625 0.06171875 0.025 0.07421875 0.025 0.084375 0.00078125 0.05234375 0 0.0421875 0.01484375
0 0.553125 0.88984375 0.559375 0.90078125 0.571875 0.89765625 0.59375 0.86640625 0.5953125 0.83515625 0.58828125 0.8265625 0.575 0.83203125 0.55625 0.86015625 0.553125 0.88984375
0 0.5234375 0.87265625 0.5296875 0.89140625 0.5421875 0.88515625 0.5640625 0.82890625 0.55234375 0.8078125 0.5234375 0.87265625
0 0.4859375 0.86953125 0.4921875 0.91796875 0.5046875 0.91328125 0.5171875 0.88984375 0.521875 0.83984375 0.50546875 0.8078125 0.5 0.81953125 0.50546875 0.8171875 0.5109375 0.82734375 0.4859375 0.86953125
0 0.546875 0.97578125 0.54375 0.99921875 0.5609375 0.99921875 0.5703125 0.97109375 0.6 0.94140625 0.59453125 0.928125 0.56015625 0.9203125 0.540625 0.93359375 0.5359375 0.95859375 0.546875 0.97578125
0 0.5921875 0.45234375 0.5984375 0.46328125 0.60703125 0.4625 0.6109375 0.45234375 0.6125 0.38359375 0.61796875 0.378125 0.62890625 0.3796875 0.634375 0.36484375 0.6234375 0.34609375 0.61171875 0.290625 0.60390625 0.2984375 0.58671875 0.29375 0.57578125 0.3015625 0.5640625 0.33671875 0.5734375 0.37890625 0.590625 0.40078125 0.5921875 0.45234375