0 0.15390625 0.6 0.12109375 0.59375 0.1046875 0.57578125 0.1015625 0.55859375 0.09296875 0.553125 0.07578125 0.553125 0.06328125 0.5609375 0.02421875 0.553125 0.01875 0.60390625 0 0.61484375 0.003125 0.72421875 0.01953125 0.7234375 0.0234375 0.70078125 0.04765625 0.69375 0.05546875 0.6828125 0.06640625 0.6953125 0.07890625 0.69375 0.0859375 0.67421875 0.09296875 0.671875 0.10390625 0.6890625 0.12109375 0.690625 0.146875 0.71640625 0.1390625 0.75546875 0.14921875 0.765625 0.1625 0.76484375 0.178125 0.74609375 0.159375 0.66015625 0.1625 0.64296875 0.178125 0.62890625 0.178125 0.61328125 0.15390625 0.6
0 0.15 0.57890625 0.16484375 0.590625 0.17890625 0.5890625 0.20078125 0.6109375 0.2125 0.61171875 0.2296875 0.57421875 0.2125 0.55859375 0.2046875 0.52734375 0.17578125 0.5140625 0.146875 0.55078125 0.15 0.57890625
0 0.2546875 0.49296875 0.26875 0.47734375 0.2703125 0.46328125 0.25078125 0.440625 0.23359375 0.4390625 0.228125 0.45546875 0.215625 0.46484375 0.2140625 0.48046875 0.2046875 0.48828125 0.2078125 0.53046875 0.21015625 0.5375 0.23359375 0.5453125 0.2515625 0.57578125 0.2625 0.57890625 0.2859375 0.56484375 0.28125 0.53984375 0.2921875 0.51953125 0.28359375 0.5109375 0.2625 0.50703125 0.2546875 0.49296875
0 0.41328125 0.4671875 0.38515625 0.465625 0.36640625 0.4515625 0.35625 0.46953125 0.3515625 0.50234375 0.3625 0.55078125 0.3484375 0.55859375 0.340625 0.59140625 0.34765625 0.6 0.35859375 0.6015625 0.37421875 0.5765625 0.384375 0.60859375 0.39375 0.61171875 0.40234375 0.5984375 0.4171875 0.59609375 0.4265625 0.56640625 0.415625 0.54140625 0.4203125 0.48046875 0.41328125 0.4671875
0 0 0.89296875 0.01015625 0.9140625 0.03515625 0.915625 0.04375 0.92578125 0.05 0.99921875 0.0796875 0.99921875 0.0796875 0.92109375 0.0859375 0.90859375 0.10078125 0.9015625 0.12109375 0.9109375 0.13359375 0.9265625 0.14296875 0.9265625 0.1515625 0.92265625 0.1640625 0.88515625 0.15625 0.86484375 0.13515625 0.840625 0.1046875 0.84453125 0.1015625 0.83203125 0.0890625 0.82265625 0.090625 0.79609375 0.06953125 0.7859375 0.05234375 0.809375 0.04453125 0.809375 0.03671875 0.8 0.01328125 0.8203125 0 0.82421875 0 0.89296875
0 0.7703125 0.95234375 0.775 0.92421875 0.76875 0.91484375 0.7703125 0.88984375 0.7640625 0.87578125 0.771875 0.86796875 0.7671875 0.82109375 0.771875 0.80078125 0.7859375 0.78515625 0.7859375 0.76953125 0.77578125 0.75 0.76484375 0.746875 0.75859375 0.7515625 0.746875 0.78046875 0.7078125 0.81953125 0.703125 0.83515625 0.6890625 0.83515625 0.68828125 0.8609375 0.678125 0.85859375 0.671875 0.82578125 0.6625 0.82109375 0.665625 0.81640625 0.653125 0.81953125 0.6515625 0.85703125 0.66484375 0.8578125 0.6703125 0.86796875 0.653125 0.89140625 0.65625 0.92109375 0.63671875 0.9234375 0.621875 0.93515625 0.6203125 0.96796875 0.62890625 0.984375 0.63671875 0.98125 0.64296875 0.990625 0.65078125 0.9890625 0.65546875 1 0.6703125 0.99921875 0.671875 0.98046875 0.69296875 0.9625 0.71484375 0.965625 0.72734375 0.95625 0.76015625 0.9625 0.7703125 0.95234375
0 0.984375 0.38984375 0.9859375 0.43515625 0.97734375 0.45625 0.90703125 0.440625 0.88046875 0.4484375 0.871875 0.46484375 0.8609375 0.47109375 0.85625 0.48828125 0.8625 0.51796875 0.88359375 0.5265625 0.8890625 0.53515625 0.9 0.60078125 0.90546875 0.609375 0.92109375 0.609375 0.9265625 0.61484375 0.9328125 0.64296875 0.9328125 0.66796875 0.921875 0.69609375 0.89375 0.72734375 0.8859375 0.75546875 0.896875 0.80234375 0.91796875 0.815625 0.94453125 0.81875 0.9671875 0.85078125 0.9859375 0.86171875 0.9890625 0.85546875 0.9796875 0.83515625 0.98515625 0.8265625 1 0.82265625 0.99765625 0.3859375 0.984375 0.38984375
0 1 0.20546875 0.98203125 0.196875 0.97109375 0.1796875 0.95703125 0.1984375 0.9359375 0.20703125 0.93203125 0.2203125 0.9125 0.22734375 0.9125 0.27578125 0.9609375 0.27890625 0.965625 0.24609375 0.97890625 0.2328125 1 0.23203125 1 0.20546875
0 0.86171875 0.1 0.853125 0.11484375 0.8546875 0.13359375 0.86953125 0.1640625 0.8859375 0.16328125 0.8921875 0.15859375 0.890625 0.13671875 0.9 0.12578125 0.896875 0.11328125 0.89140625 0.10625 0.86171875 0.1
0 0.8 0.07109375 0.81953125 0.090625 0.8421875 0.09453125 0.8515625 0.08203125 0.8234375 0.04140625 0.81171875 0.034375 0.79921875 0.0375 0.790625 0.05859375 0.8 0.07109375
0 0.9515625 0.03515625 0.9578125 0.01484375 0.94765625 0 0.915625 0.00078125 0.92578125 0.025 0.93828125 0.025 0.9515625 0.03515625
0 0.40625 0.86640625 0.428125 0.89765625 0.440625 0.90078125 0.446875 0.88984375 0.44375 0.86015625 0.425 0.83203125 0.41171875 0.8265625 0.4046875 0.83515625 0.40625 0.86640625
0 0.4765625 0.87265625 0.44765625 0.8078125 0.4359375 0.82890625 0.4578125 0.88515625 0.4703125 0.89140625 0.4765625 0.87265625
0 0.478125 0.83984375 0.4828125 0.88984375 0.4953125 0.91328125 0.5078125 0.91796875 0.5140625 0.86953125 0.4890625 0.82734375 0.49453125 0.8171875 0.5 0.81953125 0.49453125 0.8078125 0.478125 0.83984375
0 0.4 0.94140625 0.4296875 0.97109375 0.4390625 0.99921875 0.45625 0.99921875 0.453125 0.97578125 0.4640625 0.95859375 0.459375 0.93359375 0.43984375 0.9203125 0.40546875 0.928125 0.4 0.94140625
0 0.41328125 0.29375 0.39609375 0.2984375 0.38828125 0.290625 0.3765625 0.34609375 0.365625 0.36484375 0.37109375 0.3796875 0.38203125 0.378125 0.3875 0.38359375 0.3890625 0.45234375 0.39296875 0.4625 0.4015625 0.46328125 0.4078125 0.45234375 0.409375 0.40078125 0.4265625 0.37890625 0.4359375 0.33671875 0.42421875 0.3015625 0.41328125 0.29375