0 0.06875 0.62421875 0.08125 0.59609375 0.09140625 0.6 0.1 0.58828125 0.0890625 0.53046875 0.0875 0.46796875 0.06484375 0.45 0.03359375 0.4578125 0.00390625 0.453125 0 0.62109375 0.06875 0.62421875
0 0.08203125 0.6140625 0.1 0.60859375 0.1109375 0.53515625 0.1390625 0.53046875 0.14375 0.47421875 0.13359375 0.4625 0.08828125 0.4625 0.07109375 0.4484375 0.02421875 0.453125 0.0171875 0.44453125 0.0171875 0.40078125 0.00390625 0.390625 0 0.83359375 0.0015625 0.86015625 0.025 0.86328125 0.07734375 0.8609375 0.0796875 0.81484375 0.09921875 0.8140625 0.1015625 0.80390625 0.096875 0.80078125 0.109375 0.79765625 0.1109375 0.71328125 0.08125 0.70859375 0.0734375 0.62734375 0.08203125 0.6140625
0 0.1375 0.75859375 0.1265625 0.77265625 0.125 0.80546875 0.13125 0.85078125 0.140625 0.87421875 0.159375 0.88671875 0.1640625 0.88046875 0.1578125 0.85546875 0.1609375 0.83671875 0.2 0.82890625 0.2015625 0.78203125 0.19765625 0.76875 0.16953125 0.76875 0.1546875 0.73203125 0.14609375 0.728125 0.1375 0.75859375
0 0.32578125 0.828125 0.32265625 0.81875 0.3171875 0.81953125 0.31484375 0.8296875 0.31015625 0.81875 0.3046875 0.85859375 0.29453125 0.8625 0.2921875 0.81953125 0.271875 0.80234375 0.25 0.77109375 0.2453125 0.74921875 0.23359375 0.74375 0.215625 0.76640625 0.215625 0.79140625 0.23125 0.81484375 0.23125 0.90859375 0.2203125 0.92109375 0.23984375 0.965625 0.26640625 0.9515625 0.28359375 0.9734375 0.2921875 0.97578125 0.30234375 0.9640625 0.32265625 0.9734375 0.3296875 0.96953125 0.3328125 0.92578125 0.3484375 0.90078125 0.3484375 0.89140625 0.3328125 0.86796875 0.35 0.84453125 0.35 0.83515625 0.32578125 0.828125
0 0.57421875 0.9140625 0.5890625 0.91328125 0.5953125 0.90859375 0.596875 0.83671875 0.58046875 0.815625 0.51796875 0.815625 0.484375 0.82421875 0.4875 0.90546875 0.49296875 0.9140625 0.53203125 0.909375 0.54609375 0.9 0.57421875 0.9140625
0 0.5703125 0.97265625 0.6015625 0.94296875 0.59453125 0.9265625 0.57421875 0.9203125 0.54921875 0.9265625 0.5359375 0.95078125 0.5484375 0.97578125 0.5453125 0.99921875 0.5625 0.99921875 0.5703125 0.97265625
0 1 0.82421875 0.97890625 0.8234375 0.97578125 0.8 0.92578125 0.7921875 0.9109375 0.80078125 0.89296875 0.8453125 0.86484375 0.840625 0.846875 0.86015625 0.8359375 0.88671875 0.84453125 0.9203125 0.82421875 0.915625 0.81953125 0.896875 0.81640625 0.90625 0.80703125 0.89375 0.78828125 0.89375 0.7796875 0.90546875 0.7796875 0.93046875 0.784375 0.96484375 0.80546875 0.96875 0.8109375 0.96640625 0.80625 0.95703125 0.809375 0.92734375 0.8140625 0.97578125 0.83203125 0.984375 0.8453125 0.97421875 0.846875 0.92734375 0.86796875 0.928125 0.88359375 0.909375 0.90546875 0.9 0.921875 0.91328125 0.9234375 0.99921875 0.9515625 0.99921875 0.95625 0.92734375 0.96328125 0.9171875 0.98984375 0.9109375 1 0.90234375 1 0.82421875
0 1 0.61171875 0.9828125 0.60546875 0.97734375 0.553125 0.94453125 0.559375 0.92109375 0.5515625 0.90546875 0.553125 0.89375 0.57890625 0.87890625 0.59375 0.84921875 0.5984375 0.8234375 0.61171875 0.8234375 0.63046875 0.8390625 0.64921875 0.8390625 0.68046875 0.8234375 0.75078125 0.8515625 0.78046875 0.86875 0.75546875 0.8640625 0.71953125 0.88046875 0.7015625 0.89140625 0.7078125 0.89765625 0.7046875 0.91015625 0.68125 0.93359375 0.7359375 0.93828125 0.73125 0.96171875 0.7359375 0.98203125 0.73125 0.99296875 0.740625 1 0.73828125 1 0.61171875
0 0.78125 0.60859375 0.7953125 0.61484375 0.82109375 0.59375 0.83828125 0.59375 0.8515625 0.58046875 0.8546875 0.54921875 0.82421875 0.5125 0.809375 0.52109375 0.771875 0.57421875 0.7734375 0.58515625 0.784375 0.59609375 0.78125 0.60859375
0 0.73125 0.47421875 0.7453125 0.49140625 0.734375 0.51328125 0.72265625 0.5109375 0.709375 0.51796875 0.721875 0.54609375 0.70625 0.56171875 0.74375 0.58046875 0.7640625 0.55078125 0.7875 0.53515625 0.796875 0.51171875 0.796875 0.48671875 0.7859375 0.47890625 0.78125 0.45234375 0.76796875 0.4390625 0.75234375 0.440625 0.7328125 0.46015625 0.73125 0.47421875
0 0.61640625 0.4640625 0.59765625 0.4609375 0.58984375 0.465625 0.58125 0.48203125 0.58515625 0.4921875 0.52265625 0.4921875 0.5171875 0.50703125 0.5203125 0.54609375 0.58046875 0.5484375 0.575 0.56953125 0.5828125 0.59453125 0.60078125 0.6015625 0.6125 0.61484375 0.62734375 0.5921875 0.65078125 0.6015625 0.6609375 0.59140625 0.653125 0.55703125 0.6390625 0.54921875 0.65 0.51953125 0.65 0.49921875 0.6453125 0.46796875 0.63359375 0.45 0.61640625 0.4640625
0 0.60390625 0.3046875 0.58671875 0.309375 0.5703125 0.33359375 0.5796875 0.37578125 0.596875 0.38671875 0.6234375 0.36015625 0.6171875 0.32578125 0.60390625 0.3046875
0 0.584375 0.46015625 0.590625 0.46640625 0.6015625 0.45546875 0.609375 0.38828125 0.61640625 0.3796875 0.62890625 0.378125 0.634375 0.36484375 0.61171875 0.29375 0.58046875 0.2984375 0.565625 0.33515625 0.584375 0.40234375 0.584375 0.46015625
0 0.24921875 0.290625 0.2484375 0.36953125 0.26875 0.37265625 0.28359375 0.371875 0.2890625 0.36484375 0.2890625 0.29296875 0.24921875 0.290625
0 0.2765625 0.37265625 0.2890625 0.36640625 0.2890625 0.29140625 0.278125 0.28671875 0.2765625 0.26015625 0.25546875 0.25625 0.2390625 0.27265625 0.246875 0.29609375 0.246875 0.36484375 0.25546875 0.3734375 0.2765625 0.37265625
0 0.965625 0.25390625 0.97109375 0.2703125 0.99375 0.27109375 1 0.00078125 0.95703125 0 0.9625 0.02421875 0.965625 0.25390625
0 1 0.27890625 0.99296875 0.2703125 0.94609375 0.2734375 0.9390625 0.28515625 0.9421875 0.29609375 0.9546875 0.30390625 0.96015625 0.3203125 0.97421875 0.31875 0.98125 0.32578125 0.9890625 0.39453125 0.99375 0.39765625 1 0.39453125 1 0.27890625
0 0 0.23046875 0.02421875 0.2328125 0.0390625 0.27421875 0.0484375 0.27578125 0.06015625 0.265625 0.06640625 0.2671875 0.0890625 0.24453125 0.0890625 0.23671875 0.06875 0.21953125 0.06015625 0.2015625 0.04765625 0.2 0.02890625 0.1796875 0.01953125 0.1953125 0 0.20546875 0 0.23046875
0 0.1421875 0.15546875 0.1375 0.13515625 0.1484375 0.12265625 0.13984375 0.1 0.10703125 0.109375 0.1015625 0.12421875 0.1203125 0.14609375 0.121875 0.15859375 0.1359375 0.16640625 0.1421875 0.15546875
0 0.20390625 0.0390625 0.18203125 0.0375 0.1515625 0.07890625 0.1515625 0.08671875 0.1640625 0.09453125 0.18359375 0.0890625 0.2109375 0.05859375 0.20390625 0.0390625