0 0.93671875 0.4390625 0.97578125 0.446875 0.98125 0.39609375 1 0.38515625 0.996875 0.27578125 0.98046875 0.2765625 0.9765625 0.29921875 0.95234375 0.30625 0.94453125 0.3171875 0.93359375 0.3046875 0.92109375 0.30625 0.9140625 0.32578125 0.90703125 0.328125 0.89609375 0.3109375 0.87890625 0.309375 0.853125 0.28359375 0.8609375 0.24453125 0.85078125 0.234375 0.8375 0.23515625 0.821875 0.25390625 0.840625 0.33984375 0.8375 0.35703125 0.821875 0.37109375 0.821875 0.38671875 0.84609375 0.4 0.87890625 0.40625 0.8953125 0.42421875 0.8984375 0.44140625 0.90703125 0.446875 0.92421875 0.446875 0.93671875 0.4390625
0 0.7875 0.44140625 0.7953125 0.47265625 0.82421875 0.4859375 0.853125 0.44921875 0.85 0.42109375 0.83515625 0.409375 0.82109375 0.4109375 0.79921875 0.3890625 0.7875 0.38828125 0.7703125 0.42578125 0.7875 0.44140625
0 0.784375 0.53515625 0.7859375 0.51953125 0.7953125 0.51171875 0.7921875 0.46953125 0.78984375 0.4625 0.76640625 0.4546875 0.7484375 0.42421875 0.7375 0.42109375 0.7140625 0.43515625 0.71875 0.46015625 0.7078125 0.48046875 0.71640625 0.4890625 0.7375 0.49296875 0.7453125 0.50703125 0.73125 0.52265625 0.7296875 0.53671875 0.74921875 0.559375 0.76640625 0.5609375 0.771875 0.54453125 0.784375 0.53515625
0 0.6515625 0.44140625 0.659375 0.40859375 0.65234375 0.4 0.64140625 0.3984375 0.62578125 0.4234375 0.615625 0.39140625 0.60625 0.38828125 0.59765625 0.4015625 0.5828125 0.40390625 0.5734375 0.43359375 0.584375 0.45859375 0.5796875 0.51953125 0.58671875 0.5328125 0.61484375 0.534375 0.63359375 0.5484375 0.64375 0.53046875 0.6484375 0.49765625 0.6375 0.44921875 0.6515625 0.44140625
0 1 0.10703125 0.98984375 0.0859375 0.96484375 0.084375 0.95625 0.07421875 0.95 0.00078125 0.9203125 0.00078125 0.9203125 0.07890625 0.9140625 0.09140625 0.89921875 0.0984375 0.87890625 0.0890625 0.86640625 0.0734375 0.85703125 0.0734375 0.8484375 0.07734375 0.8359375 0.11484375 0.84375 0.13515625 0.86484375 0.159375 0.8953125 0.15546875 0.8984375 0.16796875 0.9109375 0.17734375 0.909375 0.20390625 0.93046875 0.2140625 0.94765625 0.190625 0.95546875 0.190625 0.96328125 0.2 0.98671875 0.1796875 1 0.17578125 1 0.10703125
0 0.2328125 0.17890625 0.228125 0.19921875 0.2140625 0.21484375 0.2140625 0.23046875 0.22421875 0.25 0.23515625 0.253125 0.24140625 0.2484375 0.253125 0.21953125 0.2921875 0.18046875 0.296875 0.16484375 0.3109375 0.16484375 0.31171875 0.1390625 0.321875 0.14140625 0.328125 0.17421875 0.3375 0.17890625 0.334375 0.18359375 0.346875 0.18046875 0.3484375 0.14296875 0.33515625 0.1421875 0.3296875 0.13203125 0.346875 0.10859375 0.34375 0.07890625 0.36328125 0.0765625 0.378125 0.06484375 0.3796875 0.03203125 0.37109375 0.015625 0.36328125 0.01875 0.35703125 0.009375 0.34921875 0.0109375 0.34453125 0 0.3296875 0.00078125 0.328125 0.01953125 0.30703125 0.0375 0.28515625 0.034375 0.27265625 0.04375 0.23984375 0.0375 0.2296875 0.04765625 0.225 0.07578125 0.23125 0.08515625 0.2296875 0.11015625 0.2359375 0.12421875 0.228125 0.13203125 0.2328125 0.17890625
0 0.1390625 0.52890625 0.14375 0.51171875 0.1375 0.48203125 0.11640625 0.4734375 0.1109375 0.46484375 0.1 0.39921875 0.09453125 0.390625 0.07890625 0.390625 0.0734375 0.38515625 0.0671875 0.35703125 0.0671875 0.33203125 0.078125 0.30390625 0.10625 0.27265625 0.1140625 0.24453125 0.103125 0.19765625 0.08203125 0.184375 0.05546875 0.18125 0.0328125 0.14921875 0.0140625 0.13828125 0.0109375 0.14453125 0.0203125 0.16484375 0.01484375 0.1734375 0 0.17734375 0.00234375 0.6140625 0.015625 0.61015625 0.0140625 0.56484375 0.02265625 0.54375 0.09296875 0.559375 0.11953125 0.5515625 0.128125 0.53515625 0.1390625 0.52890625
0 0 0.79453125 0.01796875 0.803125 0.02890625 0.8203125 0.04296875 0.8015625 0.0640625 0.79296875 0.06796875 0.7796875 0.0875 0.77265625 0.0875 0.72421875 0.0390625 0.72109375 0.034375 0.75390625 0.02109375 0.7671875 0 0.76796875 0 0.79453125
0 0.109375 0.86328125 0.1 0.87421875 0.103125 0.88671875 0.10859375 0.89375 0.13828125 0.9 0.146875 0.88515625 0.1453125 0.86640625 0.13046875 0.8359375 0.1140625 0.83671875 0.1078125 0.84140625 0.109375 0.86328125
0 0.20078125 0.9625 0.209375 0.94140625 0.2 0.92890625 0.18046875 0.909375 0.1578125 0.90546875 0.1484375 0.91796875 0.1765625 0.95859375 0.18828125 0.965625 0.20078125 0.9625
0 0.0484375 0.96484375 0.0421875 0.98515625 0.05234375 1 0.084375 0.99921875 0.07421875 0.975 0.06171875 0.975 0.0484375 0.96484375
0 0.58828125 0.1734375 0.5953125 0.16484375 0.59375 0.13359375 0.571875 0.10234375 0.559375 0.09921875 0.553125 0.11015625 0.55625 0.13984375 0.575 0.16796875 0.58828125 0.1734375
0 0.55234375 0.1921875 0.5640625 0.17109375 0.5421875 0.11484375 0.5296875 0.10859375 0.5234375 0.12734375 0.55234375 0.1921875
0 0.50546875 0.1828125 0.5 0.18046875 0.50546875 0.1921875 0.521875 0.16015625 0.5171875 0.11015625 0.5046875 0.08671875 0.4921875 0.08203125 0.4859375 0.13046875 0.5109375 0.17265625 0.50546875 0.1828125
0 0.540625 0.06640625 0.56015625 0.0796875 0.59453125 0.071875 0.6 0.05859375 0.5703125 0.02890625 0.5609375 0.00078125 0.54375 0.00078125 0.546875 0.02421875 0.5359375 0.04140625 0.540625 0.06640625
0 0.61796875 0.621875 0.6125 0.61640625 0.6109375 0.54765625 0.60703125 0.5375 0.5984375 0.53671875 0.5921875 0.54765625 0.590625 0.59921875 0.5734375 0.62109375 0.5640625 0.66328125 0.57578125 0.6984375 0.58671875 0.70625 0.60390625 0.7015625 0.61171875 0.709375 0.6234375 0.65390625 0.634375 0.63515625 0.62890625 0.6203125 0.61796875 0.621875