0 0.33203125 0 0.328125 0.01015625 0.3296875 0.10703125 0.3203125 0.30859375 0.284375 0.45234375 0.284375 0.54140625 0.303125 0.59765625 0.3015625 0.64765625 0.30703125 0.6546875 0.3515625 0.66171875 0.3734375 0.44609375 0.3671875 0.26953125 0.378125 0.10078125 0.37109375 0 0.33203125 0
0 0.2359375 0.30859375 0.234375 0.33984375 0.240625 0.37890625 0.246875 0.63671875 0.25234375 0.646875 0.2671875 0.64765625 0.275 0.57734375 0.2765625 0.44453125 0.2890625 0.32890625 0.2734375 0.24921875 0.278125 0.00078125 0.24765625 0 0.24375 0.14140625 0.25 0.23203125 0.246875 0.28203125 0.2359375 0.30859375
0 0.15625 0.10703125 0.15 0.13359375 0.1578125 0.24140625 0.15625 0.37890625 0.1625 0.49296875 0.1578125 0.62734375 0.16171875 0.64375 0.1828125 0.64453125 0.1875 0.63984375 0.184375 0.52578125 0.190625 0.39609375 0.184375 0.29921875 0.19375 0.14609375 0.175 0.09296875 0.1828125 0.00078125 0.16171875 0 0.1546875 0.00546875 0.15625 0.10703125
0 0 0.63515625 0.00625 0.63515625 0.0140625 0.62890625 0.0109375 0.45859375 0.0171875 0.09453125 0.01171875 0 0 0.00078125 0 0.63515625
0 0.0671875 0.11015625 0.0640625 0.14765625 0.0765625 0.21328125 0.0703125 0.39296875 0.0796875 0.48671875 0.0828125 0.63671875 0.09375 0.63984375 0.1 0.63203125 0.1 0.45390625 0.10625 0.39140625 0.1015625 0.32578125 0.10625 0.12109375 0.1 0.08359375 0.1015625 0.00234375 0.08515625 0 0.0828125 0.06953125 0.0671875 0.11015625
0 0.41875 0.66796875 0.4234375 0.66484375 0.4296875 0.57890625 0.44375 0.23359375 0.4578125 0.04765625 0.45078125 0 0.4328125 0.00078125 0.4109375 0.15546875 0.415625 0.25859375 0.40625 0.66640625 0.41875 0.66796875
0 0.5421875 0.09296875 0.5515625 0.06171875 0.54609375 0 0.515625 0.00078125 0.50625 0.05859375 0.49375 0.54765625 0.4703125 0.66015625 0.47734375 0.6671875 0.51875 0.66796875 0.525 0.66328125 0.525 0.64453125 0.515625 0.56328125 0.5171875 0.51796875 0.5078125 0.49296875 0.5078125 0.46953125 0.5265625 0.38828125 0.525 0.34609375 0.5453125 0.18671875 0.5421875 0.09296875
0 0.5796875 0.00234375 0.5734375 0.03203125 0.575 0.11171875 0.5671875 0.15234375 0.5609375 0.26484375 0.565625 0.28203125 0.575 0.25859375 0.59453125 0.253125 0.609375 0.23515625 0.61875 0.21328125 0.615625 0.18828125 0.63828125 0.1828125 0.6453125 0.16953125 0.6515625 0.12265625 0.63515625 0 0.5796875 0.00234375
0 0.71484375 0.125 0.73515625 0.121875 0.75390625 0.10625 0.7640625 0.15859375 0.771875 0.16953125 0.78359375 0.1796875 0.8171875 0.18671875 0.821875 0.18046875 0.8296875 0.06796875 0.8109375 0.03984375 0.8140625 0.00078125 0.67890625 0 0.6640625 0.08203125 0.665625 0.10390625 0.68671875 0.1078125 0.70078125 0.121875 0.71484375 0.125
0 0.88984375 0 0.8515625 0.00390625 0.8359375 0.03203125 0.83125 0.06640625 0.8265625 0.15390625 0.84375 0.15703125 0.8453125 0.16484375 0.8375 0.16953125 0.8453125 0.18046875 0.84296875 0.184375 0.83359375 0.1796875 0.82890625 0.1671875 0.8234375 0.20078125 0.8453125 0.20703125 0.8453125 0.21328125 0.8390625 0.21328125 0.8453125 0.21953125 0.8390625 0.28671875 0.8453125 0.29140625 0.8390625 0.29609375 0.84375 0.30859375 0.8375 0.31484375 0.8375 0.37578125 0.83125 0.36640625 0.834375 0.35390625 0.82890625 0.353125 0.825 0.38984375 0.8203125 0.39296875 0.828125 0.41640625 0.8234375 0.41953125 0.8265625 0.43984375 0.7953125 0.68046875 0.79921875 0.6859375 0.8140625 0.68671875 0.8359375 0.68203125 0.85 0.53515625 0.8578125 0.34921875 0.865625 0.31796875 0.8734375 0.22109375 0.8703125 0.18671875 0.8796875 0.19296875 0.88125 0.15078125 0.89375 0.08828125 0.88984375 0
0 1 0.10234375 0.9796875 0.08828125 0.9703125 0.06953125 0.97578125 0 0.94375 0.00234375 0.940625 0.06171875 0.921875 0.09296875 0.915625 0.11796875 0.9203125 0.28828125 0.9015625 0.52265625 0.890625 0.58046875 0.8890625 0.65859375 0.88125 0.68203125 0.890625 0.68828125 0.9109375 0.68515625 0.9421875 0.35546875 0.96875 0.23359375 1 0.16171875 1 0.10234375
0 0.99921875 0.378125 0.990625 0.46640625 0.953125 0.52890625 0.946875 0.57734375 0.95 0.63203125 0.959375 0.65859375 0.9546875 0.69453125 0.95859375 0.7 0.9984375 0.70078125 0.99921875 0.378125
0 1 0.70546875 0.98828125 0.7015625 0.97265625 0.703125 0.96875 0.71015625 0.9671875 0.76015625 0.953125 0.81484375 0.9484375 0.88671875 0.9296875 0.99609375 0.9859375 0.99921875 1 0.93828125 1 0.70546875
0 0.846875 0.90703125 0.834375 0.87578125 0.8390625 0.83203125 0.834375 0.81484375 0.82734375 0.8125 0.8109375 0.82109375 0.7875 0.95703125 0.7640625 0.99921875 0.846875 0.99921875 0.846875 0.90703125
0 0.82421875 0.6875 0.821875 0.72578125 0.8296875 0.72734375 0.86953125 0.7109375 0.8765625 0.69921875 0.85703125 0.6890625 0.82421875 0.6875
0 0.6296875 0.80859375 0.6296875 0.78984375 0.65625 0.72421875 0.6703125 0.71640625 0.6859375 0.69140625 0.62578125 0.684375 0.58046875 0.690625 0.53203125 0.684375 0.42109375 0.6890625 0.4234375 0.70546875 0.43984375 0.7125 0.44453125 0.721875 0.45546875 0.7140625 0.465625 0.71953125 0.4796875 0.75078125 0.484375 0.82890625 0.490625 0.84140625 0.4828125 0.90234375 0.5109375 0.94453125 0.50625 0.99921875 0.5796875 0.99921875 0.5765625 0.98828125 0.584375 0.93671875 0.5921875 0.90234375 0.60078125 0.89375 0.6125 0.91796875 0.6171875 0.96953125 0.621875 0.96953125 0.625 0.88671875 0.6390625 0.83203125 0.6296875 0.80859375
0 0.56875 0.60078125 0.571875 0.66640625 0.603125 0.66953125 0.6078125 0.66328125 0.609375 0.58515625 0.57578125 0.584375 0.56875 0.60078125
0 0.565625 0.66796875 0.571875 0.65703125 0.57734375 0.4921875 0.55 0.50546875 0.5453125 0.66796875 0.565625 0.66796875