0 0 0.88046875 0.00078125 0.934375 0.1171875 0.94609375 0.11796875 0.88125 0 0.88046875
0 0.2734375 0.89140625 0.27890625 0.9046875 0.30390625 0.90625 0.31484375 0.9 0.33359375 0.9109375 0.3796875 0.91484375 0.38125 0.87734375 0.522700459375 0.8722391234375 0.35859375 0.8453125 0.28671875 0.8421875 0.278125 0.84765625 0.2734375 0.89140625
0 0.60234375 0.8140625 0.509375 0.81640625 0.5078125 0.86171875 0.51328125 0.875 0.603125 0.88203125 0.60234375 0.8140625
0 0.6265625 0.85234375 0.7046875 0.86015625 0.70625 0.80078125 0.67109375 0.7828125 0.66796875 0.7875 0.66171875 0.7734375 0.62890625 0.7734375 0.6265625 0.85234375
0 0.7078125 0.82890625 0.7390625 0.84296875 0.7703125 0.83984375 0.771875 0.77421875 0.70703125 0.771875 0.7140625 0.78359375 0.70625 0.79765625 0.7078125 0.82890625
0 0.80390625 0.803125 0.81875 0.80078125 0.81171875 0.79375 0.82265625 0.7953125 0.82421875 0.8015625 0.82734375 0.79375 0.83203125 0.803125 0.83984375 0.8015625 0.84453125 0.7921875 0.84765625 0.803125 0.87578125 0.8015625 0.896875 0.78515625 0.8921875 0.77734375 0.8984375 0.76953125 0.890625 0.76171875 0.896875 0.75390625 0.85859375 0.746875 0.81015625 0.7609375 0.77578125 0.7640625 0.7703125 0.76953125 0.775 0.80078125 0.78125 0.80546875 0.7953125 0.80078125 0.78046875 0.7921875 0.80546875 0.7921875 0.8078125 0.79609375 0.7984375 0.79921875 0.80390625 0.803125
0 0.90859375 0.715625 0.8734375 0.74453125 0.88203125 0.7546875 0.9 0.75390625 0.90078125 0.7484375 0.95546875 0.7390625 0.95 0.70546875 0.93515625 0.70625 0.92734375 0.715625 0.90859375 0.715625
0 1 0.69140625 0.99296875 0.684375 0.953125 0.68828125 0.9546875 0.71796875 0.95859375 0.7234375 0.96875 0.72265625 1 0.71484375 1 0.69140625
0 0.3140625 0.47109375 0.33359375 0.471875 0.33203125 0.465625 0.39921875 0.4484375 0.4015625 0.43203125 0.33203125 0.434375 0.32109375 0.4296875 0.31015625 0.4328125 0.30078125 0.446875 0.28984375 0.446875 0.27109375 0.4328125 0.26796875 0.4390625 0.26796875 0.43125 0.25546875 0.434375 0.2609375 0.44296875 0.25234375 0.4453125 0.24921875 0.4359375 0.23515625 0.4453125 0.1765625 0.44140625 0.18046875 0.4765625 0.2546875 0.47578125 0.296875 0.47109375 0.24609375 0.46875 0.2375 0.46328125 0.29453125 0.459375 0.32421875 0.4625 0.3140625 0.47109375
0 0.403125 0.43984375 0.40546875 0.4453125 0.4765625 0.44453125 0.5 0.43984375 0.403125 0.43984375
0 0.4421875 0.43359375 0.50078125 0.428125 0.50625 0.42109375 0.5046875 0.40703125 0.403125 0.40078125 0.40546875 0.43125 0.4421875 0.43359375
0 0.59765625 0.4015625 0.57734375 0.3953125 0.5625 0.40390625 0.5859375 0.41328125 0.59296875 0.4078125 0.63984375 0.4078125 0.64765625 0.4125 0.6484375 0.40546875 0.62421875 0.3953125 0.59765625 0.4015625
0 0.68671875 0.390625 0.7265625 0.39140625 0.75546875 0.3890625 0.784375 0.36171875 0.76640625 0.353125 0.72109375 0.3484375 0.684375 0.38203125 0.68671875 0.390625
0 0.50703125 0.41875 0.55078125 0.415625 0.57890625 0.425 0.628125 0.42578125 0.63984375 0.425 0.6484375 0.40546875 0.61484375 0.378125 0.52734375 0.39375 0.50625 0.40390625 0.50703125 0.41875