0 0.23515625 0.7953125 0.23125 0.78359375 0.2296875 0.80078125 0.23203125 0.8390625 0.24921875 0.8453125 0.28359375 0.8453125 0.28515625 0.8390625 0.29296875 0.8390625 0.3078125 0.84765625 0.30546875 0.8546875 0.3328125 0.85703125 0.375 0.85078125 0.375 0.79296875 0.36796875 0.7734375 0.2375 0.77421875 0.2390625 0.78984375 0.23515625 0.7953125
0 0.415625 0.88203125 0.48984375 0.875 0.4921875 0.81640625 0.39921875 0.8140625 0.396875 0.87734375 0.39921875 0.8828125 0.415625 0.88203125
0 0.6203125 0.91484375 0.6265625 0.91484375 0.678125 0.90390625 0.6703125 0.86796875 0.65703125 0.846875 0.64765625 0.846875 0.6203125 0.87578125 0.6203125 0.91484375
0 1 0.93359375 0.99921875 0.8796875 0.94375 0.88359375 0.95 0.93359375 0.959375 0.93828125 1 0.93359375
0 0.21953125 0.7859375 0.21640625 0.7765625 0.15546875 0.753125 0.08984375 0.740625 0.06484375 0.728125 0.0453125 0.73046875 0.046875 0.73828125 0.0390625 0.74609375 0.0421875 0.78203125 0.04765625 0.7734375 0.0515625 0.77578125 0.05859375 0.8078125 0.06328125 0.803125 0.12109375 0.8078125 0.11953125 0.8125 0.13046875 0.8078125 0.13515625 0.8140625 0.16171875 0.8125 0.1703125 0.81796875 0.20390625 0.7984375 0.20859375 0.7875 0.21953125 0.790625 0.22421875 0.8 0.225 0.78046875 0.21953125 0.7859375
0 0.02265625 0.7171875 0.07265625 0.7375 0.0921875 0.73828125 0.1 0.72578125 0.08515625 0.7046875 0.02734375 0.69375 0 0.69765625 0.00078125 0.7171875 0.02265625 0.7171875
0 0.27578125 0.39375 0.26796875 0.39375 0.26328125 0.403125 0.22890625 0.403125 0.2265625 0.38046875 0.23203125 0.371875 0.240625 0.37109375 0.24453125 0.3609375 0.25234375 0.375 0.27109375 0.375 0.27265625 0.3609375 0.2921875 0.35859375 0.28671875 0.353125 0.25234375 0.3484375 0.215625 0.38203125 0.22265625 0.3953125 0.21015625 0.384375 0.2 0.39296875 0.20703125 0.403125 0.23203125 0.40625 0.26171875 0.4203125 0.33125 0.42421875 0.3359375 0.36953125 0.32109375 0.3609375 0.30703125 0.3640625 0.29765625 0.3578125 0.3015625 0.36953125 0.27578125 0.39375
0 0.35390625 0.4296875 0.440625 0.42890625 0.45625 0.42578125 0.45234375 0.3671875 0.35234375 0.3890625 0.3375 0.39765625 0.340625 0.42265625 0.35390625 0.4296875
0 0.496875 0.44921875 0.5296875 0.44921875 0.59609375 0.446875 0.5984375 0.40234375 0.57734375 0.3984375 0.51484375 0.40625 0.49921875 0.403125 0.496875 0.44921875
0 0.68828125 0.4265625 0.6 0.41328125 0.6 0.44921875 0.63671875 0.4640625 0.63984375 0.4734375 0.7203125 0.48515625 0.7421875 0.47265625 0.74375 0.43828125 0.73671875 0.43125 0.71484375 0.428125 0.70546875 0.4203125 0.68828125 0.4265625
0 0.8265625 0.46953125 0.82421875 0.4359375 0.765625 0.44609375 0.76640625 0.4765625 0.8203125 0.47734375 0.8265625 0.46953125
0 0.55234375 0.859375 0.51015625 0.8515625 0.496875 0.85546875 0.49609375 0.8828125 0.5328125 0.88671875 0.54140625 0.8796875 0.54453125 0.884375 0.61640625 0.884375 0.6203125 0.86484375 0.60859375 0.8578125 0.55234375 0.859375