0 0.375 0.14921875 0.3328125 0.14296875 0.30546875 0.1453125 0.3078125 0.15234375 0.29296875 0.1609375 0.28515625 0.1609375 0.28359375 0.1546875 0.24921875 0.1546875 0.23203125 0.1609375 0.2296875 0.19921875 0.23125 0.21640625 0.23515625 0.2046875 0.2390625 0.21015625 0.2375 0.22578125 0.36796875 0.2265625 0.375 0.20703125 0.375 0.14921875
0 0.48984375 0.125 0.415625 0.11796875 0.39921875 0.1171875 0.396875 0.12265625 0.39921875 0.1859375 0.4921875 0.18359375 0.48984375 0.125
0 0.678125 0.09609375 0.6265625 0.08515625 0.6203125 0.08515625 0.6203125 0.12421875 0.64765625 0.153125 0.65703125 0.153125 0.6703125 0.13203125 0.678125 0.09609375
0 1 0.06640625 0.959375 0.06171875 0.95 0.06640625 0.94375 0.11640625 0.99921875 0.1203125 1 0.06640625
0 0.20390625 0.2015625 0.1703125 0.18203125 0.16171875 0.1875 0.13515625 0.1859375 0.13046875 0.1921875 0.11953125 0.1875 0.12109375 0.1921875 0.06328125 0.196875 0.05859375 0.1921875 0.0515625 0.22421875 0.04765625 0.2265625 0.0421875 0.21796875 0.0390625 0.25390625 0.046875 0.26171875 0.0453125 0.26953125 0.06484375 0.271875 0.08984375 0.259375 0.15546875 0.246875 0.21640625 0.2234375 0.21953125 0.2140625 0.225 0.21953125 0.22421875 0.2 0.21953125 0.209375 0.20859375 0.2125 0.20390625 0.2015625
0 0.1 0.27421875 0.0921875 0.26171875 0.07265625 0.2625 0.02265625 0.2828125 0.00078125 0.2828125 0 0.30234375 0.02734375 0.30625 0.08515625 0.2953125 0.1 0.27421875
0 0.3359375 0.63046875 0.33125 0.57578125 0.26171875 0.5796875 0.23203125 0.59375 0.20703125 0.596875 0.2 0.60703125 0.21015625 0.615625 0.22265625 0.6046875 0.215625 0.61796875 0.25234375 0.6515625 0.28671875 0.646875 0.2921875 0.64140625 0.27265625 0.6390625 0.27109375 0.625 0.25234375 0.625 0.24453125 0.6390625 0.240625 0.62890625 0.23203125 0.628125 0.2265625 0.61953125 0.22890625 0.596875 0.26328125 0.596875 0.26796875 0.60625 0.27578125 0.60625 0.3015625 0.63046875 0.29765625 0.6421875 0.30703125 0.6359375 0.32109375 0.6390625 0.3359375 0.63046875
0 0.45625 0.57421875 0.440625 0.57109375 0.35390625 0.5703125 0.340625 0.57734375 0.3375 0.60234375 0.35234375 0.6109375 0.45234375 0.6328125 0.45625 0.57421875
0 0.59609375 0.553125 0.5296875 0.55078125 0.496875 0.55078125 0.49921875 0.596875 0.51484375 0.59375 0.57734375 0.6015625 0.5984375 0.59765625 0.59609375 0.553125
0 0.7421875 0.52734375 0.7203125 0.51484375 0.63984375 0.5265625 0.63671875 0.5359375 0.6 0.55078125 0.6 0.58671875 0.68828125 0.5734375 0.70546875 0.5796875 0.71484375 0.571875 0.73671875 0.56875 0.74375 0.56171875 0.7421875 0.52734375
0 0.8265625 0.53046875 0.8203125 0.52265625 0.76640625 0.5234375 0.765625 0.55390625 0.82421875 0.5640625 0.8265625 0.53046875
0 0.54140625 0.1203125 0.5328125 0.11328125 0.49609375 0.1171875 0.496875 0.14453125 0.51015625 0.1484375 0.55234375 0.140625 0.60859375 0.1421875 0.6203125 0.13515625 0.61640625 0.115625 0.54453125 0.115625 0.54140625 0.1203125