0 0.88203125 0.88125 0.8828125 0.94609375 0.99921875 0.934375 1 0.88046875 0.88203125 0.88125
0 0.61875 0.87734375 0.6203125 0.91484375 0.66640625 0.9109375 0.68515625 0.9 0.69609375 0.90625 0.72109375 0.9046875 0.7265625 0.89140625 0.721875 0.84765625 0.71328125 0.8421875 0.64140625 0.8453125 0.47729954062499996 0.8722391234375 0.61875 0.87734375
0 0.39765625 0.8140625 0.396875 0.88203125 0.48671875 0.875 0.4921875 0.86171875 0.490625 0.81640625 0.39765625 0.8140625
0 0.29375 0.80078125 0.2953125 0.86015625 0.3734375 0.85234375 0.37109375 0.7734375 0.33828125 0.7734375 0.33203125 0.7875 0.32890625 0.7828125 0.29375 0.80078125
0 0.2296875 0.83984375 0.2609375 0.84296875 0.2921875 0.82890625 0.29375 0.79765625 0.2859375 0.78359375 0.29296875 0.771875 0.228125 0.77421875 0.2296875 0.83984375
0 0.2046875 0.80078125 0.21875 0.80546875 0.225 0.80078125 0.2296875 0.76953125 0.22421875 0.7640625 0.18984375 0.7609375 0.14140625 0.746875 0.103125 0.75390625 0.109375 0.76171875 0.1015625 0.76953125 0.1078125 0.77734375 0.103125 0.78515625 0.12421875 0.8015625 0.15234375 0.803125 0.15546875 0.7921875 0.16015625 0.8015625 0.16796875 0.803125 0.17265625 0.79375 0.17578125 0.8015625 0.17734375 0.7953125 0.18828125 0.79375 0.18125 0.80078125 0.19609375 0.803125 0.2015625 0.79921875 0.1921875 0.79609375 0.19453125 0.7921875 0.21953125 0.7921875 0.2046875 0.80078125
0 0.09921875 0.7484375 0.1 0.75390625 0.11796875 0.7546875 0.1265625 0.74453125 0.09140625 0.715625 0.07265625 0.715625 0.06484375 0.70625 0.05 0.70546875 0.04453125 0.7390625 0.09921875 0.7484375
0 0 0.71484375 0.03125 0.72265625 0.04140625 0.7234375 0.0453125 0.71796875 0.046875 0.68828125 0.00703125 0.684375 0 0.69140625 0 0.71484375
0 0.703125 0.47109375 0.7453125 0.47578125 0.81953125 0.4765625 0.8234375 0.44140625 0.76484375 0.4453125 0.75078125 0.4359375 0.74765625 0.4453125 0.7390625 0.44296875 0.74453125 0.434375 0.73203125 0.43125 0.73203125 0.4390625 0.72890625 0.4328125 0.71015625 0.446875 0.69921875 0.446875 0.68984375 0.4328125 0.67890625 0.4296875 0.66796875 0.434375 0.5984375 0.43203125 0.60078125 0.4484375 0.66796875 0.465625 0.66640625 0.471875 0.6859375 0.47109375 0.67578125 0.4625 0.70546875 0.459375 0.7625 0.46328125 0.75390625 0.46875 0.703125 0.47109375
0 0.5 0.43984375 0.5234375 0.44453125 0.59453125 0.4453125 0.596875 0.43984375 0.5 0.43984375
0 0.49921875 0.428125 0.5578125 0.43359375 0.59453125 0.43125 0.596875 0.40078125 0.4953125 0.40703125 0.49375 0.42109375 0.49921875 0.428125
0 0.40703125 0.4078125 0.4140625 0.41328125 0.4375 0.40390625 0.42265625 0.3953125 0.40234375 0.4015625 0.37578125 0.3953125 0.3515625 0.40546875 0.35234375 0.4125 0.36015625 0.4078125 0.40703125 0.4078125
0 0.24453125 0.3890625 0.2734375 0.39140625 0.31328125 0.390625 0.315625 0.38203125 0.27890625 0.3484375 0.23359375 0.353125 0.215625 0.36171875 0.24453125 0.3890625
0 0.36015625 0.425 0.371875 0.42578125 0.42109375 0.425 0.44921875 0.415625 0.49296875 0.41875 0.49375 0.40390625 0.47265625 0.39375 0.38515625 0.378125 0.3515625 0.40546875 0.36015625 0.425