0 0.8625 0.10546875 0.85 0.09140625 0.8546875 0.08515625 0.853125 0.05703125 0.84375 0.03828125 0.8453125 0.02578125 0.865625 0.00390625 0.5046875 0.00390625 0.51875 0.01796875 0.5015625 0.02890625 0.52734375 0.0375 0.5296875 0.04765625 0.5046875 0.05859375 0.49375 0.07734375 0.49296875 0.09375 0.52578125 0.1125 0.54296875 0.109375 0.56640625 0.11875 0.55625 0.12890625 0.55625 0.14140625 0.56171875 0.1453125 0.60078125 0.146875 0.61640625 0.1578125 0.64921875 0.1578125 0.65546875 0.1484375 0.66328125 0.1578125 0.6609375 0.15078125 0.67578125 0.1453125 0.671875 0.15390625 0.678125 0.15703125 0.71484375 0.15 0.77265625 0.1515625 0.80546875 0.134375 0.84765625 0.1375 0.85703125 0.1328125 0.8625 0.10546875
0 0.78984375 0.73125 0.76640625 0.7234375 0.73046875 0.7265625 0.71171875 0.7453125 0.65546875 0.753125 0.6359375 0.76953125 0.6453125 0.78359375 0.6484375 0.80546875 0.67734375 0.821875 0.6921875 0.83671875 0.69375 0.85390625 0.71640625 0.8625 0.7203125 0.86953125 0.7171875 0.88984375 0.69609375 0.9 0.675 0.92890625 0.6828125 0.95390625 0.6671875 0.95703125 0.6703125 0.96953125 0.6609375 0.98046875 0.65859375 1 0.86875 0.99921875 0.86875 0.80234375 0.865625 0.77109375 0.85390625 0.7421875 0.80078125 0.7375 0.79609375 0.725 0.78984375 0.73125
0 0.83046875 0.340625 0.80078125 0.3359375 0.78828125 0.3453125 0.71953125 0.3671875 0.6984375 0.38828125 0.69921875 0.40625 0.73828125 0.4171875 0.77109375 0.4375 0.7953125 0.43828125 0.80703125 0.4296875 0.82890625 0.4296875 0.8390625 0.41953125 0.840625 0.40078125 0.828125 0.38671875 0.83046875 0.340625
0 0.67265625 0.440625 0.64453125 0.4421875 0.6390625 0.46171875 0.621875 0.47734375 0.64453125 0.4953125 0.64765625 0.4859375 0.7421875 0.49453125 0.78046875 0.4921875 0.7890625 0.48359375 0.7765625 0.46484375 0.75703125 0.4515625 0.70234375 0.453125 0.67265625 0.440625
0 0.03828125 0.640625 0.0265625 0.65234375 0.0265625 0.67421875 0.03515625 0.6828125 0.06796875 0.6859375 0.07890625 0.68125 0.11328125 0.6859375 0.12109375 0.69375 0.15 0.69296875 0.17109375 0.6875 0.190625 0.67109375 0.19296875 0.646875 0.15859375 0.6390625 0.06796875 0.6375 0.03828125 0.640625
0 0.05234375 0.765625 0.05078125 0.7765625 0.03828125 0.778125 0.0296875 0.78671875 0.04140625 0.815625 0.096875 0.81953125 0.125 0.81328125 0.1203125 0.78203125 0.1375 0.76171875 0.12578125 0.753125 0.08671875 0.7484375 0.05234375 0.765625
0 0.959375 0.68671875 0.953125 0.68359375 0.9609375 0.67890625 0.95 0.56640625 0.953125 0.52421875 0.95546875 0.5328125 0.9609375 0.53046875 0.9609375 0.44921875 0.9515625 0.44453125 0.953125 0.36171875 0.959375 0.35859375 0.95703125 0.3484375 0.953125 0.35546875 0.9515625 0.33671875 0.9515625 0.25078125 0.959375 0.20703125 0.9484375 0.18984375 0.9515625 0.16640625 0.946875 0.15390625 0.953125 0.13515625 0.9515625 0.05546875 0.95390625 0.0484375 0.95859375 0.0609375 0.9609375 0.04765625 0.9578125 0.03515625 0.95390625 0.0390625 0.9515625 0.03359375 0.94921875 0.003125 0.93828125 0.00625 0.91640625 0 0.89609375 0.00625 0.88203125 0 0.8796875 0.14453125 0.88359375 0.2390625 0.8875 0.21953125 0.8875 0.25703125 0.8828125 0.26015625 0.8875 0.26484375 0.8875 0.31796875 0.8828125 0.32109375 0.884375 0.63203125 0.871875 0.80078125 0.8765625 0.89453125 0.8734375 0.99921875 0.921875 0.99921875 0.9421875 0.98515625 0.95 0.96953125 0.9453125 0.92734375 0.9546875 0.76484375 0.9515625 0.69765625 0.959375 0.68671875
0 0.26640625 0.4515625 0.20390625 0.440625 0.07421875 0.44375 0.0625 0.45234375 0.059375 0.47578125 0.04375 0.48671875 0.06171875 0.4953125 0.1234375 0.50078125 0.14765625 0.49375 0.24765625 0.4859375 0.26015625 0.4640625 0.309375 0.45859375 0.28984375 0.44375 0.26640625 0.4515625
0 0.2 0.11171875 0.20078125 0.15625 0.25859375 0.153125 0.27890625 0.1578125 0.28828125 0.16875 0.3234375 0.16796875 0.3296875 0.16171875 0.33125 0.14453125 0.32734375 0.0859375 0.23046875 0.0828125 0.22265625 0.096875 0.2 0.11171875
0 0.2671875 0.80078125 0.265625 0.81171875 0.25 0.82109375 0.26640625 0.84375 0.3015625 0.84296875 0.3234375 0.83671875 0.34453125 0.76875 0.32578125 0.771875 0.31484375 0.7859375 0.28828125 0.78125 0.2671875 0.80078125
0 0.5375 0.99921875 0.51484375 0.9765625 0.45859375 0.9765625 0.44609375 0.9796875 0.440625 0.98828125 0.44140625 1 0.5375 0.99921875
0 0.10625 0.56953125 0.1078125 0.58984375 0.1234375 0.59296875 0.11171875 0.5953125 0.11484375 0.6015625 0.175 0.60859375 0.20390625 0.603125 0.2203125 0.58984375 0.21015625 0.5796875 0.19296875 0.5796875 0.17734375 0.5671875 0.10625 0.56953125
0 0.7140625 0.53671875 0.76640625 0.53125 0.7953125 0.51484375 0.77734375 0.5109375 0.71171875 0.5203125 0.7046875 0.53359375 0.7140625 0.53671875
0 0.828125 0.56328125 0.80859375 0.5546875 0.784375 0.56953125 0.78984375 0.578125 0.825 0.57890625 0.828125 0.56328125
0 0.1265625 0.14296875 0.10859375 0.1265625 0.059375 0.13359375 0.06484375 0.15 0.11875 0.15078125 0.1265625 0.14296875
0 0.159375 0.91640625 0.17890625 0.934375 0.2 0.93359375 0.22421875 0.928125 0.2265625 0.91796875 0.22109375 0.9125 0.19765625 0.9109375 0.16796875 0.9109375 0.159375 0.91640625
0 0.0625 0.93203125 0.0796875 0.93671875 0.11171875 0.934375 0.12734375 0.928125 0.1296875 0.91953125 0.11015625 0.909375 0.06484375 0.9171875 0.0625 0.93203125
0 0.953125 0.73828125 0.9609375 0.77421875 0.9546875 0.79609375 0.96171875 0.8109375 0.971875 0.81171875 0.97421875 0.7984375 1 0.79921875 0.99921875 0.53125 0.95 0.56953125 0.959375 0.65703125 0.953125 0.73828125
0 0.971875 0.04765625 0.97890625 0.059375 1 0.06328125 0.99921875 0.0375 0.971875 0.04765625
0 0.6640625 0.25234375 0.65625 0.24765625 0.65859375 0.2390625 0.61328125 0.23125 0.56796875 0.2421875 0.559375 0.25078125 0.571875 0.25859375 0.5703125 0.26640625 0.5640625 0.26640625 0.57109375 0.2765625 0.61484375 0.271875 0.6296875 0.27734375 0.63515625 0.271875 0.65625 0.27109375 0.65546875 0.2640625 0.64375 0.26328125 0.65546875 0.2625 0.6640625 0.25234375