0 0.409375 0.78828125 0.40625 0.76171875 0.421875 0.72265625 0.409375 0.65234375 0.384375 0.63671875 0.3703125 0.60859375 0.3671875 0.54609375 0.3734375 0.50859375 0.35625 0.46484375 0.3546875 0.44296875 0.34609375 0.4375 0.3234375 0.44609375 0.3203125 0.47109375 0.325 0.69765625 0.3203125 0.81015625 0.309375 0.82421875 0.30625 0.84296875 0.30625 0.97734375 0.31171875 1 0.3984375 0.99921875 0.4109375 0.91328125 0.409375 0.90234375 0.3875 0.88671875 0.3875 0.87578125 0.40390625 0.878125 0.409375 0.87109375 0.4078125 0.83203125 0.3953125 0.81640625 0.3953125 0.80703125 0.409375 0.78828125
0 0.61328125 0.5453125 0.60625 0.54921875 0.60390625 0.5609375 0.60078125 0.5515625 0.59609375 0.5609375 0.59296875 0.55 0.5890625 0.56328125 0.584375 0.56328125 0.5890625 0.57578125 0.584375 0.57578125 0.58125 0.61171875 0.5921875 0.62734375 0.5921875 0.64453125 0.59609375 0.6359375 0.60859375 0.6578125 0.62890625 0.6578125 0.634375 0.66328125 0.6359375 0.69453125 0.628125 0.71953125 0.6328125 0.72734375 0.6515625 0.71796875 0.6546875 0.66640625 0.6734375 0.63359375 0.671875 0.57734375 0.66015625 0.54375 0.65625 0.55703125 0.64296875 0.5578125 0.64140625 0.565625 0.62890625 0.5515625 0.61328125 0.5453125
0 0.084375 0.84296875 0.09375 0.82109375 0.0875 0.80859375 0.0875 0.77890625 0.0984375 0.76953125 0.0890625 0.70703125 0.0953125 0.70703125 0.103125 0.65859375 0.09765625 0.6328125 0.09140625 0.65 0.0859375 0.64296875 0.090625 0.62421875 0.09609375 0.63125 0.096875 0.61640625 0.109375 0.60859375 0.1171875 0.58515625 0.0984375 0.55703125 0.0984375 0.51328125 0.07421875 0.4921875 0.06875 0.50234375 0.0671875 0.54140625 0.0578125 0.90703125 0.06015625 0.9234375 0.0796875 0.92578125 0.08125 0.89453125 0.090625 0.89140625 0.09140625 0.8828125 0.0953125 0.88828125 0.1 0.87109375 0.09375 0.86015625 0.0984375 0.85703125 0.0921875 0.85234375 0.0953125 0.84765625 0.084375 0.84296875
0 0.0453125 0.38828125 0.03671875 0.3921875 0.03125 0.37734375 0.003125 0.91328125 0.003125 0.99921875 0.053125 0.99921875 0.0671875 0.51484375 0.065625 0.49140625 0.05 0.46953125 0.05 0.44765625 0.0703125 0.41171875 0.06328125 0.3375 0.0609375 0.37578125 0.05234375 0.3765625 0.04765625 0.3671875 0.0453125 0.38828125
0 0.3984375 0.30234375 0.41875 0.24765625 0.40078125 0.2328125 0.38203125 0.2390625 0.375 0.25546875 0.359375 0.26953125 0.375 0.29921875 0.375 0.31484375 0.4015625 0.31640625 0.3984375 0.30234375
0 0.39921875 0.003125 0.3765625 0.00546875 0.3859375 0.02265625 0.3765625 0.03984375 0.3859375 0.09765625 0.3859375 0.05546875 0.4015625 0.01796875 0.39921875 0.003125
0 0.79609375 0.6078125 0.7984375 0.61640625 0.796875 0.64921875 0.7921875 0.65234375 0.796875 0.66328125 0.7921875 0.67109375 0.796875 0.67578125 0.7921875 0.71640625 0.7984375 0.89765625 0.7953125 0.99765625 0.8484375 0.99921875 0.84375 0.55390625 0.840625 0.50390625 0.83203125 0.5 0.82734375 0.515625 0.79765625 0.5171875 0.79765625 0.53125 0.78828125 0.515625 0.7859375 0.53359375 0.7890625 0.60703125 0.79609375 0.6078125
0 0.703125 0.57734375 0.69921875 0.5703125 0.696875 0.57578125 0.6953125 0.63359375 0.6796875 0.66796875 0.6828125 0.70390625 0.671875 0.84765625 0.6796875 0.88828125 0.68125 0.99453125 0.68359375 1 0.7859375 0.99921875 0.7921875 0.96796875 0.79375 0.88828125 0.784375 0.54921875 0.7796875 0.53203125 0.76640625 0.521875 0.72265625 0.51875 0.70625 0.52578125 0.7109375 0.55390625 0.70703125 0.5484375 0.703125 0.57734375
0 0.86875 0.51171875 0.91171875 0.5 0.9265625 0.48671875 0.928125 0.46328125 0.91640625 0.446875 0.89296875 0.453125 0.86953125 0.4453125 0.846875 0.44921875 0.8515625 0.50390625 0.86015625 0.5125 0.86875 0.51171875
0 0.86484375 0.3359375 0.85078125 0.3375 0.84375 0.34765625 0.84375 0.39765625 0.853125 0.41171875 0.8796875 0.40078125 0.8796875 0.35078125 0.86484375 0.3359375
0 0.2484375 0.46015625 0.2609375 0.42109375 0.25703125 0.384375 0.2453125 0.38671875 0.24375 0.45546875 0.2484375 0.46015625
0 0.234375 0.57109375 0.23125 0.61640625 0.2359375 0.63984375 0.2515625 0.64765625 0.2578125 0.63671875 0.2578125 0.59765625 0.2453125 0.59140625 0.2515625 0.56015625 0.2453125 0.55390625 0.2453125 0.53515625 0.23515625 0.5328125 0.2265625 0.53828125 0.2203125 0.56171875 0.234375 0.57109375
0 0.1703125 0.69609375 0.15078125 0.7046875 0.14609375 0.7203125 0.13828125 0.7109375 0.13125 0.71953125 0.1265625 0.80234375 0.1140625 0.84765625 0.10625 0.85234375 0.096875 0.89453125 0.096875 0.90546875 0.1125 0.92890625 0.0984375 0.94296875 0.1015625 0.98515625 0.096875 0.99921875 0.246875 0.99921875 0.2515625 0.98515625 0.2578125 0.70390625 0.25625 0.67578125 0.23671875 0.665625 0.23203125 0.6796875 0.22265625 0.675 0.21328125 0.6875 0.18359375 0.6828125 0.16640625 0.6890625 0.1703125 0.69609375
0 0.76328125 0.0015625 0.7546875 0.00859375 0.753125 0.03203125 0.759375 0.04921875 0.7703125 0.05390625 0.778125 0.04609375 0.7796875 0.00703125 0.76328125 0.0015625