0 0.4109375 0.08671875 0.3984375 0.00078125 0.31171875 0 0.30625 0.02265625 0.30625 0.15703125 0.309375 0.17578125 0.3203125 0.18984375 0.325 0.30234375 0.3203125 0.52890625 0.3234375 0.55390625 0.34609375 0.5625 0.3546875 0.55703125 0.35625 0.53515625 0.3734375 0.49140625 0.3671875 0.45390625 0.3703125 0.39140625 0.384375 0.36328125 0.409375 0.34765625 0.421875 0.27734375 0.40625 0.23828125 0.409375 0.21171875 0.3953125 0.19296875 0.3953125 0.18359375 0.4078125 0.16796875 0.409375 0.12890625 0.40390625 0.121875 0.3875 0.12421875 0.3875 0.11328125 0.409375 0.09765625 0.4109375 0.08671875
0 0.6515625 0.28203125 0.6328125 0.27265625 0.628125 0.28046875 0.6359375 0.30546875 0.634375 0.33671875 0.62890625 0.3421875 0.60859375 0.3421875 0.59609375 0.3640625 0.5921875 0.35546875 0.5921875 0.37265625 0.58125 0.38828125 0.584375 0.42421875 0.5890625 0.42421875 0.584375 0.43671875 0.5890625 0.43671875 0.59296875 0.45 0.59609375 0.4390625 0.60078125 0.4484375 0.60390625 0.4390625 0.60625 0.45078125 0.61328125 0.4546875 0.62890625 0.4484375 0.64140625 0.434375 0.64296875 0.4421875 0.65625 0.44296875 0.66015625 0.45625 0.671875 0.42265625 0.6734375 0.36640625 0.6546875 0.33359375 0.6515625 0.28203125
0 0.08125 0.10546875 0.0796875 0.07421875 0.06015625 0.0765625 0.0578125 0.09296875 0.0671875 0.45859375 0.06875 0.49765625 0.07421875 0.5078125 0.0984375 0.48671875 0.0984375 0.44296875 0.1171875 0.41484375 0.109375 0.39140625 0.096875 0.38359375 0.09609375 0.36875 0.090625 0.37578125 0.0859375 0.35703125 0.09140625 0.35 0.09765625 0.3671875 0.103125 0.34140625 0.0953125 0.29296875 0.0890625 0.29296875 0.0984375 0.23046875 0.0875 0.22109375 0.0875 0.19140625 0.09375 0.17890625 0.084375 0.15703125 0.0953125 0.15234375 0.0921875 0.14765625 0.0984375 0.14296875 0.09375 0.13984375 0.1 0.12890625 0.0953125 0.11171875 0.09140625 0.1171875 0.090625 0.10859375 0.08125 0.10546875
0 0.0671875 0.48515625 0.053125 0.00078125 0.003125 0.00078125 0.003125 0.08671875 0.03125 0.62265625 0.03671875 0.6078125 0.0453125 0.61171875 0.04765625 0.6328125 0.05234375 0.6234375 0.0609375 0.62421875 0.06328125 0.6625 0.0703125 0.58828125 0.05 0.55234375 0.05 0.53046875 0.065625 0.50859375 0.0671875 0.48515625
0 0.3984375 0.69765625 0.4015625 0.68359375 0.375 0.68515625 0.375 0.70078125 0.359375 0.73046875 0.375 0.74453125 0.38203125 0.7609375 0.40078125 0.7671875 0.41875 0.75234375 0.3984375 0.69765625
0 0.3859375 0.94453125 0.3859375 0.90234375 0.3765625 0.96015625 0.3859375 0.97734375 0.3765625 0.99453125 0.39921875 0.996875 0.4015625 0.98203125 0.3859375 0.94453125
0 0.84375 0.44609375 0.8484375 0.00078125 0.7953125 0.00234375 0.7984375 0.10234375 0.7921875 0.28359375 0.796875 0.32421875 0.7921875 0.32890625 0.796875 0.33671875 0.7921875 0.34765625 0.796875 0.35078125 0.7984375 0.38359375 0.79609375 0.3921875 0.7890625 0.39296875 0.7859375 0.46640625 0.78828125 0.484375 0.79765625 0.46875 0.79765625 0.4828125 0.82734375 0.484375 0.83203125 0.5 0.840625 0.49609375 0.84375 0.44609375
0 0.7921875 0.03203125 0.7859375 0.00078125 0.68359375 0 0.68125 0.00546875 0.6796875 0.11171875 0.671875 0.15234375 0.6828125 0.29609375 0.6796875 0.33203125 0.6953125 0.36640625 0.696875 0.42421875 0.69921875 0.4296875 0.703125 0.42265625 0.70703125 0.4515625 0.7109375 0.44609375 0.70625 0.47421875 0.72265625 0.48125 0.76640625 0.478125 0.7796875 0.46796875 0.784375 0.45078125 0.79375 0.11171875 0.7921875 0.03203125
0 0.91171875 0.5 0.86875 0.48828125 0.86015625 0.4875 0.8515625 0.49609375 0.846875 0.55078125 0.86953125 0.5546875 0.89296875 0.546875 0.91640625 0.553125 0.928125 0.53671875 0.9265625 0.51328125 0.91171875 0.5
0 0.8796875 0.59921875 0.853125 0.58828125 0.84375 0.60234375 0.84375 0.65234375 0.85078125 0.6625 0.86484375 0.6640625 0.8796875 0.64921875 0.8796875 0.59921875
0 0.2609375 0.57890625 0.2484375 0.53984375 0.24375 0.54453125 0.2453125 0.61328125 0.25703125 0.615625 0.2609375 0.57890625
0 0.2578125 0.36328125 0.2515625 0.35234375 0.2359375 0.36015625 0.23125 0.38359375 0.234375 0.42890625 0.2203125 0.43828125 0.2265625 0.46171875 0.23515625 0.4671875 0.2453125 0.46484375 0.2453125 0.44609375 0.2515625 0.43984375 0.2453125 0.40859375 0.2578125 0.40234375 0.2578125 0.36328125
0 0.2515625 0.01484375 0.246875 0.00078125 0.096875 0.00078125 0.1015625 0.01484375 0.0984375 0.05703125 0.1125 0.07109375 0.096875 0.09453125 0.096875 0.10546875 0.10625 0.14765625 0.1140625 0.15234375 0.1265625 0.19765625 0.13125 0.28046875 0.13828125 0.2890625 0.14609375 0.2796875 0.15078125 0.2953125 0.1703125 0.30390625 0.16640625 0.3109375 0.18359375 0.3171875 0.21328125 0.3125 0.22265625 0.325 0.23203125 0.3203125 0.23671875 0.334375 0.25625 0.32421875 0.2578125 0.29609375 0.2515625 0.01484375
0 0.778125 0.95390625 0.7703125 0.94609375 0.759375 0.95078125 0.753125 0.96796875 0.7546875 0.99140625 0.76328125 0.9984375 0.7796875 0.99296875 0.778125 0.95390625