0 0.72890625 0.3703125 0.62421875 0.3703125 0.5515625 0.41328125 0.55390625 0.421875 0.56328125 0.421875 0.61328125 0.409375 0.71953125 0.409375 0.74765625 0.421875 0.80546875 0.428125 0.81171875 0.453125 0.853125 0.45859375 0.8671875 0.44921875 0.8671875 0.43046875 0.84765625 0.428125 0.834375 0.40546875 0.78046875 0.35625 0.72890625 0.3703125
0 0.6015625 0.41640625 0.63046875 0.440625 0.64765625 0.4390625 0.69609375 0.45 0.71640625 0.4625 0.72578125 0.45625 0.74765625 0.45625 0.778125 0.47421875 0.8125 0.45546875 0.80390625 0.4265625 0.74453125 0.4203125 0.72109375 0.4078125 0.61015625 0.409375 0.6015625 0.41640625
0 0.871875 0.50703125 0.88515625 0.515625 0.91875 0.51953125 0.9359375 0.51640625 0.9390625 0.44609375 0.93203125 0.4375 0.90703125 0.4328125 0.875 0.45078125 0.871875 0.50703125
0 0.53515625 0.13125 0.609375 0.14609375 0.6171875 0.14140625 0.59921875 0.13125 0.56953125 0.128125 0.55234375 0.11875 0.525 0.12109375 0.53515625 0.13125
0 0.46484375 0.159375 0.50234375 0.1390625 0.5046875 0.12734375 0.46328125 0.125 0.44765625 0.1109375 0.39609375 0.1265625 0.34140625 0.121875 0.29609375 0.146875 0.27421875 0.1484375 0.25390625 0.1421875 0.2421875 0.14609375 0.24765625 0.15625 0.26953125 0.1609375 0.2875 0.18046875 0.29453125 0.171875 0.32109375 0.16875 0.35078125 0.1546875 0.40859375 0.159375 0.43671875 0.153125 0.46484375 0.159375
0 0.29375 0.38828125 0.284375 0.46171875 0.27890625 0.4671875 0.26796875 0.4625 0.25546875 0.446875 0.24453125 0.4671875 0.21484375 0.471875 0.196875 0.48671875 0.20078125 0.4953125 0.23984375 0.4984375 0.26015625 0.48125 0.2796875 0.50078125 0.2859375 0.51953125 0.2984375 0.52734375 0.31484375 0.5 0.3328125 0.49765625 0.32421875 0.4875 0.29375 0.49140625 0.30234375 0.36875 0.29375 0.38828125
0 0.17578125 0.5390625 0.1890625 0.53984375 0.1859375 0.46484375 0.18046875 0.4578125 0.1734375 0.46796875 0.1671875 0.50390625 0.16875 0.52734375 0.17578125 0.5390625
0 0.14765625 0.5609375 0.153125 0.54609375 0.14921875 0.5421875 0.12578125 0.546875 0.11796875 0.5140625 0.10703125 0.525 0.02421875 0.5453125 0.015625 0.56171875 0.0265625 0.56796875 0.03828125 0.5578125 0.05859375 0.5546875 0.07421875 0.5609375 0.10546875 0.55625 0.12109375 0.5640625 0.14765625 0.5609375
0 0.16171875 0.615625 0.13984375 0.6109375 0.1265625 0.61796875 0.125 0.62578125 0.14453125 0.6296875 0.15859375 0.65 0.19375 0.65546875 0.19921875 0.6421875 0.23359375 0.6265625 0.234375 0.62109375 0.19921875 0.60625 0.17265625 0.60625 0.16171875 0.615625
0 0.15078125 0 0.153125 0.01484375 0.1671875 0.03046875 0.175 0.05234375 0.175 0.09140625 0.1609375 0.12109375 0.159375 0.18046875 0.165625 0.21484375 0.1765625 0.23203125 0.1765625 0.29296875 0.18125 0.29296875 0.1890625 0.31328125 0.1890625 0.31953125 0.18125 0.32265625 0.19296875 0.34375 0.19765625 0.3328125 0.21796875 0.359375 0.228125 0.35859375 0.234375 0.35234375 0.2375 0.25703125 0.24375 0.24140625 0.23125 0.16640625 0.234375 0.00078125 0.15078125 0
0 0.1921875 0.06640625 0.1828125 0.05078125 0.1859375 0.04765625 0.1734375 0.04140625 0.171875 0.01328125 0.1640625 0.00859375 0.1671875 0.00078125 0.05546875 0 0.05 0.01953125 0.05 0.06953125 0.059375 0.17890625 0.0703125 0.19765625 0.0671875 0.20078125 0.07890625 0.19375 0.12734375 0.19375 0.1078125 0.18828125 0.12265625 0.1859375 0.14765625 0.1875 0.1328125 0.19296875 0.1625 0.20078125 0.159375 0.16484375 0.1671875 0.14140625 0.1734375 0.13828125 0.16875 0.10703125 0.1859375 0.09609375 0.1921875 0.06640625
0 0.3859375 0.08515625 0.4390625 0.09765625 0.46328125 0.0890625 0.61328125 0.0890625 0.621875 0.06953125 0.625 0.00078125 0.38203125 0 0.3859375 0.08515625
0 0.590625 0.88359375 0.5859375 0.80078125 0.58203125 0.79375 0.57734375 0.8 0.57421875 0.79375 0.56171875 0.79375 0.540625 0.75546875 0.52265625 0.746875 0.509375 0.75859375 0.503125 0.78671875 0.49375 0.78828125 0.4984375 0.79453125 0.4859375 0.81328125 0.4890625 0.83359375 0.4828125 0.84140625 0.4765625 0.89609375 0.4765625 0.99765625 0.596875 0.99921875 0.5953125 0.95078125 0.6015625 0.91015625 0.5953125 0.90234375 0.6015625 0.89453125 0.59296875 0.8921875 0.590625 0.88359375
0 0.5765625 0.56953125 0.5796875 0.64453125 0.5625 0.66953125 0.5625 0.68671875 0.565625 0.71328125 0.5890625 0.72421875 0.5984375 0.69921875 0.603125 0.58359375 0.6 0.53359375 0.58515625 0.5265625 0.5796875 0.53203125 0.5765625 0.56953125
0 0.81953125 0.778125 0.8078125 0.79296875 0.7984375 0.82890625 0.775 0.83984375 0.771875 0.88515625 0.78046875 0.8921875 0.80234375 0.890625 0.7953125 0.89453125 0.81328125 0.9046875 0.83515625 0.90625 0.8421875 0.91328125 0.8484375 0.91171875 0.8515625 0.89765625 0.853125 0.82265625 0.8328125 0.79921875 0.828125 0.78203125 0.81953125 0.778125
0 0.61875 0.80859375 0.6015625 0.82265625 0.60625 0.85859375 0.621875 0.88203125 0.63125 0.88515625 0.6453125 0.87890625 0.659375 0.83359375 0.653125 0.79921875 0.63984375 0.784375 0.62890625 0.7859375 0.61875 0.80859375
0 0.4859375 0.42734375 0.484375 0.28359375 0.46328125 0.2734375 0.44921875 0.2796875 0.4421875 0.27109375 0.4453125 0.26796875 0.43828125 0.265625 0.4296875 0.26796875 0.42421875 0.2859375 0.41875 0.28359375 0.421875 0.29453125 0.4125 0.33671875 0.403125 0.34609375 0.390625 0.48828125 0.3984375 0.52578125 0.4328125 0.54453125 0.43984375 0.5328125 0.46015625 0.534375 0.46953125 0.515625 0.48125 0.51484375 0.490625 0.43984375 0.4859375 0.42734375
0 0.4625 0.26015625 0.46875 0.31171875 0.4765625 0.31484375 0.4734375 0.32578125 0.48125 0.33046875 0.478125 0.35703125 0.484375 0.36171875 0.4890625 0.39609375 0.49609375 0.4 0.50703125 0.3921875 0.51015625 0.3984375 0.52265625 0.396875 0.52734375 0.4109375 0.540625 0.41328125 0.5875 0.38203125 0.5875 0.20078125 0.49609375 0.1953125 0.48046875 0.2 0.4703125 0.21640625 0.4625 0.26015625
0 0.3125 0.78828125 0.29140625 0.75 0.275 0.75703125 0.27109375 0.7828125 0.26015625 0.7703125 0.25546875 0.7828125 0.24453125 0.778125 0.2390625 0.76328125 0.2453125 0.75078125 0.2390625 0.73515625 0.2390625 0.63203125 0.22421875 0.628125 0.20078125 0.64375 0.19140625 0.6390625 0.18984375 0.65625 0.15390625 0.646875 0.14375 0.63984375 0.14296875 0.6296875 0.12734375 0.6296875 0.12578125 0.634375 0.140625 0.63828125 0.128125 0.64453125 0.134375 0.65078125 0.1296875 0.67109375 0.12265625 0.6640625 0.11015625 0.665625 0.10390625 0.6546875 0.084375 0.68359375 0.0890625 0.81796875 0.078125 0.87890625 0.078125 0.97109375 0.071875 0.99921875 0.3578125 0.99921875 0.3640625 0.96484375 0.3421875 0.86796875 0.3421875 0.82265625 0.334375 0.80078125 0.32734375 0.7921875 0.3125 0.78828125