0 0.39609375 0.159375 0.4140625 0.17265625 0.45234375 0.16875 0.47734375 0.15625 0.59921875 0.159375 0.64140625 0.1296875 0.68203125 0.1328125 0.72890625 0.146875 0.74921875 0.146875 0.753125 0.13828125 0.69296875 0.1171875 0.65078125 0.115625 0.59921875 0.1265625 0.58203125 0.1203125 0.52421875 0.128125 0.48359375 0.125 0.43359375 0.146875 0.40546875 0.1484375 0.38203125 0.1421875 0.3734375 0.14609375 0.37578125 0.1546875 0.39609375 0.159375
0 0.1328125 0.44921875 0.1453125 0.45859375 0.18828125 0.453125 0.19765625 0.4265625 0.25234375 0.421875 0.28046875 0.409375 0.38046875 0.409375 0.43828125 0.421875 0.4484375 0.41328125 0.38203125 0.371875 0.27109375 0.3703125 0.22109375 0.35625 0.165625 0.40546875 0.15234375 0.428125 0.13125 0.42890625 0.1328125 0.44921875
0 0.1328125 0.44921875 0.146875 0.45859375 0.18828125 0.453125 0.19453125 0.428125 0.25234375 0.421875 0.28046875 0.409375 0.38828125 0.409375 0.43828125 0.421875 0.4484375 0.41328125 0.37734375 0.3703125 0.27109375 0.3703125 0.21953125 0.35625 0.165625 0.40546875 0.15234375 0.428125 0.1328125 0.43046875 0.1328125 0.44921875
0 0.0625 0.51796875 0.0703125 0.51953125 0.11015625 0.5171875 0.14375 0.50078125 0.15 0.46328125 0.134375 0.45234375 0.12734375 0.4234375 0.11171875 0.43125 0.07109375 0.43125 0.0625 0.43984375 0.0625 0.51796875
0 0.77265625 0.653125 0.7890625 0.65390625 0.8453125 0.65078125 0.84296875 0.5890625 0.7703125 0.58984375 0.7671875 0.64296875 0.77265625 0.653125
0 0.85625 0.60859375 0.865625 0.61484375 0.98984375 0.6140625 0.990625 0.51171875 0.85859375 0.5109375 0.85625 0.60859375
0 0.68515625 0.5 0.7 0.52578125 0.7140625 0.51953125 0.7203125 0.50078125 0.73984375 0.4796875 0.76171875 0.4984375 0.78359375 0.4921875 0.79921875 0.4953125 0.803125 0.48671875 0.78671875 0.471875 0.75546875 0.4671875 0.74453125 0.446875 0.73203125 0.4625 0.72109375 0.4671875 0.715625 0.46171875 0.70625 0.38828125 0.69765625 0.36875 0.70625 0.49140625 0.67578125 0.4875 0.6671875 0.49765625 0.68515625 0.5
0 0.7640625 0.33828125 0.7703125 0.35859375 0.78203125 0.359375 0.79765625 0.3359375 0.80859375 0.3359375 0.81875 0.32265625 0.81796875 0.3140625 0.81171875 0.325 0.8078125 0.32265625 0.8171875 0.28828125 0.8234375 0.28828125 0.81875 0.23984375 0.8328125 0.21953125 0.840625 0.17421875 0.8375 0.11328125 0.8234375 0.08671875 0.825 0.05078125 0.84140625 0 0.765625 0.00078125 0.7625 0.05546875 0.76875 0.17421875 0.759375 0.24765625 0.7640625 0.33828125
0 0.76640625 0 0.7625 0.05390625 0.76875 0.16796875 0.7578125 0.23984375 0.765625 0.30234375 0.7671875 0.39140625 0.79140625 0.4375 0.81015625 0.440625 0.84296875 0.4265625 0.84375 0.45234375 0.85078125 0.4515625 0.85390625 0.4609375 0.8578125 0.45703125 0.8609375 0.48203125 0.8921875 0.48515625 0.89609375 0.475 0.90078125 0.4859375 0.9078125 0.48359375 0.9140625 0.36953125 0.9203125 0.33046875 0.93125 0.31328125 0.93125 0.22578125 0.9515625 0.05234375 0.9484375 0.00546875 0.94609375 0 0.76640625 0
0 0.4234375 0.14296875 0.4375 0.14765625 0.50390625 0.1296875 0.54609375 0.128125 0.56015625 0.13125 0.56484375 0.1390625 0.56796875 0.1328125 0.57265625 0.1390625 0.57578125 0.1328125 0.60390625 0.13125 0.62578125 0.121875 0.628125 0.11796875 0.6171875 0.10703125 0.61875 0.00078125 0.43359375 0 0.4234375 0.03046875 0.4171875 0.03359375 0.425 0.04765625 0.4234375 0.12734375 0.428125 0.13828125 0.4234375 0.14296875
0 0.6375 0.93828125 0.6375 0.99921875 0.93125 0.99921875 0.925 0.97421875 0.9234375 0.90703125 0.928125 0.68046875 0.9265625 0.64140625 0.91640625 0.6203125 0.88828125 0.61875 0.85859375 0.628125 0.84453125 0.65625 0.77265625 0.65625 0.7625 0.68984375 0.7640625 0.76328125 0.7578125 0.77890625 0.74765625 0.7890625 0.73203125 0.7921875 0.72890625 0.8 0.72578125 0.7921875 0.7203125 0.79296875 0.7125 0.75859375 0.70546875 0.75625 0.6890625 0.78515625 0.66875 0.79453125 0.6578125 0.81796875 0.65625 0.86953125 0.6375 0.93828125
0 0.409375 0.96640625 0.4078125 0.99921875 0.4671875 0.99765625 0.44609375 0.9609375 0.43203125 0.9734375 0.41484375 0.9625 0.409375 0.96640625
0 0.4125 0.89765625 0.409375 0.99921875 0.53671875 1 0.5515625 0.97265625 0.55 0.91953125 0.55625 0.91171875 0.55 0.90390625 0.5546875 0.88046875 0.55 0.87578125 0.5515625 0.80078125 0.5453125 0.76171875 0.55 0.75390625 0.5453125 0.74453125 0.55 0.73828125 0.54375 0.73046875 0.55 0.72109375 0.54375 0.71640625 0.55 0.70859375 0.54765625 0.703125 0.54375 0.70859375 0.54375 0.69765625 0.5515625 0.69140625 0.54765625 0.6875 0.54375 0.69296875 0.54375 0.66796875 0.55 0.65859375 0.5421875 0.65546875 0.55625 0.64765625 0.565625 0.62109375 0.5734375 0.61484375 0.57578125 0.5875 0.57890625 0.634375 0.584375 0.62734375 0.58125 0.60546875 0.5875 0.59921875 0.5875 0.56484375 0.58125 0.51015625 0.5875 0.50703125 0.5859375 0.49453125 0.59453125 0.49375 0.596875 0.48671875 0.584375 0.47890625 0.58359375 0.4671875 0.5671875 0.46640625 0.5703125 0.45546875 0.5640625 0.44921875 0.5734375 0.43671875 0.5671875 0.43359375 0.5734375 0.42734375 0.5671875 0.41484375 0.57421875 0.40625 0.5765625 0.42890625 0.584375 0.42890625 0.590625 0.40390625 0.584375 0.40078125 0.5890625 0.39921875 0.5875 0.38984375 0.56796875 0.3921875 0.565625 0.37578125 0.55703125 0.371875 0.54453125 0.3765625 0.51484375 0.3734375 0.51328125 0.359375 0.490625 0.35546875 0.51328125 0.3515625 0.50859375 0.3453125 0.48515625 0.34375 0.4796875 0.34921875 0.4875 0.35390625 0.48203125 0.359375 0.45859375 0.3609375 0.4546875 0.36484375 0.4640625 0.36953125 0.4515625 0.38046875 0.459375 0.38671875 0.45 0.39296875 0.4609375 0.40078125 0.4453125 0.60859375 0.4515625 0.70703125 0.4453125 0.72578125 0.4421875 0.78828125 0.4328125 0.80859375 0.434375 0.84296875 0.42734375 0.8375 0.425 0.84140625 0.4265625 0.85390625 0.4328125 0.85546875 0.4328125 0.87109375 0.425 0.87265625 0.42265625 0.8859375 0.41875 0.87890625 0.4125 0.89765625