0 0.56640625 0.146875 0.51640625 0.125 0.47578125 0.128125 0.41796875 0.1203125 0.40078125 0.1265625 0.34921875 0.115625 0.30703125 0.1171875 0.246875 0.13828125 0.25078125 0.146875 0.27109375 0.146875 0.31796875 0.1328125 0.35859375 0.1296875 0.40078125 0.159375 0.52265625 0.15625 0.54765625 0.16875 0.5859375 0.17265625 0.60390625 0.159375 0.62421875 0.1546875 0.6265625 0.14609375 0.61796875 0.1421875 0.59453125 0.1484375 0.56640625 0.146875
0 0.72890625 0.3703125 0.61796875 0.371875 0.5515625 0.41328125 0.56171875 0.421875 0.61953125 0.409375 0.71953125 0.409375 0.74765625 0.421875 0.80234375 0.4265625 0.81171875 0.453125 0.8546875 0.45859375 0.8671875 0.44921875 0.86875 0.42890625 0.84765625 0.428125 0.834375 0.40546875 0.77890625 0.35625 0.72890625 0.3703125
0 0.72890625 0.3703125 0.62265625 0.3703125 0.5515625 0.41328125 0.56171875 0.421875 0.61171875 0.409375 0.71953125 0.409375 0.74765625 0.421875 0.80546875 0.428125 0.81171875 0.453125 0.853125 0.45859375 0.8671875 0.44921875 0.8671875 0.43046875 0.84765625 0.428125 0.834375 0.40546875 0.78046875 0.35625 0.72890625 0.3703125
0 0.865625 0.45234375 0.85 0.46328125 0.85625 0.50078125 0.88984375 0.5171875 0.9296875 0.51953125 0.9375 0.51796875 0.9375 0.43984375 0.92890625 0.43125 0.88828125 0.43125 0.87265625 0.4234375 0.865625 0.45234375
0 0.2109375 0.65390625 0.22734375 0.653125 0.2328125 0.64296875 0.2296875 0.58984375 0.15703125 0.5890625 0.1546875 0.65078125 0.2109375 0.65390625
0 0.14375 0.60859375 0.14140625 0.5109375 0.009375 0.51171875 0.01015625 0.6140625 0.134375 0.61484375 0.14375 0.60859375
0 0.29375 0.38828125 0.284375 0.46171875 0.27890625 0.4671875 0.26796875 0.4625 0.25546875 0.446875 0.24453125 0.4671875 0.21328125 0.471875 0.196875 0.48671875 0.20078125 0.4953125 0.21640625 0.4921875 0.23828125 0.4984375 0.26015625 0.4796875 0.2796875 0.50078125 0.2859375 0.51953125 0.3 0.52578125 0.31484375 0.5 0.3328125 0.49765625 0.32421875 0.4875 0.29375 0.49140625 0.30234375 0.36875 0.29375 0.38828125
0 0.15859375 0 0.175 0.05078125 0.1765625 0.08671875 0.1625 0.11328125 0.159375 0.17421875 0.1671875 0.21953125 0.18125 0.23984375 0.1765625 0.28828125 0.1828125 0.28828125 0.1921875 0.32265625 0.18828125 0.325 0.18203125 0.3140625 0.18125 0.32265625 0.19140625 0.3359375 0.20234375 0.3359375 0.21796875 0.359375 0.2296875 0.35859375 0.2359375 0.33828125 0.240625 0.24765625 0.23125 0.17421875 0.2375 0.05546875 0.234375 0.00078125 0.15859375 0
0 0.05390625 0 0.0515625 0.00546875 0.0484375 0.05234375 0.06875 0.22578125 0.06875 0.31328125 0.0796875 0.33046875 0.0859375 0.36953125 0.0921875 0.48359375 0.09921875 0.4859375 0.10390625 0.475 0.1078125 0.48515625 0.1390625 0.48203125 0.1421875 0.45703125 0.14609375 0.4609375 0.14921875 0.4515625 0.15625 0.45234375 0.15703125 0.4265625 0.18984375 0.440625 0.20859375 0.4375 0.2328125 0.39140625 0.234375 0.30234375 0.2421875 0.23984375 0.23125 0.16796875 0.2375 0.05390625 0.23359375 0 0.05390625 0
0 0.5765625 0.03046875 0.56640625 0 0.38125 0.00078125 0.3828125 0.10703125 0.371875 0.11796875 0.37421875 0.121875 0.39609375 0.13125 0.42421875 0.1328125 0.42734375 0.1390625 0.43203125 0.1328125 0.43515625 0.1390625 0.43984375 0.13125 0.45390625 0.128125 0.49609375 0.1296875 0.5625 0.14765625 0.5765625 0.14296875 0.571875 0.13828125 0.5765625 0.12734375 0.575 0.04765625 0.5828125 0.03359375 0.5765625 0.03046875
0 0.29453125 0.75625 0.2875 0.75859375 0.2796875 0.79296875 0.27421875 0.7921875 0.27109375 0.8 0.26796875 0.7921875 0.25234375 0.7890625 0.2421875 0.77890625 0.2359375 0.76328125 0.2375 0.68984375 0.22734375 0.65625 0.15546875 0.65625 0.14140625 0.628125 0.11171875 0.61875 0.08359375 0.6203125 0.0734375 0.64140625 0.071875 0.68046875 0.0765625 0.90703125 0.075 0.97421875 0.06875 0.99921875 0.3625 0.99921875 0.3625 0.93828125 0.34375 0.86953125 0.3421875 0.81796875 0.33125 0.79453125 0.3109375 0.78515625 0.29453125 0.75625
0 0.5921875 0.99921875 0.590625 0.96640625 0.58515625 0.9625 0.56796875 0.9734375 0.55390625 0.9609375 0.5328125 0.99765625 0.5921875 0.99921875
0 0.5671875 0.85546875 0.5734375 0.85390625 0.575 0.84140625 0.57265625 0.8375 0.565625 0.84296875 0.5671875 0.80859375 0.5578125 0.78828125 0.5546875 0.72578125 0.5484375 0.70703125 0.5546875 0.60859375 0.5390625 0.40078125 0.55 0.39296875 0.540625 0.38671875 0.5484375 0.38046875 0.5359375 0.36953125 0.5453125 0.36484375 0.54140625 0.3609375 0.51796875 0.359375 0.5125 0.35390625 0.5203125 0.34921875 0.51484375 0.34375 0.49140625 0.3453125 0.48671875 0.3515625 0.509375 0.35546875 0.48671875 0.359375 0.48515625 0.3734375 0.45546875 0.3765625 0.44296875 0.371875 0.434375 0.37578125 0.43203125 0.3921875 0.4125 0.38984375 0.4109375 0.39921875 0.415625 0.40078125 0.409375 0.40390625 0.415625 0.42890625 0.4234375 0.42890625 0.42578125 0.40625 0.4328125 0.41484375 0.4265625 0.42734375 0.4328125 0.43359375 0.4265625 0.43671875 0.4359375 0.44921875 0.4296875 0.45546875 0.4328125 0.46640625 0.41640625 0.4671875 0.415625 0.47890625 0.403125 0.48671875 0.40546875 0.49375 0.4140625 0.49453125 0.4125 0.50703125 0.41875 0.51015625 0.4125 0.56484375 0.4125 0.59921875 0.41875 0.60546875 0.415625 0.62734375 0.42109375 0.634375 0.42421875 0.5875 0.4265625 0.61484375 0.434375 0.62109375 0.44375 0.64765625 0.4578125 0.65546875 0.45 0.65859375 0.45625 0.66796875 0.45625 0.69296875 0.45234375 0.6875 0.4484375 0.69140625 0.45625 0.69765625 0.45625 0.70859375 0.45234375 0.703125 0.45 0.70859375 0.45625 0.71640625 0.45 0.72109375 0.45625 0.73046875 0.45 0.73828125 0.4546875 0.74453125 0.45 0.75390625 0.4546875 0.76171875 0.4484375 0.80078125 0.45 0.87578125 0.4453125 0.88046875 0.45 0.90390625 0.44375 0.91171875 0.45 0.91953125 0.4484375 0.97265625 0.46328125 1 0.590625 0.99921875 0.5875 0.89765625 0.58125 0.87890625 0.57734375 0.8859375 0.575 0.87265625 0.5671875 0.87109375 0.5671875 0.85546875