0 0 0.99921875 0.1890625 0.99921875 0.190625 0.66015625 0.1796875 0.43828125 0.1921875 0.22734375 0.1921875 0.00078125 0.00078125 0 0 0.99921875
0 0.325 0.30234375 0.3171875 0.38359375 0.325 0.39453125 0.3265625 0.41328125 0.35 0.41640625 0.3640625 0.36640625 0.35625 0.33828125 0.35 0.25546875 0.33828125 0.246875 0.3171875 0.28671875 0.325 0.30234375
0 0.3640625 0.36953125 0.35625 0.34453125 0.35 0.25859375 0.33828125 0.2484375 0.31875 0.28203125 0.325 0.30703125 0.3171875 0.38046875 0.3265625 0.40390625 0.321875 0.43671875 0.29453125 0.43125 0.284375 0.43671875 0.2828125 0.44921875 0.328125 0.50703125 0.3421875 0.51484375 0.3484375 0.51171875 0.3578125 0.47890625 0.35 0.45859375 0.3546875 0.44453125 0.35 0.42421875 0.3640625 0.36953125
0 0.37734375 0.415625 0.3609375 0.43203125 0.3515625 0.45546875 0.35390625 0.4609375 0.37265625 0.45625 0.3875 0.47109375 0.384375 0.48203125 0.3640625 0.50234375 0.3625 0.52734375 0.37578125 0.5484375 0.415625 0.55390625 0.43046875 0.5515625 0.4484375 0.52578125 0.4484375 0.45546875 0.43046875 0.434375 0.41015625 0.421875 0.37734375 0.415625
0 0.45625 0.56171875 0.459375 0.60390625 0.465625 0.60859375 0.4875 0.52265625 0.4875 0.50546875 0.47265625 0.490625 0.4484375 0.49609375 0.4453125 0.53046875 0.45625 0.56171875
0 0.49375 0.46640625 0.49765625 0.4875 0.52109375 0.496875 0.5421875 0.49765625 0.55859375 0.4765625 0.58046875 0.4734375 0.5828125 0.46015625 0.55234375 0.4421875 0.53515625 0.440625 0.49375 0.46640625
0 0.534375 0.54609375 0.54375 0.55390625 0.5578125 0.52890625 0.553125 0.50390625 0.54609375 0.4984375 0.5359375 0.50234375 0.5296875 0.51640625 0.534375 0.54609375
0 0.515625 0.51328125 0.515625 0.49921875 0.50234375 0.4921875 0.496875 0.51328125 0.509375 0.51953125 0.515625 0.51328125
0 0.4546875 0.68359375 0.41484375 0.6421875 0.39765625 0.6375 0.3734375 0.65703125 0.3625 0.71484375 0.36875 0.73984375 0.38515625 0.7640625 0.4 0.74609375 0.4015625 0.84296875 0.4109375 0.85703125 0.4125 0.88359375 0.42421875 0.8984375 0.4296875 0.89765625 0.44375 0.87421875 0.4375 0.85859375 0.4203125 0.84140625 0.425 0.73515625 0.434375 0.71015625 0.4546875 0.68359375
0 0.58046875 0.8921875 0.590625 0.89609375 0.596875 0.89140625 0.5984375 0.87265625 0.59296875 0.8625 0.58515625 0.8609375 0.5734375 0.88046875 0.58046875 0.8921875
0 0.8859375 0.99921875 0.88125 0.88203125 0.8796875 0.87421875 0.86953125 0.8703125 0.859375 0.88828125 0.865625 0.99921875 0.8859375 0.99921875
0 0.82578125 0.7515625 0.8328125 0.75078125 0.8421875 0.72421875 0.83828125 0.715625 0.82578125 0.7125 0.815625 0.72265625 0.815625 0.73828125 0.82578125 0.7515625
0 0.83984375 0 0.834375 0.00859375 0.8328125 0.05859375 0.84921875 0.0671875 0.8765625 0.06640625 0.95078125 0.0640625 0.95625 0.05546875 0.9578125 0.00859375 0.92421875 0 0.89453125 0.0046875 0.83984375 0
0 0.76953125 0.065625 0.7828125 0.06484375 0.8015625 0.05703125 0.80078125 0.0234375 0.79453125 0.0296875 0.765625 0.02578125 0.7609375 0.05859375 0.76953125 0.065625
0 0.7390625 0.06796875 0.7390625 0.10234375 0.753125 0.10546875 0.76484375 0.1046875 0.7703125 0.09140625 0.759375 0.04921875 0.70078125 0.0484375 0.70234375 0.0671875 0.7390625 0.06796875