0 0.190625 0.33671875 0.1890625 0.00078125 0 0.00078125 0.00078125 1 0.1921875 0.99921875 0.1921875 0.77890625 0.1796875 0.57578125 0.18125 0.45546875 0.190625 0.33671875
0 0.475 0.41953125 0.4640625 0.39296875 0.4546875 0.44296875 0.44453125 0.4640625 0.42890625 0.446875 0.40859375 0.44375 0.39921875 0.4515625 0.37734375 0.45 0.3640625 0.46796875 0.3625 0.49453125 0.3859375 0.52109375 0.3859375 0.53203125 0.37421875 0.5421875 0.35390625 0.534375 0.35 0.54453125 0.3625 0.57109375 0.37734375 0.584375 0.40546875 0.58125 0.43203125 0.565625 0.45 0.53984375 0.45 0.51015625 0.47578125 0.5078125 0.4859375 0.49609375 0.4875 0.47890625 0.475 0.41953125
0 0.35625 0.51640625 0.3453125 0.48671875 0.3328125 0.48828125 0.2828125 0.55234375 0.2859375 0.56484375 0.29453125 0.56875 0.30703125 0.56875 0.31640625 0.5609375 0.321875 0.56484375 0.3234375 0.59765625 0.315625 0.63359375 0.3265625 0.73515625 0.33359375 0.75 0.3453125 0.74453125 0.359375 0.71640625 0.3546875 0.69140625 0.359375 0.61328125 0.3515625 0.59453125 0.353125 0.55234375 0.3484375 0.54140625 0.35625 0.51640625
0 0.425 0.25859375 0.4109375 0.23828125 0.39609375 0.2578125 0.3703125 0.26953125 0.359375 0.29453125 0.3609375 0.33359375 0.37734375 0.35625 0.38984375 0.3625 0.40703125 0.3578125 0.4203125 0.34453125 0.4328125 0.30390625 0.425 0.25859375
0 0.55859375 0.5234375 0.5390625 0.50078125 0.49921875 0.5125 0.49375 0.53359375 0.51796875 0.54375 0.53515625 0.559375 0.54921875 0.559375 0.57890625 0.54375 0.584375 0.53203125 0.57734375 0.525 0.55859375 0.5234375
0 0.5578125 0.47109375 0.54375 0.44609375 0.5375 0.44765625 0.5296875 0.46796875 0.534375 0.50078125 0.50234375 0.5109375 0.49375 0.52265625 0.49921875 0.5390625 0.51953125 0.5453125 0.53515625 0.559375 0.54921875 0.559375 0.584375 0.53671875 0.58203125 0.5265625 0.55703125 0.521875 0.546875 0.50859375 0.5578125 0.47109375
0 0.515625 0.48671875 0.5078125 0.48046875 0.496875 0.48671875 0.50234375 0.5078125 0.515625 0.50078125 0.515625 0.48671875
0 0.6484375 0.53828125 0.6328125 0.51953125 0.61875 0.52421875 0.615625 0.54609375 0.63671875 0.5578125 0.6484375 0.54765625 0.6484375 0.53828125
0 0.7375 0.59140625 0.728125 0.53828125 0.69609375 0.546875 0.6921875 0.55546875 0.7171875 0.57265625 0.7203125 0.62109375 0.7078125 0.66796875 0.73046875 0.7015625 0.7375 0.59140625
0 0.8640625 0.94453125 0.8515625 0.93515625 0.74765625 0.9375 0.7421875 0.94453125 0.7390625 0.99921875 0.85703125 1 0.8625 0.99296875 0.8640625 0.94453125
0 0.875 0.90234375 0.8640625 0.88515625 0.85546875 0.884375 0.8484375 0.89609375 0.85 0.92734375 0.86015625 0.9359375 0.8703125 0.93203125 0.875 0.92109375 0.875 0.90234375
0 0.9375 0.96015625 0.93125 0.93515625 0.9 0.93984375 0.89375 0.97890625 0.90390625 1 0.9296875 0.99609375 0.9375 0.96015625
0 0.959375 0.92734375 0.9515625 0.87734375 0.940625 0.88359375 0.928125 0.90390625 0.928125 0.92734375 0.93828125 0.9359375 0.95390625 0.934375 0.959375 0.92734375
0 0.9578125 0.90078125 0.95 0.88203125 0.9328125 0.89609375 0.92734375 0.9328125 0.88125 0.93671875 0.8953125 0.95546875 0.89375 0.98203125 0.90234375 1 0.93125 0.99609375 0.9359375 0.96640625 0.94609375 0.953125 1 0.95390625 0.99921875 0.93125 0.9578125 0.92890625 0.9578125 0.90078125
0 0.86015625 0.9375 0.8390625 0.93359375 0.74765625 0.9359375 0.7375 0.95234375 0.7375 0.99921875 0.86015625 0.9984375 0.86875 0.94609375 0.86015625 0.9375
0 0.440625 0.81484375 0.4375 0.73984375 0.403125 0.74296875 0.40546875 0.8171875 0.440625 0.81484375
0 0.525 0.63515625 0.5140625 0.61953125 0.49609375 0.6203125 0.4921875 0.62578125 0.490625 0.74296875 0.49609375 0.7515625 0.509375 0.74609375 0.525 0.67109375 0.525 0.63515625