0 0 0.99921875 0.1890625 0.99921875 0.190625 0.66171875 0.1796875 0.43203125 0.1921875 0.22109375 0.1921875 0.00078125 0.00078125 0 0 0.99921875
0 0.43203125 0.434375 0.40546875 0.41875 0.37734375 0.415625 0.3625 0.42890625 0.3484375 0.46015625 0.35390625 0.465625 0.37421875 0.4578125 0.3859375 0.46796875 0.3859375 0.47890625 0.3625 0.50546875 0.3640625 0.53203125 0.37734375 0.55 0.39921875 0.5484375 0.40859375 0.55625 0.42890625 0.553125 0.44453125 0.5359375 0.465625 0.60546875 0.4875 0.52109375 0.4859375 0.50390625 0.47578125 0.4921875 0.45 0.48984375 0.45 0.46015625 0.43203125 0.434375
0 0.3546875 0.30703125 0.359375 0.28046875 0.3484375 0.26015625 0.33515625 0.253125 0.328125 0.26015625 0.321875 0.34296875 0.3140625 0.36953125 0.3234375 0.40078125 0.321875 0.43671875 0.29453125 0.43125 0.2828125 0.43984375 0.2828125 0.44921875 0.3265625 0.50390625 0.3453125 0.51328125 0.35625 0.48671875 0.35 0.45546875 0.3546875 0.44296875 0.3515625 0.40703125 0.359375 0.38671875 0.3546875 0.30703125
0 0.4421875 0.73515625 0.4484375 0.71171875 0.4390625 0.66484375 0.43125 0.65078125 0.41171875 0.6375 0.39453125 0.640625 0.359375 0.68515625 0.384375 0.73203125 0.38125 0.75234375 0.390625 0.80546875 0.3875 0.84765625 0.396875 0.85546875 0.40625 0.84453125 0.4078125 0.83046875 0.40625 0.74609375 0.40859375 0.7421875 0.42421875 0.7640625 0.4421875 0.73515625
0 0.6921875 0.44453125 0.69609375 0.453125 0.7296875 0.46015625 0.7375 0.40859375 0.73046875 0.296875 0.7078125 0.33203125 0.7203125 0.37734375 0.7171875 0.42734375 0.6921875 0.44453125
0 0.8515625 0.06484375 0.8640625 0.05546875 0.8625 0.00703125 0.85703125 0 0.7390625 0.00078125 0.74609375 0.0625 0.8515625 0.06484375
0 0.8484375 0.10390625 0.85546875 0.115625 0.8640625 0.11484375 0.875 0.09765625 0.875 0.07890625 0.8703125 0.06796875 0.86015625 0.0640625 0.85 0.07265625 0.8484375 0.10390625
0 0.93125 0.06484375 0.9375 0.03984375 0.9296875 0.00390625 0.90390625 0 0.89375 0.02109375 0.9 0.06015625 0.93125 0.06484375
0 0.928125 0.09609375 0.940625 0.11640625 0.9515625 0.12265625 0.959375 0.09921875 0.959375 0.07265625 0.95390625 0.065625 0.93828125 0.0640625 0.928125 0.07265625 0.928125 0.09609375
0 0.95390625 0.0671875 0.9953125 0.06796875 1 0.06640625 0.99921875 0.0453125 0.94453125 0.0484375 0.9375 0.05703125 0.93828125 0.0640625 0.95390625 0.0671875
0 0.8875 0.86015625 0.88359375 0.853125 0.86015625 0.853125 0.85625 0.99765625 0.8875 0.99921875 0.8875 0.86015625
0 0.8296875 0.91015625 0.840625 0.91484375 0.853125 0.90703125 0.8546875 0.89921875 0.8484375 0.87734375 0.83515625 0.871875 0.8234375 0.88984375 0.8296875 0.91015625
0 0.81875 0.98359375 0.82578125 1 0.8390625 0.99921875 0.8515625 0.98515625 0.853125 0.96953125 0.84296875 0.953125 0.83046875 0.9515625 0.8203125 0.96484375 0.81875 0.98359375
0 0.8484375 0.75390625 0.84765625 0.7078125 0.8109375 0.71015625 0.8109375 0.75390625 0.8203125 0.75546875 0.8484375 0.75390625
0 0.39765625 0.1703125 0.3953125 0.25703125 0.4375 0.26015625 0.440625 0.17265625 0.39765625 0.1703125
0 0.4921875 0.37578125 0.515625 0.38046875 0.525 0.36640625 0.525 0.32578125 0.509375 0.25390625 0.49609375 0.2484375 0.490625 0.25546875 0.4921875 0.37578125
0 0.56953125 0.15625 0.5671875 0.21640625 0.596875 0.21953125 0.5984375 0.15859375 0.56953125 0.15625
0 0.53515625 0.440625 0.51796875 0.45625 0.49375 0.46640625 0.49921875 0.4875 0.540625 0.49765625 0.55859375 0.4765625 0.58046875 0.4734375 0.584375 0.46796875 0.57890625 0.45625 0.54765625 0.440625 0.53515625 0.440625
0 0.57890625 0.45625 0.54921875 0.440625 0.53515625 0.440625 0.51953125 0.4546875 0.49765625 0.4625 0.49375 0.47734375 0.50234375 0.4890625 0.534375 0.49921875 0.5296875 0.53203125 0.5375 0.55234375 0.54375 0.55390625 0.5578125 0.52890625 0.546875 0.49140625 0.55703125 0.478125 0.58203125 0.4734375 0.584375 0.46484375 0.57890625 0.45625
0 0.61875 0.47578125 0.6328125 0.48046875 0.6484375 0.46171875 0.6484375 0.45234375 0.63671875 0.4421875 0.62109375 0.446875 0.6140625 0.46015625 0.61875 0.47578125
0 0.8640625 0.51640625 0.871875 0.52109375 0.8765625 0.38984375 0.871875 0.36796875 0.86328125 0.3640625 0.8546875 0.41796875 0.8609375 0.43515625 0.8640625 0.51640625