0 0.546875 0.44140625 0.5390625 0.39140625 0.525 0.42578125 0.5140625 0.49296875 0.52421875 0.5078125 0.5515625 0.51171875 0.5546875 0.54921875 0.56953125 0.565625 0.59609375 0.58125 0.61953125 0.5859375 0.63046875 0.58125 0.64765625 0.559375 0.65546875 0.5765625 0.65625 0.56484375 0.66328125 0.559375 0.6734375 0.56328125 0.67421875 0.5765625 0.68046875 0.559375 0.69453125 0.56875 0.7171875 0.56328125 0.7171875 0.54765625 0.66328125 0.4859375 0.6515625 0.49140625 0.6421875 0.53515625 0.63671875 0.540625 0.62109375 0.5375 0.6171875 0.51953125 0.640625 0.49140625 0.640625 0.47578125 0.63125 0.45546875 0.62109375 0.4484375 0.60234375 0.45 0.59296875 0.4421875 0.57265625 0.446875 0.55859375 0.4609375 0.546875 0.44140625
0 1 0.00078125 0.8125 0.00078125 0.8109375 0.32421875 0.821875 0.47890625 0.821875 0.59296875 0.8109375 0.73984375 0.81171875 1 0.86796875 1 0.87890625 0.990625 0.87734375 1 1 0.99921875 1 0.00078125
0 0.5921875 0.11953125 0.578125 0.10078125 0.5703125 0.10234375 0.5578125 0.12109375 0.559375 0.13515625 0.578125 0.15546875 0.5828125 0.18359375 0.575 0.26953125 0.546875 0.31640625 0.58828125 0.359375 0.60390625 0.3625 0.6296875 0.33984375 0.640625 0.28828125 0.6328125 0.26015625 0.61640625 0.2328125 0.603125 0.25234375 0.6015625 0.16171875 0.5921875 0.14296875 0.5921875 0.11953125
0 0.3859375 0.52734375 0.375 0.51484375 0.3515625 0.53984375 0.36328125 0.5578125 0.38046875 0.5546875 0.3890625 0.54453125 0.3859375 0.52734375
0 0.5984375 0.77578125 0.5828125 0.75390625 0.56875 0.76953125 0.5671875 0.79453125 0.5765625 0.81171875 0.58671875 0.815625 0.5984375 0.79609375 0.5984375 0.77578125
0 0.4296875 0.81328125 0.4171875 0.78515625 0.409375 0.78671875 0.403125 0.80390625 0.40625 0.82734375 0.41328125 0.834375 0.425 0.82734375 0.4296875 0.81328125
0 0.0734375 0.90390625 0.0546875 0.87890625 0.0453125 0.88828125 0.0421875 0.92890625 0.00078125 0.93125 0 0.95390625 0.05859375 0.9546875 0.07109375 1 0.1 0.99921875 0.1078125 0.98359375 0.10625 0.95546875 0.11796875 0.9484375 0.1296875 0.96484375 0.1265625 0.97421875 0.1359375 0.97890625 0.13984375 1 0.26875 0.99921875 0.265625 0.95078125 0.25546875 0.9359375 0.15078125 0.9328125 0.153125 0.90078125 0.14609375 0.8859375 0.13515625 0.8875 0.128125 0.89921875 0.12578125 0.9375 0.07578125 0.9328125 0.0734375 0.90390625
0 0.1484375 0.57890625 0.134375 0.47890625 0.1296875 0.47890625 0.125 0.49453125 0.1234375 0.55546875 0.1265625 0.62421875 0.13828125 0.6375 0.1484375 0.57890625
0 0.1859375 0.26171875 0.1765625 0.24921875 0.16953125 0.2484375 0.159375 0.26484375 0.1609375 0.28203125 0.16796875 0.2875 0.17734375 0.2875 0.1859375 0.27890625 0.1859375 0.26171875
0 0.140625 0.11484375 0.1328125 0.00078125 0.115625 0.00078125 0.12421875 0.128125 0.13515625 0.128125 0.140625 0.11484375
0 0.71875 0.55078125 0.6625 0.48515625 0.653125 0.48984375 0.6453125 0.51328125 0.6515625 0.54453125 0.6484375 0.59453125 0.640625 0.61796875 0.640625 0.71328125 0.6546875 0.75234375 0.6484375 0.84140625 0.659375 0.91953125 0.6578125 0.99921875 0.71015625 1 0.71875 0.55078125