0 0.99921875 1 1 0.00078125 0.8109375 0.00078125 0.809375 0.33828125 0.8203125 0.56796875 0.8078125 0.77890625 0.8078125 0.99921875 0.99921875 1
0 0.62578125 0.5421875 0.6140625 0.53203125 0.6140625 0.52109375 0.6375 0.49453125 0.6359375 0.46796875 0.62265625 0.45 0.60078125 0.4515625 0.59140625 0.44375 0.57109375 0.446875 0.55546875 0.4640625 0.534375 0.39453125 0.5125 0.47890625 0.5140625 0.49609375 0.52421875 0.5078125 0.55 0.51015625 0.55 0.53984375 0.56796875 0.565625 0.59453125 0.58125 0.62265625 0.584375 0.6375 0.57109375 0.6515625 0.53984375 0.64609375 0.534375 0.62578125 0.5421875
0 0.6859375 0.63046875 0.6765625 0.59921875 0.678125 0.56328125 0.70546875 0.56875 0.7171875 0.56015625 0.7171875 0.55078125 0.6734375 0.49609375 0.6546875 0.48671875 0.64375 0.51328125 0.65 0.54453125 0.6453125 0.55703125 0.6484375 0.59296875 0.640625 0.61328125 0.6453125 0.69296875 0.640625 0.71953125 0.6515625 0.73984375 0.66484375 0.746875 0.671875 0.73984375 0.678125 0.65703125 0.6859375 0.63046875
0 0.640625 0.31484375 0.615625 0.26796875 0.61875 0.24765625 0.609375 0.19453125 0.6125 0.15234375 0.603125 0.14453125 0.59375 0.15546875 0.5921875 0.16953125 0.59375 0.25390625 0.59140625 0.2578125 0.57578125 0.2359375 0.5578125 0.26484375 0.5515625 0.28828125 0.5609375 0.33515625 0.56875 0.34921875 0.58828125 0.3625 0.60546875 0.359375 0.640625 0.31484375
0 0.2796875 0.62265625 0.2828125 0.57265625 0.3078125 0.55546875 0.30390625 0.546875 0.2703125 0.53984375 0.2625 0.59140625 0.26953125 0.703125 0.2921875 0.66796875 0.2796875 0.62265625
0 0.1484375 0.93515625 0.1359375 0.94453125 0.1375 0.99296875 0.14296875 1 0.2609375 0.99921875 0.25390625 0.9375 0.1484375 0.93515625
0 0.13984375 0.9359375 0.15 0.92734375 0.1515625 0.89609375 0.14453125 0.884375 0.1359375 0.88515625 0.125 0.90234375 0.125 0.92109375 0.1296875 0.93203125 0.13984375 0.9359375
0 0.06875 0.93515625 0.0625 0.96015625 0.0703125 0.99609375 0.09609375 1 0.10625 0.97890625 0.1 0.93984375 0.06875 0.93515625
0 0.06171875 0.9359375 0.071875 0.92734375 0.071875 0.90390625 0.059375 0.88359375 0.0484375 0.87734375 0.040625 0.90078125 0.040625 0.92734375 0.04609375 0.934375 0.06171875 0.9359375
0 0.06171875 0.9359375 0.04609375 0.9328125 0.0046875 0.93203125 0 0.93359375 0.00078125 0.9546875 0.05546875 0.9515625 0.0625 0.94296875 0.06171875 0.9359375
0 0.11640625 0.146875 0.13984375 0.146875 0.14375 0.00234375 0.1125 0.00078125 0.1125 0.13984375 0.11640625 0.146875
0 0.1765625 0.11015625 0.1703125 0.08984375 0.159375 0.08515625 0.146875 0.09296875 0.1453125 0.10078125 0.1515625 0.12265625 0.16484375 0.128125 0.1765625 0.11015625
0 0.16953125 0.0484375 0.1796875 0.03515625 0.18125 0.01640625 0.17421875 0 0.1609375 0.00078125 0.1484375 0.01484375 0.146875 0.03046875 0.15703125 0.046875 0.16953125 0.0484375
0 0.15234375 0.2921875 0.1890625 0.28984375 0.1890625 0.24609375 0.1796875 0.24453125 0.1515625 0.24609375 0.15234375 0.2921875
0 0.5625 0.73984375 0.559375 0.82734375 0.60234375 0.8296875 0.6046875 0.74296875 0.5625 0.73984375
0 0.509375 0.74453125 0.5078125 0.62421875 0.484375 0.61953125 0.475 0.63359375 0.475 0.67421875 0.490625 0.74609375 0.50390625 0.7515625 0.509375 0.74453125
0 0.403125 0.78046875 0.4015625 0.84140625 0.43046875 0.84375 0.4328125 0.78359375 0.403125 0.78046875
0 0.41953125 0.5265625 0.415625 0.53203125 0.42109375 0.54375 0.45234375 0.559375 0.46484375 0.559375 0.48203125 0.54375 0.50625 0.53359375 0.50078125 0.5125 0.459375 0.50234375 0.44140625 0.5234375 0.41953125 0.5265625
0 0.49765625 0.5109375 0.465625 0.50078125 0.4703125 0.46796875 0.4625 0.44765625 0.45625 0.44609375 0.4421875 0.47109375 0.453125 0.50859375 0.44296875 0.521875 0.41796875 0.5265625 0.415625 0.53515625 0.42109375 0.54375 0.45078125 0.559375 0.46484375 0.559375 0.48046875 0.5453125 0.50234375 0.5375 0.50625 0.52265625 0.49765625 0.5109375
0 0.3859375 0.53984375 0.38125 0.52421875 0.3671875 0.51953125 0.3515625 0.53828125 0.3515625 0.54765625 0.36328125 0.5578125 0.37890625 0.553125 0.3859375 0.53984375
0 0.1390625 0.56484375 0.1359375 0.48359375 0.128125 0.47890625 0.1234375 0.61015625 0.128125 0.63203125 0.13671875 0.6359375 0.1453125 0.58203125 0.1390625 0.56484375