0 0 0.99921875 0.1890625 0.99921875 0.190625 0.66015625 0.1796875 0.43203125 0.1921875 0.22265625 0.1921875 0.00078125 0.00078125 0 0 0.99921875
0 0.3546875 0.31015625 0.359375 0.28671875 0.346875 0.25859375 0.33671875 0.253125 0.3296875 0.25703125 0.3265625 0.26953125 0.321875 0.34609375 0.315625 0.36640625 0.3234375 0.43203125 0.31796875 0.440625 0.30546875 0.43125 0.29140625 0.4328125 0.2828125 0.44765625 0.328125 0.50546875 0.3453125 0.51328125 0.35625 0.48515625 0.35 0.46328125 0.3546875 0.44296875 0.35 0.42421875 0.359375 0.38515625 0.3546875 0.31015625
0 0.45 0.46015625 0.43359375 0.4359375 0.40859375 0.4203125 0.37734375 0.415625 0.3625 0.42890625 0.3515625 0.45390625 0.35234375 0.4625 0.37421875 0.4578125 0.3859375 0.46640625 0.384375 0.48203125 0.3625 0.50546875 0.3640625 0.53203125 0.37734375 0.55 0.39921875 0.5484375 0.40859375 0.55625 0.42890625 0.553125 0.44453125 0.5359375 0.4546875 0.55546875 0.4546875 0.57734375 0.4640625 0.60703125 0.475 0.58046875 0.4875 0.52109375 0.4859375 0.50390625 0.47578125 0.4921875 0.45 0.48984375 0.45 0.46015625
0 0.41484375 0.6421875 0.39765625 0.6375 0.3734375 0.65703125 0.3625 0.71484375 0.36875 0.73984375 0.38515625 0.7640625 0.4 0.74609375 0.4015625 0.84296875 0.4109375 0.85703125 0.4125 0.88359375 0.42421875 0.8984375 0.4296875 0.89765625 0.44375 0.87265625 0.4203125 0.84140625 0.425 0.73515625 0.434375 0.71015625 0.4546875 0.68359375 0.41484375 0.6421875
0 0.53515625 0.440625 0.49375 0.46640625 0.49765625 0.4875 0.5390625 0.49921875 0.55859375 0.4765625 0.57734375 0.475 0.584375 0.46796875 0.58046875 0.4578125 0.54921875 0.440625 0.53515625 0.440625
0 0.534375 0.54609375 0.54375 0.55390625 0.5578125 0.52890625 0.553125 0.50390625 0.54609375 0.4984375 0.5359375 0.50234375 0.5296875 0.51640625 0.534375 0.54609375
0 0.74765625 0.0625 0.8515625 0.06484375 0.8640625 0.05546875 0.8625 0.00703125 0.85703125 0 0.7390625 0.00078125 0.7421875 0.05546875 0.74765625 0.0625
0 0.8484375 0.10390625 0.85546875 0.115625 0.8640625 0.11484375 0.875 0.09765625 0.875 0.07890625 0.86875 0.06640625 0.86015625 0.0640625 0.85 0.07265625 0.8484375 0.10390625
0 0.93125 0.06484375 0.9375 0.03984375 0.9296875 0.00390625 0.90390625 0 0.89375 0.02109375 0.9 0.06015625 0.93125 0.06484375
0 0.940625 0.11640625 0.9515625 0.12265625 0.959375 0.07265625 0.95390625 0.065625 0.93828125 0.0640625 0.928125 0.07265625 0.928125 0.09609375 0.940625 0.11640625
0 0.784375 0.05078125 0.78203125 0 0.77734375 0.0125 0.77578125 0 0.7703125 0.00078125 0.76953125 0.009375 0.76796875 0 0.7421875 0.00078125 0.7421875 0.05078125 0.74765625 0.0625 0.8421875 0.06484375 0.85 0.06015625 0.80078125 0.0578125 0.79765625 0.046875 0.79296875 0.05625 0.78828125 0.0484375 0.784375 0.05078125
0 0.9359375 0.03515625 0.9296875 0.00234375 0.90390625 0 0.89375 0.01953125 0.8953125 0.05078125 0.884375 0.06328125 0.92890625 0.0671875 0.9328125 0.10390625 0.95 0.11796875 0.9578125 0.10078125 0.95625 0.07109375 0.99921875 0.06875 1 0.04609375 0.94453125 0.046875 0.9359375 0.03515625
0 0.403125 0.22265625 0.4203125 0.24453125 0.4328125 0.23046875 0.434375 0.20546875 0.425 0.18828125 0.41484375 0.184375 0.403125 0.20390625 0.403125 0.22265625
0 0.4921875 0.37421875 0.49609375 0.3796875 0.515625 0.38046875 0.525 0.36484375 0.5234375 0.31953125 0.509375 0.25390625 0.49609375 0.2484375 0.490625 0.25546875 0.4921875 0.37421875
0 0.571875 0.19296875 0.584375 0.21640625 0.590625 0.21796875 0.5984375 0.20078125 0.5984375 0.18046875 0.58984375 0.165625 0.58203125 0.165625 0.5734375 0.17734375 0.571875 0.19296875
0 0.6515625 0.49453125 0.64765625 0.4375 0.60625 0.44140625 0.60625 0.49609375 0.628125 0.49765625 0.6515625 0.49453125
0 0.6921875 0.44453125 0.69609375 0.453125 0.7296875 0.46171875 0.7375 0.40859375 0.73046875 0.2984375 0.7078125 0.33203125 0.7203125 0.37890625 0.7171875 0.42734375 0.6921875 0.44453125