0 0.00078125 0 0 0.99921875 0.1890625 0.99921875 0.190625 0.66328125 0.18125 0.54453125 0.1796875 0.42421875 0.1921875 0.22109375 0.1921875 0.00078125 0.00078125 0
0 0.45 0.46015625 0.43203125 0.434375 0.40546875 0.41875 0.37734375 0.415625 0.3625 0.42890625 0.35 0.45546875 0.35390625 0.465625 0.37421875 0.4578125 0.3859375 0.46796875 0.3859375 0.47890625 0.3625 0.50546875 0.3640625 0.53203125 0.37734375 0.55 0.39921875 0.5484375 0.40859375 0.55625 0.42890625 0.553125 0.44453125 0.5359375 0.4546875 0.55703125 0.4640625 0.60703125 0.475 0.58046875 0.4875 0.52109375 0.4859375 0.50390625 0.47578125 0.4921875 0.45 0.48984375 0.45 0.46015625
0 0.3546875 0.30859375 0.359375 0.28359375 0.3453125 0.25546875 0.33359375 0.25 0.3265625 0.26484375 0.315625 0.36640625 0.3234375 0.40234375 0.321875 0.43515625 0.31640625 0.4390625 0.30703125 0.43125 0.29453125 0.43125 0.2859375 0.43515625 0.2828125 0.44765625 0.3328125 0.51171875 0.3453125 0.51328125 0.35625 0.48359375 0.3484375 0.45859375 0.353125 0.44765625 0.3515625 0.40546875 0.359375 0.38671875 0.3546875 0.30859375
0 0.37734375 0.64375 0.3609375 0.66640625 0.359375 0.70546875 0.3703125 0.73046875 0.39609375 0.7421875 0.4109375 0.76171875 0.425 0.74140625 0.4328125 0.69609375 0.4203125 0.65546875 0.40703125 0.6421875 0.38984375 0.6375 0.37734375 0.64375
0 0.53515625 0.440625 0.51796875 0.45625 0.49375 0.46640625 0.49921875 0.4875 0.5390625 0.49921875 0.55859375 0.4765625 0.57734375 0.475 0.584375 0.46796875 0.57890625 0.45625 0.54921875 0.440625 0.53515625 0.440625
0 0.54921875 0.440625 0.53515625 0.440625 0.51953125 0.4546875 0.49921875 0.4609375 0.49375 0.47734375 0.50234375 0.4890625 0.534375 0.49921875 0.5296875 0.53203125 0.5375 0.55234375 0.54375 0.55390625 0.5578125 0.52890625 0.546875 0.49140625 0.55703125 0.478125 0.58203125 0.4734375 0.584375 0.46328125 0.54921875 0.440625
0 0.515625 0.51328125 0.515625 0.49921875 0.50234375 0.4921875 0.496875 0.51328125 0.5078125 0.51953125 0.515625 0.51328125
0 0.6328125 0.48046875 0.6484375 0.46171875 0.6484375 0.45234375 0.63671875 0.4421875 0.615625 0.45390625 0.61875 0.47578125 0.6328125 0.48046875
0 0.6921875 0.44453125 0.69609375 0.453125 0.728125 0.46171875 0.7375 0.40859375 0.73046875 0.2984375 0.7078125 0.33203125 0.7203125 0.37890625 0.7171875 0.42734375 0.6921875 0.44453125
0 0.74765625 0.0625 0.8515625 0.06484375 0.8640625 0.05546875 0.8625 0.00703125 0.85703125 0 0.7390625 0.00078125 0.7421875 0.05546875 0.74765625 0.0625
0 0.8484375 0.10390625 0.85546875 0.115625 0.8640625 0.11484375 0.875 0.09765625 0.875 0.07890625 0.8703125 0.06796875 0.86015625 0.0640625 0.85 0.07265625 0.8484375 0.10390625
0 0.93125 0.06484375 0.9375 0.03984375 0.9296875 0.00390625 0.90390625 0 0.89375 0.02109375 0.9 0.06015625 0.93125 0.06484375
0 0.940625 0.11640625 0.9515625 0.12265625 0.959375 0.07265625 0.95390625 0.065625 0.93828125 0.0640625 0.928125 0.07265625 0.928125 0.09609375 0.940625 0.11640625
0 0.9359375 0.03359375 0.93125 0.00390625 0.90234375 0 0.89375 0.01796875 0.8953125 0.04453125 0.88125 0.06328125 0.92734375 0.0671875 0.9328125 0.10390625 0.95 0.11796875 0.9578125 0.09921875 0.9578125 0.07109375 0.99921875 0.06875 1 0.04609375 0.94609375 0.046875 0.9359375 0.03359375
0 0.74765625 0.0640625 0.8390625 0.06640625 0.86015625 0.0625 0.86875 0.05390625 0.86015625 0.0015625 0.7375 0.00078125 0.7375 0.04765625 0.74765625 0.0640625
0 0.40546875 0.1828125 0.403125 0.25703125 0.4375 0.26015625 0.440625 0.18515625 0.40546875 0.1828125
0 0.4921875 0.37421875 0.49609375 0.3796875 0.5140625 0.38046875 0.525 0.36484375 0.525 0.32890625 0.509375 0.25390625 0.49609375 0.2484375 0.490625 0.25703125 0.4921875 0.37421875