0 0.8265625 0.94609375 0.821875 0.99921875 0.86484375 1 0.875 0.98203125 0.875 0.88984375 0.86875 0.87890625 0.86875 0.85859375 0.875 0.81171875 0.871875 0.70859375 0.8765625 0.63046875 0.890625 0.63046875 0.89765625 0.671875 0.90078125 0.6640625 0.90859375 0.6734375 0.9171875 0.65703125 0.9078125 0.63203125 0.9078125 0.51015625 0.884375 0.46796875 0.88125 0.43046875 0.88125 0.41171875 0.896875 0.39765625 0.903125 0.38203125 0.90625 0.29921875 0.925 0.27265625 0.921875 0.20234375 0.91796875 0.19375 0.91328125 0.2015625 0.90546875 0.1890625 0.896875 0.19296875 0.8828125 0.22265625 0.87734375 0.2515625 0.8578125 0.23828125 0.83828125 0.1984375 0.82734375 0.1953125 0.81875 0.21328125 0.825 0.30703125 0.83125 0.31796875 0.828125 0.37421875 0.8375 0.40546875 0.8359375 0.47890625 0.82890625 0.4921875 0.821875 0.49296875 0.815625 0.51328125 0.8171875 0.66796875 0.828125 0.68359375 0.83125 0.69921875 0.825 0.73203125 0.8359375 0.75390625 0.834375 0.78359375 0.8171875 0.79921875 0.8109375 0.82265625 0.81875 0.92734375 0.8265625 0.94609375
0 0.4984375 0.85546875 0.5 0.99921875 0.5875 0.99921875 0.5890625 0.92890625 0.58359375 0.9234375 0.55703125 0.9234375 0.5359375 0.89921875 0.5375 0.87578125 0.55625 0.84453125 0.5484375 0.82421875 0.5625 0.81171875 0.559375 0.76171875 0.5515625 0.74609375 0.553125 0.70234375 0.54140625 0.671875 0.525 0.68203125 0.525 0.73203125 0.51484375 0.7359375 0.50625 0.74921875 0.51875 0.76953125 0.5265625 0.83203125 0.52109375 0.8421875 0.50859375 0.8390625 0.4984375 0.85546875
0 0.74140625 0.3375 0.75 0.34453125 0.7640625 0.34296875 0.765625 0.32421875 0.7546875 0.27421875 0.775 0.21796875 0.7703125 0.19453125 0.7734375 0.16015625 0.74375 0.13046875 0.75625 0.08515625 0.75625 0.04453125 0.7625 0.02109375 0.7734375 0.01640625 0.76796875 0.0046875 0.75078125 0.0046875 0.7359375 0.01953125 0.740625 0.06953125 0.728125 0.10234375 0.715625 0.11796875 0.7375 0.16328125 0.7375 0.17890625 0.72890625 0.1796875 0.71484375 0.16875 0.709375 0.17265625 0.709375 0.18671875 0.721875 0.20078125 0.721875 0.22890625 0.7109375 0.24921875 0.70625 0.30234375 0.71953125 0.334375 0.74140625 0.3375
0 0.1421875 0.98359375 0.146875 0.99921875 0.25234375 1 0.25625 0.96484375 0.2734375 0.91796875 0.2765625 0.77734375 0.290625 0.67265625 0.2859375 0.54921875 0.290625 0.53671875 0.290625 0.46171875 0.271875 0.30234375 0.2734375 0.25390625 0.2859375 0.21953125 0.278125 0.15703125 0.28125 0.11015625 0.2703125 0.02109375 0.26171875 0.00625 0.17265625 0.00625 0.159375 0.02578125 0.1546875 0.05546875 0.1578125 0.22109375 0.153125 0.27109375 0.1609375 0.31484375 0.1546875 0.33359375 0.153125 0.67734375 0.14375 0.71015625 0.15 0.77109375 0.140625 0.84453125 0.1484375 0.89296875 0.1421875 0.98359375
0 0.02265625 0.990625 0.021875 0.99921875 0.13359375 1 0.14375 0.98515625 0.1390625 0.93515625 0.1484375 0.89609375 0.1421875 0.85546875 0.1453125 0.73828125 0.1171875 0.71796875 0.115625 0.70078125 0.12421875 0.6875 0.13203125 0.6875 0.1484375 0.67109375 0.1453125 0.64296875 0.13671875 0.6453125 0.1265625 0.63828125 0.121875 0.61953125 0.146875 0.54609375 0.140625 0.48671875 0.1484375 0.43984375 0.13125 0.40859375 0.1296875 0.38828125 0.1359375 0.37734375 0.11171875 0.3640625 0.10078125 0.365625 0.0890625 0.33828125 0.1046875 0.30546875 0.096875 0.28203125 0.0953125 0.22890625 0.1375 0.16484375 0.134375 0.15078125 0.121875 0.13984375 0.1203125 0.11640625 0.121875 0.08984375 0.1328125 0.08046875 0.1484375 0.01328125 0.14296875 0.00625 0.01796875 0.0046875 0.009375 0.01015625 0.0078125 0.17890625 0.0015625 0.24140625 0.0046875 0.55390625 0.0140625 0.62265625 0.0203125 0.62578125 0.02734375 0.5859375 0.0359375 0.58671875 0.046875 0.61640625 0.04375 0.64140625 0.0515625 0.69765625 0.040625 0.70703125 0.046875 0.70859375 0.0546875 0.74921875 0.0453125 0.76484375 0.0453125 0.78046875 0.0640625 0.83515625 0.0609375 0.89140625 0.065625 0.89765625 0.065625 0.91015625 0.0546875 0.92578125 0.0515625 0.96328125 0.0375 0.97109375 0.034375 0.99453125 0.02265625 0.990625
0 0.6453125 0.94765625 0.6515625 0.99921875 0.721875 0.99921875 0.7359375 0.91796875 0.746875 0.90390625 0.7453125 0.83203125 0.753125 0.77890625 0.7578125 0.53984375 0.7390625 0.46171875 0.75625 0.43515625 0.75234375 0.4296875 0.73671875 0.4296875 0.7234375 0.43515625 0.721875 0.45234375 0.715625 0.45078125 0.721875 0.46796875 0.71640625 0.4578125 0.71171875 0.484375 0.7078125 0.47890625 0.7125 0.47109375 0.70546875 0.4640625 0.6921875 0.46640625 0.7078125 0.45546875 0.690625 0.45234375 0.6859375 0.41640625 0.68203125 0.421875 0.6734375 0.41953125 0.66953125 0.4 0.6625 0.47265625 0.66875 0.52578125 0.6671875 0.71171875 0.6546875 0.73984375 0.6546875 0.82265625 0.659375 0.85078125 0.671875 0.87109375 0.671875 0.91171875 0.653125 0.92578125 0.6453125 0.94765625
0 0.6640625 0.39765625 0.6734375 0.40078125 0.6828125 0.39765625 0.6859375 0.37265625 0.684375 0.22578125 0.6890625 0.21171875 0.70078125 0.2109375 0.70625 0.19921875 0.7 0.12109375 0.709375 0.08671875 0.7046875 0.01015625 0.69921875 0.003125 0.66328125 0.003125 0.65625 0.00859375 0.6578125 0.10859375 0.6671875 0.17109375 0.65625 0.23515625 0.6609375 0.30546875 0.65625 0.38203125 0.6640625 0.39765625
0 0.8140625 0.06328125 0.828125 0.09765625 0.8375 0.09140625 0.8375 0.01640625 0.83046875 0.003125 0.81953125 0.003125 0.8140625 0.06328125
0 0.85 0.13203125 0.859375 0.15546875 0.8734375 0.13984375 0.8765625 0.04765625 0.890625 0.01171875 0.88515625 0.0015625 0.84921875 0.0015625 0.840625 0.00859375 0.8421875 0.04453125 0.85 0.06484375 0.85 0.13203125
0 0.5078125 0.22421875 0.51875 0.23046875 0.5484375 0.22578125 0.55 0.21640625 0.53203125 0.1921875 0.5046875 0.21015625 0.5078125 0.22421875
0 0.3609375 0.09140625 0.3703125 0.10078125 0.378125 0.09921875 0.3890625 0.03984375 0.3765625 0.01015625 0.35859375 0.003125 0.3515625 0.01171875 0.359375 0.03828125 0.3546875 0.07109375 0.3609375 0.09140625