0 0.1828125 0.66796875 0.184375 0.51328125 0.178125 0.49296875 0.17109375 0.4921875 0.1640625 0.47890625 0.1625 0.40546875 0.171875 0.37421875 0.16875 0.31796875 0.175 0.30703125 0.18125 0.21328125 0.17265625 0.1953125 0.16171875 0.1984375 0.1421875 0.23828125 0.12265625 0.2515625 0.1171875 0.22265625 0.103125 0.19296875 0.09453125 0.1890625 0.08671875 0.2015625 0.08203125 0.19375 0.078125 0.20234375 0.075 0.27265625 0.09375 0.29921875 0.096875 0.38203125 0.103125 0.39765625 0.11875 0.41171875 0.11875 0.43046875 0.115625 0.46796875 0.0921875 0.51015625 0.0921875 0.63203125 0.0828125 0.65703125 0.09140625 0.6734375 0.09921875 0.6640625 0.10234375 0.671875 0.109375 0.63046875 0.1234375 0.63046875 0.128125 0.70859375 0.125 0.81171875 0.13125 0.85859375 0.13125 0.87890625 0.125 0.88984375 0.125 0.98203125 0.13515625 1 0.178125 0.99921875 0.1734375 0.94609375 0.18125 0.92734375 0.1890625 0.82265625 0.1828125 0.79921875 0.165625 0.78359375 0.1640625 0.75390625 0.175 0.73203125 0.16875 0.69921875 0.171875 0.68359375 0.1828125 0.66796875
0 0.45859375 0.671875 0.446875 0.70234375 0.4484375 0.74609375 0.440625 0.76171875 0.4375 0.81171875 0.4515625 0.82421875 0.44375 0.84453125 0.4625 0.87578125 0.4640625 0.89921875 0.44296875 0.9234375 0.41640625 0.9234375 0.4109375 0.92890625 0.4125 0.99921875 0.5 0.99921875 0.5015625 0.85546875 0.49140625 0.8390625 0.47890625 0.8421875 0.4734375 0.83203125 0.48125 0.76953125 0.49375 0.74921875 0.48515625 0.7359375 0.475 0.73203125 0.475 0.68203125 0.45859375 0.671875
0 0.27109375 0.1796875 0.2625 0.17890625 0.2625 0.16328125 0.284375 0.11796875 0.271875 0.10234375 0.259375 0.06953125 0.2640625 0.01953125 0.24921875 0.0046875 0.23203125 0.0046875 0.2265625 0.01640625 0.2375 0.02109375 0.24375 0.04453125 0.24375 0.08515625 0.25625 0.13046875 0.2265625 0.16015625 0.2296875 0.19453125 0.225 0.21796875 0.2453125 0.27421875 0.234375 0.32421875 0.2359375 0.34296875 0.25 0.34453125 0.25859375 0.3375 0.28046875 0.334375 0.29375 0.30234375 0.2890625 0.24921875 0.278125 0.22890625 0.278125 0.20078125 0.290625 0.18671875 0.290625 0.17265625 0.28515625 0.16875 0.27109375 0.1796875
0 0.8421875 0.22109375 0.8453125 0.05546875 0.840625 0.02578125 0.82734375 0.00625 0.73828125 0.00625 0.7296875 0.02109375 0.71875 0.11015625 0.721875 0.15703125 0.7140625 0.21953125 0.7265625 0.25390625 0.728125 0.30234375 0.709375 0.46171875 0.709375 0.53671875 0.7140625 0.54921875 0.709375 0.67265625 0.7234375 0.77734375 0.7265625 0.91796875 0.74375 0.96484375 0.74765625 1 0.853125 0.99921875 0.8578125 0.98359375 0.8515625 0.89296875 0.859375 0.84453125 0.85 0.77109375 0.85625 0.71015625 0.846875 0.67734375 0.8453125 0.33359375 0.8390625 0.31484375 0.846875 0.27109375 0.8421875 0.22109375
0 0.9546875 0.78046875 0.9546875 0.76484375 0.9453125 0.74921875 0.953125 0.70859375 0.959375 0.70703125 0.9484375 0.69765625 0.95625 0.64140625 0.953125 0.61640625 0.9640625 0.58671875 0.97265625 0.5859375 0.9796875 0.62578125 0.9859375 0.62265625 0.9953125 0.55390625 0.9984375 0.24140625 0.9921875 0.17890625 0.990625 0.01015625 0.98203125 0.0046875 0.85703125 0.00625 0.8515625 0.01328125 0.8671875 0.08046875 0.878125 0.08984375 0.8796875 0.11640625 0.878125 0.13984375 0.865625 0.15078125 0.8625 0.16484375 0.9046875 0.22890625 0.903125 0.28203125 0.8953125 0.30546875 0.9109375 0.33828125 0.89921875 0.365625 0.88828125 0.3640625 0.8640625 0.37734375 0.8703125 0.38828125 0.86875 0.40859375 0.8515625 0.43984375 0.859375 0.48671875 0.853125 0.54609375 0.878125 0.61953125 0.8734375 0.63828125 0.86328125 0.6453125 0.8546875 0.64296875 0.8515625 0.67109375 0.86796875 0.6875 0.87578125 0.6875 0.884375 0.70078125 0.8828125 0.71796875 0.8546875 0.73828125 0.8578125 0.85546875 0.8515625 0.89609375 0.8609375 0.93515625 0.85625 0.98515625 0.86640625 1 0.978125 0.99921875 0.97734375 0.990625 0.965625 0.99453125 0.9625 0.97109375 0.9484375 0.96328125 0.9453125 0.92578125 0.934375 0.91015625 0.934375 0.89765625 0.9390625 0.89140625 0.9359375 0.83515625 0.9546875 0.78046875
0 0.3375 0.47265625 0.33046875 0.4 0.3265625 0.41953125 0.31796875 0.421875 0.3140625 0.41640625 0.309375 0.45234375 0.2921875 0.45546875 0.3078125 0.46640625 0.29453125 0.4640625 0.2875 0.47109375 0.2921875 0.47890625 0.28828125 0.484375 0.28359375 0.4578125 0.278125 0.46796875 0.284375 0.45078125 0.278125 0.45234375 0.2765625 0.43515625 0.26328125 0.4296875 0.24765625 0.4296875 0.24375 0.43515625 0.2609375 0.46171875 0.2421875 0.53984375 0.246875 0.77890625 0.2546875 0.83203125 0.253125 0.90390625 0.2640625 0.91796875 0.278125 0.99921875 0.3484375 0.99921875 0.3546875 0.94765625 0.346875 0.92578125 0.328125 0.91171875 0.328125 0.87109375 0.340625 0.85078125 0.3453125 0.82265625 0.3453125 0.73984375 0.3328125 0.71171875 0.33125 0.52578125 0.3375 0.47265625
0 0.2953125 0.01015625 0.290625 0.08671875 0.3 0.12109375 0.29375 0.19921875 0.29921875 0.2109375 0.3109375 0.21171875 0.315625 0.22578125 0.3140625 0.37265625 0.3171875 0.39765625 0.3265625 0.40078125 0.3359375 0.39765625 0.34375 0.38203125 0.3390625 0.30546875 0.34375 0.23515625 0.3328125 0.17109375 0.3421875 0.10859375 0.34375 0.00859375 0.33671875 0.003125 0.30078125 0.003125 0.2953125 0.01015625
0 0.1625 0.01640625 0.1625 0.09140625 0.171875 0.09765625 0.1859375 0.06328125 0.18046875 0.003125 0.16953125 0.003125 0.1625 0.01640625
0 0.140625 0.15546875 0.15 0.13203125 0.15 0.06484375 0.1578125 0.04453125 0.159375 0.00859375 0.15078125 0.0015625 0.11484375 0.0015625 0.109375 0.01171875 0.1234375 0.04765625 0.1265625 0.13984375 0.140625 0.15546875
0 0.45 0.21640625 0.4515625 0.22578125 0.48125 0.23046875 0.4921875 0.22421875 0.4953125 0.21015625 0.46796875 0.1921875 0.45 0.21640625
0 0.6390625 0.09140625 0.6453125 0.07109375 0.640625 0.03828125 0.6484375 0.01171875 0.64140625 0.003125 0.6234375 0.01015625 0.6109375 0.03984375 0.621875 0.09921875 0.6296875 0.10078125 0.6390625 0.09140625